-11.0,-245.0,-48.0,-129.0,-469.0,223.0
-12.0,-256.0,-47.0,-155.0,-493.0,235.0
-14.0,-259.0,-47.0,-176.0,-514.0,240.0
-11.0,-267.0,-48.0,-189.0,-533.0,249.0
-9.0,-273.0,-50.0,-197.0,-541.0,248.0
-4.0,-281.0,-54.0,-199.0,-531.0,244.0
-1.0,-283.0,-60.0,-191.0,-520.0,227.0
8.0,-283.0,-64.0,-173.0,-500.0,205.0
0.0,-277.0,-58.0,-149.0,-483.0,173.0
9.0,-267.0,-76.0,-142.0,-432.0,27.0
48.0,-269.0,-80.0,-128.0,-478.0,5.0
63.0,-271.0,-72.0,-130.0,-495.0,46.0
55.0,-269.0,-64.0,-140.0,-446.0,12.0
53.0,-267.0,-57.0,-141.0,-419.0,-16.0
59.0,-273.0,-48.0,-129.0,-416.0,-41.0
63.0,-278.0,-41.0,-110.0,-413.0,-57.0
72.0,-282.0,-33.0,-88.0,-412.0,-69.0
69.0,-292.0,-34.0,-72.0,-412.0,-74.0
71.0,-302.0,-30.0,-60.0,-413.0,-85.0
67.0,-315.0,-34.0,-51.0,-413.0,-99.0
65.0,-321.0,-39.0,-35.0,-416.0,-131.0
40.0,-352.0,-60.0,-15.0,-419.0,-160.0
44.0,-323.0,-55.0,-7.0,-393.0,-278.0
53.0,-336.0,-58.0,6.0,-427.0,-299.0
56.0,-345.0,-73.0,16.0,-447.0,-273.0
52.0,-351.0,-77.0,20.0,-402.0,-294.0
40.0,-356.0,-73.0,30.0,-371.0,-326.0
21.0,-361.0,-84.0,61.0,-357.0,-342.0
19.0,-334.0,-85.0,124.0,-337.0,-416.0
32.0,-326.0,-104.0,205.0,-343.0,-416.0
38.0,-313.0,-118.0,257.0,-346.0,-387.0
29.0,-308.0,-130.0,264.0,-327.0,-389.0
23.0,-310.0,-127.0,229.0,-328.0,-419.0
8.0,-310.0,-131.0,163.0,-354.0,-448.0
-3.0,-305.0,-109.0,78.0,-376.0,-475.0
-11.0,-305.0,-94.0,8.0,-385.0,-493.0
-12.0,-306.0,-78.0,-33.0,-395.0,-490.0
-15.0,-302.0,-72.0,-34.0,-416.0,-467.0
-12.0,-290.0,-66.0,-2.0,-432.0,-442.0
-13.0,-271.0,-76.0,53.0,-446.0,-433.0
-15.0,-260.0,-77.0,119.0,-487.0,-423.0
-17.0,-240.0,-83.0,192.0,-537.0,-355.0
-25.0,-217.0,-98.0,243.0,-561.0,-320.0
-34.0,-195.0,-107.0,281.0,-587.0,-290.0
-41.0,-180.0,-107.0,304.0,-629.0,-262.0
-44.0,-161.0,-107.0,323.0,-686.0,-246.0
-44.0,-160.0,-121.0,332.0,-736.0,-239.0
-58.0,-153.0,-119.0,317.0,-780.0,-244.0
-52.0,-154.0,-149.0,269.0,-815.0,-264.0
-57.0,-151.0,-172.0,161.0,-843.0,-283.0
-61.0,-159.0,-190.0,18.0,-890.0,-288.0
-56.0,-159.0,-187.0,-165.0,-917.0,-294.0
-53.0,-164.0,-167.0,-360.0,-928.0,-311.0
-53.0,-183.0,-133.0,-515.0,-927.0,-311.0
-47.0,-199.0,-108.0,-571.0,-917.0,-307.0
-41.0,-210.0,-101.0,-514.0,-904.0,-299.0
-27.0,-222.0,-105.0,-425.0,-896.0,-288.0
-11.0,-227.0,-108.0,-341.0,-890.0,-284.0
-7.0,-227.0,-111.0,-285.0,-883.0,-282.0
7.0,-232.0,-67.0,-280.0,-872.0,-273.0
17.0,-249.0,-90.0,-261.0,-839.0,-254.0
22.0,-259.0,-83.0,-224.0,-788.0,-220.0
31.0,-271.0,-34.0,-166.0,-728.0,-173.0
30.0,-289.0,-54.0,23.0,-650.0,-118.0
37.0,-277.0,-93.0,259.0,-584.0,-41.0
35.0,-271.0,-91.0,338.0,-474.0,30.0
35.0,-264.0,-103.0,334.0,-395.0,111.0
42.0,-260.0,-103.0,303.0,-319.0,198.0
38.0,-255.0,-112.0,261.0,-250.0,272.0
32.0,-251.0,-107.0,204.0,-201.0,326.0
35.0,-251.0,-104.0,154.0,-170.0,390.0
37.0,-250.0,-96.0,114.0,-153.0,417.0
38.0,-253.0,-89.0,86.0,-145.0,435.0
38.0,-254.0,-87.0,71.0,-142.0,450.0
29.0,-257.0,-87.0,67.0,-134.0,482.0
24.0,-256.0,-89.0,61.0,-104.0,470.0
22.0,-258.0,-89.0,46.0,-96.0,459.0
16.0,-255.0,-86.0,35.0,-95.0,453.0
16.0,-255.0,-91.0,39.0,-89.0,448.0
10.0,-248.0,-86.0,49.0,-85.0,437.0
5.0,-242.0,-86.0,55.0,-87.0,428.0
4.0,-231.0,-78.0,62.0,-86.0,408.0
9.0,-234.0,-82.0,82.0,-101.0,432.0
-15.0,-217.0,-71.0,106.0,-79.0,417.0
-18.0,-211.0,-67.0,142.0,-45.0,347.0
-18.0,-206.0,-69.0,192.0,-51.0,318.0
-20.0,-200.0,-76.0,214.0,-48.0,304.0
-25.0,-195.0,-72.0,222.0,-32.0,284.0
-28.0,-192.0,-70.0,220.0,-11.0,274.0
-21.0,-192.0,-91.0,210.0,3.0,274.0
-35.0,-191.0,-70.0,201.0,4.0,351.0
-50.0,-184.0,-69.0,153.0,72.0,302.0
-44.0,-182.0,-70.0,113.0,88.0,281.0
-37.0,-181.0,-68.0,74.0,73.0,284.0
-36.0,-181.0,-75.0,30.0,69.0,295.0
-30.0,-181.0,-73.0,-35.0,78.0,299.0
-19.0,-191.0,-74.0,-86.0,58.0,375.0
-34.0,-197.0,-76.0,-158.0,97.0,344.0
-37.0,-201.0,-66.0,-223.0,109.0,284.0
-36.0,-206.0,-61.0,-270.0,72.0,247.0
-24.0,-215.0,-54.0,-299.0,27.0,226.0
-17.0,-221.0,-54.0,-299.0,-13.0,205.0
-17.0,-227.0,-42.0,-284.0,-44.0,210.0
-24.0,-228.0,-43.0,-268.0,-46.0,146.0
-21.0,-231.0,-44.0,-232.0,-73.0,77.0
-21.0,-229.0,-45.0,-188.0,-91.0,33.0
-18.0,-233.0,-49.0,-159.0,-95.0,-5.0
-20.0,-231.0,-48.0,-134.0,-91.0,-43.0
-24.0,-226.0,-46.0,-111.0,-85.0,-70.0
-24.0,-230.0,-44.0,-89.0,-80.0,-99.0
-30.0,-228.0,-43.0,-71.0,-68.0,-124.0
-23.0,-230.0,-43.0,-40.0,-45.0,-145.0
-18.0,-236.0,-44.0,-11.0,-55.0,-117.0
-42.0,-235.0,-40.0,5.0,-29.0,-123.0
-40.0,-230.0,-31.0,18.0,10.0,-183.0
-29.0,-236.0,-29.0,49.0,13.0,-191.0
-24.0,-236.0,-30.0,61.0,31.0,-185.0
-19.0,-241.0,-30.0,73.0,59.0,-180.0
-15.0,-243.0,-36.0,77.0,86.0,-167.0
6.0,-231.0,-32.0,72.0,107.0,-151.0
0.0,-251.0,-43.0,78.0,104.0,-73.0
-4.0,-253.0,-48.0,64.0,169.0,-97.0
4.0,-259.0,-53.0,38.0,211.0,-128.0
14.0,-261.0,-55.0,13.0,225.0,-132.0
21.0,-266.0,-53.0,-7.0,250.0,-132.0
31.0,-269.0,-52.0,-27.0,276.0,-139.0
33.0,-272.0,-47.0,-41.0,302.0,-150.0
35.0,-277.0,-45.0,-49.0,321.0,-166.0
37.0,-278.0,-38.0,-46.0,333.0,-184.0
32.0,-277.0,-43.0,-39.0,330.0,-202.0
22.0,-273.0,-50.0,-32.0,310.0,-224.0
10.0,-267.0,-54.0,-45.0,268.0,-236.0
1.0,-264.0,-63.0,-77.0,217.0,-240.0
-10.0,-261.0,-67.0,-112.0,166.0,-233.0
-19.0,-259.0,-70.0,-137.0,124.0,-211.0
-13.0,-262.0,-66.0,-141.0,83.0,-132.0
-30.0,-282.0,-63.0,-138.0,104.0,-55.0
-29.0,-272.0,-55.0,-153.0,195.0,-72.0
-44.0,-291.0,-47.0,-151.0,247.0,-77.0
-38.0,-292.0,-39.0,-132.0,278.0,-43.0
-24.0,-291.0,-21.0,-97.0,321.0,-9.0
-18.0,-311.0,-23.0,-40.0,357.0,82.0
-29.0,-311.0,0.0,11.0,444.0,102.0
-29.0,-314.0,-1.0,67.0,515.0,90.0
-20.0,-315.0,-3.0,140.0,546.0,111.0
-12.0,-310.0,-7.0,183.0,563.0,139.0
-5.0,-308.0,-10.0,213.0,579.0,174.0
5.0,-313.0,-22.0,241.0,582.0,241.0
-1.0,-301.0,-16.0,243.0,620.0,243.0
-1.0,-302.0,-22.0,246.0,635.0,247.0
7.0,-300.0,-37.0,249.0,629.0,259.0
10.0,-295.0,-40.0,243.0,615.0,289.0
4.0,-298.0,-51.0,231.0,620.0,295.0
-6.0,-297.0,-45.0,212.0,630.0,287.0
-11.0,-294.0,-49.0,209.0,634.0,250.0
-21.0,-295.0,-52.0,222.0,630.0,229.0
-29.0,-296.0,-61.0,251.0,628.0,210.0
-46.0,-298.0,-90.0,288.0,622.0,207.0
-58.0,-302.0,-119.0,312.0,621.0,209.0
-79.0,-304.0,-144.0,314.0,632.0,226.0
-97.0,-321.0,-161.0,306.0,638.0,263.0
-109.0,-336.0,-173.0,296.0,622.0,342.0
-106.0,-344.0,-172.0,296.0,572.0,427.0
-74.0,-344.0,-174.0,281.0,479.0,581.0
-27.0,-328.0,-156.0,210.0,389.0,673.0
1.0,-312.0,-144.0,166.0,363.0,706.0
11.0,-294.0,-137.0,156.0,365.0,690.0
22.0,-272.0,-127.0,193.0,375.0,664.0
36.0,-256.0,-119.0,273.0,372.0,628.0
45.0,-242.0,-122.0,369.0,358.0,586.0
57.0,-223.0,-121.0,456.0,340.0,537.0
64.0,-197.0,-114.0,530.0,325.0,488.0
75.0,-181.0,-117.0,584.0,307.0,434.0
81.0,-172.0,-105.0,604.0,289.0,358.0
89.0,-169.0,-107.0,586.0,283.0,281.0
89.0,-181.0,-111.0,530.0,295.0,190.0
78.0,-194.0,-118.0,440.0,315.0,84.0
66.0,-197.0,-110.0,329.0,345.0,-12.0
47.0,-209.0,-107.0,234.0,378.0,-82.0
34.0,-222.0,-105.0,170.0,417.0,-121.0
27.0,-229.0,-104.0,120.0,459.0,-154.0
22.0,-236.0,-99.0,77.0,496.0,-185.0
18.0,-244.0,-87.0,46.0,530.0,-204.0
8.0,-247.0,-84.0,27.0,557.0,-227.0
3.0,-252.0,-68.0,38.0,577.0,-247.0
1.0,-260.0,-76.0,87.0,570.0,-260.0
-3.0,-260.0,-85.0,130.0,534.0,-263.0
-1.0,-263.0,-84.0,154.0,484.0,-266.0
-1.0,-270.0,-92.0,159.0,435.0,-291.0
1.0,-274.0,-90.0,142.0,374.0,-305.0
5.0,-277.0,-88.0,124.0,313.0,-315.0
8.0,-280.0,-83.0,121.0,262.0,-336.0
11.0,-276.0,-78.0,136.0,229.0,-382.0
9.0,-271.0,-74.0,163.0,195.0,-440.0
5.0,-264.0,-80.0,197.0,155.0,-466.0
4.0,-259.0,-77.0,219.0,136.0,-478.0
0.0,-248.0,-73.0,238.0,127.0,-504.0
-1.0,-239.0,-76.0,260.0,101.0,-528.0
-2.0,-223.0,-71.0,268.0,77.0,-547.0
-1.0,-213.0,-63.0,269.0,64.0,-567.0
-3.0,-206.0,-66.0,271.0,58.0,-583.0
-2.0,-198.0,-64.0,263.0,49.0,-588.0
-3.0,-191.0,-59.0,249.0,47.0,-578.0
-7.0,-188.0,-61.0,229.0,45.0,-561.0
-7.0,-183.0,-56.0,193.0,36.0,-541.0
-4.0,-182.0,-53.0,151.0,18.0,-515.0
0.0,-184.0,-48.0,106.0,0.0,-474.0
-1.0,-186.0,-39.0,66.0,-25.0,-429.0
5.0,-185.0,-35.0,29.0,-52.0,-380.0
12.0,-190.0,-39.0,-5.0,-80.0,-337.0
18.0,-195.0,-39.0,-40.0,-103.0,-302.0
20.0,-195.0,-44.0,-64.0,-121.0,-281.0
21.0,-197.0,-49.0,-76.0,-135.0,-266.0
29.0,-195.0,-52.0,-81.0,-134.0,-281.0
32.0,-196.0,-59.0,-78.0,-138.0,-265.0
34.0,-198.0,-59.0,-84.0,-135.0,-245.0
33.0,-204.0,-62.0,-95.0,-119.0,-235.0
36.0,-205.0,-67.0,-109.0,-109.0,-229.0
36.0,-209.0,-60.0,-124.0,-105.0,-216.0
37.0,-209.0,-57.0,-129.0,-99.0,-208.0
40.0,-212.0,-54.0,-123.0,-93.0,-192.0
45.0,-214.0,-59.0,-114.0,-85.0,-177.0
46.0,-216.0,-55.0,-118.0,-70.0,-157.0
49.0,-222.0,-48.0,-129.0,-54.0,-132.0
50.0,-225.0,-49.0,-144.0,-35.0,-103.0
49.0,-227.0,-44.0,-147.0,-17.0,-80.0
50.0,-227.0,-37.0,-138.0,5.0,-49.0
50.0,-229.0,-40.0,-118.0,24.0,-20.0
49.0,-223.0,-36.0,-99.0,42.0,12.0
50.0,-223.0,-34.0,-89.0,56.0,39.0
47.0,-222.0,-33.0,-87.0,67.0,70.0
46.0,-220.0,-34.0,-97.0,69.0,95.0
46.0,-222.0,-31.0,-119.0,70.0,122.0
45.0,-221.0,-29.0,-138.0,68.0,148.0
38.0,-215.0,-23.0,-158.0,62.0,169.0
39.0,-216.0,-21.0,-175.0,54.0,180.0
34.0,-217.0,-26.0,-184.0,41.0,190.0
36.0,-219.0,-22.0,-186.0,23.0,197.0
37.0,-217.0,-27.0,-178.0,4.0,207.0
42.0,-219.0,-32.0,-177.0,-5.0,205.0
36.0,-226.0,-34.0,-195.0,-2.0,195.0
32.0,-229.0,-36.0,-219.0,5.0,178.0
27.0,-228.0,-32.0,-227.0,-1.0,168.0
25.0,-226.0,-30.0,-226.0,-18.0,159.0
24.0,-231.0,-36.0,-214.0,-44.0,158.0
21.0,-238.0,-38.0,-218.0,-71.0,146.0
17.0,-242.0,-39.0,-236.0,-102.0,132.0
14.0,-249.0,-40.0,-259.0,-130.0,115.0
11.0,-257.0,-41.0,-270.0,-154.0,107.0
13.0,-266.0,-54.0,-273.0,-175.0,99.0
8.0,-267.0,-61.0,-276.0,-188.0,89.0
3.0,-267.0,-52.0,-282.0,-178.0,28.0
9.0,-275.0,-79.0,-287.0,-197.0,-40.0
22.0,-280.0,-83.0,-280.0,-248.0,20.0
21.0,-282.0,-80.0,-287.0,-231.0,31.0
15.0,-280.0,-77.0,-284.0,-213.0,18.0
17.0,-287.0,-65.0,-278.0,-212.0,9.0
22.0,-290.0,-54.0,-266.0,-223.0,7.0
23.0,-316.0,-54.0,-240.0,-238.0,12.0
39.0,-290.0,-28.0,-208.0,-232.0,-41.0
52.0,-300.0,-25.0,-163.0,-265.0,-45.0
57.0,-308.0,-25.0,-120.0,-302.0,-15.0
57.0,-313.0,-19.0,-88.0,-313.0,-20.0
53.0,-322.0,-15.0,-73.0,-319.0,-77.0
51.0,-320.0,-12.0,-72.0,-341.0,-142.0
52.0,-328.0,-18.0,-76.0,-382.0,-154.0
50.0,-331.0,-13.0,-89.0,-407.0,-165.0
44.0,-333.0,-15.0,-85.0,-417.0,-195.0
39.0,-336.0,-28.0,-70.0,-429.0,-237.0
29.0,-338.0,-23.0,-61.0,-443.0,-277.0
24.0,-338.0,-20.0,-48.0,-451.0,-349.0
24.0,-337.0,-20.0,-27.0,-498.0,-398.0
20.0,-335.0,-22.0,22.0,-545.0,-399.0
16.0,-328.0,-36.0,80.0,-556.0,-408.0
19.0,-321.0,-51.0,128.0,-560.0,-415.0
13.0,-316.0,-72.0,149.0,-572.0,-405.0
7.0,-307.0,-76.0,143.0,-579.0,-392.0
11.0,-309.0,-86.0,120.0,-593.0,-381.0
4.0,-306.0,-93.0,76.0,-613.0,-404.0
0.0,-308.0,-92.0,34.0,-654.0,-431.0
0.0,-317.0,-88.0,4.0,-702.0,-420.0
0.0,-326.0,-81.0,-20.0,-721.0,-391.0
-6.0,-331.0,-81.0,-34.0,-704.0,-390.0
-6.0,-324.0,-70.0,-20.0,-675.0,-398.0
-12.0,-323.0,-62.0,23.0,-659.0,-406.0
-16.0,-318.0,-68.0,74.0,-641.0,-431.0
-16.0,-298.0,-74.0,144.0,-661.0,-430.0
-15.0,-272.0,-79.0,225.0,-689.0,-361.0
-19.0,-246.0,-87.0,298.0,-687.0,-305.0
-22.0,-212.0,-104.0,342.0,-687.0,-255.0
-18.0,-193.0,-122.0,340.0,-698.0,-225.0
-16.0,-182.0,-123.0,296.0,-720.0,-204.0
-13.0,-176.0,-122.0,240.0,-754.0,-199.0
-12.0,-175.0,-136.0,172.0,-804.0,-194.0
-14.0,-181.0,-194.0,102.0,-845.0,-200.0
-11.0,-166.0,-174.0,-38.0,-862.0,-218.0
-12.0,-161.0,-179.0,-231.0,-887.0,-240.0
-19.0,-158.0,-177.0,-464.0,-913.0,-265.0
-28.0,-169.0,-140.0,-699.0,-939.0,-293.0
-31.0,-177.0,-112.0,-853.0,-970.0,-298.0
-35.0,-181.0,-90.0,-876.0,-1011.0,-296.0
-31.0,-189.0,-83.0,-809.0,-1047.0,-275.0
-27.0,-196.0,-94.0,-719.0,-1065.0,-253.0
-22.0,-201.0,-105.0,-637.0,-1055.0,-230.0
-23.0,-210.0,-91.0,-572.0,-1036.0,-218.0
-12.0,-224.0,-81.0,-468.0,-1014.0,-204.0
-5.0,-232.0,-66.0,-350.0,-987.0,-197.0
-3.0,-243.0,-37.0,-208.0,-932.0,-184.0
-2.0,-254.0,-81.0,46.0,-858.0,-163.0
2.0,-243.0,-106.0,216.0,-776.0,-123.0
1.0,-246.0,-119.0,255.0,-685.0,-67.0
4.0,-251.0,-128.0,228.0,-595.0,-1.0
7.0,-247.0,-126.0,174.0,-501.0,84.0
12.0,-242.0,-125.0,96.0,-394.0,164.0
17.0,-244.0,-119.0,28.0,-316.0,243.0
18.0,-241.0,-101.0,-21.0,-235.0,287.0
29.0,-241.0,-87.0,-35.0,-178.0,321.0
34.0,-247.0,-80.0,-16.0,-142.0,340.0
41.0,-255.0,-83.0,-3.0,-121.0,379.0
44.0,-257.0,-83.0,-1.0,-93.0,414.0
39.0,-256.0,-83.0,-6.0,-68.0,420.0
40.0,-256.0,-90.0,-5.0,-53.0,431.0
48.0,-258.0,-97.0,-10.0,-51.0,439.0
51.0,-253.0,-104.0,-28.0,-36.0,441.0
37.0,-254.0,-94.0,-52.0,-9.0,446.0
26.0,-249.0,-88.0,-67.0,32.0,412.0
18.0,-246.0,-88.0,-59.0,42.0,388.0
8.0,-239.0,-97.0,-52.0,53.0,382.0
13.0,-232.0,-87.0,-52.0,62.0,381.0
15.0,-233.0,-83.0,-53.0,55.0,380.0
0.0,-233.0,-84.0,-39.0,62.0,410.0
-18.0,-221.0,-77.0,-22.0,111.0,361.0
-22.0,-219.0,-82.0,0.0,107.0,326.0
-22.0,-219.0,-88.0,8.0,80.0,320.0
-14.0,-225.0,-87.0,4.0,43.0,349.0
-27.0,-215.0,-69.0,-7.0,47.0,337.0
-33.0,-217.0,-77.0,-8.0,70.0,280.0
-35.0,-217.0,-82.0,0.0,72.0,258.0
-32.0,-216.0,-82.0,1.0,81.0,252.0
-38.0,-211.0,-79.0,-5.0,104.0,252.0
-35.0,-216.0,-91.0,-17.0,130.0,268.0
-44.0,-211.0,-77.0,-29.0,131.0,342.0
-58.0,-209.0,-75.0,-65.0,189.0,317.0
-55.0,-208.0,-77.0,-100.0,191.0,295.0
-46.0,-207.0,-69.0,-122.0,161.0,292.0
-45.0,-215.0,-72.0,-134.0,131.0,317.0
-52.0,-214.0,-63.0,-149.0,133.0,302.0
-49.0,-217.0,-56.0,-159.0,121.0,271.0
-45.0,-220.0,-54.0,-155.0,94.0,240.0
-39.0,-224.0,-55.0,-139.0,65.0,212.0
-39.0,-228.0,-52.0,-121.0,44.0,189.0
-37.0,-229.0,-53.0,-101.0,32.0,141.0
-37.0,-234.0,-51.0,-66.0,-7.0,104.0
-31.0,-237.0,-49.0,-25.0,-34.0,61.0
-26.0,-238.0,-48.0,9.0,-62.0,20.0
-17.0,-237.0,-48.0,40.0,-89.0,-23.0
-11.0,-242.0,-55.0,75.0,-108.0,-51.0
-12.0,-241.0,-57.0,80.0,-106.0,-85.0
-13.0,-239.0,-57.0,79.0,-87.0,-139.0
-8.0,-239.0,-57.0,72.0,-83.0,-175.0
2.0,-236.0,-56.0,62.0,-82.0,-176.0
-4.0,-243.0,-63.0,46.0,-67.0,-162.0
-7.0,-240.0,-51.0,16.0,-19.0,-186.0
-9.0,-235.0,-53.0,-6.0,8.0,-198.0
-7.0,-232.0,-51.0,-27.0,20.0,-196.0
-1.0,-230.0,-45.0,-44.0,28.0,-190.0
-4.0,-226.0,-45.0,-57.0,39.0,-159.0
-4.0,-229.0,-42.0,-66.0,73.0,-151.0
-9.0,-226.0,-45.0,-73.0,112.0,-161.0
-3.0,-226.0,-38.0,-75.0,138.0,-173.0
-4.0,-227.0,-40.0,-72.0,151.0,-170.0
5.0,-227.0,-34.0,-71.0,163.0,-168.0
15.0,-229.0,-33.0,-68.0,177.0,-153.0
5.0,-229.0,-36.0,-59.0,195.0,-140.0
15.0,-234.0,-34.0,-57.0,229.0,-159.0
17.0,-233.0,-35.0,-60.0,236.0,-178.0
16.0,-233.0,-37.0,-64.0,239.0,-191.0
16.0,-241.0,-40.0,-67.0,253.0,-203.0
17.0,-244.0,-43.0,-73.0,275.0,-209.0
14.0,-250.0,-44.0,-78.0,292.0,-219.0
13.0,-254.0,-45.0,-74.0,307.0,-228.0
7.0,-256.0,-49.0,-72.0,323.0,-240.0
4.0,-259.0,-43.0,-75.0,344.0,-242.0
3.0,-262.0,-48.0,-79.0,356.0,-244.0
-3.0,-267.0,-46.0,-81.0,366.0,-240.0
-7.0,-277.0,-51.0,-82.0,375.0,-235.0
-6.0,-280.0,-50.0,-85.0,386.0,-223.0
-10.0,-291.0,-52.0,-84.0,402.0,-209.0
-10.0,-294.0,-44.0,-76.0,423.0,-188.0
-9.0,-304.0,-49.0,-56.0,445.0,-168.0
-9.0,-305.0,-50.0,-33.0,471.0,-140.0
-10.0,-306.0,-48.0,-7.0,498.0,-104.0
-7.0,-306.0,-46.0,34.0,526.0,-74.0
-4.0,-307.0,-49.0,69.0,552.0,-49.0
1.0,-309.0,-44.0,99.0,582.0,-23.0
-3.0,-306.0,-41.0,132.0,611.0,-4.0
-6.0,-303.0,-37.0,159.0,641.0,18.0
-6.0,-304.0,-28.0,186.0,665.0,36.0
-4.0,-299.0,-19.0,210.0,684.0,59.0
-1.0,-301.0,-6.0,245.0,666.0,133.0
-8.0,-296.0,-19.0,259.0,695.0,187.0
-14.0,-295.0,-22.0,241.0,742.0,148.0
-15.0,-290.0,-30.0,237.0,725.0,146.0
-17.0,-285.0,-35.0,215.0,700.0,169.0
-12.0,-291.0,-45.0,189.0,687.0,201.0
-11.0,-305.0,-55.0,166.0,669.0,244.0
-19.0,-307.0,-68.0,145.0,668.0,290.0
-23.0,-305.0,-74.0,114.0,697.0,291.0
-46.0,-319.0,-100.0,93.0,693.0,316.0
-55.0,-331.0,-120.0,69.0,674.0,357.0
-70.0,-338.0,-130.0,30.0,652.0,408.0
-76.0,-355.0,-139.0,-14.0,612.0,482.0
-79.0,-372.0,-132.0,-45.0,554.0,588.0
-74.0,-367.0,-122.0,-54.0,509.0,668.0
-51.0,-364.0,-122.0,-38.0,472.0,705.0
-35.0,-347.0,-120.0,-20.0,450.0,725.0
-30.0,-328.0,-114.0,-15.0,455.0,709.0
-27.0,-318.0,-106.0,6.0,473.0,676.0
-25.0,-298.0,-103.0,52.0,483.0,622.0
-12.0,-276.0,-105.0,118.0,477.0,559.0
1.0,-258.0,-102.0,195.0,462.0,480.0
13.0,-235.0,-107.0,275.0,454.0,385.0
29.0,-210.0,-108.0,363.0,465.0,303.0
39.0,-190.0,-110.0,408.0,489.0,229.0
47.0,-173.0,-107.0,418.0,523.0,157.0
55.0,-162.0,-107.0,398.0,555.0,92.0
60.0,-158.0,-106.0,355.0,584.0,25.0
61.0,-155.0,-104.0,297.0,613.0,-29.0
61.0,-159.0,-103.0,225.0,634.0,-72.0
66.0,-161.0,-95.0,148.0,651.0,-99.0
63.0,-168.0,-85.0,86.0,662.0,-127.0
57.0,-175.0,-83.0,52.0,662.0,-140.0
58.0,-188.0,-73.0,40.0,662.0,-151.0
53.0,-199.0,-75.0,43.0,663.0,-166.0
42.0,-210.0,-78.0,51.0,653.0,-181.0
29.0,-221.0,-79.0,58.0,628.0,-188.0
21.0,-223.0,-77.0,62.0,579.0,-187.0
14.0,-229.0,-84.0,65.0,520.0,-165.0
5.0,-233.0,-88.0,55.0,470.0,-148.0
0.0,-238.0,-86.0,40.0,426.0,-139.0
-9.0,-243.0,-81.0,32.0,378.0,-152.0
-12.0,-249.0,-78.0,37.0,317.0,-172.0
-12.0,-255.0,-74.0,54.0,263.0,-192.0
-18.0,-261.0,-81.0,75.0,215.0,-221.0
-23.0,-260.0,-78.0,105.0,175.0,-269.0
-21.0,-260.0,-79.0,146.0,125.0,-295.0
-20.0,-261.0,-87.0,185.0,85.0,-317.0
-26.0,-260.0,-89.0,211.0,47.0,-336.0
-26.0,-260.0,-95.0,224.0,16.0,-368.0
-23.0,-258.0,-101.0,230.0,-21.0,-391.0
-23.0,-255.0,-105.0,234.0,-64.0,-400.0
-22.0,-249.0,-105.0,239.0,-109.0,-400.0
-18.0,-245.0,-103.0,244.0,-140.0,-409.0
-10.0,-240.0,-104.0,231.0,-172.0,-408.0
-4.0,-235.0,-94.0,218.0,-206.0,-399.0
1.0,-232.0,-95.0,207.0,-227.0,-397.0
1.0,-220.0,-86.0,193.0,-238.0,-407.0
6.0,-221.0,-80.0,183.0,-261.0,-403.0
12.0,-213.0,-79.0,185.0,-295.0,-379.0
15.0,-210.0,-81.0,179.0,-326.0,-358.0
15.0,-209.0,-80.0,155.0,-362.0,-338.0
15.0,-199.0,-81.0,105.0,-399.0,-336.0
19.0,-202.0,-83.0,52.0,-445.0,-326.0
18.0,-201.0,-83.0,-7.0,-493.0,-288.0
20.0,-211.0,-79.0,-64.0,-527.0,-262.0
26.0,-218.0,-78.0,-109.0,-551.0,-249.0
31.0,-226.0,-74.0,-140.0,-575.0,-247.0
28.0,-228.0,-74.0,-155.0,-593.0,-244.0
20.0,-242.0,-80.0,-159.0,-610.0,-246.0
33.0,-225.0,-63.0,-151.0,-607.0,-284.0
41.0,-226.0,-74.0,-115.0,-633.0,-261.0
44.0,-225.0,-73.0,-77.0,-625.0,-248.0
42.0,-222.0,-74.0,-49.0,-600.0,-248.0
42.0,-218.0,-78.0,-30.0,-581.0,-245.0
43.0,-217.0,-73.0,-25.0,-567.0,-236.0
41.0,-215.0,-72.0,-21.0,-557.0,-223.0
38.0,-211.0,-71.0,-22.0,-541.0,-206.0
37.0,-209.0,-68.0,-31.0,-525.0,-187.0
39.0,-217.0,-67.0,-37.0,-511.0,-163.0
42.0,-217.0,-63.0,-46.0,-497.0,-142.0
36.0,-215.0,-59.0,-48.0,-477.0,-110.0
39.0,-219.0,-55.0,-45.0,-464.0,-84.0
39.0,-217.0,-57.0,-42.0,-454.0,-61.0
41.0,-221.0,-53.0,-36.0,-446.0,-42.0
35.0,-225.0,-53.0,-38.0,-445.0,-24.0
34.0,-230.0,-48.0,-41.0,-447.0,-7.0
31.0,-230.0,-48.0,-44.0,-451.0,13.0
31.0,-233.0,-46.0,-48.0,-456.0,25.0
29.0,-235.0,-41.0,-45.0,-464.0,36.0
26.0,-238.0,-38.0,-44.0,-476.0,41.0
25.0,-240.0,-38.0,-40.0,-495.0,54.0
23.0,-236.0,-36.0,-39.0,-513.0,65.0
25.0,-243.0,-28.0,-30.0,-528.0,80.0
28.0,-244.0,-34.0,-18.0,-539.0,89.0
17.0,-243.0,-34.0,-3.0,-553.0,95.0
16.0,-243.0,-31.0,12.0,-565.0,95.0
14.0,-244.0,-42.0,11.0,-577.0,95.0
14.0,-244.0,-39.0,0.0,-584.0,92.0
10.0,-245.0,-37.0,-15.0,-595.0,98.0
8.0,-244.0,-34.0,-23.0,-611.0,99.0
0.0,-241.0,-30.0,-21.0,-631.0,109.0
-8.0,-239.0,-30.0,-9.0,-656.0,118.0
-4.0,-241.0,-39.0,3.0,-679.0,132.0
-1.0,-244.0,-36.0,7.0,-699.0,134.0
3.0,-250.0,-44.0,1.0,-715.0,136.0
4.0,-255.0,-41.0,-9.0,-726.0,128.0
3.0,-260.0,-33.0,-12.0,-733.0,124.0
5.0,-255.0,-33.0,-7.0,-738.0,118.0
2.0,-297.0,-64.0,9.0,-741.0,124.0
8.0,-247.0,-33.0,21.0,-704.0,34.0
32.0,-258.0,-46.0,34.0,-751.0,77.0
40.0,-255.0,-54.0,32.0,-752.0,101.0
37.0,-256.0,-56.0,21.0,-718.0,91.0
38.0,-257.0,-56.0,6.0,-700.0,70.0
43.0,-258.0,-57.0,-15.0,-694.0,48.0
44.0,-261.0,-54.0,-35.0,-696.0,24.0
45.0,-262.0,-52.0,-49.0,-695.0,11.0
52.0,-267.0,-52.0,-53.0,-692.0,-3.0
56.0,-273.0,-48.0,-59.0,-682.0,-11.0
57.0,-279.0,-40.0,-64.0,-661.0,-21.0
57.0,-285.0,-33.0,-69.0,-640.0,-24.0
59.0,-293.0,-25.0,-72.0,-624.0,-37.0
59.0,-301.0,-18.0,-69.0,-615.0,-47.0
54.0,-306.0,-8.0,-57.0,-609.0,-66.0
50.0,-308.0,-3.0,-38.0,-607.0,-83.0
42.0,-309.0,-6.0,-15.0,-607.0,-105.0
33.0,-310.0,-4.0,13.0,-613.0,-119.0
16.0,-291.0,3.0,45.0,-604.0,-161.0
20.0,-305.0,-12.0,72.0,-623.0,-197.0
21.0,-307.0,-21.0,108.0,-678.0,-145.0
16.0,-297.0,-27.0,140.0,-670.0,-136.0
12.0,-293.0,-35.0,161.0,-650.0,-139.0
10.0,-285.0,-43.0,163.0,-635.0,-139.0
11.0,-277.0,-39.0,165.0,-629.0,-140.0
18.0,-266.0,-45.0,161.0,-628.0,-138.0
18.0,-260.0,-51.0,154.0,-626.0,-137.0
21.0,-257.0,-61.0,149.0,-616.0,-132.0
22.0,-257.0,-74.0,133.0,-600.0,-125.0
25.0,-258.0,-90.0,100.0,-584.0,-126.0
32.0,-262.0,-109.0,44.0,-569.0,-125.0
37.0,-274.0,-119.0,-5.0,-557.0,-130.0
42.0,-281.0,-109.0,-61.0,-537.0,-172.0
37.0,-308.0,-125.0,-122.0,-543.0,-248.0
39.0,-330.0,-124.0,-159.0,-569.0,-254.0
33.0,-342.0,-118.0,-188.0,-547.0,-303.0
14.0,-347.0,-113.0,-191.0,-515.0,-365.0
-1.0,-343.0,-112.0,-161.0,-474.0,-420.0
-10.0,-333.0,-110.0,-112.0,-447.0,-451.0
-12.0,-322.0,-113.0,-70.0,-435.0,-463.0
-21.0,-303.0,-112.0,-24.0,-440.0,-457.0
-12.0,-279.0,-122.0,5.0,-456.0,-439.0
-12.0,-259.0,-128.0,21.0,-472.0,-421.0
-12.0,-235.0,-125.0,25.0,-489.0,-409.0
-12.0,-214.0,-122.0,19.0,-518.0,-398.0
-22.0,-196.0,-116.0,12.0,-566.0,-400.0
-29.0,-178.0,-109.0,1.0,-635.0,-403.0
-36.0,-163.0,-108.0,-19.0,-719.0,-404.0
-41.0,-157.0,-105.0,-62.0,-808.0,-401.0
-49.0,-151.0,-104.0,-123.0,-907.0,-399.0
-52.0,-148.0,-103.0,-212.0,-976.0,-390.0
-54.0,-150.0,-103.0,-279.0,-1025.0,-382.0
-59.0,-152.0,-95.0,-323.0,-1052.0,-370.0
-61.0,-158.0,-80.0,-326.0,-1065.0,-355.0
-59.0,-167.0,-83.0,-280.0,-1070.0,-331.0
-53.0,-180.0,-81.0,-204.0,-1057.0,-314.0
-45.0,-193.0,-89.0,-124.0,-1026.0,-289.0
-38.0,-202.0,-93.0,-48.0,-982.0,-272.0
-28.0,-223.0,-98.0,11.0,-930.0,-258.0
-25.0,-239.0,-106.0,50.0,-864.0,-252.0
-17.0,-252.0,-106.0,65.0,-815.0,-239.0
-11.0,-260.0,-107.0,60.0,-782.0,-213.0
-9.0,-267.0,-101.0,44.0,-753.0,-176.0
4.0,-278.0,-78.0,33.0,-721.0,-133.0
9.0,-291.0,-76.0,67.0,-673.0,-80.0
13.0,-287.0,-87.0,121.0,-630.0,-25.0
30.0,-281.0,-72.0,131.0,-570.0,38.0
30.0,-275.0,-86.0,142.0,-500.0,71.0
36.0,-273.0,-92.0,124.0,-434.0,138.0
34.0,-267.0,-86.0,84.0,-375.0,194.0
36.0,-266.0,-85.0,60.0,-322.0,244.0
34.0,-263.0,-83.0,54.0,-289.0,277.0
33.0,-263.0,-85.0,66.0,-278.0,297.0
36.0,-260.0,-84.0,68.0,-271.0,296.0
33.0,-262.0,-82.0,68.0,-264.0,298.0
30.0,-259.0,-80.0,76.0,-257.0,294.0
26.0,-260.0,-78.0,83.0,-253.0,298.0
27.0,-261.0,-76.0,77.0,-245.0,308.0
21.0,-260.0,-74.0,59.0,-234.0,324.0
15.0,-261.0,-67.0,33.0,-234.0,326.0
15.0,-259.0,-66.0,22.0,-243.0,337.0
8.0,-256.0,-66.0,28.0,-238.0,335.0
6.0,-249.0,-59.0,53.0,-225.0,334.0
6.0,-241.0,-57.0,88.0,-214.0,327.0
-3.0,-246.0,-57.0,129.0,-207.0,346.0
-11.0,-237.0,-63.0,158.0,-173.0,316.0
-21.0,-232.0,-65.0,183.0,-153.0,304.0
-23.0,-225.0,-69.0,194.0,-142.0,298.0
-21.0,-225.0,-70.0,185.0,-129.0,303.0
-28.0,-221.0,-67.0,165.0,-134.0,342.0
-37.0,-212.0,-68.0,130.0,-106.0,327.0
-45.0,-201.0,-73.0,86.0,-96.0,305.0
