-9.0,-220.0,-69.0,126.0,310.0,337.0
-11.0,-220.0,-70.0,100.0,316.0,327.0
-11.0,-225.0,-67.0,73.0,321.0,312.0
-13.0,-228.0,-64.0,44.0,325.0,299.0
-14.0,-224.0,-63.0,15.0,326.0,284.0
-18.0,-227.0,-56.0,-1.0,326.0,273.0
-15.0,-229.0,-53.0,-8.0,324.0,258.0
-19.0,-225.0,-52.0,-13.0,320.0,248.0
-21.0,-232.0,-49.0,-21.0,316.0,235.0
-20.0,-237.0,-52.0,-32.0,310.0,229.0
-18.0,-235.0,-47.0,-43.0,297.0,217.0
-24.0,-235.0,-50.0,-54.0,282.0,210.0
-21.0,-241.0,-46.0,-64.0,266.0,199.0
-21.0,-241.0,-46.0,-67.0,250.0,192.0
-23.0,-244.0,-48.0,-69.0,230.0,180.0
-22.0,-243.0,-48.0,-64.0,214.0,172.0
-21.0,-247.0,-51.0,-60.0,194.0,158.0
-23.0,-243.0,-51.0,-60.0,173.0,150.0
-22.0,-244.0,-54.0,-60.0,155.0,138.0
-21.0,-243.0,-54.0,-59.0,140.0,132.0
-20.0,-247.0,-57.0,-57.0,127.0,122.0
-21.0,-243.0,-56.0,-56.0,118.0,115.0
-18.0,-243.0,-55.0,-56.0,111.0,103.0
-18.0,-238.0,-55.0,-57.0,101.0,95.0
-14.0,-239.0,-55.0,-58.0,96.0,78.0
-14.0,-236.0,-54.0,-64.0,89.0,70.0
-12.0,-233.0,-52.0,-66.0,87.0,54.0
-11.0,-231.0,-54.0,-64.0,85.0,45.0
-11.0,-233.0,-56.0,-68.0,82.0,31.0
-8.0,-235.0,-54.0,-77.0,82.0,25.0
-9.0,-233.0,-56.0,-89.0,85.0,13.0
-7.0,-236.0,-53.0,-106.0,86.0,4.0
-5.0,-236.0,-56.0,-125.0,83.0,-8.0
-3.0,-237.0,-51.0,-141.0,86.0,-14.0
-3.0,-242.0,-56.0,-148.0,101.0,-24.0
2.0,-247.0,-54.0,-151.0,122.0,-29.0
-1.0,-248.0,-56.0,-151.0,140.0,-34.0
5.0,-252.0,-55.0,-149.0,152.0,-34.0
3.0,-252.0,-57.0,-146.0,160.0,-38.0
5.0,-255.0,-56.0,-149.0,166.0,-37.0
8.0,-256.0,-58.0,-152.0,172.0,-39.0
8.0,-255.0,-58.0,-154.0,181.0,-36.0
9.0,-254.0,-56.0,-154.0,189.0,-32.0
6.0,-258.0,-55.0,-153.0,194.0,-25.0
7.0,-257.0,-54.0,-152.0,201.0,-19.0
7.0,-256.0,-55.0,-148.0,208.0,-13.0
-1.0,-257.0,-55.0,-143.0,222.0,-13.0
-4.0,-257.0,-55.0,-137.0,231.0,-10.0
-7.0,-258.0,-57.0,-127.0,241.0,-9.0
-10.0,-257.0,-55.0,-123.0,246.0,-5.0
-12.0,-251.0,-62.0,-118.0,247.0,-4.0
-12.0,-255.0,-60.0,-120.0,251.0,3.0
-12.0,-255.0,-56.0,-124.0,253.0,8.0
-12.0,-254.0,-57.0,-123.0,259.0,17.0
-12.0,-254.0,-59.0,-119.0,265.0,21.0
-13.0,-255.0,-53.0,-112.0,273.0,30.0
-12.0,-256.0,-47.0,-103.0,284.0,36.0
-7.0,-256.0,-47.0,-89.0,287.0,41.0
-5.0,-258.0,-46.0,-77.0,292.0,39.0
-4.0,-253.0,-45.0,-65.0,300.0,42.0
0.0,-257.0,-39.0,-52.0,313.0,38.0
-1.0,-258.0,-42.0,-34.0,327.0,38.0
2.0,-255.0,-37.0,-22.0,344.0,34.0
4.0,-258.0,-37.0,-6.0,355.0,33.0
1.0,-256.0,-38.0,13.0,365.0,23.0
3.0,-253.0,-33.0,32.0,375.0,17.0
6.0,-257.0,-36.0,44.0,384.0,7.0
8.0,-255.0,-35.0,56.0,400.0,2.0
0.0,-250.0,-38.0,65.0,413.0,-8.0
1.0,-251.0,-38.0,82.0,424.0,-14.0
-2.0,-251.0,-34.0,97.0,428.0,-24.0
-4.0,-247.0,-41.0,114.0,429.0,-27.0
-6.0,-248.0,-44.0,122.0,430.0,-30.0
-5.0,-243.0,-47.0,122.0,439.0,-30.0
-5.0,-244.0,-47.0,113.0,450.0,-34.0
-7.0,-244.0,-43.0,102.0,464.0,-35.0
-8.0,-242.0,-43.0,88.0,474.0,-37.0
-7.0,-245.0,-40.0,80.0,487.0,-39.0
-5.0,-243.0,-40.0,66.0,499.0,-41.0
-2.0,-248.0,-36.0,47.0,506.0,-38.0
-3.0,-247.0,-36.0,26.0,515.0,-37.0
-4.0,-249.0,-31.0,11.0,526.0,-30.0
-3.0,-253.0,-27.0,6.0,536.0,-26.0
-2.0,-252.0,-28.0,10.0,544.0,-13.0
-6.0,-258.0,-23.0,18.0,548.0,-10.0
-7.0,-254.0,-24.0,22.0,558.0,1.0
-4.0,-257.0,-25.0,28.0,569.0,8.0
-7.0,-253.0,-17.0,34.0,578.0,12.0
-8.0,-254.0,-23.0,55.0,584.0,7.0
-12.0,-248.0,-20.0,70.0,579.0,3.0
-12.0,-247.0,-19.0,84.0,569.0,-4.0
-16.0,-245.0,-22.0,91.0,555.0,-10.0
-14.0,-247.0,-20.0,92.0,542.0,-19.0
-17.0,-244.0,-21.0,93.0,535.0,-23.0
-15.0,-249.0,-24.0,92.0,534.0,-30.0
-17.0,-250.0,-26.0,86.0,536.0,-30.0
-24.0,-249.0,-26.0,79.0,541.0,-37.0
-21.0,-252.0,-25.0,79.0,546.0,-38.0
-19.0,-256.0,-26.0,79.0,548.0,-42.0
-17.0,-257.0,-27.0,78.0,550.0,-41.0
-20.0,-257.0,-28.0,79.0,551.0,-46.0
-16.0,-259.0,-30.0,76.0,549.0,-49.0
-20.0,-258.0,-33.0,73.0,542.0,-56.0
-23.0,-258.0,-36.0,71.0,535.0,-58.0
-22.0,-257.0,-47.0,62.0,526.0,-59.0
-22.0,-260.0,-57.0,45.0,519.0,-55.0
-22.0,-260.0,-58.0,18.0,511.0,-53.0
-22.0,-264.0,-59.0,-12.0,507.0,-47.0
-23.0,-266.0,-62.0,-37.0,500.0,-45.0
-24.0,-269.0,-60.0,-58.0,491.0,-36.0
-25.0,-276.0,-58.0,-64.0,483.0,-29.0
-27.0,-279.0,-59.0,-70.0,468.0,-17.0
-29.0,-279.0,-59.0,-80.0,447.0,-12.0
-33.0,-284.0,-60.0,-100.0,415.0,0.0
-33.0,-289.0,-67.0,-134.0,367.0,7.0
-35.0,-295.0,-74.0,-169.0,317.0,20.0
-41.0,-307.0,-72.0,-199.0,273.0,29.0
-43.0,-314.0,-72.0,-211.0,238.0,45.0
-45.0,-315.0,-79.0,-189.0,211.0,62.0
-50.0,-323.0,-86.0,-154.0,183.0,87.0
-51.0,-323.0,-78.0,-107.0,157.0,104.0
-54.0,-325.0,-79.0,-58.0,117.0,117.0
-48.0,-322.0,-80.0,-19.0,72.0,126.0
-48.0,-319.0,-76.0,14.0,25.0,137.0
-38.0,-314.0,-80.0,41.0,-18.0,139.0
-33.0,-307.0,-75.0,65.0,-49.0,144.0
-29.0,-301.0,-73.0,92.0,-65.0,143.0
-23.0,-293.0,-71.0,117.0,-73.0,138.0
-23.0,-290.0,-61.0,139.0,-79.0,127.0
-19.0,-278.0,-57.0,161.0,-96.0,109.0
-25.0,-269.0,-56.0,200.0,-123.0,89.0
-18.0,-259.0,-58.0,226.0,-143.0,72.0
-16.0,-251.0,-56.0,237.0,-155.0,55.0
-14.0,-241.0,-60.0,234.0,-156.0,41.0
-10.0,-233.0,-62.0,230.0,-148.0,23.0
0.0,-227.0,-61.0,228.0,-135.0,4.0
1.0,-223.0,-63.0,223.0,-123.0,-21.0
4.0,-220.0,-65.0,212.0,-111.0,-44.0
11.0,-221.0,-65.0,196.0,-103.0,-74.0
12.0,-222.0,-67.0,186.0,-98.0,-106.0
12.0,-219.0,-67.0,173.0,-92.0,-150.0
8.0,-223.0,-72.0,157.0,-92.0,-180.0
7.0,-224.0,-71.0,140.0,-93.0,-205.0
6.0,-227.0,-77.0,119.0,-90.0,-224.0
2.0,-230.0,-81.0,89.0,-93.0,-237.0
-2.0,-232.0,-84.0,57.0,-92.0,-241.0
-11.0,-230.0,-79.0,28.0,-90.0,-241.0
-12.0,-228.0,-89.0,4.0,-90.0,-227.0
-17.0,-226.0,-90.0,-16.0,-94.0,-215.0
-19.0,-224.0,-86.0,-37.0,-107.0,-198.0
-23.0,-227.0,-89.0,-55.0,-127.0,-178.0
-24.0,-225.0,-84.0,-64.0,-158.0,-158.0
-22.0,-223.0,-88.0,-64.0,-190.0,-139.0
-20.0,-219.0,-83.0,-65.0,-215.0,-120.0
-18.0,-216.0,-84.0,-70.0,-231.0,-107.0
-13.0,-219.0,-91.0,-69.0,-242.0,-96.0
-12.0,-216.0,-94.0,-63.0,-255.0,-87.0
-4.0,-217.0,-101.0,-60.0,-274.0,-75.0
3.0,-216.0,-107.0,-66.0,-287.0,-67.0
14.0,-212.0,-109.0,-77.0,-288.0,-61.0
22.0,-208.0,-113.0,-90.0,-272.0,-55.0
27.0,-203.0,-118.0,-111.0,-235.0,-49.0
33.0,-208.0,-119.0,-142.0,-200.0,-53.0
39.0,-210.0,-113.0,-169.0,-172.0,-56.0
40.0,-211.0,-113.0,-193.0,-163.0,-62.0
43.0,-216.0,-115.0,-217.0,-163.0,-66.0
39.0,-221.0,-112.0,-238.0,-160.0,-70.0
36.0,-223.0,-112.0,-259.0,-150.0,-70.0
34.0,-232.0,-104.0,-272.0,-134.0,-67.0
33.0,-237.0,-98.0,-278.0,-125.0,-59.0
30.0,-247.0,-97.0,-268.0,-123.0,-55.0
27.0,-253.0,-98.0,-241.0,-128.0,-56.0
21.0,-256.0,-96.0,-215.0,-122.0,-59.0
18.0,-265.0,-97.0,-205.0,-112.0,-66.0
14.0,-272.0,-88.0,-193.0,-111.0,-76.0
8.0,-276.0,-85.0,-171.0,-123.0,-86.0
15.0,-280.0,-80.0,-135.0,-145.0,-98.0
15.0,-275.0,-76.0,-99.0,-167.0,-117.0
12.0,-271.0,-71.0,-65.0,-184.0,-139.0
14.0,-270.0,-72.0,-29.0,-196.0,-154.0
11.0,-263.0,-69.0,3.0,-205.0,-175.0
12.0,-261.0,-72.0,23.0,-217.0,-194.0
13.0,-258.0,-75.0,30.0,-239.0,-217.0
10.0,-258.0,-71.0,27.0,-254.0,-232.0
11.0,-259.0,-77.0,13.0,-273.0,-248.0
16.0,-260.0,-73.0,-2.0,-292.0,-263.0
15.0,-261.0,-74.0,-14.0,-304.0,-282.0
16.0,-261.0,-74.0,-19.0,-315.0,-301.0
12.0,-259.0,-70.0,-22.0,-319.0,-317.0
13.0,-259.0,-72.0,-17.0,-322.0,-325.0
11.0,-257.0,-74.0,-7.0,-327.0,-335.0
12.0,-254.0,-76.0,-3.0,-337.0,-347.0
11.0,-248.0,-78.0,-2.0,-348.0,-357.0
13.0,-244.0,-80.0,-12.0,-357.0,-361.0
13.0,-241.0,-79.0,-24.0,-360.0,-363.0
18.0,-235.0,-76.0,-32.0,-355.0,-361.0
18.0,-232.0,-75.0,-30.0,-345.0,-358.0
18.0,-231.0,-74.0,-25.0,-346.0,-357.0
20.0,-228.0,-72.0,-30.0,-350.0,-355.0
17.0,-227.0,-73.0,-41.0,-359.0,-350.0
16.0,-223.0,-69.0,-54.0,-376.0,-344.0
17.0,-225.0,-67.0,-67.0,-392.0,-340.0
18.0,-226.0,-66.0,-81.0,-406.0,-337.0
13.0,-226.0,-68.0,-98.0,-423.0,-337.0
15.0,-229.0,-66.0,-111.0,-433.0,-335.0
10.0,-231.0,-62.0,-123.0,-441.0,-331.0
8.0,-229.0,-65.0,-131.0,-447.0,-324.0
9.0,-229.0,-63.0,-133.0,-453.0,-318.0
9.0,-237.0,-66.0,-143.0,-459.0,-313.0
7.0,-235.0,-69.0,-155.0,-465.0,-306.0
9.0,-236.0,-68.0,-156.0,-479.0,-297.0
4.0,-235.0,-66.0,-154.0,-492.0,-287.0
6.0,-235.0,-71.0,-155.0,-493.0,-274.0
7.0,-241.0,-65.0,-168.0,-487.0,-268.0
4.0,-248.0,-68.0,-192.0,-492.0,-270.0
9.0,-249.0,-64.0,-201.0,-507.0,-270.0
5.0,-248.0,-64.0,-185.0,-520.0,-268.0
7.0,-246.0,-67.0,-164.0,-517.0,-256.0
11.0,-246.0,-65.0,-151.0,-507.0,-239.0
12.0,-246.0,-66.0,-138.0,-504.0,-224.0
16.0,-243.0,-72.0,-129.0,-504.0,-212.0
17.0,-244.0,-72.0,-122.0,-507.0,-208.0
15.0,-244.0,-69.0,-120.0,-510.0,-201.0
14.0,-237.0,-64.0,-122.0,-513.0,-197.0
17.0,-236.0,-60.0,-125.0,-523.0,-187.0
22.0,-234.0,-61.0,-126.0,-531.0,-180.0
27.0,-237.0,-60.0,-127.0,-533.0,-174.0
33.0,-234.0,-57.0,-133.0,-528.0,-177.0
34.0,-238.0,-60.0,-143.0,-516.0,-180.0
30.0,-241.0,-61.0,-152.0,-505.0,-184.0
24.0,-245.0,-60.0,-162.0,-500.0,-191.0
24.0,-244.0,-61.0,-171.0,-503.0,-194.0
26.0,-248.0,-59.0,-176.0,-505.0,-190.0
21.0,-248.0,-61.0,-179.0,-505.0,-191.0
21.0,-251.0,-62.0,-179.0,-503.0,-191.0
22.0,-253.0,-60.0,-178.0,-499.0,-189.0
25.0,-253.0,-61.0,-174.0,-495.0,-186.0
28.0,-252.0,-68.0,-167.0,-487.0,-181.0
26.0,-249.0,-66.0,-157.0,-478.0,-180.0
24.0,-250.0,-63.0,-150.0,-471.0,-180.0
24.0,-247.0,-65.0,-141.0,-468.0,-176.0
22.0,-244.0,-63.0,-134.0,-462.0,-171.0
27.0,-241.0,-62.0,-130.0,-453.0,-159.0
23.0,-230.0,-64.0,-125.0,-440.0,-149.0
22.0,-230.0,-63.0,-124.0,-422.0,-138.0
23.0,-230.0,-61.0,-132.0,-405.0,-132.0
20.0,-231.0,-58.0,-148.0,-401.0,-127.0
18.0,-231.0,-53.0,-161.0,-406.0,-123.0
16.0,-234.0,-50.0,-176.0,-420.0,-118.0
24.0,-232.0,-42.0,-184.0,-437.0,-116.0
14.0,-243.0,-44.0,-185.0,-450.0,-116.0
15.0,-247.0,-43.0,-175.0,-462.0,-116.0
13.0,-252.0,-46.0,-155.0,-470.0,-114.0
16.0,-254.0,-44.0,-131.0,-482.0,-115.0
17.0,-256.0,-45.0,-108.0,-493.0,-114.0
13.0,-255.0,-48.0,-86.0,-503.0,-119.0
13.0,-257.0,-50.0,-64.0,-516.0,-119.0
7.0,-253.0,-52.0,-46.0,-526.0,-119.0
8.0,-249.0,-54.0,-35.0,-531.0,-116.0
6.0,-251.0,-57.0,-36.0,-533.0,-117.0
2.0,-252.0,-56.0,-50.0,-542.0,-117.0
-4.0,-246.0,-56.0,-61.0,-567.0,-120.0
-3.0,-249.0,-56.0,-64.0,-609.0,-118.0
-7.0,-251.0,-54.0,-62.0,-659.0,-113.0
-4.0,-248.0,-54.0,-54.0,-696.0,-101.0
-8.0,-247.0,-52.0,-46.0,-719.0,-91.0
-11.0,-248.0,-53.0,-37.0,-732.0,-79.0
-12.0,-243.0,-59.0,-27.0,-740.0,-73.0
-8.0,-245.0,-58.0,-28.0,-749.0,-68.0
-5.0,-245.0,-63.0,-34.0,-762.0,-70.0
-4.0,-246.0,-66.0,-42.0,-774.0,-70.0
-1.0,-248.0,-64.0,-46.0,-785.0,-76.0
6.0,-256.0,-59.0,-47.0,-792.0,-81.0
11.0,-260.0,-58.0,-46.0,-795.0,-92.0
19.0,-260.0,-58.0,-40.0,-795.0,-100.0
19.0,-263.0,-55.0,-34.0,-793.0,-116.0
25.0,-265.0,-52.0,-28.0,-795.0,-134.0
28.0,-269.0,-47.0,-17.0,-805.0,-153.0
26.0,-274.0,-41.0,-3.0,-821.0,-174.0
21.0,-278.0,-35.0,15.0,-840.0,-200.0
21.0,-281.0,-35.0,37.0,-865.0,-225.0
15.0,-281.0,-25.0,59.0,-890.0,-252.0
7.0,-285.0,-25.0,89.0,-919.0,-274.0
2.0,-286.0,-31.0,120.0,-955.0,-292.0
-7.0,-284.0,-35.0,142.0,-986.0,-306.0
-4.0,-282.0,-38.0,162.0,-1017.0,-325.0
-9.0,-281.0,-43.0,171.0,-1039.0,-335.0
-11.0,-277.0,-46.0,171.0,-1067.0,-347.0
-12.0,-273.0,-45.0,160.0,-1094.0,-350.0
-12.0,-266.0,-38.0,152.0,-1130.0,-351.0
-6.0,-259.0,-41.0,162.0,-1168.0,-351.0
2.0,-251.0,-42.0,184.0,-1199.0,-348.0
7.0,-243.0,-48.0,205.0,-1221.0,-344.0
15.0,-237.0,-55.0,208.0,-1239.0,-349.0
16.0,-235.0,-66.0,180.0,-1257.0,-353.0
19.0,-236.0,-77.0,131.0,-1277.0,-362.0
26.0,-242.0,-75.0,79.0,-1293.0,-364.0
26.0,-252.0,-80.0,36.0,-1305.0,-375.0
23.0,-254.0,-78.0,5.0,-1309.0,-379.0
24.0,-264.0,-75.0,-2.0,-1311.0,-380.0
25.0,-270.0,-76.0,12.0,-1307.0,-374.0
28.0,-266.0,-72.0,43.0,-1292.0,-370.0
29.0,-265.0,-76.0,77.0,-1278.0,-362.0
26.0,-260.0,-82.0,103.0,-1258.0,-353.0
29.0,-255.0,-91.0,112.0,-1231.0,-347.0
24.0,-251.0,-100.0,102.0,-1197.0,-342.0
29.0,-247.0,-102.0,72.0,-1163.0,-328.0
35.0,-247.0,-110.0,26.0,-1126.0,-318.0
49.0,-256.0,-121.0,-45.0,-1070.0,-306.0
56.0,-260.0,-127.0,-136.0,-1009.0,-299.0
66.0,-273.0,-142.0,-215.0,-926.0,-300.0
75.0,-292.0,-150.0,-279.0,-839.0,-317.0
76.0,-319.0,-148.0,-331.0,-758.0,-348.0
76.0,-337.0,-137.0,-352.0,-700.0,-378.0
69.0,-354.0,-124.0,-328.0,-665.0,-409.0
67.0,-359.0,-109.0,-261.0,-643.0,-442.0
59.0,-355.0,-93.0,-160.0,-617.0,-456.0
47.0,-337.0,-81.0,-46.0,-579.0,-459.0
37.0,-316.0,-80.0,65.0,-532.0,-434.0
32.0,-292.0,-78.0,179.0,-503.0,-399.0
26.0,-267.0,-79.0,250.0,-496.0,-360.0
19.0,-240.0,-81.0,315.0,-513.0,-325.0
12.0,-216.0,-79.0,362.0,-544.0,-291.0
6.0,-206.0,-79.0,391.0,-585.0,-266.0
-1.0,-192.0,-80.0,400.0,-634.0,-235.0
-11.0,-182.0,-80.0,388.0,-684.0,-206.0
-14.0,-180.0,-84.0,361.0,-738.0,-161.0
-27.0,-182.0,-86.0,325.0,-785.0,-108.0
-32.0,-183.0,-84.0,286.0,-822.0,-34.0
-31.0,-189.0,-91.0,241.0,-855.0,25.0
-30.0,-196.0,-99.0,212.0,-874.0,82.0
-30.0,-199.0,-103.0,187.0,-884.0,126.0
-24.0,-211.0,-105.0,166.0,-897.0,164.0
-23.0,-213.0,-107.0,144.0,-914.0,186.0
-18.0,-219.0,-110.0,126.0,-927.0,204.0
-10.0,-229.0,-110.0,113.0,-935.0,205.0
-9.0,-233.0,-107.0,102.0,-944.0,203.0
-4.0,-236.0,-108.0,100.0,-956.0,192.0
2.0,-239.0,-109.0,109.0,-968.0,178.0
8.0,-235.0,-101.0,118.0,-979.0,145.0
16.0,-237.0,-102.0,140.0,-983.0,120.0
25.0,-231.0,-100.0,157.0,-978.0,85.0
25.0,-225.0,-92.0,173.0,-962.0,48.0
26.0,-219.0,-95.0,184.0,-941.0,4.0
23.0,-212.0,-97.0,187.0,-918.0,-34.0
18.0,-204.0,-92.0,178.0,-901.0,-76.0
11.0,-200.0,-103.0,159.0,-891.0,-113.0
1.0,-195.0,-98.0,128.0,-890.0,-150.0
-11.0,-194.0,-99.0,88.0,-902.0,-175.0
-21.0,-195.0,-93.0,43.0,-918.0,-199.0
-31.0,-196.0,-94.0,-7.0,-941.0,-203.0
-45.0,-199.0,-89.0,-48.0,-961.0,-203.0
-54.0,-207.0,-88.0,-87.0,-978.0,-194.0
-57.0,-215.0,-84.0,-121.0,-994.0,-186.0
-60.0,-229.0,-81.0,-152.0,-1010.0,-172.0
-56.0,-240.0,-87.0,-174.0,-1030.0,-159.0
-55.0,-252.0,-88.0,-186.0,-1054.0,-138.0
-51.0,-263.0,-87.0,-187.0,-1077.0,-118.0
-45.0,-276.0,-88.0,-182.0,-1101.0,-91.0
-29.0,-287.0,-88.0,-163.0,-1117.0,-67.0
-18.0,-295.0,-90.0,-124.0,-1129.0,-38.0
-10.0,-300.0,-89.0,-76.0,-1131.0,-23.0
-1.0,-298.0,-88.0,-40.0,-1121.0,1.0
9.0,-308.0,-81.0,0.0,-1098.0,24.0
18.0,-300.0,-82.0,48.0,-1072.0,48.0
28.0,-296.0,-86.0,97.0,-1048.0,60.0
35.0,-290.0,-89.0,137.0,-1023.0,78.0
37.0,-283.0,-89.0,170.0,-990.0,92.0
41.0,-274.0,-88.0,196.0,-955.0,106.0
32.0,-267.0,-91.0,224.0,-916.0,111.0
30.0,-254.0,-83.0,248.0,-870.0,123.0
30.0,-250.0,-85.0,266.0,-817.0,133.0
25.0,-240.0,-84.0,274.0,-777.0,144.0
22.0,-231.0,-81.0,277.0,-744.0,146.0
18.0,-222.0,-85.0,273.0,-717.0,146.0
5.0,-217.0,-88.0,252.0,-692.0,138.0
0.0,-217.0,-87.0,215.0,-666.0,143.0
-7.0,-216.0,-95.0,177.0,-641.0,146.0
-7.0,-221.0,-87.0,143.0,-622.0,144.0
-10.0,-217.0,-83.0,114.0,-613.0,136.0
-12.0,-220.0,-80.0,87.0,-603.0,132.0
-13.0,-217.0,-76.0,70.0,-586.0,123.0
-14.0,-220.0,-70.0,66.0,-572.0,120.0
-21.0,-225.0,-67.0,65.0,-563.0,114.0
-25.0,-221.0,-71.0,59.0,-564.0,118.0
-22.0,-224.0,-64.0,51.0,-573.0,117.0
-27.0,-221.0,-67.0,36.0,-587.0,120.0
-24.0,-224.0,-69.0,19.0,-600.0,115.0
-27.0,-226.0,-67.0,1.0,-606.0,115.0
-26.0,-226.0,-68.0,-16.0,-609.0,109.0
-24.0,-228.0,-62.0,-29.0,-606.0,108.0
-26.0,-229.0,-57.0,-36.0,-606.0,104.0
-22.0,-233.0,-60.0,-41.0,-608.0,101.0
-25.0,-234.0,-57.0,-44.0,-609.0,93.0
-24.0,-237.0,-57.0,-47.0,-611.0,89.0
-22.0,-239.0,-56.0,-49.0,-610.0,79.0
-20.0,-237.0,-58.0,-49.0,-610.0,73.0
-22.0,-238.0,-59.0,-54.0,-613.0,64.0
-16.0,-241.0,-63.0,-57.0,-617.0,58.0
-14.0,-239.0,-63.0,-55.0,-623.0,46.0
-18.0,-233.0,-61.0,-49.0,-626.0,36.0
-13.0,-233.0,-63.0,-47.0,-628.0,23.0
-13.0,-233.0,-65.0,-48.0,-619.0,16.0
-12.0,-230.0,-59.0,-54.0,-606.0,5.0
-9.0,-229.0,-60.0,-61.0,-590.0,-1.0
-9.0,-232.0,-62.0,-72.0,-571.0,-11.0
-10.0,-232.0,-65.0,-86.0,-549.0,-15.0
-11.0,-231.0,-60.0,-100.0,-527.0,-23.0
-8.0,-233.0,-61.0,-111.0,-504.0,-24.0
-5.0,-237.0,-62.0,-122.0,-478.0,-28.0
-7.0,-236.0,-60.0,-130.0,-456.0,-23.0
-7.0,-239.0,-58.0,-134.0,-432.0,-25.0
0.0,-242.0,-55.0,-141.0,-404.0,-19.0
0.0,-246.0,-55.0,-144.0,-366.0,-19.0
-3.0,-246.0,-54.0,-142.0,-332.0,-18.0
3.0,-252.0,-52.0,-134.0,-298.0,-25.0
3.0,-254.0,-53.0,-125.0,-268.0,-27.0
0.0,-250.0,-54.0,-115.0,-241.0,-33.0
2.0,-255.0,-57.0,-102.0,-211.0,-33.0
-1.0,-254.0,-55.0,-91.0,-181.0,-39.0
1.0,-248.0,-58.0,-82.0,-153.0,-41.0
0.0,-248.0,-56.0,-76.0,-126.0,-45.0
1.0,-247.0,-59.0,-74.0,-102.0,-48.0
-3.0,-248.0,-57.0,-75.0,-74.0,-60.0
-1.0,-247.0,-56.0,-76.0,-52.0,-65.0
-1.0,-249.0,-58.0,-78.0,-32.0,-74.0
-4.0,-249.0,-60.0,-75.0,-14.0,-81.0
-4.0,-244.0,-55.0,-74.0,0.0,-91.0
-7.0,-245.0,-57.0,-74.0,15.0,-101.0
-8.0,-247.0,-59.0,-75.0,25.0,-114.0
-12.0,-244.0,-59.0,-78.0,32.0,-120.0
-11.0,-245.0,-60.0,-82.0,38.0,-129.0
-16.0,-244.0,-61.0,-86.0,44.0,-132.0
-18.0,-246.0,-59.0,-90.0,53.0,-138.0
-17.0,-247.0,-64.0,-92.0,64.0,-137.0
-19.0,-247.0,-59.0,-91.0,76.0,-139.0
-23.0,-248.0,-58.0,-90.0,87.0,-135.0
-15.0,-248.0,-56.0,-88.0,101.0,-138.0
-18.0,-252.0,-54.0,-89.0,112.0,-135.0
-20.0,-254.0,-56.0,-90.0,118.0,-138.0
-17.0,-253.0,-53.0,-92.0,122.0,-140.0
-16.0,-253.0,-55.0,-92.0,123.0,-149.0
-18.0,-255.0,-56.0,-88.0,125.0,-151.0
-24.0,-254.0,-60.0,-77.0,123.0,-159.0
-26.0,-255.0,-60.0,-58.0,116.0,-159.0
-25.0,-255.0,-62.0,-32.0,110.0,-162.0
-29.0,-255.0,-60.0,-15.0,104.0,-157.0
-26.0,-258.0,-58.0,0.0,103.0,-152.0
-26.0,-256.0,-55.0,10.0,110.0,-141.0
-23.0,-258.0,-52.0,16.0,121.0,-133.0
-19.0,-257.0,-46.0,25.0,138.0,-122.0
-17.0,-259.0,-42.0,31.0,154.0,-115.0
-12.0,-258.0,-40.0,30.0,171.0,-102.0
-7.0,-264.0,-36.0,30.0,189.0,-94.0
-3.0,-265.0,-37.0,33.0,210.0,-82.0
1.0,-268.0,-32.0,44.0,236.0,-71.0
6.0,-268.0,-35.0,57.0,259.0,-58.0
9.0,-270.0,-35.0,72.0,286.0,-53.0
11.0,-271.0,-32.0,83.0,315.0,-42.0
6.0,-269.0,-29.0,94.0,347.0,-35.0
0.0,-271.0,-33.0,109.0,379.0,-18.0
-1.0,-271.0,-34.0,124.0,408.0,-3.0
-7.0,-269.0,-41.0,134.0,434.0,16.0
-9.0,-265.0,-42.0,131.0,465.0,30.0
-12.0,-264.0,-45.0,118.0,499.0,48.0
-17.0,-262.0,-40.0,106.0,533.0,59.0
-18.0,-263.0,-38.0,111.0,561.0,71.0
-22.0,-262.0,-41.0,119.0,579.0,73.0
-25.0,-261.0,-40.0,120.0,595.0,83.0
-29.0,-259.0,-41.0,116.0,601.0,82.0
-34.0,-259.0,-44.0,110.0,595.0,82.0
-33.0,-260.0,-46.0,98.0,582.0,72.0
-37.0,-260.0,-52.0,83.0,569.0,64.0
-43.0,-263.0,-55.0,66.0,558.0,46.0
-42.0,-262.0,-55.0,44.0,548.0,32.0
-47.0,-269.0,-57.0,23.0,535.0,15.0
-47.0,-272.0,-61.0,6.0,513.0,3.0
-50.0,-274.0,-63.0,-6.0,495.0,-4.0
-53.0,-277.0,-66.0,-9.0,480.0,-3.0
-50.0,-283.0,-73.0,-13.0,471.0,-6.0
-50.0,-290.0,-72.0,-16.0,459.0,-1.0
-51.0,-296.0,-75.0,-12.0,434.0,2.0
-50.0,-295.0,-74.0,1.0,401.0,8.0
-51.0,-296.0,-77.0,19.0,363.0,12.0
-52.0,-299.0,-81.0,36.0,323.0,25.0
-52.0,-301.0,-80.0,52.0,281.0,31.0
-51.0,-299.0,-90.0,70.0,238.0,45.0
-50.0,-300.0,-87.0,85.0,189.0,53.0
-40.0,-300.0,-85.0,101.0,162.0,61.0
-34.0,-300.0,-80.0,132.0,148.0,59.0
-31.0,-291.0,-76.0,174.0,143.0,55.0
-24.0,-286.0,-70.0,216.0,141.0,45.0
-16.0,-272.0,-71.0,249.0,137.0,34.0
-12.0,-262.0,-72.0,267.0,133.0,15.0
-7.0,-256.0,-73.0,263.0,129.0,0.0
-7.0,-249.0,-72.0,240.0,129.0,-15.0
-3.0,-241.0,-71.0,213.0,133.0,-26.0
-1.0,-243.0,-79.0,182.0,140.0,-39.0
4.0,-241.0,-79.0,143.0,151.0,-43.0
1.0,-240.0,-75.0,121.0,153.0,-55.0
0.0,-243.0,-76.0,113.0,150.0,-66.0
-3.0,-246.0,-82.0,110.0,141.0,-82.0
-5.0,-246.0,-82.0,113.0,129.0,-94.0
-6.0,-249.0,-87.0,121.0,117.0,-114.0
-7.0,-247.0,-89.0,133.0,101.0,-128.0
-10.0,-247.0,-90.0,154.0,87.0,-146.0
-12.0,-246.0,-92.0,173.0,72.0,-159.0
-12.0,-239.0,-96.0,185.0,55.0,-174.0
-11.0,-235.0,-102.0,195.0,35.0,-180.0
-10.0,-231.0,-107.0,196.0,20.0,-189.0
-10.0,-221.0,-107.0,185.0,7.0,-191.0
-8.0,-221.0,-101.0,173.0,-5.0,-193.0
-6.0,-218.0,-102.0,150.0,-20.0,-191.0
-3.0,-217.0,-103.0,125.0,-41.0,-190.0
2.0,-212.0,-108.0,97.0,-58.0,-182.0
6.0,-213.0,-107.0,69.0,-63.0,-177.0
13.0,-215.0,-104.0,48.0,-59.0,-167.0
18.0,-215.0,-102.0,39.0,-60.0,-162.0
17.0,-214.0,-97.0,43.0,-74.0,-153.0
18.0,-214.0,-98.0,48.0,-98.0,-149.0
26.0,-214.0,-92.0,49.0,-114.0,-139.0
31.0,-217.0,-99.0,48.0,-124.0,-134.0
29.0,-214.0,-100.0,45.0,-118.0,-127.0
32.0,-212.0,-101.0,40.0,-105.0,-126.0
32.0,-211.0,-107.0,36.0,-96.0,-124.0
32.0,-210.0,-107.0,31.0,-94.0,-128.0
36.0,-213.0,-110.0,23.0,-95.0,-127.0
36.0,-213.0,-112.0,3.0,-92.0,-133.0
39.0,-214.0,-110.0,-26.0,-84.0,-133.0
39.0,-213.0,-107.0,-52.0,-72.0,-139.0
40.0,-219.0,-103.0,-81.0,-57.0,-140.0
42.0,-225.0,-98.0,-100.0,-41.0,-147.0
37.0,-226.0,-104.0,-112.0,-27.0,-149.0
33.0,-230.0,-99.0,-126.0,-15.0,-158.0
34.0,-238.0,-101.0,-137.0,-11.0,-163.0
33.0,-242.0,-99.0,-146.0,-15.0,-174.0
32.0,-247.0,-93.0,-145.0,-28.0,-185.0
28.0,-250.0,-90.0,-136.0,-35.0,-195.0
24.0,-251.0,-91.0,-125.0,-37.0,-200.0
18.0,-257.0,-85.0,-121.0,-41.0,-209.0
19.0,-260.0,-81.0,-110.0,-58.0,-216.0
15.0,-263.0,-74.0,-92.0,-81.0,-231.0
15.0,-267.0,-72.0,-66.0,-110.0,-237.0
14.0,-263.0,-64.0,-39.0,-141.0,-245.0
12.0,-263.0,-69.0,-13.0,-166.0,-251.0
9.0,-262.0,-68.0,9.0,-194.0,-261.0
9.0,-264.0,-67.0,17.0,-224.0,-270.0
8.0,-260.0,-73.0,20.0,-253.0,-280.0
9.0,-264.0,-73.0,20.0,-282.0,-291.0
8.0,-267.0,-72.0,16.0,-302.0,-310.0
5.0,-266.0,-67.0,19.0,-317.0,-326.0
6.0,-264.0,-69.0,32.0,-328.0,-342.0
3.0,-261.0,-69.0,52.0,-337.0,-348.0
5.0,-261.0,-66.0,72.0,-348.0,-359.0
8.0,-259.0,-68.0,89.0,-362.0,-362.0
6.0,-256.0,-71.0,95.0,-375.0,-369.0
7.0,-248.0,-72.0,92.0,-388.0,-373.0
11.0,-244.0,-65.0,88.0,-393.0,-380.0
10.0,-240.0,-67.0,88.0,-398.0,-378.0
16.0,-234.0,-65.0,92.0,-411.0,-379.0
17.0,-227.0,-65.0,92.0,-421.0,-375.0
17.0,-226.0,-68.0,86.0,-422.0,-368.0
25.0,-225.0,-64.0,80.0,-423.0,-358.0
27.0,-224.0,-65.0,73.0,-425.0,-352.0
29.0,-224.0,-64.0,56.0,-431.0,-345.0
28.0,-224.0,-64.0,37.0,-440.0,-338.0
29.0,-225.0,-65.0,19.0,-447.0,-326.0
31.0,-229.0,-64.0,3.0,-453.0,-316.0
30.0,-228.0,-63.0,-12.0,-455.0,-303.0
30.0,-231.0,-62.0,-24.0,-453.0,-293.0
33.0,-237.0,-64.0,-31.0,-452.0,-280.0
31.0,-242.0,-65.0,-32.0,-453.0,-270.0
31.0,-240.0,-66.0,-31.0,-453.0,-257.0
33.0,-243.0,-64.0,-31.0,-451.0,-252.0
34.0,-243.0,-66.0,-31.0,-447.0,-244.0
33.0,-243.0,-62.0,-30.0,-446.0,-241.0
32.0,-244.0,-62.0,-31.0,-446.0,-234.0
30.0,-244.0,-59.0,-30.0,-448.0,-231.0
32.0,-244.0,-63.0,-24.0,-446.0,-221.0
27.0,-240.0,-61.0,-19.0,-439.0,-214.0
23.0,-241.0,-62.0,-17.0,-433.0,-203.0
27.0,-241.0,-66.0,-16.0,-428.0,-193.0
20.0,-239.0,-62.0,-15.0,-425.0,-179.0
24.0,-244.0,-59.0,-19.0,-422.0,-170.0
25.0,-242.0,-58.0,-16.0,-431.0,-161.0
29.0,-241.0,-56.0,-9.0,-436.0,-162.0
32.0,-240.0,-60.0,-1.0,-439.0,-158.0
28.0,-240.0,-62.0,6.0,-440.0,-156.0
28.0,-239.0,-61.0,10.0,-438.0,-149.0
31.0,-239.0,-62.0,6.0,-437.0,-142.0
33.0,-238.0,-67.0,3.0,-439.0,-133.0
34.0,-243.0,-67.0,2.0,-440.0,-129.0
31.0,-243.0,-68.0,3.0,-437.0,-125.0
33.0,-244.0,-69.0,3.0,-431.0,-122.0
30.0,-244.0,-68.0,11.0,-426.0,-116.0
36.0,-247.0,-73.0,13.0,-422.0,-114.0
36.0,-247.0,-75.0,10.0,-417.0,-108.0
38.0,-251.0,-74.0,5.0,-410.0,-107.0
35.0,-249.0,-74.0,-1.0,-403.0,-105.0
35.0,-250.0,-72.0,-7.0,-396.0,-105.0
36.0,-252.0,-76.0,-11.0,-391.0,-101.0
