6.0,-379.0,-8.0,67.0,1623.0,-175.0
-7.0,-377.0,-4.0,117.0,1614.0,-216.0
-15.0,-382.0,3.0,166.0,1596.0,-243.0
-28.0,-381.0,22.0,211.0,1562.0,-245.0
-40.0,-368.0,36.0,255.0,1497.0,-223.0
-51.0,-355.0,55.0,302.0,1400.0,-183.0
-60.0,-336.0,75.0,359.0,1267.0,-128.0
-68.0,-319.0,94.0,426.0,1105.0,-57.0
-62.0,-305.0,108.0,481.0,924.0,23.0
-66.0,-285.0,113.0,497.0,752.0,103.0
-79.0,-270.0,98.0,455.0,603.0,183.0
-102.0,-253.0,73.0,356.0,466.0,259.0
-136.0,-243.0,46.0,207.0,341.0,322.0
-153.0,-240.0,23.0,49.0,234.0,374.0
-159.0,-243.0,19.0,-90.0,149.0,417.0
-156.0,-254.0,25.0,-204.0,74.0,454.0
-144.0,-257.0,47.0,-283.0,-4.0,488.0
-124.0,-261.0,66.0,-319.0,-86.0,517.0
-104.0,-261.0,75.0,-324.0,-161.0,534.0
-79.0,-260.0,73.0,-322.0,-225.0,538.0
-61.0,-258.0,77.0,-323.0,-262.0,529.0
-45.0,-267.0,62.0,-336.0,-260.0,523.0
-44.0,-281.0,44.0,-365.0,-244.0,496.0
-47.0,-302.0,4.0,-434.0,-237.0,473.0
-53.0,-322.0,-59.0,-542.0,-240.0,459.0
-57.0,-339.0,-127.0,-676.0,-249.0,450.0
-74.0,-353.0,-193.0,-806.0,-256.0,452.0
-84.0,-378.0,-243.0,-901.0,-286.0,477.0
-83.0,-411.0,-258.0,-926.0,-390.0,541.0
-57.0,-440.0,-242.0,-844.0,-559.0,675.0
-21.0,-442.0,-205.0,-698.0,-726.0,852.0
2.0,-405.0,-162.0,-548.0,-842.0,1037.0
49.0,-344.0,-109.0,-433.0,-877.0,1199.0
81.0,-310.0,-61.0,-354.0,-826.0,1304.0
99.0,-286.0,-26.0,-307.0,-722.0,1345.0
95.0,-276.0,-14.0,-282.0,-632.0,1323.0
69.0,-286.0,-22.0,-262.0,-604.0,1244.0
47.0,-305.0,-45.0,-224.0,-644.0,1149.0
34.0,-322.0,-76.0,-163.0,-728.0,1044.0
30.0,-348.0,-108.0,-71.0,-813.0,942.0
25.0,-372.0,-133.0,33.0,-832.0,858.0
14.0,-392.0,-141.0,130.0,-772.0,790.0
12.0,-394.0,-126.0,218.0,-676.0,726.0
-2.0,-373.0,-104.0,291.0,-584.0,648.0
-7.0,-355.0,-93.0,323.0,-493.0,569.0
-15.0,-331.0,-73.0,294.0,-405.0,473.0
-15.0,-307.0,-58.0,225.0,-350.0,360.0
-15.0,-287.0,-48.0,144.0,-334.0,231.0
-15.0,-271.0,-35.0,84.0,-338.0,93.0
-16.0,-253.0,-25.0,56.0,-357.0,-46.0
-15.0,-243.0,-33.0,46.0,-391.0,-193.0
-15.0,-231.0,-41.0,45.0,-424.0,-340.0
-17.0,-223.0,-47.0,29.0,-436.0,-472.0
-12.0,-213.0,-45.0,13.0,-430.0,-587.0
-10.0,-200.0,-52.0,4.0,-437.0,-702.0
-22.0,-175.0,-44.0,-8.0,-452.0,-789.0
-24.0,-160.0,-44.0,-15.0,-469.0,-831.0
-19.0,-149.0,-37.0,-33.0,-482.0,-828.0
-16.0,-140.0,-35.0,-53.0,-495.0,-808.0
-15.0,-128.0,-46.0,-84.0,-513.0,-783.0
-14.0,-124.0,-31.0,-155.0,-539.0,-745.0
-18.0,-119.0,-31.0,-242.0,-572.0,-710.0
-18.0,-118.0,-27.0,-324.0,-614.0,-681.0
-27.0,-118.0,-22.0,-402.0,-675.0,-658.0
-26.0,-122.0,-12.0,-465.0,-744.0,-636.0
-33.0,-134.0,-15.0,-497.0,-812.0,-615.0
-29.0,-127.0,-10.0,-495.0,-865.0,-593.0
-31.0,-134.0,-13.0,-459.0,-919.0,-572.0
-29.0,-144.0,-19.0,-416.0,-959.0,-542.0
-32.0,-149.0,-22.0,-379.0,-978.0,-501.0
-27.0,-153.0,-27.0,-337.0,-985.0,-465.0
-24.0,-159.0,-28.0,-301.0,-981.0,-430.0
-25.0,-161.0,-28.0,-280.0,-951.0,-391.0
-27.0,-164.0,-27.0,-265.0,-911.0,-357.0
-30.0,-172.0,-20.0,-264.0,-878.0,-322.0
-28.0,-178.0,-20.0,-255.0,-863.0,-292.0
-20.0,-184.0,-16.0,-246.0,-884.0,-254.0
-14.0,-192.0,-17.0,-229.0,-920.0,-225.0
-3.0,-198.0,-15.0,-195.0,-951.0,-203.0
3.0,-207.0,-23.0,-160.0,-974.0,-188.0
9.0,-204.0,-13.0,-146.0,-990.0,-175.0
10.0,-208.0,-17.0,-102.0,-1014.0,-187.0
7.0,-209.0,-14.0,-69.0,-1058.0,-191.0
8.0,-218.0,-3.0,-55.0,-1109.0,-189.0
14.0,-226.0,6.0,-48.0,-1160.0,-188.0
15.0,-232.0,19.0,-45.0,-1188.0,-165.0
21.0,-251.0,43.0,-27.0,-1195.0,-142.0
5.0,-262.0,47.0,16.0,-1204.0,-137.0
7.0,-278.0,54.0,60.0,-1186.0,-112.0
7.0,-291.0,50.0,96.0,-1158.0,-63.0
11.0,-312.0,43.0,121.0,-1142.0,11.0
24.0,-330.0,39.0,138.0,-1140.0,84.0
44.0,-345.0,35.0,162.0,-1145.0,130.0
65.0,-357.0,37.0,203.0,-1147.0,147.0
80.0,-365.0,36.0,259.0,-1139.0,132.0
86.0,-360.0,42.0,325.0,-1118.0,104.0
94.0,-355.0,51.0,394.0,-1080.0,86.0
87.0,-350.0,60.0,456.0,-1015.0,68.0
76.0,-337.0,65.0,507.0,-912.0,51.0
74.0,-321.0,48.0,527.0,-752.0,40.0
82.0,-295.0,30.0,484.0,-546.0,18.0
87.0,-269.0,18.0,382.0,-334.0,-20.0
95.0,-258.0,23.0,260.0,-139.0,-60.0
102.0,-259.0,38.0,134.0,41.0,-97.0
103.0,-264.0,56.0,9.0,215.0,-138.0
107.0,-278.0,77.0,-106.0,345.0,-189.0
102.0,-283.0,85.0,-204.0,400.0,-239.0
102.0,-288.0,84.0,-271.0,397.0,-280.0
100.0,-298.0,73.0,-303.0,384.0,-321.0
103.0,-301.0,64.0,-300.0,393.0,-357.0
87.0,-305.0,53.0,-282.0,423.0,-400.0
65.0,-314.0,44.0,-275.0,454.0,-443.0
44.0,-318.0,24.0,-302.0,462.0,-485.0
26.0,-328.0,-3.0,-374.0,426.0,-515.0
33.0,-358.0,-51.0,-488.0,359.0,-540.0
48.0,-376.0,-94.0,-606.0,266.0,-577.0
77.0,-399.0,-159.0,-686.0,182.0,-628.0
111.0,-423.0,-210.0,-743.0,158.0,-695.0
121.0,-441.0,-244.0,-773.0,231.0,-802.0
126.0,-450.0,-259.0,-762.0,407.0,-957.0
96.0,-438.0,-256.0,-691.0,619.0,-1149.0
71.0,-412.0,-222.0,-579.0,776.0,-1345.0
43.0,-377.0,-180.0,-450.0,831.0,-1529.0
7.0,-332.0,-135.0,-317.0,804.0,-1686.0
-23.0,-291.0,-78.0,-204.0,732.0,-1810.0
-41.0,-260.0,-35.0,-124.0,639.0,-1883.0
-53.0,-241.0,-8.0,-112.0,519.0,-1920.0
-59.0,-229.0,-3.0,-164.0,392.0,-1904.0
-66.0,-244.0,-36.0,-193.0,338.0,-1820.0
-71.0,-260.0,-82.0,-222.0,338.0,-1710.0
-73.0,-295.0,-109.0,-254.0,317.0,-1525.0
-75.0,-336.0,-116.0,-270.0,280.0,-1293.0
-69.0,-379.0,-108.0,-209.0,234.0,-1053.0
-61.0,-393.0,-81.0,-45.0,152.0,-826.0
-42.0,-385.0,-67.0,209.0,38.0,-608.0
-24.0,-356.0,-67.0,476.0,-70.0,-416.0
-16.0,-322.0,-75.0,669.0,-145.0,-254.0
-3.0,-286.0,-69.0,727.0,-196.0,-109.0
5.0,-256.0,-68.0,676.0,-243.0,21.0
13.0,-228.0,-60.0,559.0,-287.0,144.0
25.0,-220.0,-45.0,425.0,-330.0,275.0
43.0,-218.0,-51.0,315.0,-362.0,409.0
56.0,-219.0,-48.0,248.0,-374.0,531.0
70.0,-219.0,-52.0,215.0,-368.0,632.0
77.0,-223.0,-44.0,184.0,-357.0,711.0
85.0,-215.0,-44.0,155.0,-329.0,760.0
85.0,-206.0,-31.0,123.0,-274.0,776.0
79.0,-191.0,-29.0,100.0,-208.0,772.0
64.0,-169.0,-24.0,73.0,-144.0,764.0
70.0,-160.0,-22.0,44.0,-62.0,762.0
74.0,-153.0,-23.0,-4.0,24.0,752.0
83.0,-156.0,-36.0,-91.0,98.0,720.0
91.0,-156.0,-38.0,-203.0,176.0,678.0
99.0,-164.0,-42.0,-321.0,278.0,635.0
99.0,-174.0,-34.0,-422.0,386.0,588.0
92.0,-180.0,-31.0,-489.0,492.0,552.0
85.0,-186.0,-19.0,-506.0,588.0,526.0
79.0,-189.0,-14.0,-470.0,658.0,510.0
61.0,-187.0,-6.0,-388.0,696.0,503.0
45.0,-185.0,-10.0,-279.0,712.0,507.0
34.0,-177.0,-7.0,-168.0,712.0,516.0
23.0,-174.0,-14.0,-72.0,698.0,538.0
13.0,-165.0,-9.0,-9.0,683.0,558.0
4.0,-160.0,-10.0,24.0,673.0,576.0
2.0,-156.0,-12.0,36.0,671.0,590.0
-5.0,-157.0,-20.0,31.0,673.0,598.0
-10.0,-154.0,-19.0,9.0,675.0,604.0
-14.0,-156.0,-16.0,-23.0,683.0,602.0
-14.0,-162.0,-18.0,-64.0,692.0,591.0
-14.0,-162.0,-8.0,-111.0,704.0,572.0
-19.0,-161.0,-3.0,-133.0,719.0,543.0
-16.0,-162.0,10.0,-143.0,744.0,518.0
-18.0,-164.0,21.0,-136.0,770.0,490.0
-14.0,-168.0,24.0,-118.0,798.0,459.0
-11.0,-172.0,30.0,-98.0,836.0,421.0
-3.0,-179.0,34.0,-79.0,881.0,379.0
-2.0,-190.0,32.0,-63.0,944.0,338.0
-2.0,-210.0,35.0,-57.0,1018.0,284.0
-6.0,-228.0,33.0,-48.0,1090.0,224.0
-13.0,-244.0,29.0,-20.0,1150.0,160.0
-16.0,-257.0,28.0,26.0,1187.0,118.0
-16.0,-270.0,28.0,90.0,1205.0,95.0
-15.0,-290.0,18.0,151.0,1211.0,85.0
-11.0,-304.0,18.0,212.0,1217.0,75.0
-13.0,-308.0,-1.0,242.0,1216.0,53.0
-11.0,-315.0,-9.0,220.0,1201.0,41.0
-11.0,-319.0,-20.0,149.0,1173.0,33.0
-12.0,-327.0,-23.0,48.0,1125.0,25.0
-11.0,-324.0,-4.0,-37.0,1052.0,27.0
-10.0,-330.0,18.0,-69.0,959.0,37.0
-8.0,-334.0,40.0,-47.0,857.0,51.0
-8.0,-327.0,73.0,2.0,744.0,70.0
-13.0,-320.0,97.0,61.0,625.0,101.0
-25.0,-313.0,111.0,116.0,498.0,139.0
-44.0,-308.0,102.0,155.0,357.0,177.0
-89.0,-294.0,70.0,159.0,199.0,221.0
-118.0,-284.0,33.0,118.0,50.0,267.0
-134.0,-276.0,16.0,45.0,-68.0,310.0
-141.0,-277.0,18.0,-30.0,-146.0,359.0
-138.0,-279.0,35.0,-76.0,-194.0,404.0
-131.0,-271.0,59.0,-84.0,-235.0,451.0
-112.0,-270.0,67.0,-68.0,-263.0,491.0
-100.0,-268.0,72.0,-61.0,-280.0,521.0
-91.0,-287.0,37.0,-85.0,-294.0,545.0
-92.0,-326.0,-32.0,-175.0,-325.0,564.0
-118.0,-346.0,-93.0,-370.0,-386.0,575.0
-148.0,-364.0,-179.0,-638.0,-431.0,610.0
-160.0,-393.0,-260.0,-895.0,-456.0,646.0
-148.0,-455.0,-304.0,-1052.0,-558.0,694.0
-96.0,-508.0,-300.0,-1042.0,-772.0,758.0
-35.0,-516.0,-261.0,-861.0,-993.0,901.0
22.0,-491.0,-208.0,-639.0,-1111.0,1092.0
63.0,-439.0,-138.0,-449.0,-1103.0,1274.0
103.0,-383.0,-90.0,-296.0,-964.0,1414.0
129.0,-339.0,-36.0,-195.0,-729.0,1491.0
131.0,-312.0,5.0,-126.0,-500.0,1499.0
109.0,-297.0,2.0,-65.0,-368.0,1449.0
87.0,-290.0,-17.0,14.0,-362.0,1369.0
82.0,-300.0,-55.0,129.0,-457.0,1286.0
103.0,-312.0,-84.0,255.0,-575.0,1208.0
111.0,-327.0,-121.0,368.0,-629.0,1101.0
99.0,-349.0,-149.0,390.0,-576.0,986.0
69.0,-359.0,-157.0,311.0,-449.0,862.0
44.0,-366.0,-146.0,180.0,-323.0,739.0
30.0,-358.0,-129.0,54.0,-220.0,615.0
29.0,-346.0,-110.0,-28.0,-132.0,491.0
36.0,-339.0,-85.0,-80.0,-49.0,365.0
42.0,-320.0,-60.0,-106.0,32.0,240.0
43.0,-298.0,-41.0,-114.0,106.0,116.0
48.0,-280.0,-29.0,-91.0,157.0,-23.0
35.0,-260.0,-21.0,-67.0,184.0,-176.0
17.0,-248.0,-18.0,-41.0,207.0,-319.0
-9.0,-234.0,-23.0,-12.0,213.0,-455.0
-23.0,-225.0,-37.0,20.0,195.0,-572.0
-34.0,-217.0,-51.0,43.0,169.0,-671.0
-42.0,-210.0,-54.0,16.0,140.0,-760.0
-51.0,-198.0,-64.0,-43.0,127.0,-843.0
-52.0,-184.0,-59.0,-120.0,127.0,-889.0
-56.0,-159.0,-53.0,-183.0,118.0,-898.0
-54.0,-144.0,-54.0,-228.0,95.0,-880.0
-51.0,-144.0,-58.0,-308.0,56.0,-833.0
-49.0,-133.0,-45.0,-421.0,1.0,-790.0
-50.0,-143.0,-50.0,-517.0,-68.0,-755.0
-48.0,-145.0,-30.0,-633.0,-144.0,-707.0
-43.0,-152.0,-21.0,-706.0,-224.0,-674.0
-36.0,-141.0,-9.0,-705.0,-315.0,-659.0
-32.0,-143.0,-5.0,-632.0,-410.0,-656.0
-21.0,-140.0,-10.0,-558.0,-495.0,-652.0
-22.0,-141.0,-6.0,-477.0,-556.0,-650.0
-20.0,-135.0,-7.0,-385.0,-592.0,-659.0
-21.0,-131.0,-14.0,-287.0,-614.0,-675.0
-26.0,-129.0,-18.0,-194.0,-626.0,-686.0
-26.0,-128.0,-30.0,-130.0,-623.0,-681.0
-27.0,-131.0,-32.0,-99.0,-611.0,-665.0
-27.0,-133.0,-31.0,-96.0,-591.0,-634.0
-28.0,-138.0,-30.0,-108.0,-571.0,-598.0
-21.0,-141.0,-20.0,-124.0,-553.0,-554.0
-24.0,-149.0,-14.0,-136.0,-536.0,-507.0
-34.0,-159.0,-6.0,-137.0,-513.0,-459.0
-36.0,-167.0,12.0,-111.0,-502.0,-416.0
-35.0,-173.0,20.0,-61.0,-513.0,-363.0
-24.0,-190.0,24.0,4.0,-550.0,-300.0
-15.0,-200.0,24.0,63.0,-605.0,-233.0
-14.0,-211.0,26.0,89.0,-672.0,-161.0
9.0,-206.0,32.0,114.0,-735.0,-78.0
30.0,-228.0,33.0,149.0,-810.0,-25.0
39.0,-247.0,24.0,149.0,-910.0,-10.0
49.0,-257.0,27.0,129.0,-993.0,-10.0
52.0,-267.0,34.0,128.0,-1042.0,0.0
53.0,-274.0,38.0,173.0,-1056.0,9.0
49.0,-290.0,35.0,260.0,-1040.0,24.0
51.0,-295.0,46.0,367.0,-1006.0,41.0
47.0,-300.0,43.0,484.0,-975.0,40.0
44.0,-299.0,32.0,573.0,-955.0,35.0
33.0,-288.0,19.0,613.0,-945.0,19.0
27.0,-284.0,18.0,599.0,-939.0,-9.0
16.0,-270.0,16.0,544.0,-931.0,-29.0
6.0,-264.0,21.0,477.0,-914.0,-42.0
6.0,-265.0,30.0,423.0,-873.0,-46.0
12.0,-270.0,21.0,369.0,-784.0,-37.0
38.0,-278.0,14.0,299.0,-613.0,-17.0
55.0,-270.0,14.0,220.0,-384.0,-24.0
73.0,-266.0,22.0,140.0,-160.0,-67.0
88.0,-275.0,38.0,67.0,23.0,-138.0
102.0,-281.0,57.0,0.0,167.0,-207.0
117.0,-287.0,78.0,-65.0,277.0,-280.0
125.0,-292.0,91.0,-124.0,353.0,-359.0
139.0,-294.0,106.0,-152.0,393.0,-436.0
142.0,-293.0,93.0,-153.0,419.0,-506.0
147.0,-300.0,69.0,-139.0,459.0,-577.0
150.0,-307.0,30.0,-145.0,516.0,-642.0
131.0,-323.0,-24.0,-210.0,560.0,-715.0
129.0,-369.0,-81.0,-400.0,587.0,-772.0
149.0,-404.0,-131.0,-693.0,578.0,-840.0
165.0,-446.0,-188.0,-990.0,491.0,-944.0
175.0,-504.0,-252.0,-1178.0,399.0,-1050.0
187.0,-562.0,-295.0,-1196.0,459.0,-1143.0
175.0,-598.0,-290.0,-1058.0,738.0,-1260.0
118.0,-592.0,-249.0,-790.0,1095.0,-1421.0
50.0,-552.0,-199.0,-468.0,1308.0,-1616.0
-1.0,-501.0,-143.0,-171.0,1306.0,-1796.0
-54.0,-434.0,-110.0,79.0,1146.0,-1944.0
-77.0,-374.0,-70.0,249.0,904.0,-2056.0
-97.0,-319.0,-59.0,334.0,639.0,-2158.0
-99.0,-271.0,-60.0,355.0,412.0,-2211.0
-118.0,-234.0,-78.0,370.0,282.0,-2221.0
-133.0,-209.0,-117.0,415.0,264.0,-2188.0
-146.0,-194.0,-140.0,396.0,259.0,-2035.0
-143.0,-208.0,-167.0,273.0,238.0,-1779.0
-140.0,-251.0,-156.0,34.0,203.0,-1477.0
-133.0,-308.0,-131.0,-234.0,157.0,-1176.0
-104.0,-356.0,-88.0,-421.0,79.0,-908.0
-85.0,-378.0,-62.0,-431.0,-54.0,-690.0
-67.0,-389.0,-41.0,-298.0,-216.0,-484.0
-43.0,-384.0,-32.0,-94.0,-388.0,-289.0
-32.0,-361.0,-31.0,135.0,-555.0,-115.0
-23.0,-329.0,-41.0,352.0,-699.0,40.0
-16.0,-302.0,-55.0,514.0,-821.0,180.0
-7.0,-272.0,-64.0,610.0,-916.0,314.0
14.0,-254.0,-86.0,657.0,-967.0,436.0
33.0,-243.0,-103.0,652.0,-958.0,535.0
52.0,-232.0,-109.0,596.0,-885.0,610.0
58.0,-217.0,-131.0,501.0,-782.0,660.0
82.0,-210.0,-117.0,342.0,-695.0,704.0
94.0,-197.0,-106.0,151.0,-636.0,711.0
85.0,-182.0,-96.0,-29.0,-584.0,712.0
94.0,-151.0,-66.0,-155.0,-529.0,729.0
100.0,-137.0,-55.0,-186.0,-479.0,730.0
112.0,-132.0,-53.0,-227.0,-440.0,727.0
127.0,-129.0,-46.0,-314.0,-406.0,710.0
146.0,-133.0,-45.0,-423.0,-364.0,681.0
154.0,-128.0,-40.0,-532.0,-288.0,649.0
149.0,-127.0,-34.0,-624.0,-176.0,628.0
136.0,-127.0,-18.0,-671.0,-48.0,623.0
118.0,-129.0,-15.0,-650.0,82.0,630.0
101.0,-133.0,-6.0,-580.0,199.0,654.0
80.0,-137.0,-8.0,-477.0,289.0,685.0
57.0,-145.0,-6.0,-356.0,357.0,721.0
43.0,-152.0,-8.0,-237.0,403.0,750.0
32.0,-156.0,-6.0,-134.0,430.0,771.0
18.0,-150.0,-9.0,-55.0,449.0,779.0
17.0,-148.0,-18.0,-2.0,466.0,783.0
12.0,-151.0,-22.0,9.0,486.0,773.0
17.0,-152.0,-27.0,-20.0,513.0,752.0
21.0,-149.0,-33.0,-71.0,547.0,722.0
17.0,-152.0,-34.0,-137.0,585.0,686.0
17.0,-159.0,-28.0,-191.0,629.0,641.0
17.0,-169.0,-29.0,-226.0,679.0,590.0
19.0,-183.0,-24.0,-247.0,728.0,537.0
27.0,-192.0,-16.0,-252.0,777.0,467.0
22.0,-205.0,0.0,-239.0,833.0,391.0
16.0,-211.0,4.0,-210.0,903.0,325.0
8.0,-215.0,2.0,-177.0,983.0,261.0
6.0,-219.0,6.0,-155.0,1070.0,201.0
1.0,-226.0,3.0,-131.0,1159.0,145.0
-9.0,-236.0,6.0,-110.0,1252.0,102.0
-4.0,-254.0,7.0,-84.0,1334.0,64.0
-2.0,-271.0,12.0,-44.0,1394.0,30.0
0.0,-297.0,17.0,13.0,1433.0,1.0
14.0,-319.0,26.0,85.0,1457.0,-14.0
12.0,-326.0,35.0,168.0,1472.0,-33.0
14.0,-328.0,44.0,259.0,1478.0,-38.0
3.0,-330.0,47.0,344.0,1467.0,-21.0
2.0,-309.0,55.0,440.0,1431.0,3.0
-13.0,-292.0,44.0,538.0,1362.0,28.0
-22.0,-275.0,52.0,583.0,1266.0,80.0
-31.0,-262.0,51.0,574.0,1141.0,139.0
-42.0,-249.0,51.0,532.0,998.0,196.0
-53.0,-237.0,56.0,476.0,839.0,252.0
-59.0,-232.0,67.0,410.0,670.0,304.0
-72.0,-229.0,79.0,341.0,501.0,344.0
-81.0,-230.0,84.0,282.0,346.0,376.0
-95.0,-239.0,80.0,228.0,201.0,391.0
-109.0,-245.0,67.0,166.0,58.0,401.0
-127.0,-250.0,39.0,74.0,-66.0,405.0
-133.0,-246.0,23.0,-47.0,-162.0,400.0
-127.0,-248.0,16.0,-172.0,-221.0,390.0
-117.0,-252.0,24.0,-276.0,-239.0,376.0
-107.0,-257.0,43.0,-319.0,-219.0,362.0
-98.0,-262.0,62.0,-294.0,-184.0,351.0
-88.0,-271.0,62.0,-235.0,-147.0,345.0
-86.0,-288.0,44.0,-196.0,-119.0,341.0
-81.0,-334.0,-3.0,-221.0,-113.0,347.0
-91.0,-364.0,-60.0,-343.0,-146.0,360.0
-129.0,-378.0,-145.0,-531.0,-200.0,408.0
-153.0,-400.0,-243.0,-760.0,-256.0,469.0
-153.0,-453.0,-324.0,-1004.0,-408.0,528.0
-129.0,-511.0,-360.0,-1150.0,-722.0,616.0
-77.0,-553.0,-327.0,-1111.0,-1068.0,794.0
-26.0,-545.0,-270.0,-873.0,-1263.0,1049.0
8.0,-497.0,-190.0,-565.0,-1306.0,1304.0
49.0,-420.0,-118.0,-277.0,-1205.0,1509.0
84.0,-346.0,-51.0,-64.0,-959.0,1631.0
113.0,-303.0,2.0,40.0,-659.0,1702.0
113.0,-276.0,19.0,86.0,-437.0,1700.0
99.0,-270.0,-7.0,115.0,-380.0,1654.0
100.0,-275.0,-47.0,158.0,-462.0,1579.0
118.0,-296.0,-95.0,203.0,-572.0,1494.0
138.0,-324.0,-117.0,236.0,-612.0,1399.0
158.0,-355.0,-119.0,239.0,-571.0,1290.0
149.0,-379.0,-129.0,230.0,-477.0,1155.0
129.0,-396.0,-132.0,164.0,-349.0,1022.0
110.0,-397.0,-118.0,44.0,-245.0,886.0
97.0,-392.0,-90.0,-50.0,-121.0,737.0
93.0,-386.0,-70.0,-81.0,-6.0,589.0
79.0,-376.0,-59.0,-64.0,101.0,440.0
68.0,-354.0,-45.0,-7.0,197.0,285.0
59.0,-334.0,-42.0,77.0,263.0,129.0
46.0,-317.0,-45.0,157.0,300.0,-27.0
19.0,-290.0,-46.0,223.0,314.0,-187.0
-9.0,-272.0,-48.0,268.0,305.0,-336.0
-32.0,-248.0,-46.0,286.0,267.0,-438.0
-51.0,-228.0,-58.0,307.0,215.0,-560.0
-73.0,-205.0,-84.0,299.0,159.0,-665.0
-74.0,-197.0,-84.0,215.0,127.0,-744.0
-81.0,-176.0,-80.0,100.0,114.0,-814.0
-91.0,-153.0,-69.0,11.0,108.0,-852.0
-98.0,-149.0,-77.0,-69.0,95.0,-842.0
-92.0,-138.0,-69.0,-184.0,73.0,-796.0
-80.0,-148.0,-57.0,-297.0,43.0,-737.0
-74.0,-136.0,-47.0,-402.0,-5.0,-691.0
-69.0,-147.0,-46.0,-486.0,-52.0,-646.0
-63.0,-156.0,-31.0,-555.0,-93.0,-608.0
-61.0,-161.0,-13.0,-588.0,-154.0,-591.0
-54.0,-157.0,-3.0,-560.0,-247.0,-582.0
-48.0,-156.0,0.0,-497.0,-368.0,-582.0
-37.0,-150.0,6.0,-412.0,-495.0,-595.0
-22.0,-142.0,-9.0,-315.0,-610.0,-614.0
-16.0,-138.0,-16.0,-239.0,-698.0,-625.0
-21.0,-133.0,-23.0,-189.0,-754.0,-631.0
-21.0,-133.0,-25.0,-150.0,-794.0,-631.0
-26.0,-128.0,-40.0,-123.0,-827.0,-622.0
-25.0,-128.0,-46.0,-103.0,-847.0,-599.0
-29.0,-128.0,-49.0,-95.0,-846.0,-567.0
-40.0,-129.0,-47.0,-99.0,-835.0,-539.0
-45.0,-135.0,-45.0,-116.0,-830.0,-500.0
-46.0,-140.0,-35.0,-138.0,-829.0,-442.0
-44.0,-150.0,-28.0,-138.0,-833.0,-386.0
-45.0,-165.0,-23.0,-123.0,-847.0,-332.0
-42.0,-179.0,-16.0,-116.0,-877.0,-257.0
-34.0,-193.0,-20.0,-109.0,-919.0,-180.0
-23.0,-202.0,-11.0,-98.0,-979.0,-109.0
-18.0,-208.0,-4.0,-78.0,-1062.0,-54.0
-9.0,-223.0,-2.0,-43.0,-1165.0,-10.0
-9.0,-223.0,3.0,-2.0,-1281.0,27.0
24.0,-240.0,18.0,55.0,-1371.0,76.0
36.0,-255.0,28.0,123.0,-1442.0,86.0
39.0,-259.0,38.0,200.0,-1494.0,52.0
43.0,-259.0,45.0,279.0,-1499.0,24.0
47.0,-264.0,37.0,344.0,-1471.0,22.0
55.0,-259.0,40.0,391.0,-1431.0,29.0
56.0,-257.0,26.0,449.0,-1380.0,13.0
57.0,-258.0,27.0,478.0,-1326.0,-16.0
52.0,-265.0,12.0,485.0,-1280.0,-43.0
53.0,-268.0,5.0,454.0,-1239.0,-66.0
50.0,-277.0,9.0,395.0,-1203.0,-87.0
47.0,-288.0,24.0,340.0,-1163.0,-99.0
40.0,-293.0,34.0,304.0,-1102.0,-101.0
29.0,-293.0,54.0,299.0,-1012.0,-106.0
25.0,-296.0,61.0,313.0,-888.0,-112.0
34.0,-296.0,44.0,327.0,-720.0,-115.0
61.0,-281.0,22.0,304.0,-521.0,-124.0
83.0,-271.0,13.0,230.0,-331.0,-151.0
111.0,-275.0,13.0,112.0,-181.0,-194.0
121.0,-287.0,31.0,-3.0,-67.0,-238.0
126.0,-301.0,54.0,-95.0,32.0,-278.0
118.0,-299.0,77.0,-139.0,105.0,-328.0
111.0,-299.0,92.0,-123.0,132.0,-372.0
105.0,-296.0,88.0,-77.0,134.0,-395.0
110.0,-294.0,67.0,-43.0,140.0,-410.0
105.0,-312.0,24.0,-50.0,160.0,-421.0
119.0,-349.0,-42.0,-154.0,199.0,-439.0
158.0,-380.0,-108.0,-387.0,231.0,-486.0
194.0,-399.0,-180.0,-685.0,193.0,-583.0
216.0,-445.0,-247.0,-946.0,70.0,-695.0
235.0,-506.0,-321.0,-1076.0,-5.0,-799.0
221.0,-546.0,-346.0,-1037.0,161.0,-931.0
173.0,-554.0,-295.0,-839.0,568.0,-1118.0
86.0,-514.0,-212.0,-583.0,935.0,-1356.0
6.0,-456.0,-125.0,-339.0,1036.0,-1578.0
-45.0,-393.0,-64.0,-129.0,882.0,-1745.0
-72.0,-342.0,-20.0,18.0,616.0,-1864.0
-87.0,-314.0,-2.0,98.0,373.0,-1972.0
-97.0,-291.0,0.0,111.0,210.0,-2045.0
-126.0,-265.0,-29.0,142.0,111.0,-2062.0
-136.0,-239.0,-81.0,228.0,106.0,-2046.0
-138.0,-236.0,-153.0,272.0,139.0,-1886.0
-122.0,-263.0,-205.0,186.0,181.0,-1607.0
-104.0,-318.0,-213.0,-42.0,211.0,-1305.0
-78.0,-375.0,-176.0,-289.0,222.0,-1031.0
-55.0,-402.0,-122.0,-417.0,185.0,-823.0
-39.0,-409.0,-87.0,-367.0,85.0,-651.0
-15.0,-403.0,-57.0,-207.0,-47.0,-499.0
6.0,-385.0,-49.0,-29.0,-194.0,-359.0
17.0,-357.0,-57.0,106.0,-332.0,-229.0
35.0,-323.0,-54.0,164.0,-444.0,-100.0
49.0,-301.0,-57.0,172.0,-524.0,22.0
58.0,-277.0,-53.0,173.0,-566.0,147.0
64.0,-268.0,-74.0,176.0,-569.0,283.0
74.0,-265.0,-89.0,149.0,-531.0,418.0
77.0,-263.0,-96.0,104.0,-464.0,541.0
86.0,-265.0,-97.0,50.0,-385.0,635.0
82.0,-248.0,-88.0,6.0,-304.0,692.0
72.0,-232.0,-76.0,-12.0,-216.0,745.0
73.0,-205.0,-59.0,-6.0,-139.0,800.0
77.0,-188.0,-55.0,-2.0,-90.0,837.0
88.0,-177.0,-49.0,-74.0,-57.0,869.0
96.0,-154.0,-45.0,-136.0,-9.0,862.0
107.0,-149.0,-50.0,-198.0,65.0,853.0
118.0,-147.0,-52.0,-292.0,154.0,840.0
122.0,-145.0,-47.0,-406.0,247.0,816.0
125.0,-150.0,-46.0,-515.0,351.0,798.0
119.0,-148.0,-31.0,-576.0,468.0,788.0
107.0,-142.0,-24.0,-579.0,582.0,794.0
92.0,-133.0,-17.0,-515.0,687.0,813.0
65.0,-129.0,-22.0,-391.0,781.0,837.0
50.0,-131.0,-20.0,-267.0,851.0,866.0
44.0,-134.0,-20.0,-164.0,893.0,895.0
30.0,-134.0,-19.0,-83.0,909.0,906.0
15.0,-130.0,-25.0,-36.0,907.0,905.0
12.0,-127.0,-25.0,-13.0,902.0,904.0
5.0,-123.0,-34.0,-7.0,894.0,895.0
18.0,-119.0,-28.0,-25.0,891.0,880.0
22.0,-123.0,-32.0,-59.0,896.0,854.0
12.0,-124.0,-31.0,-93.0,914.0,804.0
1.0,-128.0,-31.0,-113.0,944.0,748.0
5.0,-132.0,-23.0,-134.0,975.0,699.0
7.0,-142.0,-19.0,-136.0,1010.0,645.0
3.0,-145.0,-6.0,-125.0,1043.0,588.0
-3.0,-147.0,3.0,-91.0,1075.0,527.0
-6.0,-153.0,3.0,-45.0,1105.0,465.0
-15.0,-156.0,7.0,-9.0,1137.0,405.0
-19.0,-167.0,11.0,18.0,1176.0,343.0
-24.0,-175.0,13.0,36.0,1221.0,289.0
-25.0,-190.0,13.0,55.0,1271.0,239.0
-35.0,-199.0,1.0,81.0,1325.0,195.0
-31.0,-218.0,-6.0,117.0,1377.0,155.0
-30.0,-243.0,10.0,155.0,1418.0,122.0
-18.0,-261.0,2.0,203.0,1451.0,93.0
-14.0,-281.0,-13.0,283.0,1477.0,47.0
-10.0,-306.0,-20.0,332.0,1505.0,-8.0
-14.0,-322.0,-28.0,351.0,1526.0,-57.0
-15.0,-337.0,-23.0,356.0,1532.0,-85.0
-16.0,-347.0,-12.0,374.0,1512.0,-111.0
-19.0,-347.0,2.0,419.0,1456.0,-128.0
-25.0,-345.0,16.0,475.0,1369.0,-134.0
-31.0,-339.0,34.0,521.0,1251.0,-122.0
-38.0,-327.0,50.0,548.0,1106.0,-97.0
-42.0,-318.0,68.0,556.0,942.0,-59.0
-52.0,-309.0,83.0,547.0,772.0,-12.0
-55.0,-295.0,99.0,521.0,606.0,48.0
-61.0,-284.0,110.0,483.0,460.0,116.0
-69.0,-276.0,111.0,431.0,329.0,189.0
-80.0,-270.0,104.0,356.0,200.0,254.0
-99.0,-265.0,82.0,252.0,64.0,306.0
-119.0,-258.0,57.0,123.0,-75.0,351.0
-130.0,-259.0,45.0,-18.0,-195.0,385.0
-130.0,-263.0,31.0,-140.0,-288.0,407.0
-123.0,-280.0,18.0,-232.0,-350.0,423.0
-114.0,-320.0,-12.0,-312.0,-388.0,441.0
-115.0,-383.0,-57.0,-440.0,-418.0,470.0
-149.0,-419.0,-111.0,-646.0,-439.0,505.0
-185.0,-441.0,-166.0,-883.0,-431.0,547.0
-176.0,-487.0,-214.0,-1074.0,-510.0,595.0
-131.0,-534.0,-217.0,-1143.0,-792.0,641.0
-48.0,-558.0,-175.0,-1048.0,-1126.0,742.0
18.0,-548.0,-111.0,-813.0,-1274.0,885.0
47.0,-520.0,-50.0,-490.0,-1228.0,1016.0
57.0,-476.0,-16.0,-170.0,-1070.0,1134.0
79.0,-436.0,2.0,51.0,-879.0,1219.0
72.0,-387.0,-9.0,174.0,-711.0,1270.0
93.0,-343.0,-42.0,258.0,-593.0,1328.0
115.0,-298.0,-95.0,332.0,-535.0,1370.0
136.0,-256.0,-138.0,394.0,-503.0,1362.0
140.0,-229.0,-168.0,443.0,-456.0,1330.0
129.0,-213.0,-173.0,444.0,-388.0,1272.0
109.0,-207.0,-172.0,380.0,-339.0,1197.0
109.0,-213.0,-148.0,214.0,-309.0,1102.0
77.0,-232.0,-130.0,-30.0,-299.0,963.0
55.0,-261.0,-103.0,-296.0,-285.0,835.0
55.0,-284.0,-74.0,-518.0,-260.0,725.0
53.0,-316.0,-69.0,-670.0,-211.0,609.0
57.0,-332.0,-52.0,-742.0,-129.0,489.0
53.0,-346.0,-46.0,-717.0,-24.0,367.0
48.0,-350.0,-38.0,-613.0,79.0,246.0
41.0,-347.0,-36.0,-454.0,156.0,133.0
28.0,-339.0,-35.0,-287.0,210.0,23.0
16.0,-328.0,-37.0,-131.0,248.0,-85.0
0.0,-313.0,-40.0,4.0,254.0,-189.0
-21.0,-292.0,-51.0,109.0,234.0,-282.0
-31.0,-279.0,-65.0,152.0,189.0,-355.0
-38.0,-281.0,-84.0,105.0,133.0,-418.0
-41.0,-262.0,-89.0,-7.0,72.0,-480.0
-42.0,-246.0,-93.0,-146.0,27.0,-541.0
-39.0,-223.0,-82.0,-254.0,20.0,-573.0
-32.0,-209.0,-80.0,-324.0,52.0,-584.0
-32.0,-191.0,-79.0,-372.0,89.0,-594.0
-20.0,-187.0,-71.0,-432.0,113.0,-593.0
-23.0,-167.0,-52.0,-472.0,123.0,-604.0
-21.0,-155.0,-42.0,-514.0,111.0,-620.0
-30.0,-145.0,-34.0,-538.0,90.0,-640.0
