35.0,-190.0,-19.0,-103.0,76.0,14.0
36.0,-191.0,-5.0,-81.0,92.0,22.0
34.0,-193.0,-9.0,-45.0,106.0,22.0
37.0,-196.0,-1.0,8.0,111.0,23.0
31.0,-195.0,0.0,74.0,108.0,23.0
31.0,-193.0,0.0,140.0,104.0,27.0
34.0,-194.0,-1.0,197.0,105.0,32.0
33.0,-196.0,1.0,242.0,109.0,37.0
33.0,-194.0,-3.0,278.0,120.0,39.0
34.0,-196.0,-10.0,297.0,123.0,41.0
30.0,-196.0,-15.0,294.0,114.0,44.0
25.0,-200.0,-14.0,273.0,87.0,46.0
22.0,-202.0,-15.0,243.0,41.0,49.0
17.0,-205.0,-20.0,212.0,-15.0,52.0
4.0,-207.0,-20.0,185.0,-78.0,53.0
1.0,-215.0,-22.0,156.0,-144.0,56.0
-7.0,-221.0,-27.0,124.0,-209.0,63.0
-13.0,-232.0,-27.0,97.0,-259.0,70.0
-19.0,-238.0,-35.0,77.0,-296.0,83.0
-25.0,-251.0,-43.0,47.0,-324.0,99.0
-24.0,-257.0,-50.0,0.0,-342.0,129.0
-13.0,-265.0,-68.0,-49.0,-338.0,161.0
2.0,-272.0,-76.0,-112.0,-308.0,192.0
20.0,-293.0,-93.0,-189.0,-251.0,215.0
30.0,-309.0,-94.0,-267.0,-196.0,215.0
43.0,-331.0,-91.0,-322.0,-174.0,202.0
58.0,-362.0,-84.0,-330.0,-186.0,172.0
72.0,-398.0,-75.0,-298.0,-206.0,118.0
85.0,-434.0,-67.0,-246.0,-203.0,44.0
105.0,-433.0,-42.0,-153.0,-168.0,-37.0
83.0,-427.0,-28.0,-22.0,-98.0,-112.0
76.0,-417.0,-16.0,124.0,-11.0,-168.0
72.0,-402.0,-2.0,248.0,76.0,-211.0
62.0,-392.0,5.0,353.0,148.0,-249.0
50.0,-383.0,13.0,444.0,210.0,-272.0
33.0,-369.0,29.0,515.0,239.0,-290.0
25.0,-354.0,35.0,579.0,232.0,-296.0
2.0,-336.0,23.0,628.0,180.0,-302.0
-10.0,-324.0,18.0,652.0,96.0,-308.0
-22.0,-313.0,1.0,638.0,-21.0,-315.0
-36.0,-301.0,-25.0,582.0,-166.0,-318.0
-32.0,-292.0,-59.0,485.0,-314.0,-312.0
-20.0,-288.0,-91.0,354.0,-449.0,-303.0
-10.0,-286.0,-122.0,192.0,-549.0,-295.0
9.0,-290.0,-154.0,26.0,-611.0,-287.0
40.0,-288.0,-195.0,-128.0,-613.0,-279.0
62.0,-285.0,-219.0,-266.0,-555.0,-282.0
79.0,-274.0,-226.0,-378.0,-428.0,-296.0
88.0,-274.0,-227.0,-436.0,-253.0,-331.0
88.0,-289.0,-214.0,-473.0,-73.0,-358.0
83.0,-305.0,-176.0,-477.0,72.0,-378.0
69.0,-315.0,-147.0,-380.0,159.0,-391.0
52.0,-321.0,-130.0,-213.0,184.0,-401.0
32.0,-320.0,-119.0,-16.0,163.0,-396.0
0.0,-304.0,-123.0,180.0,122.0,-374.0
-21.0,-277.0,-132.0,343.0,75.0,-332.0
-31.0,-252.0,-144.0,460.0,46.0,-282.0
-36.0,-233.0,-146.0,518.0,40.0,-237.0
-37.0,-217.0,-152.0,515.0,54.0,-204.0
-32.0,-209.0,-145.0,466.0,75.0,-185.0
-28.0,-217.0,-129.0,379.0,94.0,-169.0
-19.0,-223.0,-113.0,315.0,102.0,-155.0
-17.0,-230.0,-98.0,278.0,107.0,-138.0
-9.0,-236.0,-85.0,256.0,111.0,-122.0
0.0,-245.0,-80.0,242.0,113.0,-111.0
4.0,-256.0,-79.0,212.0,108.0,-106.0
10.0,-266.0,-74.0,155.0,87.0,-102.0
16.0,-275.0,-73.0,95.0,57.0,-103.0
16.0,-286.0,-63.0,45.0,27.0,-104.0
3.0,-294.0,-59.0,21.0,3.0,-89.0
-5.0,-297.0,-54.0,25.0,-16.0,-58.0
-15.0,-304.0,-69.0,37.0,-31.0,-9.0
-19.0,-288.0,-61.0,59.0,-45.0,49.0
-26.0,-276.0,-65.0,67.0,-57.0,105.0
-31.0,-263.0,-76.0,65.0,-75.0,152.0
-23.0,-250.0,-84.0,55.0,-94.0,192.0
-25.0,-230.0,-81.0,46.0,-105.0,223.0
-15.0,-214.0,-81.0,45.0,-104.0,258.0
-13.0,-200.0,-80.0,53.0,-89.0,286.0
-5.0,-183.0,-71.0,63.0,-62.0,305.0
3.0,-170.0,-77.0,79.0,-22.0,324.0
15.0,-156.0,-69.0,81.0,26.0,342.0
18.0,-150.0,-67.0,74.0,78.0,352.0
34.0,-147.0,-62.0,54.0,126.0,360.0
37.0,-143.0,-55.0,38.0,173.0,360.0
38.0,-149.0,-46.0,30.0,209.0,354.0
35.0,-151.0,-48.0,26.0,233.0,344.0
32.0,-159.0,-41.0,26.0,252.0,335.0
25.0,-164.0,-43.0,24.0,274.0,325.0
20.0,-163.0,-45.0,17.0,304.0,326.0
15.0,-162.0,-42.0,9.0,340.0,324.0
8.0,-161.0,-48.0,7.0,374.0,327.0
5.0,-164.0,-45.0,-15.0,406.0,325.0
-1.0,-162.0,-44.0,-52.0,434.0,323.0
-3.0,-160.0,-49.0,-82.0,451.0,319.0
-9.0,-160.0,-44.0,-115.0,464.0,319.0
-16.0,-156.0,-44.0,-138.0,469.0,318.0
-25.0,-158.0,-35.0,-151.0,468.0,322.0
-16.0,-159.0,-35.0,-154.0,468.0,326.0
-19.0,-170.0,-34.0,-159.0,460.0,317.0
-18.0,-176.0,-32.0,-170.0,451.0,306.0
-21.0,-190.0,-26.0,-174.0,450.0,289.0
-18.0,-192.0,-26.0,-163.0,462.0,267.0
-21.0,-193.0,-16.0,-131.0,481.0,247.0
-17.0,-186.0,-24.0,-80.0,495.0,227.0
-13.0,-193.0,-21.0,-39.0,506.0,212.0
-12.0,-190.0,-18.0,-20.0,517.0,195.0
-12.0,-182.0,-16.0,-15.0,531.0,179.0
-7.0,-178.0,-9.0,-17.0,545.0,162.0
-7.0,-175.0,-7.0,-26.0,558.0,145.0
3.0,-179.0,-5.0,-32.0,568.0,127.0
2.0,-172.0,0.0,-36.0,579.0,105.0
9.0,-177.0,-2.0,-39.0,594.0,78.0
15.0,-190.0,4.0,-41.0,616.0,51.0
15.0,-200.0,14.0,-45.0,639.0,14.0
17.0,-208.0,18.0,-33.0,662.0,-24.0
12.0,-220.0,22.0,0.0,671.0,-67.0
6.0,-231.0,32.0,60.0,663.0,-109.0
-1.0,-244.0,28.0,143.0,637.0,-139.0
-12.0,-248.0,31.0,232.0,582.0,-169.0
-27.0,-244.0,26.0,303.0,505.0,-184.0
-35.0,-249.0,16.0,368.0,431.0,-185.0
-51.0,-242.0,3.0,410.0,370.0,-182.0
-53.0,-241.0,1.0,417.0,323.0,-157.0
-52.0,-243.0,-7.0,400.0,295.0,-125.0
-45.0,-242.0,-4.0,373.0,296.0,-88.0
-32.0,-244.0,-8.0,354.0,323.0,-48.0
-18.0,-248.0,-17.0,337.0,371.0,-24.0
2.0,-249.0,-35.0,320.0,435.0,-7.0
16.0,-248.0,-46.0,298.0,515.0,-4.0
29.0,-255.0,-66.0,241.0,618.0,-8.0
36.0,-265.0,-74.0,135.0,728.0,-19.0
30.0,-285.0,-79.0,-6.0,807.0,-34.0
18.0,-310.0,-66.0,-137.0,819.0,-46.0
4.0,-324.0,-60.0,-210.0,720.0,-46.0
-21.0,-332.0,-45.0,-224.0,556.0,-20.0
-38.0,-349.0,-40.0,-199.0,358.0,38.0
-61.0,-355.0,-33.0,-158.0,170.0,123.0
-60.0,-361.0,-22.0,-117.0,28.0,219.0
-53.0,-359.0,-13.0,-71.0,-65.0,313.0
-44.0,-350.0,-4.0,-30.0,-123.0,381.0
-30.0,-347.0,4.0,5.0,-157.0,425.0
-34.0,-329.0,1.0,25.0,-170.0,446.0
-3.0,-325.0,12.0,29.0,-150.0,458.0
14.0,-319.0,16.0,28.0,-87.0,451.0
36.0,-333.0,15.0,36.0,35.0,437.0
63.0,-345.0,21.0,59.0,193.0,417.0
86.0,-346.0,-4.0,128.0,339.0,407.0
85.0,-345.0,-44.0,180.0,477.0,394.0
71.0,-343.0,-82.0,183.0,605.0,384.0
58.0,-344.0,-115.0,146.0,717.0,375.0
26.0,-336.0,-140.0,98.0,798.0,371.0
2.0,-333.0,-152.0,64.0,829.0,381.0
-10.0,-327.0,-155.0,69.0,806.0,401.0
-20.0,-305.0,-163.0,115.0,740.0,435.0
-25.0,-284.0,-168.0,193.0,646.0,474.0
-15.0,-265.0,-171.0,277.0,544.0,517.0
-13.0,-253.0,-162.0,339.0,463.0,562.0
-3.0,-233.0,-150.0,406.0,416.0,601.0
9.0,-231.0,-145.0,484.0,405.0,616.0
6.0,-239.0,-151.0,546.0,418.0,617.0
6.0,-244.0,-152.0,553.0,435.0,625.0
12.0,-254.0,-165.0,517.0,428.0,635.0
17.0,-265.0,-167.0,447.0,392.0,639.0
18.0,-280.0,-166.0,378.0,348.0,639.0
23.0,-297.0,-157.0,350.0,320.0,634.0
23.0,-308.0,-147.0,368.0,313.0,622.0
29.0,-305.0,-136.0,433.0,318.0,610.0
31.0,-290.0,-128.0,521.0,323.0,584.0
25.0,-274.0,-120.0,582.0,327.0,550.0
13.0,-263.0,-119.0,592.0,334.0,504.0
0.0,-252.0,-117.0,551.0,345.0,451.0
-7.0,-246.0,-110.0,481.0,364.0,394.0
-17.0,-238.0,-96.0,394.0,385.0,329.0
-29.0,-240.0,-94.0,310.0,401.0,260.0
-39.0,-249.0,-78.0,229.0,424.0,196.0
-42.0,-257.0,-71.0,173.0,455.0,133.0
-32.0,-264.0,-69.0,142.0,490.0,80.0
-31.0,-271.0,-59.0,131.0,520.0,25.0
-21.0,-273.0,-61.0,127.0,540.0,-28.0
-10.0,-273.0,-65.0,127.0,548.0,-68.0
0.0,-271.0,-66.0,131.0,541.0,-99.0
5.0,-263.0,-69.0,123.0,533.0,-124.0
16.0,-256.0,-74.0,114.0,526.0,-142.0
28.0,-246.0,-76.0,97.0,518.0,-154.0
32.0,-244.0,-72.0,79.0,511.0,-162.0
33.0,-238.0,-68.0,67.0,502.0,-168.0
41.0,-236.0,-60.0,63.0,495.0,-171.0
42.0,-219.0,-62.0,76.0,484.0,-178.0
37.0,-207.0,-60.0,91.0,478.0,-183.0
33.0,-197.0,-55.0,99.0,474.0,-173.0
35.0,-193.0,-49.0,98.0,464.0,-159.0
28.0,-186.0,-51.0,90.0,462.0,-141.0
26.0,-179.0,-35.0,77.0,466.0,-122.0
24.0,-173.0,-38.0,80.0,471.0,-105.0
19.0,-165.0,-39.0,66.0,477.0,-87.0
16.0,-161.0,-37.0,39.0,486.0,-71.0
15.0,-160.0,-36.0,11.0,492.0,-64.0
16.0,-165.0,-34.0,-25.0,498.0,-54.0
20.0,-167.0,-29.0,-63.0,506.0,-36.0
18.0,-169.0,-34.0,-89.0,521.0,-13.0
18.0,-172.0,-36.0,-104.0,538.0,10.0
20.0,-170.0,-23.0,-119.0,552.0,33.0
16.0,-170.0,-29.0,-103.0,562.0,49.0
19.0,-170.0,-30.0,-87.0,575.0,66.0
16.0,-169.0,-29.0,-84.0,586.0,82.0
17.0,-170.0,-27.0,-100.0,595.0,93.0
20.0,-170.0,-30.0,-113.0,607.0,99.0
18.0,-168.0,-22.0,-130.0,623.0,101.0
18.0,-169.0,-20.0,-134.0,644.0,101.0
14.0,-163.0,-16.0,-133.0,665.0,98.0
10.0,-162.0,-13.0,-142.0,685.0,102.0
7.0,-160.0,-6.0,-139.0,696.0,112.0
5.0,-166.0,-10.0,-139.0,701.0,124.0
5.0,-171.0,-9.0,-147.0,704.0,149.0
4.0,-176.0,-10.0,-163.0,703.0,180.0
7.0,-181.0,-2.0,-184.0,696.0,212.0
8.0,-184.0,-2.0,-169.0,685.0,230.0
8.0,-190.0,-1.0,-126.0,669.0,249.0
12.0,-194.0,1.0,-79.0,645.0,267.0
12.0,-193.0,3.0,-29.0,617.0,274.0
18.0,-188.0,4.0,20.0,587.0,276.0
19.0,-186.0,3.0,63.0,552.0,270.0
19.0,-189.0,0.0,94.0,512.0,262.0
17.0,-184.0,-2.0,114.0,468.0,249.0
12.0,-180.0,0.0,127.0,424.0,233.0
9.0,-189.0,-5.0,124.0,388.0,215.0
5.0,-191.0,-13.0,106.0,359.0,200.0
6.0,-199.0,-14.0,86.0,332.0,188.0
4.0,-203.0,-16.0,66.0,302.0,171.0
3.0,-212.0,-18.0,51.0,267.0,153.0
-3.0,-222.0,-23.0,40.0,226.0,145.0
-10.0,-234.0,-27.0,39.0,173.0,145.0
-4.0,-250.0,-25.0,49.0,108.0,147.0
-24.0,-261.0,-24.0,67.0,23.0,150.0
-48.0,-285.0,-24.0,88.0,-89.0,153.0
-61.0,-304.0,-24.0,103.0,-214.0,179.0
-65.0,-324.0,-27.0,118.0,-323.0,219.0
-54.0,-338.0,-34.0,139.0,-379.0,273.0
-34.0,-352.0,-37.0,166.0,-371.0,320.0
-1.0,-383.0,-47.0,180.0,-319.0,329.0
23.0,-401.0,-47.0,174.0,-250.0,284.0
32.0,-415.0,-38.0,172.0,-182.0,200.0
53.0,-422.0,-37.0,201.0,-117.0,109.0
62.0,-427.0,-21.0,270.0,-58.0,11.0
70.0,-419.0,-11.0,374.0,6.0,-70.0
68.0,-411.0,-2.0,495.0,67.0,-139.0
64.0,-398.0,2.0,610.0,121.0,-185.0
62.0,-386.0,8.0,707.0,155.0,-211.0
63.0,-365.0,3.0,784.0,179.0,-224.0
66.0,-339.0,-4.0,828.0,211.0,-218.0
51.0,-318.0,-8.0,831.0,231.0,-204.0
57.0,-303.0,-15.0,799.0,222.0,-180.0
46.0,-295.0,-21.0,732.0,171.0,-153.0
44.0,-284.0,-43.0,619.0,90.0,-115.0
44.0,-271.0,-64.0,464.0,-7.0,-62.0
50.0,-260.0,-83.0,289.0,-104.0,-4.0
56.0,-256.0,-102.0,120.0,-195.0,54.0
64.0,-254.0,-121.0,-29.0,-289.0,107.0
74.0,-238.0,-137.0,-128.0,-383.0,135.0
82.0,-225.0,-162.0,-182.0,-455.0,151.0
97.0,-223.0,-188.0,-232.0,-481.0,155.0
101.0,-232.0,-191.0,-299.0,-436.0,147.0
110.0,-258.0,-178.0,-348.0,-315.0,132.0
120.0,-296.0,-168.0,-352.0,-132.0,106.0
115.0,-331.0,-143.0,-326.0,76.0,60.0
86.0,-359.0,-130.0,-259.0,270.0,-1.0
65.0,-375.0,-122.0,-153.0,417.0,-68.0
30.0,-380.0,-109.0,-32.0,504.0,-124.0
-1.0,-374.0,-103.0,97.0,539.0,-169.0
-35.0,-366.0,-100.0,217.0,547.0,-198.0
-54.0,-351.0,-100.0,309.0,551.0,-210.0
-58.0,-340.0,-103.0,380.0,574.0,-200.0
-54.0,-329.0,-106.0,436.0,622.0,-174.0
-44.0,-317.0,-110.0,480.0,690.0,-143.0
-27.0,-303.0,-110.0,511.0,763.0,-107.0
-10.0,-288.0,-107.0,516.0,827.0,-67.0
6.0,-281.0,-104.0,497.0,872.0,-23.0
29.0,-274.0,-102.0,454.0,909.0,27.0
48.0,-268.0,-96.0,383.0,938.0,80.0
66.0,-268.0,-86.0,305.0,964.0,140.0
85.0,-267.0,-78.0,227.0,990.0,211.0
101.0,-262.0,-73.0,175.0,1015.0,278.0
104.0,-252.0,-75.0,143.0,1029.0,337.0
102.0,-236.0,-81.0,104.0,1040.0,397.0
97.0,-218.0,-84.0,55.0,1049.0,457.0
94.0,-205.0,-87.0,-12.0,1063.0,509.0
85.0,-196.0,-85.0,-94.0,1091.0,560.0
70.0,-182.0,-80.0,-177.0,1139.0,605.0
56.0,-168.0,-77.0,-250.0,1202.0,644.0
46.0,-161.0,-75.0,-317.0,1280.0,675.0
38.0,-156.0,-75.0,-377.0,1368.0,701.0
19.0,-143.0,-73.0,-423.0,1468.0,718.0
8.0,-138.0,-73.0,-458.0,1578.0,730.0
-9.0,-133.0,-76.0,-495.0,1686.0,735.0
-19.0,-126.0,-81.0,-535.0,1791.0,742.0
-25.0,-126.0,-73.0,-571.0,1891.0,738.0
-42.0,-124.0,-80.0,-601.0,2004.0,736.0
-42.0,-127.0,-74.0,-619.0,2072.0,728.0
-56.0,-129.0,-63.0,-607.0,2110.0,711.0
-58.0,-137.0,-58.0,-554.0,2123.0,701.0
-59.0,-143.0,-53.0,-490.0,2108.0,689.0
-55.0,-152.0,-53.0,-430.0,2064.0,676.0
-58.0,-158.0,-48.0,-367.0,2000.0,662.0
-55.0,-165.0,-58.0,-323.0,1933.0,650.0
-56.0,-165.0,-56.0,-298.0,1875.0,641.0
-57.0,-173.0,-59.0,-284.0,1830.0,638.0
-57.0,-171.0,-54.0,-257.0,1791.0,632.0
-63.0,-183.0,-61.0,-195.0,1750.0,627.0
-57.0,-182.0,-67.0,-148.0,1712.0,621.0
-55.0,-177.0,-70.0,-125.0,1669.0,615.0
-56.0,-176.0,-69.0,-129.0,1619.0,600.0
-60.0,-167.0,-77.0,-139.0,1552.0,586.0
-60.0,-171.0,-75.0,-144.0,1476.0,569.0
-62.0,-170.0,-73.0,-146.0,1401.0,548.0
-58.0,-166.0,-66.0,-143.0,1333.0,533.0
-65.0,-165.0,-65.0,-143.0,1274.0,509.0
-67.0,-169.0,-54.0,-144.0,1212.0,481.0
-62.0,-169.0,-52.0,-138.0,1144.0,443.0
-56.0,-167.0,-49.0,-124.0,1073.0,395.0
-61.0,-178.0,-40.0,-108.0,1006.0,338.0
-63.0,-184.0,-29.0,-100.0,943.0,280.0
-60.0,-185.0,-24.0,-79.0,888.0,223.0
-58.0,-188.0,-26.0,-55.0,844.0,176.0
-55.0,-194.0,-23.0,-48.0,798.0,138.0
-46.0,-199.0,-17.0,-53.0,757.0,109.0
-37.0,-204.0,-14.0,-47.0,726.0,89.0
-22.0,-207.0,-8.0,-23.0,708.0,71.0
-7.0,-221.0,-1.0,-2.0,707.0,53.0
0.0,-225.0,0.0,22.0,718.0,35.0
12.0,-232.0,1.0,51.0,731.0,21.0
21.0,-237.0,5.0,78.0,743.0,1.0
26.0,-243.0,4.0,97.0,756.0,-18.0
23.0,-250.0,-10.0,131.0,741.0,-48.0
15.0,-250.0,-17.0,177.0,704.0,-79.0
1.0,-242.0,-32.0,190.0,644.0,-92.0
-4.0,-249.0,-48.0,175.0,566.0,-101.0
-11.0,-252.0,-57.0,158.0,488.0,-113.0
-19.0,-260.0,-65.0,155.0,441.0,-134.0
-26.0,-261.0,-66.0,154.0,430.0,-155.0
-22.0,-275.0,-65.0,145.0,462.0,-158.0
-6.0,-291.0,-64.0,130.0,535.0,-148.0
8.0,-311.0,-63.0,118.0,644.0,-139.0
33.0,-326.0,-64.0,111.0,771.0,-131.0
44.0,-330.0,-67.0,99.0,890.0,-131.0
50.0,-346.0,-72.0,78.0,973.0,-143.0
44.0,-353.0,-72.0,48.0,1008.0,-157.0
36.0,-368.0,-78.0,21.0,988.0,-166.0
21.0,-371.0,-70.0,12.0,926.0,-159.0
1.0,-380.0,-62.0,30.0,829.0,-129.0
-23.0,-382.0,-53.0,75.0,719.0,-77.0
-38.0,-380.0,-55.0,123.0,602.0,-4.0
-46.0,-377.0,-28.0,162.0,504.0,68.0
-41.0,-367.0,-33.0,194.0,440.0,134.0
-22.0,-363.0,-16.0,217.0,419.0,193.0
3.0,-354.0,-2.0,241.0,452.0,224.0
26.0,-342.0,12.0,269.0,514.0,242.0
55.0,-335.0,24.0,307.0,589.0,246.0
66.0,-332.0,31.0,359.0,677.0,240.0
94.0,-322.0,35.0,434.0,797.0,220.0
107.0,-311.0,27.0,519.0,939.0,196.0
110.0,-301.0,-2.0,581.0,1078.0,192.0
108.0,-290.0,-41.0,577.0,1208.0,204.0
98.0,-279.0,-69.0,490.0,1332.0,222.0
78.0,-274.0,-93.0,369.0,1449.0,241.0
57.0,-273.0,-113.0,264.0,1547.0,257.0
43.0,-266.0,-120.0,193.0,1610.0,271.0
34.0,-257.0,-126.0,171.0,1635.0,289.0
9.0,-232.0,-132.0,193.0,1620.0,304.0
1.0,-218.0,-144.0,226.0,1580.0,321.0
-19.0,-206.0,-154.0,237.0,1534.0,330.0
-41.0,-213.0,-172.0,245.0,1507.0,333.0
-49.0,-222.0,-176.0,240.0,1501.0,334.0
-67.0,-238.0,-189.0,230.0,1507.0,340.0
-90.0,-257.0,-191.0,218.0,1503.0,349.0
-111.0,-264.0,-198.0,202.0,1467.0,388.0
-112.0,-282.0,-210.0,170.0,1375.0,475.0
-105.0,-286.0,-215.0,83.0,1216.0,566.0
-75.0,-292.0,-205.0,-17.0,1036.0,663.0
-48.0,-303.0,-176.0,-77.0,889.0,728.0
-23.0,-308.0,-140.0,-61.0,761.0,745.0
7.0,-311.0,-127.0,36.0,683.0,719.0
23.0,-306.0,-122.0,158.0,627.0,657.0
32.0,-289.0,-124.0,274.0,594.0,571.0
32.0,-275.0,-126.0,328.0,575.0,479.0
30.0,-261.0,-129.0,337.0,576.0,395.0
23.0,-257.0,-130.0,311.0,602.0,313.0
10.0,-258.0,-127.0,254.0,655.0,233.0
0.0,-259.0,-116.0,188.0,722.0,153.0
-8.0,-265.0,-102.0,150.0,784.0,76.0
-19.0,-266.0,-88.0,152.0,833.0,-2.0
-20.0,-271.0,-88.0,169.0,876.0,-77.0
-29.0,-266.0,-81.0,183.0,914.0,-143.0
-22.0,-256.0,-83.0,205.0,931.0,-189.0
-19.0,-249.0,-90.0,197.0,941.0,-234.0
-8.0,-239.0,-87.0,159.0,934.0,-268.0
0.0,-228.0,-86.0,123.0,915.0,-292.0
0.0,-210.0,-87.0,106.0,886.0,-296.0
-4.0,-204.0,-88.0,95.0,848.0,-301.0
-4.0,-198.0,-84.0,59.0,795.0,-287.0
-1.0,-194.0,-81.0,25.0,735.0,-261.0
0.0,-184.0,-72.0,5.0,684.0,-221.0
4.0,-181.0,-62.0,13.0,642.0,-187.0
9.0,-171.0,-63.0,18.0,608.0,-154.0
18.0,-165.0,-61.0,10.0,592.0,-131.0
22.0,-170.0,-68.0,-15.0,593.0,-120.0
21.0,-150.0,-54.0,-40.0,605.0,-109.0
21.0,-151.0,-56.0,-57.0,619.0,-105.0
27.0,-151.0,-54.0,-78.0,631.0,-96.0
30.0,-147.0,-51.0,-92.0,637.0,-97.0
33.0,-143.0,-54.0,-100.0,655.0,-94.0
41.0,-142.0,-44.0,-107.0,678.0,-85.0
41.0,-137.0,-49.0,-99.0,693.0,-82.0
41.0,-142.0,-52.0,-99.0,707.0,-70.0
37.0,-143.0,-47.0,-114.0,719.0,-57.0
38.0,-145.0,-49.0,-128.0,729.0,-38.0
38.0,-149.0,-41.0,-130.0,737.0,-21.0
39.0,-151.0,-43.0,-132.0,743.0,-14.0
38.0,-156.0,-43.0,-142.0,753.0,-8.0
30.0,-161.0,-44.0,-158.0,763.0,7.0
29.0,-170.0,-41.0,-174.0,769.0,23.0
24.0,-168.0,-40.0,-183.0,767.0,40.0
19.0,-175.0,-37.0,-181.0,756.0,57.0
15.0,-179.0,-37.0,-175.0,736.0,73.0
9.0,-183.0,-32.0,-163.0,711.0,93.0
6.0,-186.0,-27.0,-141.0,682.0,107.0
8.0,-193.0,-24.0,-111.0,650.0,123.0
6.0,-192.0,-29.0,-81.0,625.0,132.0
8.0,-196.0,-28.0,-58.0,610.0,140.0
9.0,-196.0,-22.0,-33.0,601.0,145.0
6.0,-199.0,-22.0,3.0,591.0,141.0
9.0,-197.0,-21.0,38.0,577.0,134.0
9.0,-199.0,-14.0,72.0,563.0,121.0
10.0,-201.0,-15.0,98.0,544.0,111.0
14.0,-198.0,-15.0,120.0,521.0,102.0
13.0,-201.0,-10.0,136.0,487.0,97.0
12.0,-197.0,-9.0,147.0,445.0,93.0
7.0,-205.0,-7.0,155.0,390.0,90.0
4.0,-204.0,-19.0,163.0,331.0,90.0
4.0,-212.0,-10.0,184.0,272.0,93.0
5.0,-219.0,-10.0,209.0,220.0,97.0
2.0,-226.0,-5.0,228.0,172.0,100.0
5.0,-232.0,-8.0,242.0,133.0,100.0
12.0,-237.0,-10.0,256.0,102.0,98.0
11.0,-240.0,-13.0,276.0,87.0,95.0
9.0,-241.0,-21.0,291.0,77.0,92.0
5.0,-246.0,-34.0,287.0,70.0,95.0
4.0,-250.0,-43.0,265.0,69.0,100.0
-1.0,-259.0,-54.0,235.0,61.0,100.0
-11.0,-272.0,-59.0,198.0,12.0,91.0
-23.0,-295.0,-65.0,159.0,-87.0,85.0
-23.0,-315.0,-64.0,124.0,-207.0,94.0
-9.0,-333.0,-79.0,87.0,-295.0,120.0
18.0,-347.0,-84.0,43.0,-298.0,151.0
65.0,-370.0,-89.0,-10.0,-190.0,162.0
103.0,-399.0,-80.0,-71.0,-10.0,118.0
122.0,-416.0,-65.0,-112.0,183.0,30.0
146.0,-438.0,-43.0,-105.0,355.0,-77.0
138.0,-441.0,-23.0,-39.0,483.0,-188.0
133.0,-450.0,1.0,78.0,569.0,-297.0
110.0,-447.0,25.0,235.0,609.0,-373.0
80.0,-428.0,29.0,412.0,616.0,-426.0
51.0,-410.0,37.0,564.0,595.0,-447.0
35.0,-388.0,47.0,678.0,545.0,-445.0
27.0,-361.0,50.0,762.0,491.0,-424.0
-2.0,-341.0,46.0,809.0,428.0,-392.0
-14.0,-318.0,24.0,810.0,363.0,-361.0
-30.0,-289.0,-8.0,736.0,284.0,-331.0
-35.0,-274.0,-39.0,600.0,170.0,-298.0
-34.0,-253.0,-79.0,394.0,8.0,-267.0
-26.0,-240.0,-118.0,139.0,-178.0,-232.0
-24.0,-230.0,-135.0,-143.0,-350.0,-179.0
-13.0,-233.0,-144.0,-379.0,-487.0,-112.0
2.0,-233.0,-142.0,-517.0,-567.0,-44.0
17.0,-236.0,-156.0,-540.0,-583.0,14.0
34.0,-247.0,-177.0,-532.0,-547.0,52.0
58.0,-256.0,-197.0,-537.0,-471.0,66.0
76.0,-266.0,-215.0,-570.0,-363.0,48.0
92.0,-295.0,-228.0,-618.0,-237.0,7.0
103.0,-322.0,-213.0,-630.0,-118.0,-53.0
96.0,-347.0,-184.0,-541.0,-29.0,-145.0
70.0,-353.0,-163.0,-347.0,27.0,-245.0
50.0,-370.0,-140.0,-82.0,58.0,-342.0
11.0,-358.0,-125.0,207.0,78.0,-427.0
-13.0,-328.0,-122.0,494.0,99.0,-500.0
-42.0,-301.0,-125.0,746.0,138.0,-554.0
-60.0,-271.0,-133.0,927.0,200.0,-574.0
-68.0,-250.0,-143.0,1021.0,279.0,-560.0
-68.0,-220.0,-152.0,1014.0,368.0,-507.0
-64.0,-205.0,-156.0,912.0,454.0,-426.0
-58.0,-197.0,-141.0,744.0,525.0,-329.0
-49.0,-198.0,-134.0,553.0,567.0,-230.0
-27.0,-203.0,-123.0,371.0,571.0,-135.0
-6.0,-210.0,-102.0,215.0,539.0,-56.0
16.0,-218.0,-94.0,83.0,473.0,8.0
36.0,-229.0,-78.0,-25.0,391.0,61.0
48.0,-237.0,-66.0,-102.0,303.0,102.0
56.0,-249.0,-61.0,-144.0,225.0,140.0
52.0,-251.0,-63.0,-161.0,156.0,167.0
43.0,-249.0,-60.0,-169.0,93.0,196.0
28.0,-245.0,-71.0,-176.0,41.0,230.0
24.0,-242.0,-73.0,-194.0,4.0,271.0
18.0,-234.0,-81.0,-222.0,-5.0,312.0
12.0,-229.0,-86.0,-250.0,18.0,352.0
10.0,-229.0,-85.0,-267.0,63.0,388.0
9.0,-224.0,-78.0,-267.0,124.0,412.0
4.0,-218.0,-79.0,-239.0,191.0,428.0
4.0,-214.0,-71.0,-190.0,265.0,441.0
5.0,-204.0,-76.0,-131.0,340.0,444.0
6.0,-198.0,-73.0,-73.0,408.0,445.0
0.0,-186.0,-73.0,-28.0,472.0,445.0
10.0,-182.0,-68.0,9.0,531.0,442.0
4.0,-173.0,-65.0,45.0,587.0,423.0
11.0,-172.0,-62.0,69.0,640.0,404.0
8.0,-163.0,-59.0,92.0,690.0,370.0
7.0,-159.0,-59.0,108.0,736.0,343.0
3.0,-157.0,-58.0,116.0,775.0,323.0
-1.0,-156.0,-53.0,108.0,814.0,305.0
-5.0,-156.0,-58.0,92.0,840.0,289.0
-4.0,-151.0,-50.0,65.0,848.0,277.0
-9.0,-152.0,-49.0,33.0,847.0,265.0
-11.0,-158.0,-47.0,-7.0,837.0,251.0
-18.0,-158.0,-46.0,-53.0,821.0,240.0
-22.0,-157.0,-44.0,-94.0,797.0,234.0
-25.0,-155.0,-47.0,-121.0,771.0,229.0
-30.0,-162.0,-48.0,-151.0,740.0,231.0
-32.0,-164.0,-47.0,-185.0,705.0,233.0
-38.0,-167.0,-41.0,-219.0,671.0,225.0
-39.0,-177.0,-43.0,-245.0,641.0,209.0
-42.0,-184.0,-38.0,-258.0,611.0,190.0
-38.0,-189.0,-36.0,-250.0,585.0,163.0
-39.0,-192.0,-29.0,-219.0,560.0,133.0
-37.0,-194.0,-27.0,-168.0,535.0,101.0
-33.0,-196.0,-24.0,-107.0,513.0,70.0
-33.0,-195.0,-23.0,-53.0,491.0,37.0
-32.0,-190.0,-17.0,-4.0,469.0,1.0
-29.0,-189.0,-13.0,39.0,452.0,-29.0
-26.0,-186.0,-16.0,72.0,443.0,-53.0
-20.0,-183.0,-15.0,98.0,442.0,-76.0
-13.0,-182.0,-16.0,117.0,453.0,-92.0
-5.0,-179.0,-11.0,126.0,480.0,-102.0
-2.0,-180.0,0.0,134.0,510.0,-109.0
6.0,-178.0,1.0,143.0,542.0,-118.0
12.0,-188.0,1.0,148.0,576.0,-128.0
12.0,-196.0,1.0,148.0,607.0,-149.0
9.0,-205.0,8.0,150.0,627.0,-161.0
9.0,-216.0,7.0,158.0,641.0,-172.0
7.0,-229.0,1.0,177.0,636.0,-175.0
1.0,-235.0,-13.0,188.0,600.0,-170.0
-7.0,-232.0,-23.0,195.0,560.0,-165.0
-13.0,-237.0,-34.0,196.0,524.0,-152.0
-14.0,-234.0,-47.0,176.0,494.0,-139.0
-9.0,-237.0,-60.0,174.0,481.0,-130.0
-15.0,-237.0,-73.0,165.0,495.0,-117.0
-13.0,-245.0,-91.0,120.0,530.0,-90.0
-6.0,-253.0,-100.0,58.0,579.0,-62.0
-4.0,-258.0,-114.0,2.0,629.0,-54.0
-9.0,-265.0,-111.0,-59.0,659.0,-65.0
-16.0,-270.0,-130.0,-124.0,637.0,-91.0
-39.0,-276.0,-130.0,-169.0,558.0,-128.0
-75.0,-292.0,-121.0,-188.0,441.0,-148.0
-104.0,-315.0,-106.0,-187.0,317.0,-140.0
-119.0,-345.0,-82.0,-172.0,212.0,-102.0
-119.0,-367.0,-56.0,-127.0,141.0,-40.0
-109.0,-387.0,-22.0,-64.0,103.0,28.0
-93.0,-403.0,7.0,15.0,66.0,92.0
-67.0,-408.0,18.0,107.0,8.0,142.0
-33.0,-386.0,32.0,201.0,-83.0,175.0
-6.0,-365.0,21.0,290.0,-171.0,184.0
28.0,-340.0,12.0,348.0,-211.0,173.0
56.0,-325.0,9.0,352.0,-191.0,149.0
69.0,-317.0,0.0,325.0,-117.0,114.0
84.0,-317.0,-4.0,277.0,-7.0,96.0
97.0,-318.0,-9.0,219.0,123.0,107.0
105.0,-329.0,-8.0,159.0,270.0,130.0
110.0,-335.0,-17.0,116.0,415.0,164.0
101.0,-334.0,-50.0,91.0,549.0,190.0
85.0,-327.0,-75.0,60.0,650.0,209.0
51.0,-322.0,-101.0,1.0,698.0,219.0
18.0,-301.0,-125.0,-61.0,684.0,234.0
-5.0,-281.0,-136.0,-98.0,618.0,259.0
-32.0,-260.0,-140.0,-117.0,518.0,293.0
-46.0,-249.0,-140.0,-106.0,402.0,338.0
-53.0,-233.0,-136.0,-72.0,282.0,390.0
-50.0,-226.0,-134.0,-27.0,179.0,446.0
-45.0,-233.0,-139.0,11.0,117.0,494.0
-39.0,-243.0,-133.0,46.0,87.0,531.0
-42.0,-254.0,-147.0,101.0,83.0,560.0
-38.0,-257.0,-159.0,164.0,81.0,586.0
-19.0,-270.0,-185.0,183.0,82.0,609.0
-1.0,-277.0,-184.0,151.0,100.0,618.0
26.0,-291.0,-175.0,166.0,144.0,605.0
37.0,-297.0,-164.0,236.0,216.0,565.0
52.0,-302.0,-145.0,350.0,303.0,515.0
61.0,-303.0,-139.0,490.0,379.0,455.0
64.0,-289.0,-132.0,613.0,432.0,393.0
58.0,-283.0,-127.0,700.0,464.0,330.0
54.0,-270.0,-119.0,764.0,483.0,266.0
45.0,-259.0,-122.0,796.0,500.0,210.0
38.0,-250.0,-119.0,788.0,526.0,161.0
23.0,-238.0,-119.0,741.0,563.0,121.0
