-66.0,-608.0,-110.0,-1224.0,-828.0,1690.0
15.0,-664.0,105.0,-1149.0,-223.0,1861.0
89.0,-643.0,186.0,-946.0,105.0,1863.0
138.0,-584.0,148.0,-666.0,293.0,1842.0
204.0,-551.0,54.0,-352.0,396.0,1914.0
301.0,-565.0,-66.0,2.0,241.0,2020.0
428.0,-601.0,-188.0,368.0,-199.0,2070.0
535.0,-595.0,-235.0,671.0,-600.0,1973.0
489.0,-557.0,-213.0,837.0,-659.0,1636.0
326.0,-480.0,-130.0,831.0,-350.0,1179.0
203.0,-420.0,-63.0,698.0,93.0,831.0
129.0,-402.0,-63.0,479.0,476.0,572.0
83.0,-406.0,-103.0,174.0,817.0,296.0
26.0,-423.0,-145.0,-196.0,1190.0,-49.0
-8.0,-437.0,-127.0,-559.0,1508.0,-376.0
-39.0,-427.0,-105.0,-779.0,1671.0,-651.0
-72.0,-411.0,-97.0,-837.0,1708.0,-826.0
-72.0,-394.0,-71.0,-764.0,1716.0,-881.0
-79.0,-387.0,-43.0,-592.0,1721.0,-900.0
-105.0,-385.0,-24.0,-364.0,1685.0,-897.0
-134.0,-399.0,-19.0,-137.0,1590.0,-860.0
-135.0,-424.0,-21.0,51.0,1444.0,-800.0
-143.0,-441.0,-20.0,179.0,1288.0,-759.0
-179.0,-472.0,-27.0,221.0,1152.0,-740.0
-209.0,-496.0,-17.0,133.0,1026.0,-743.0
-229.0,-483.0,16.0,-40.0,865.0,-799.0
-229.0,-458.0,24.0,-206.0,681.0,-857.0
-199.0,-423.0,20.0,-319.0,530.0,-893.0
-172.0,-395.0,1.0,-384.0,454.0,-929.0
-143.0,-364.0,-11.0,-433.0,462.0,-951.0
-114.0,-337.0,-17.0,-460.0,526.0,-958.0
-84.0,-307.0,-18.0,-472.0,612.0,-968.0
-51.0,-277.0,-4.0,-489.0,676.0,-974.0
-1.0,-254.0,4.0,-534.0,703.0,-976.0
47.0,-232.0,28.0,-607.0,702.0,-994.0
97.0,-216.0,49.0,-698.0,691.0,-1021.0
129.0,-201.0,66.0,-792.0,684.0,-1066.0
161.0,-199.0,80.0,-869.0,671.0,-1110.0
182.0,-187.0,83.0,-901.0,642.0,-1181.0
196.0,-170.0,81.0,-877.0,600.0,-1280.0
205.0,-148.0,65.0,-783.0,568.0,-1410.0
193.0,-125.0,44.0,-635.0,571.0,-1554.0
177.0,-103.0,33.0,-459.0,629.0,-1693.0
143.0,-85.0,26.0,-261.0,716.0,-1855.0
95.0,-72.0,14.0,-94.0,801.0,-2023.0
45.0,-70.0,10.0,-2.0,863.0,-2146.0
6.0,-66.0,-11.0,17.0,904.0,-2235.0
-35.0,-55.0,-41.0,-49.0,955.0,-2258.0
-63.0,-44.0,-61.0,-148.0,1051.0,-2181.0
-80.0,-12.0,-78.0,-230.0,1172.0,-2013.0
-93.0,-10.0,-95.0,-280.0,1285.0,-1772.0
-93.0,-14.0,-103.0,-330.0,1355.0,-1439.0
-77.0,-31.0,-104.0,-363.0,1364.0,-1035.0
-59.0,-53.0,-86.0,-390.0,1311.0,-628.0
-43.0,-62.0,-62.0,-379.0,1213.0,-254.0
-30.0,-70.0,-47.0,-287.0,1100.0,70.0
-18.0,-79.0,-19.0,-169.0,981.0,337.0
-15.0,-75.0,-9.0,23.0,838.0,551.0
11.0,-74.0,1.0,227.0,663.0,739.0
34.0,-81.0,6.0,417.0,473.0,885.0
55.0,-70.0,7.0,592.0,304.0,980.0
65.0,-62.0,17.0,757.0,184.0,1033.0
73.0,-59.0,23.0,905.0,128.0,1059.0
76.0,-50.0,20.0,1023.0,95.0,1066.0
75.0,-42.0,7.0,1111.0,96.0,1059.0
79.0,-57.0,-47.0,1183.0,146.0,1051.0
125.0,-99.0,-156.0,1187.0,286.0,1091.0
166.0,-125.0,-271.0,1064.0,578.0,1136.0
212.0,-128.0,-349.0,788.0,972.0,1196.0
244.0,-135.0,-412.0,410.0,1283.0,1189.0
293.0,-193.0,-449.0,17.0,1487.0,1046.0
336.0,-339.0,-433.0,-320.0,1660.0,745.0
308.0,-531.0,-272.0,-554.0,1805.0,282.0
193.0,-655.0,-40.0,-714.0,1732.0,-345.0
104.0,-661.0,147.0,-868.0,1223.0,-962.0
85.0,-655.0,177.0,-922.0,549.0,-1352.0
61.0,-651.0,74.0,-881.0,209.0,-1561.0
-23.0,-649.0,-107.0,-783.0,330.0,-1712.0
-137.0,-639.0,-255.0,-700.0,630.0,-1788.0
-244.0,-635.0,-352.0,-491.0,831.0,-1848.0
-342.0,-602.0,-362.0,-171.0,893.0,-1874.0
-363.0,-523.0,-287.0,147.0,866.0,-1719.0
-304.0,-453.0,-181.0,384.0,703.0,-1309.0
-221.0,-387.0,-120.0,527.0,388.0,-876.0
-144.0,-328.0,-107.0,515.0,-18.0,-574.0
-78.0,-296.0,-125.0,379.0,-424.0,-338.0
-31.0,-292.0,-149.0,116.0,-735.0,-99.0
2.0,-303.0,-139.0,-252.0,-936.0,154.0
36.0,-322.0,-124.0,-628.0,-1093.0,380.0
82.0,-343.0,-101.0,-936.0,-1265.0,552.0
126.0,-371.0,-111.0,-1141.0,-1397.0,637.0
152.0,-390.0,-107.0,-1269.0,-1425.0,662.0
164.0,-420.0,-111.0,-1302.0,-1363.0,665.0
163.0,-448.0,-104.0,-1208.0,-1255.0,669.0
161.0,-496.0,-113.0,-1012.0,-1164.0,678.0
189.0,-548.0,-94.0,-844.0,-1132.0,738.0
212.0,-578.0,-58.0,-669.0,-1093.0,733.0
198.0,-586.0,-42.0,-446.0,-1024.0,666.0
164.0,-592.0,-42.0,-277.0,-967.0,619.0
127.0,-589.0,-16.0,-216.0,-930.0,626.0
111.0,-566.0,9.0,-165.0,-908.0,637.0
71.0,-529.0,16.0,-98.0,-918.0,637.0
50.0,-471.0,18.0,-3.0,-941.0,660.0
26.0,-410.0,7.0,100.0,-968.0,672.0
-4.0,-347.0,-6.0,162.0,-994.0,675.0
-36.0,-285.0,-18.0,141.0,-1019.0,671.0
-81.0,-244.0,-23.0,21.0,-1061.0,675.0
-113.0,-215.0,-21.0,-151.0,-1140.0,692.0
-132.0,-192.0,-13.0,-331.0,-1259.0,708.0
-136.0,-172.0,3.0,-482.0,-1402.0,726.0
-141.0,-145.0,11.0,-572.0,-1552.0,737.0
-141.0,-127.0,18.0,-602.0,-1678.0,764.0
-140.0,-109.0,39.0,-595.0,-1776.0,809.0
-130.0,-78.0,49.0,-543.0,-1876.0,863.0
-116.0,-55.0,57.0,-455.0,-1980.0,920.0
-94.0,-34.0,52.0,-337.0,-2073.0,977.0
-66.0,-18.0,35.0,-224.0,-2138.0,1049.0
-26.0,0.0,30.0,-149.0,-2174.0,1129.0
-6.0,12.0,15.0,-99.0,-2177.0,1200.0
10.0,22.0,-5.0,-62.0,-2150.0,1247.0
22.0,23.0,-22.0,-62.0,-2114.0,1255.0
28.0,29.0,-42.0,-97.0,-2092.0,1197.0
49.0,16.0,-64.0,-165.0,-2087.0,1090.0
57.0,-15.0,-69.0,-247.0,-2061.0,922.0
77.0,-60.0,-79.0,-322.0,-1990.0,664.0
88.0,-97.0,-69.0,-369.0,-1875.0,309.0
81.0,-115.0,-52.0,-336.0,-1710.0,-69.0
69.0,-114.0,-37.0,-191.0,-1482.0,-380.0
54.0,-105.0,-23.0,56.0,-1210.0,-600.0
42.0,-90.0,-25.0,348.0,-931.0,-752.0
24.0,-80.0,-31.0,621.0,-673.0,-857.0
10.0,-69.0,-48.0,819.0,-462.0,-927.0
-11.0,-57.0,-53.0,930.0,-308.0,-968.0
-32.0,-45.0,-57.0,1004.0,-199.0,-977.0
-35.0,-31.0,-59.0,1084.0,-119.0,-965.0
-46.0,-26.0,-60.0,1181.0,-56.0,-936.0
-54.0,-15.0,-59.0,1289.0,-13.0,-897.0
-56.0,-1.0,-50.0,1400.0,5.0,-844.0
-54.0,10.0,-50.0,1505.0,-3.0,-776.0
-39.0,18.0,-44.0,1591.0,-17.0,-685.0
-9.0,26.0,-29.0,1648.0,-37.0,-591.0
11.0,24.0,-26.0,1655.0,-61.0,-511.0
25.0,22.0,-11.0,1597.0,-73.0,-441.0
39.0,14.0,-5.0,1465.0,-71.0,-365.0
42.0,-29.0,-19.0,1257.0,-76.0,-283.0
10.0,-134.0,-68.0,984.0,-148.0,-176.0
-77.0,-222.0,-55.0,655.0,-368.0,-92.0
-205.0,-241.0,-138.0,300.0,-853.0,-85.0
-271.0,-233.0,-300.0,-111.0,-1510.0,101.0
-321.0,-285.0,-439.0,-722.0,-1992.0,552.0
-301.0,-434.0,-534.0,-1388.0,-2018.0,1278.0
-156.0,-611.0,-494.0,-1805.0,-1243.0,2077.0
-22.0,-744.0,-252.0,-2032.0,-105.0,2571.0
33.0,-756.0,-152.0,-2085.0,705.0,2581.0
23.0,-684.0,-56.0,-2059.0,1226.0,2317.0
46.0,-651.0,-17.0,-1764.0,1435.0,2140.0
140.0,-688.0,-45.0,-1118.0,1158.0,2094.0
317.0,-760.0,-127.0,-381.0,515.0,2073.0
450.0,-797.0,-175.0,232.0,-104.0,1965.0
459.0,-740.0,-180.0,700.0,-365.0,1674.0
342.0,-602.0,-147.0,1020.0,-293.0,1278.0
201.0,-504.0,-157.0,1290.0,-14.0,939.0
126.0,-499.0,-173.0,1372.0,392.0,656.0
112.0,-517.0,-198.0,1136.0,832.0,255.0
67.0,-496.0,-184.0,621.0,1239.0,-241.0
-6.0,-452.0,-163.0,29.0,1603.0,-594.0
-80.0,-425.0,-115.0,-458.0,1931.0,-776.0
-122.0,-408.0,-65.0,-715.0,2176.0,-832.0
-147.0,-398.0,-28.0,-712.0,2266.0,-826.0
-160.0,-382.0,-4.0,-486.0,2222.0,-777.0
-144.0,-374.0,14.0,-116.0,2073.0,-733.0
-127.0,-386.0,8.0,276.0,1836.0,-711.0
-124.0,-400.0,-8.0,574.0,1562.0,-733.0
-142.0,-426.0,-35.0,712.0,1313.0,-783.0
-148.0,-433.0,-42.0,653.0,1114.0,-852.0
-144.0,-431.0,-40.0,466.0,941.0,-954.0
-132.0,-395.0,-26.0,234.0,799.0,-1053.0
-107.0,-348.0,-20.0,21.0,695.0,-1122.0
-92.0,-281.0,-26.0,-141.0,658.0,-1157.0
-83.0,-234.0,-29.0,-255.0,711.0,-1168.0
-60.0,-191.0,-24.0,-340.0,825.0,-1153.0
-40.0,-156.0,-17.0,-429.0,945.0,-1139.0
-10.0,-128.0,-16.0,-525.0,1041.0,-1115.0
13.0,-109.0,-7.0,-603.0,1101.0,-1125.0
40.0,-103.0,1.0,-710.0,1119.0,-1150.0
67.0,-109.0,10.0,-851.0,1084.0,-1167.0
82.0,-115.0,16.0,-999.0,1003.0,-1198.0
92.0,-120.0,21.0,-1156.0,883.0,-1214.0
93.0,-120.0,27.0,-1295.0,777.0,-1245.0
93.0,-118.0,28.0,-1373.0,634.0,-1299.0
82.0,-99.0,24.0,-1365.0,502.0,-1376.0
67.0,-90.0,17.0,-1266.0,399.0,-1418.0
46.0,-85.0,4.0,-1113.0,328.0,-1424.0
16.0,-77.0,-12.0,-941.0,286.0,-1436.0
-27.0,-64.0,-35.0,-759.0,248.0,-1440.0
-74.0,-52.0,-58.0,-594.0,231.0,-1428.0
-99.0,-42.0,-76.0,-468.0,245.0,-1352.0
-106.0,-29.0,-68.0,-408.0,252.0,-1202.0
-112.0,-38.0,-71.0,-369.0,249.0,-1001.0
-107.0,-52.0,-59.0,-330.0,249.0,-793.0
-84.0,-78.0,-44.0,-276.0,257.0,-537.0
-48.0,-114.0,-27.0,-199.0,266.0,-261.0
-7.0,-144.0,1.0,-81.0,272.0,-9.0
25.0,-151.0,17.0,117.0,281.0,177.0
51.0,-149.0,13.0,413.0,285.0,294.0
63.0,-132.0,12.0,725.0,282.0,389.0
89.0,-114.0,-14.0,1029.0,276.0,475.0
116.0,-90.0,-31.0,1286.0,261.0,550.0
150.0,-64.0,-49.0,1469.0,259.0,603.0
157.0,-30.0,-70.0,1579.0,279.0,624.0
163.0,1.0,-87.0,1619.0,319.0,638.0
166.0,30.0,-101.0,1585.0,371.0,639.0
149.0,57.0,-104.0,1490.0,438.0,636.0
136.0,64.0,-112.0,1346.0,522.0,656.0
131.0,39.0,-146.0,1177.0,626.0,710.0
158.0,-17.0,-210.0,991.0,794.0,812.0
192.0,-70.0,-281.0,772.0,1100.0,951.0
205.0,-80.0,-356.0,490.0,1458.0,1018.0
190.0,-83.0,-441.0,120.0,1732.0,996.0
184.0,-127.0,-452.0,-285.0,1892.0,879.0
210.0,-252.0,-358.0,-486.0,2009.0,672.0
238.0,-429.0,-172.0,-343.0,1987.0,404.0
247.0,-591.0,53.0,-76.0,1686.0,-26.0
155.0,-678.0,275.0,110.0,1170.0,-647.0
29.0,-695.0,354.0,228.0,775.0,-1181.0
-55.0,-695.0,257.0,331.0,825.0,-1392.0
-126.0,-687.0,30.0,305.0,1123.0,-1420.0
-259.0,-659.0,-208.0,141.0,1076.0,-1518.0
-394.0,-613.0,-414.0,-44.0,773.0,-1750.0
-423.0,-557.0,-450.0,-168.0,721.0,-1850.0
-348.0,-526.0,-340.0,-257.0,859.0,-1570.0
-225.0,-492.0,-213.0,-297.0,821.0,-1164.0
-135.0,-436.0,-124.0,-304.0,488.0,-896.0
-75.0,-407.0,-95.0,-265.0,29.0,-643.0
-15.0,-399.0,-95.0,-185.0,-334.0,-341.0
25.0,-394.0,-84.0,-138.0,-529.0,-41.0
48.0,-388.0,-59.0,-157.0,-621.0,207.0
68.0,-384.0,-45.0,-238.0,-724.0,364.0
92.0,-384.0,-39.0,-322.0,-850.0,434.0
116.0,-381.0,-61.0,-372.0,-932.0,454.0
146.0,-390.0,-90.0,-432.0,-925.0,478.0
160.0,-412.0,-112.0,-501.0,-859.0,491.0
166.0,-445.0,-114.0,-548.0,-763.0,497.0
172.0,-495.0,-82.0,-548.0,-656.0,519.0
178.0,-526.0,-55.0,-493.0,-563.0,541.0
166.0,-564.0,-24.0,-479.0,-495.0,578.0
142.0,-586.0,16.0,-517.0,-424.0,626.0
102.0,-581.0,37.0,-509.0,-390.0,660.0
47.0,-568.0,46.0,-425.0,-420.0,708.0
0.0,-540.0,32.0,-279.0,-515.0,758.0
-23.0,-511.0,29.0,-116.0,-669.0,800.0
-53.0,-475.0,26.0,33.0,-833.0,839.0
-70.0,-429.0,8.0,157.0,-962.0,862.0
-91.0,-376.0,5.0,208.0,-1029.0,854.0
-122.0,-326.0,3.0,217.0,-1061.0,837.0
-143.0,-271.0,-7.0,173.0,-1089.0,809.0
-156.0,-219.0,-3.0,71.0,-1142.0,779.0
-154.0,-175.0,2.0,-56.0,-1219.0,762.0
-149.0,-128.0,8.0,-162.0,-1307.0,766.0
-133.0,-99.0,6.0,-229.0,-1374.0,802.0
-119.0,-76.0,6.0,-260.0,-1423.0,865.0
-101.0,-66.0,7.0,-266.0,-1469.0,941.0
-80.0,-55.0,13.0,-267.0,-1523.0,1014.0
-54.0,-37.0,16.0,-234.0,-1595.0,1074.0
-15.0,-18.0,18.0,-177.0,-1656.0,1143.0
13.0,3.0,10.0,-121.0,-1702.0,1213.0
35.0,15.0,1.0,-100.0,-1706.0,1251.0
42.0,28.0,-4.0,-102.0,-1672.0,1249.0
46.0,39.0,-5.0,-114.0,-1616.0,1201.0
53.0,43.0,-15.0,-145.0,-1569.0,1110.0
72.0,29.0,-29.0,-203.0,-1542.0,963.0
90.0,10.0,-47.0,-281.0,-1513.0,732.0
100.0,-31.0,-74.0,-355.0,-1455.0,423.0
113.0,-81.0,-80.0,-430.0,-1353.0,67.0
102.0,-116.0,-76.0,-423.0,-1191.0,-316.0
89.0,-132.0,-64.0,-291.0,-964.0,-634.0
81.0,-137.0,-54.0,-32.0,-710.0,-873.0
64.0,-131.0,-54.0,290.0,-463.0,-1055.0
44.0,-115.0,-59.0,594.0,-236.0,-1183.0
24.0,-95.0,-64.0,836.0,-36.0,-1273.0
5.0,-75.0,-75.0,1005.0,132.0,-1329.0
-14.0,-61.0,-74.0,1100.0,263.0,-1342.0
-35.0,-56.0,-89.0,1161.0,359.0,-1331.0
-46.0,-55.0,-79.0,1195.0,416.0,-1291.0
-52.0,-43.0,-77.0,1255.0,440.0,-1235.0
-55.0,-27.0,-74.0,1356.0,440.0,-1169.0
-60.0,-6.0,-74.0,1469.0,411.0,-1085.0
-50.0,7.0,-76.0,1563.0,353.0,-975.0
-34.0,21.0,-82.0,1607.0,280.0,-858.0
-11.0,35.0,-87.0,1587.0,206.0,-740.0
1.0,37.0,-85.0,1488.0,139.0,-630.0
7.0,25.0,-82.0,1312.0,73.0,-528.0
-1.0,-32.0,-112.0,1061.0,-20.0,-417.0
-52.0,-111.0,-154.0,725.0,-197.0,-300.0
-140.0,-180.0,-177.0,319.0,-480.0,-201.0
-236.0,-229.0,-249.0,-103.0,-835.0,-38.0
-300.0,-259.0,-359.0,-565.0,-1196.0,278.0
-328.0,-335.0,-446.0,-1137.0,-1428.0,822.0
-264.0,-475.0,-451.0,-1716.0,-1238.0,1599.0
-131.0,-613.0,-302.0,-2131.0,-644.0,2318.0
-6.0,-702.0,-69.0,-2295.0,-50.0,2635.0
73.0,-688.0,9.0,-2300.0,228.0,2583.0
118.0,-662.0,18.0,-2171.0,275.0,2462.0
163.0,-659.0,-28.0,-1760.0,178.0,2425.0
235.0,-705.0,-117.0,-1053.0,-148.0,2501.0
349.0,-773.0,-201.0,-250.0,-661.0,2539.0
411.0,-775.0,-212.0,483.0,-1086.0,2264.0
360.0,-665.0,-169.0,1019.0,-1147.0,1682.0
235.0,-522.0,-126.0,1241.0,-866.0,1154.0
131.0,-477.0,-121.0,1221.0,-399.0,748.0
46.0,-464.0,-163.0,1073.0,84.0,329.0
-7.0,-453.0,-178.0,849.0,513.0,-122.0
-51.0,-422.0,-146.0,421.0,846.0,-519.0
-90.0,-383.0,-99.0,-73.0,1050.0,-799.0
-117.0,-347.0,-52.0,-506.0,1137.0,-933.0
-132.0,-326.0,-18.0,-761.0,1158.0,-933.0
-127.0,-318.0,12.0,-822.0,1154.0,-861.0
-127.0,-324.0,29.0,-678.0,1131.0,-774.0
-113.0,-349.0,37.0,-424.0,1077.0,-712.0
-93.0,-387.0,36.0,-146.0,974.0,-690.0
-99.0,-437.0,16.0,79.0,827.0,-711.0
-121.0,-468.0,4.0,194.0,679.0,-780.0
-119.0,-478.0,2.0,186.0,541.0,-885.0
-87.0,-461.0,7.0,91.0,404.0,-999.0
-60.0,-430.0,1.0,-57.0,274.0,-1115.0
-56.0,-386.0,0.0,-224.0,193.0,-1190.0
-40.0,-332.0,-32.0,-377.0,184.0,-1243.0
-33.0,-292.0,-35.0,-492.0,233.0,-1281.0
-11.0,-257.0,-47.0,-556.0,327.0,-1303.0
13.0,-234.0,-39.0,-594.0,457.0,-1329.0
32.0,-216.0,-20.0,-616.0,591.0,-1361.0
50.0,-210.0,9.0,-635.0,697.0,-1391.0
85.0,-207.0,38.0,-637.0,759.0,-1409.0
102.0,-204.0,56.0,-621.0,769.0,-1428.0
126.0,-202.0,65.0,-601.0,736.0,-1427.0
137.0,-192.0,59.0,-593.0,677.0,-1441.0
128.0,-184.0,43.0,-597.0,596.0,-1468.0
121.0,-165.0,31.0,-620.0,504.0,-1485.0
88.0,-149.0,7.0,-645.0,415.0,-1497.0
54.0,-137.0,-6.0,-674.0,367.0,-1488.0
20.0,-128.0,-9.0,-669.0,344.0,-1465.0
-15.0,-113.0,-10.0,-628.0,345.0,-1442.0
-55.0,-99.0,-22.0,-553.0,373.0,-1410.0
-83.0,-65.0,-29.0,-477.0,448.0,-1375.0
-107.0,-35.0,-44.0,-387.0,539.0,-1300.0
-116.0,-13.0,-41.0,-321.0,640.0,-1185.0
-117.0,-6.0,-44.0,-267.0,718.0,-1024.0
-113.0,-3.0,-51.0,-231.0,753.0,-824.0
-95.0,-21.0,-43.0,-222.0,750.0,-601.0
-65.0,-29.0,-19.0,-202.0,712.0,-356.0
-26.0,-54.0,-23.0,-74.0,641.0,-104.0
8.0,-74.0,-11.0,90.0,568.0,130.0
43.0,-89.0,-11.0,265.0,517.0,313.0
62.0,-89.0,-13.0,437.0,484.0,454.0
74.0,-81.0,-15.0,613.0,447.0,571.0
98.0,-73.0,-29.0,776.0,403.0,680.0
121.0,-66.0,-34.0,914.0,354.0,764.0
135.0,-49.0,-32.0,1030.0,308.0,813.0
135.0,-30.0,-47.0,1123.0,268.0,845.0
132.0,-10.0,-53.0,1192.0,243.0,858.0
120.0,6.0,-58.0,1243.0,246.0,867.0
99.0,24.0,-62.0,1267.0,282.0,880.0
82.0,37.0,-67.0,1258.0,350.0,893.0
57.0,49.0,-64.0,1230.0,439.0,890.0
40.0,50.0,-53.0,1188.0,539.0,872.0
22.0,28.0,-62.0,1113.0,642.0,847.0
30.0,-44.0,-127.0,981.0,756.0,848.0
78.0,-120.0,-191.0,763.0,1006.0,882.0
140.0,-170.0,-270.0,436.0,1460.0,945.0
177.0,-181.0,-368.0,8.0,1968.0,973.0
238.0,-202.0,-463.0,-464.0,2426.0,801.0
302.0,-293.0,-475.0,-931.0,2744.0,255.0
264.0,-500.0,-295.0,-1295.0,2632.0,-508.0
187.0,-668.0,-76.0,-1406.0,2014.0,-1217.0
148.0,-748.0,137.0,-1438.0,1148.0,-1750.0
96.0,-798.0,258.0,-1461.0,427.0,-2119.0
21.0,-814.0,235.0,-1387.0,237.0,-2185.0
-62.0,-762.0,2.0,-988.0,543.0,-2122.0
-203.0,-714.0,-282.0,-459.0,781.0,-2104.0
-314.0,-660.0,-442.0,9.0,865.0,-2110.0
-300.0,-572.0,-431.0,431.0,963.0,-1964.0
-239.0,-479.0,-310.0,755.0,1041.0,-1611.0
-193.0,-375.0,-185.0,970.0,983.0,-1286.0
-175.0,-309.0,-120.0,995.0,695.0,-997.0
-134.0,-292.0,-99.0,787.0,234.0,-636.0
-59.0,-316.0,-87.0,414.0,-251.0,-226.0
15.0,-352.0,-66.0,-28.0,-629.0,105.0
48.0,-367.0,-39.0,-444.0,-880.0,323.0
61.0,-384.0,-32.0,-772.0,-1086.0,444.0
86.0,-411.0,-27.0,-992.0,-1288.0,509.0
125.0,-444.0,-45.0,-1100.0,-1453.0,560.0
167.0,-485.0,-63.0,-1093.0,-1501.0,618.0
188.0,-514.0,-61.0,-987.0,-1389.0,640.0
198.0,-559.0,-69.0,-747.0,-1157.0,622.0
175.0,-579.0,-65.0,-441.0,-894.0,573.0
146.0,-584.0,-54.0,-137.0,-701.0,517.0
102.0,-575.0,-47.0,80.0,-617.0,500.0
63.0,-536.0,-29.0,187.0,-594.0,538.0
36.0,-498.0,-15.0,202.0,-607.0,615.0
48.0,-461.0,-6.0,178.0,-661.0,726.0
36.0,-420.0,-13.0,141.0,-750.0,803.0
24.0,-386.0,-19.0,74.0,-853.0,845.0
10.0,-352.0,-22.0,-49.0,-974.0,871.0
-3.0,-321.0,-20.0,-233.0,-1114.0,874.0
-22.0,-286.0,-23.0,-446.0,-1241.0,853.0
-42.0,-264.0,-19.0,-652.0,-1328.0,837.0
-51.0,-242.0,-9.0,-835.0,-1384.0,815.0
-62.0,-217.0,9.0,-979.0,-1427.0,785.0
-79.0,-192.0,20.0,-1053.0,-1467.0,752.0
-83.0,-184.0,52.0,-1046.0,-1492.0,744.0
-89.0,-177.0,68.0,-955.0,-1510.0,748.0
-96.0,-176.0,73.0,-804.0,-1518.0,768.0
-96.0,-177.0,69.0,-634.0,-1522.0,798.0
-93.0,-180.0,69.0,-460.0,-1528.0,830.0
-89.0,-177.0,65.0,-270.0,-1539.0,850.0
-82.0,-162.0,62.0,-61.0,-1545.0,872.0
-71.0,-143.0,53.0,166.0,-1551.0,908.0
-51.0,-119.0,38.0,390.0,-1560.0,960.0
-43.0,-93.0,14.0,540.0,-1576.0,1001.0
-23.0,-66.0,-26.0,624.0,-1611.0,1019.0
-5.0,-27.0,-45.0,634.0,-1647.0,1006.0
14.0,2.0,-70.0,599.0,-1675.0,976.0
23.0,33.0,-92.0,519.0,-1681.0,921.0
47.0,52.0,-113.0,389.0,-1667.0,815.0
70.0,57.0,-129.0,202.0,-1629.0,639.0
77.0,63.0,-122.0,-18.0,-1547.0,383.0
63.0,56.0,-127.0,-231.0,-1429.0,63.0
44.0,37.0,-119.0,-418.0,-1298.0,-254.0
31.0,3.0,-110.0,-541.0,-1154.0,-539.0
30.0,-30.0,-100.0,-565.0,-996.0,-774.0
33.0,-55.0,-78.0,-473.0,-823.0,-958.0
21.0,-68.0,-83.0,-272.0,-643.0,-1103.0
21.0,-84.0,-61.0,-11.0,-468.0,-1210.0
5.0,-83.0,-55.0,269.0,-312.0,-1295.0
-14.0,-74.0,-52.0,541.0,-180.0,-1339.0
-34.0,-61.0,-48.0,785.0,-74.0,-1349.0
-50.0,-53.0,-38.0,988.0,-1.0,-1327.0
-56.0,-32.0,-40.0,1154.0,32.0,-1284.0
-63.0,-17.0,-32.0,1269.0,24.0,-1211.0
-54.0,-5.0,-24.0,1351.0,2.0,-1101.0
-44.0,0.0,-23.0,1415.0,-29.0,-970.0
-33.0,-9.0,-38.0,1447.0,-84.0,-829.0
-38.0,-59.0,-88.0,1420.0,-197.0,-679.0
-82.0,-117.0,-154.0,1306.0,-435.0,-551.0
-160.0,-136.0,-229.0,1060.0,-819.0,-476.0
-193.0,-131.0,-295.0,663.0,-1318.0,-357.0
-173.0,-141.0,-356.0,161.0,-1840.0,-55.0
-150.0,-240.0,-392.0,-417.0,-2285.0,522.0
-108.0,-386.0,-363.0,-882.0,-2385.0,1225.0
-42.0,-516.0,-233.0,-1090.0,-1966.0,1800.0
3.0,-581.0,-77.0,-1281.0,-1237.0,2071.0
19.0,-576.0,90.0,-1348.0,-492.0,2050.0
25.0,-542.0,136.0,-1205.0,-12.0,1958.0
54.0,-523.0,82.0,-936.0,101.0,1918.0
88.0,-526.0,-36.0,-589.0,-85.0,1904.0
121.0,-562.0,-175.0,-184.0,-491.0,1922.0
216.0,-614.0,-291.0,181.0,-902.0,1981.0
320.0,-654.0,-323.0,387.0,-1082.0,1932.0
324.0,-631.0,-264.0,393.0,-1016.0,1602.0
249.0,-572.0,-157.0,230.0,-697.0,1147.0
136.0,-512.0,-83.0,33.0,-342.0,753.0
70.0,-484.0,-45.0,-107.0,-54.0,441.0
38.0,-496.0,-79.0,-189.0,167.0,116.0
27.0,-510.0,-116.0,-394.0,374.0,-236.0
7.0,-512.0,-125.0,-733.0,581.0,-489.0
-18.0,-512.0,-93.0,-1063.0,754.0,-725.0
-53.0,-496.0,-70.0,-1191.0,874.0,-873.0
-58.0,-486.0,-37.0,-1085.0,930.0,-931.0
-50.0,-478.0,-15.0,-805.0,935.0,-919.0
-33.0,-478.0,-13.0,-421.0,912.0,-861.0
-33.0,-487.0,-20.0,-52.0,875.0,-798.0
-36.0,-499.0,-24.0,226.0,827.0,-746.0
-40.0,-512.0,-24.0,407.0,753.0,-719.0
-49.0,-501.0,-16.0,463.0,650.0,-740.0
-38.0,-467.0,-2.0,424.0,534.0,-806.0
-60.0,-430.0,5.0,346.0,423.0,-905.0
-65.0,-386.0,0.0,265.0,342.0,-971.0
-74.0,-341.0,-14.0,167.0,279.0,-1017.0
-77.0,-305.0,-27.0,51.0,238.0,-1028.0
-73.0,-269.0,-41.0,-77.0,225.0,-1005.0
-69.0,-247.0,-39.0,-201.0,254.0,-977.0
-55.0,-225.0,-38.0,-330.0,314.0,-944.0
-42.0,-212.0,-25.0,-462.0,383.0,-901.0
-29.0,-198.0,2.0,-585.0,455.0,-858.0
-15.0,-191.0,19.0,-685.0,515.0,-830.0
-3.0,-190.0,42.0,-774.0,543.0,-806.0
24.0,-191.0,64.0,-858.0,532.0,-782.0
47.0,-189.0,81.0,-910.0,481.0,-772.0
67.0,-182.0,80.0,-909.0,415.0,-784.0
88.0,-172.0,82.0,-876.0,352.0,-809.0
102.0,-158.0,79.0,-814.0,307.0,-845.0
102.0,-139.0,72.0,-695.0,279.0,-899.0
88.0,-119.0,55.0,-526.0,280.0,-964.0
76.0,-92.0,26.0,-347.0,301.0,-1027.0
48.0,-64.0,-9.0,-211.0,347.0,-1080.0
27.0,-30.0,-25.0,-165.0,427.0,-1085.0
-6.0,0.0,-44.0,-126.0,526.0,-1074.0
-34.0,20.0,-62.0,-114.0,628.0,-1032.0
-58.0,26.0,-97.0,-141.0,718.0,-927.0
-53.0,33.0,-98.0,-241.0,810.0,-747.0
-52.0,11.0,-104.0,-351.0,890.0,-488.0
-31.0,-24.0,-88.0,-449.0,941.0,-161.0
-1.0,-72.0,-66.0,-495.0,948.0,184.0
29.0,-111.0,-52.0,-450.0,900.0,492.0
52.0,-132.0,-45.0,-320.0,805.0,729.0
87.0,-142.0,-34.0,-138.0,702.0,919.0
112.0,-136.0,-22.0,119.0,636.0,1048.0
138.0,-133.0,-14.0,419.0,604.0,1131.0
147.0,-118.0,-11.0,742.0,587.0,1166.0
155.0,-97.0,-11.0,1055.0,571.0,1155.0
156.0,-66.0,-14.0,1333.0,549.0,1113.0
149.0,-28.0,-12.0,1535.0,540.0,1059.0
136.0,12.0,-13.0,1681.0,561.0,1007.0
111.0,46.0,-31.0,1761.0,611.0,961.0
94.0,65.0,-42.0,1769.0,695.0,938.0
72.0,59.0,-97.0,1706.0,820.0,932.0
80.0,10.0,-189.0,1547.0,1027.0,945.0
114.0,-24.0,-290.0,1267.0,1380.0,991.0
138.0,-50.0,-365.0,861.0,1813.0,1021.0
142.0,-70.0,-400.0,380.0,2177.0,961.0
125.0,-134.0,-375.0,-99.0,2400.0,836.0
138.0,-275.0,-292.0,-403.0,2466.0,643.0
135.0,-448.0,-158.0,-505.0,2330.0,283.0
68.0,-563.0,24.0,-606.0,1940.0,-266.0
18.0,-599.0,165.0,-811.0,1321.0,-869.0
32.0,-613.0,207.0,-1039.0,690.0,-1331.0
40.0,-606.0,88.0,-1140.0,418.0,-1614.0
22.0,-613.0,-118.0,-1246.0,526.0,-1721.0
-51.0,-642.0,-322.0,-1410.0,720.0,-1761.0
-132.0,-641.0,-457.0,-1456.0,902.0,-1859.0
-182.0,-625.0,-449.0,-1258.0,1102.0,-1913.0
-164.0,-578.0,-351.0,-929.0,1255.0,-1737.0
-129.0,-517.0,-221.0,-564.0,1237.0,-1435.0
-77.0,-454.0,-128.0,-208.0,1001.0,-1145.0
-15.0,-418.0,-106.0,107.0,660.0,-863.0
23.0,-403.0,-119.0,290.0,355.0,-567.0
55.0,-391.0,-118.0,282.0,159.0,-249.0
76.0,-399.0,-99.0,87.0,8.0,46.0
102.0,-404.0,-68.0,-230.0,-159.0,284.0
127.0,-413.0,-49.0,-548.0,-312.0,450.0
158.0,-424.0,-52.0,-747.0,-407.0,549.0
186.0,-439.0,-64.0,-792.0,-417.0,608.0
194.0,-456.0,-83.0,-744.0,-358.0,663.0
197.0,-476.0,-81.0,-650.0,-250.0,702.0
179.0,-501.0,-66.0,-513.0,-135.0,727.0
169.0,-535.0,-39.0,-362.0,-9.0,774.0
116.0,-548.0,-18.0,-242.0,93.0,778.0
47.0,-549.0,12.0,-137.0,128.0,808.0
-5.0,-546.0,22.0,-33.0,90.0,890.0
-46.0,-522.0,20.0,70.0,-7.0,987.0
-71.0,-488.0,8.0,161.0,-138.0,1091.0
-80.0,-449.0,-10.0,217.0,-268.0,1189.0
-94.0,-406.0,-34.0,229.0,-370.0,1267.0
-101.0,-367.0,-48.0,164.0,-441.0,1322.0
-119.0,-326.0,-56.0,36.0,-494.0,1362.0
-120.0,-288.0,-65.0,-133.0,-534.0,1392.0
-118.0,-251.0,-56.0,-311.0,-565.0,1409.0
-113.0,-211.0,-39.0,-475.0,-588.0,1420.0
-103.0,-174.0,-20.0,-568.0,-598.0,1426.0
-81.0,-135.0,-14.0,-594.0,-611.0,1445.0
-63.0,-114.0,-11.0,-577.0,-643.0,1462.0
-39.0,-100.0,-23.0,-579.0,-697.0,1479.0
-19.0,-90.0,-25.0,-640.0,-770.0,1479.0
5.0,-88.0,-22.0,-723.0,-845.0,1448.0
31.0,-72.0,-5.0,-785.0,-924.0,1389.0
56.0,-54.0,4.0,-783.0,-977.0,1311.0
77.0,-40.0,6.0,-740.0,-988.0,1216.0
91.0,-30.0,-8.0,-700.0,-950.0,1097.0
102.0,-33.0,-12.0,-678.0,-883.0,967.0
109.0,-48.0,-10.0,-660.0,-804.0,790.0
99.0,-52.0,-23.0,-589.0,-705.0,552.0
101.0,-64.0,-25.0,-477.0,-605.0,302.0
92.0,-89.0,-29.0,-333.0,-517.0,32.0
64.0,-101.0,-21.0,-158.0,-428.0,-252.0
32.0,-94.0,-5.0,71.0,-330.0,-485.0
-2.0,-80.0,-1.0,372.0,-234.0,-677.0
-20.0,-61.0,-11.0,694.0,-168.0,-828.0
-43.0,-37.0,-23.0,977.0,-144.0,-929.0
-50.0,-11.0,-46.0,1191.0,-129.0,-988.0
-71.0,13.0,-67.0,1283.0,-97.0,-1012.0
-90.0,22.0,-88.0,1258.0,-41.0,-1013.0
-104.0,20.0,-90.0,1133.0,16.0,-1001.0
-112.0,15.0,-78.0,997.0,55.0,-973.0
-119.0,11.0,-73.0,926.0,70.0,-944.0
-105.0,3.0,-68.0,933.0,65.0,-905.0
-88.0,5.0,-64.0,1012.0,42.0,-856.0
-79.0,14.0,-67.0,1130.0,7.0,-802.0
-64.0,26.0,-66.0,1243.0,-34.0,-738.0
-56.0,26.0,-66.0,1321.0,-84.0,-673.0
-45.0,37.0,-52.0,1337.0,-132.0,-624.0
-42.0,37.0,-50.0,1290.0,-175.0,-590.0
-46.0,3.0,-91.0,1189.0,-219.0,-549.0
-63.0,-65.0,-147.0,1043.0,-324.0,-505.0
-120.0,-115.0,-178.0,818.0,-538.0,-490.0
-175.0,-135.0,-225.0,493.0,-920.0,-409.0
-151.0,-157.0,-285.0,86.0,-1392.0,-148.0
-140.0,-221.0,-308.0,-382.0,-1861.0,275.0
-94.0,-343.0,-305.0,-685.0,-1978.0,873.0
16.0,-492.0,-194.0,-921.0,-1445.0,1494.0
93.0,-611.0,-19.0,-1158.0,-571.0,1901.0
117.0,-674.0,122.0,-1434.0,163.0,2032.0
