135.0,10.0,-66.0,-1313.0,924.0,-895.0
143.0,63.0,-57.0,-1552.0,796.0,-863.0
127.0,99.0,-58.0,-1665.0,628.0,-854.0
88.0,107.0,-73.0,-1655.0,459.0,-860.0
10.0,76.0,-99.0,-1597.0,318.0,-820.0
-53.0,12.0,-116.0,-1558.0,209.0,-679.0
-93.0,-57.0,-112.0,-1567.0,93.0,-457.0
-89.0,-125.0,-99.0,-1600.0,-24.0,-169.0
-58.0,-171.0,-59.0,-1574.0,-93.0,163.0
-26.0,-205.0,-33.0,-1379.0,-62.0,466.0
3.0,-235.0,-28.0,-1016.0,52.0,750.0
14.0,-254.0,-32.0,-536.0,209.0,958.0
20.0,-226.0,-26.0,-17.0,337.0,1062.0
38.0,-197.0,-51.0,511.0,401.0,1084.0
48.0,-152.0,-71.0,953.0,405.0,1061.0
60.0,-106.0,-89.0,1283.0,341.0,1027.0
81.0,-60.0,-96.0,1525.0,230.0,996.0
112.0,-10.0,-108.0,1691.0,113.0,968.0
131.0,31.0,-127.0,1767.0,50.0,944.0
140.0,69.0,-138.0,1728.0,51.0,934.0
134.0,97.0,-147.0,1594.0,94.0,932.0
110.0,109.0,-153.0,1394.0,139.0,933.0
94.0,113.0,-140.0,1151.0,165.0,939.0
77.0,108.0,-118.0,916.0,168.0,936.0
54.0,100.0,-94.0,718.0,164.0,931.0
37.0,87.0,-51.0,589.0,160.0,917.0
16.0,66.0,-14.0,531.0,138.0,864.0
-5.0,42.0,22.0,533.0,93.0,792.0
-20.0,-18.0,27.0,567.0,24.0,710.0
17.0,-125.0,-106.0,610.0,-58.0,626.0
148.0,-172.0,-259.0,639.0,65.0,626.0
217.0,-151.0,-395.0,616.0,664.0,654.0
168.0,-100.0,-489.0,600.0,1601.0,567.0
255.0,-186.0,-450.0,365.0,2432.0,279.0
298.0,-398.0,-314.0,-158.0,2595.0,-424.0
89.0,-708.0,-147.0,-521.0,2002.0,-1430.0
47.0,-799.0,25.0,-1039.0,1035.0,-2402.0
109.0,-860.0,138.0,-1947.0,186.0,-2749.0
126.0,-842.0,48.0,-2669.0,-148.0,-2820.0
27.0,-771.0,-174.0,-2767.0,-25.0,-2746.0
-191.0,-729.0,-303.0,-2309.0,336.0,-2553.0
-302.0,-734.0,-340.0,-1588.0,594.0,-2310.0
-251.0,-705.0,-307.0,-993.0,660.0,-2045.0
-215.0,-675.0,-227.0,-577.0,675.0,-1591.0
-188.0,-639.0,-146.0,-278.0,620.0,-1005.0
-120.0,-626.0,-79.0,-76.0,374.0,-337.0
-39.0,-620.0,-30.0,160.0,-51.0,256.0
14.0,-613.0,16.0,497.0,-469.0,674.0
32.0,-571.0,50.0,950.0,-708.0,939.0
-2.0,-509.0,51.0,1477.0,-801.0,1081.0
-60.0,-428.0,13.0,1919.0,-859.0,1211.0
-65.0,-385.0,-41.0,2088.0,-951.0,1449.0
-17.0,-365.0,-78.0,1933.0,-1034.0,1594.0
42.0,-340.0,-59.0,1537.0,-1104.0,1593.0
82.0,-324.0,-31.0,1029.0,-1110.0,1560.0
78.0,-369.0,36.0,449.0,-1026.0,1557.0
19.0,-409.0,103.0,-85.0,-916.0,1483.0
-50.0,-421.0,119.0,-388.0,-901.0,1397.0
-85.0,-401.0,91.0,-449.0,-1002.0,1391.0
-102.0,-363.0,57.0,-332.0,-1135.0,1409.0
-101.0,-317.0,11.0,-133.0,-1263.0,1440.0
-86.0,-274.0,-35.0,16.0,-1380.0,1437.0
-77.0,-217.0,-66.0,22.0,-1498.0,1391.0
-55.0,-145.0,-76.0,-132.0,-1608.0,1318.0
-27.0,-77.0,-103.0,-363.0,-1680.0,1250.0
-10.0,-20.0,-125.0,-649.0,-1680.0,1202.0
12.0,13.0,-120.0,-1019.0,-1592.0,1152.0
22.0,40.0,-94.0,-1417.0,-1492.0,1076.0
22.0,51.0,-58.0,-1756.0,-1456.0,965.0
43.0,37.0,-33.0,-1986.0,-1488.0,845.0
67.0,-16.0,-30.0,-2091.0,-1544.0,711.0
93.0,-92.0,-43.0,-2063.0,-1544.0,526.0
90.0,-175.0,-56.0,-1939.0,-1435.0,282.0
61.0,-242.0,-53.0,-1753.0,-1233.0,25.0
36.0,-267.0,-49.0,-1488.0,-963.0,-219.0
35.0,-275.0,-48.0,-1109.0,-679.0,-417.0
31.0,-262.0,-52.0,-616.0,-405.0,-579.0
39.0,-227.0,-61.0,-57.0,-136.0,-681.0
38.0,-185.0,-60.0,495.0,98.0,-726.0
64.0,-144.0,-74.0,1017.0,266.0,-731.0
69.0,-102.0,-90.0,1450.0,361.0,-757.0
62.0,-57.0,-117.0,1755.0,396.0,-787.0
44.0,-14.0,-134.0,1903.0,376.0,-805.0
11.0,21.0,-138.0,1923.0,296.0,-821.0
-28.0,55.0,-129.0,1850.0,165.0,-833.0
-43.0,79.0,-134.0,1718.0,-7.0,-843.0
-78.0,99.0,-127.0,1542.0,-159.0,-836.0
-102.0,122.0,-109.0,1352.0,-266.0,-829.0
-111.0,142.0,-103.0,1183.0,-323.0,-807.0
-94.0,159.0,-85.0,1045.0,-309.0,-765.0
-78.0,158.0,-78.0,920.0,-232.0,-736.0
-70.0,144.0,-70.0,781.0,-99.0,-726.0
-60.0,84.0,-150.0,613.0,48.0,-715.0
-92.0,7.0,-227.0,367.0,59.0,-726.0
-172.0,-16.0,-257.0,59.0,-141.0,-811.0
-257.0,-4.0,-266.0,-161.0,-466.0,-875.0
-281.0,2.0,-345.0,-248.0,-705.0,-706.0
-340.0,-117.0,-372.0,-319.0,-704.0,-288.0
-384.0,-324.0,-274.0,-292.0,-286.0,369.0
-316.0,-578.0,-11.0,-193.0,468.0,1199.0
-144.0,-701.0,119.0,-283.0,948.0,1791.0
-86.0,-695.0,231.0,-677.0,1101.0,1916.0
-26.0,-643.0,193.0,-948.0,1093.0,2008.0
153.0,-625.0,51.0,-1008.0,847.0,2186.0
354.0,-686.0,-132.0,-982.0,255.0,2193.0
394.0,-794.0,-287.0,-1012.0,-279.0,1936.0
309.0,-822.0,-271.0,-1233.0,-426.0,1544.0
262.0,-777.0,-166.0,-1513.0,-474.0,1290.0
284.0,-732.0,-102.0,-1550.0,-493.0,1124.0
298.0,-713.0,-94.0,-1228.0,-242.0,852.0
257.0,-730.0,-99.0,-766.0,348.0,369.0
158.0,-723.0,-85.0,-393.0,1028.0,-270.0
91.0,-672.0,-48.0,-65.0,1540.0,-768.0
58.0,-615.0,-15.0,359.0,1886.0,-1047.0
40.0,-543.0,3.0,931.0,2158.0,-1219.0
49.0,-479.0,2.0,1541.0,2323.0,-1324.0
56.0,-426.0,-17.0,2003.0,2339.0,-1415.0
-8.0,-380.0,-23.0,2184.0,2281.0,-1547.0
-111.0,-339.0,-13.0,2098.0,2191.0,-1709.0
-213.0,-295.0,4.0,1832.0,2001.0,-1893.0
-262.0,-269.0,16.0,1438.0,1654.0,-1985.0
-251.0,-265.0,0.0,991.0,1259.0,-1950.0
-208.0,-283.0,-26.0,516.0,1007.0,-1859.0
-173.0,-314.0,-54.0,-5.0,950.0,-1731.0
-142.0,-320.0,-43.0,-518.0,1026.0,-1542.0
-112.0,-287.0,-2.0,-899.0,1147.0,-1360.0
-79.0,-237.0,19.0,-1011.0,1264.0,-1232.0
-50.0,-169.0,3.0,-898.0,1395.0,-1132.0
-13.0,-113.0,-27.0,-784.0,1548.0,-1048.0
1.0,-61.0,-45.0,-811.0,1662.0,-1008.0
22.0,-14.0,-48.0,-998.0,1676.0,-932.0
43.0,19.0,-34.0,-1254.0,1580.0,-885.0
57.0,43.0,-16.0,-1450.0,1399.0,-875.0
59.0,54.0,-17.0,-1541.0,1179.0,-884.0
44.0,47.0,-44.0,-1573.0,948.0,-839.0
13.0,18.0,-79.0,-1634.0,706.0,-735.0
-31.0,-28.0,-108.0,-1729.0,480.0,-599.0
-59.0,-84.0,-115.0,-1806.0,278.0,-410.0
-64.0,-157.0,-97.0,-1788.0,107.0,-167.0
-44.0,-221.0,-81.0,-1594.0,-30.0,120.0
-16.0,-261.0,-70.0,-1231.0,-125.0,400.0
14.0,-283.0,-67.0,-762.0,-132.0,666.0
43.0,-269.0,-67.0,-206.0,-34.0,869.0
40.0,-239.0,-94.0,345.0,113.0,953.0
37.0,-201.0,-107.0,749.0,221.0,948.0
40.0,-157.0,-107.0,1036.0,240.0,890.0
63.0,-121.0,-115.0,1276.0,199.0,800.0
86.0,-81.0,-119.0,1494.0,169.0,712.0
113.0,-44.0,-124.0,1678.0,181.0,639.0
124.0,-1.0,-137.0,1800.0,230.0,581.0
118.0,37.0,-148.0,1814.0,287.0,534.0
99.0,70.0,-144.0,1710.0,326.0,510.0
79.0,102.0,-136.0,1543.0,337.0,520.0
60.0,116.0,-113.0,1355.0,331.0,553.0
42.0,134.0,-93.0,1177.0,310.0,589.0
29.0,137.0,-71.0,1026.0,286.0,631.0
18.0,129.0,-53.0,882.0,265.0,664.0
13.0,76.0,-92.0,709.0,271.0,694.0
67.0,2.0,-186.0,494.0,369.0,735.0
162.0,-36.0,-306.0,240.0,724.0,796.0
180.0,-48.0,-377.0,9.0,1304.0,803.0
170.0,-86.0,-401.0,-123.0,1881.0,723.0
223.0,-211.0,-315.0,-302.0,2151.0,478.0
262.0,-396.0,-135.0,-399.0,1894.0,-27.0
246.0,-599.0,63.0,-288.0,1240.0,-668.0
168.0,-689.0,204.0,-326.0,522.0,-1400.0
158.0,-711.0,168.0,-732.0,55.0,-1908.0
101.0,-715.0,-9.0,-1240.0,-22.0,-2124.0
-78.0,-688.0,-200.0,-1601.0,33.0,-2171.0
-322.0,-669.0,-317.0,-1713.0,43.0,-2097.0
-393.0,-697.0,-342.0,-1621.0,58.0,-1907.0
-319.0,-702.0,-263.0,-1505.0,117.0,-1655.0
-238.0,-673.0,-178.0,-1381.0,101.0,-1387.0
-209.0,-637.0,-115.0,-1123.0,-47.0,-1133.0
-172.0,-614.0,-91.0,-759.0,-326.0,-751.0
-106.0,-620.0,-93.0,-381.0,-633.0,-249.0
-59.0,-619.0,-67.0,-85.0,-857.0,205.0
-23.0,-594.0,-26.0,193.0,-994.0,536.0
-2.0,-564.0,8.0,520.0,-1143.0,783.0
4.0,-526.0,16.0,880.0,-1239.0,940.0
-6.0,-493.0,-3.0,1221.0,-1215.0,1054.0
-15.0,-449.0,-31.0,1447.0,-1121.0,1224.0
18.0,-443.0,-54.0,1481.0,-1034.0,1414.0
95.0,-439.0,-47.0,1292.0,-1028.0,1443.0
153.0,-443.0,-2.0,973.0,-1076.0,1371.0
137.0,-438.0,46.0,600.0,-1068.0,1227.0
61.0,-440.0,82.0,258.0,-1024.0,1111.0
4.0,-423.0,78.0,1.0,-1079.0,1056.0
-45.0,-387.0,49.0,-170.0,-1240.0,1019.0
-81.0,-337.0,40.0,-254.0,-1415.0,997.0
-85.0,-303.0,19.0,-233.0,-1602.0,996.0
-95.0,-267.0,4.0,-183.0,-1802.0,981.0
-105.0,-216.0,-3.0,-201.0,-1973.0,946.0
-122.0,-148.0,-11.0,-277.0,-2114.0,902.0
-140.0,-76.0,-40.0,-410.0,-2226.0,869.0
-148.0,3.0,-65.0,-630.0,-2284.0,870.0
-134.0,66.0,-86.0,-931.0,-2275.0,938.0
-102.0,125.0,-90.0,-1262.0,-2207.0,1057.0
-45.0,139.0,-76.0,-1549.0,-2093.0,1215.0
22.0,117.0,-59.0,-1741.0,-1966.0,1359.0
70.0,58.0,-46.0,-1819.0,-1853.0,1400.0
97.0,-39.0,-49.0,-1816.0,-1774.0,1316.0
103.0,-129.0,-80.0,-1772.0,-1757.0,1081.0
105.0,-198.0,-110.0,-1736.0,-1733.0,728.0
98.0,-238.0,-120.0,-1699.0,-1624.0,349.0
108.0,-260.0,-114.0,-1559.0,-1401.0,13.0
110.0,-270.0,-91.0,-1269.0,-1094.0,-271.0
122.0,-267.0,-66.0,-810.0,-765.0,-517.0
123.0,-255.0,-52.0,-231.0,-463.0,-719.0
113.0,-218.0,-45.0,410.0,-204.0,-864.0
113.0,-170.0,-54.0,1036.0,0.0,-953.0
104.0,-118.0,-68.0,1578.0,145.0,-999.0
80.0,-64.0,-98.0,1983.0,222.0,-1024.0
30.0,-4.0,-127.0,2209.0,232.0,-1032.0
-22.0,40.0,-145.0,2255.0,178.0,-1012.0
-76.0,76.0,-148.0,2134.0,56.0,-988.0
-111.0,103.0,-142.0,1892.0,-133.0,-976.0
-103.0,129.0,-135.0,1603.0,-354.0,-956.0
-107.0,146.0,-125.0,1332.0,-508.0,-930.0
-115.0,158.0,-122.0,1085.0,-551.0,-917.0
-104.0,159.0,-102.0,870.0,-501.0,-870.0
-76.0,145.0,-62.0,697.0,-383.0,-817.0
-43.0,125.0,-26.0,551.0,-235.0,-785.0
-12.0,87.0,17.0,438.0,-66.0,-769.0
2.0,21.0,1.0,375.0,105.0,-745.0
-13.0,-90.0,-104.0,374.0,170.0,-738.0
-137.0,-153.0,-151.0,406.0,-20.0,-834.0
-318.0,-131.0,-235.0,372.0,-498.0,-960.0
-430.0,-77.0,-385.0,265.0,-1143.0,-785.0
-529.0,-183.0,-521.0,80.0,-1607.0,-218.0
-522.0,-386.0,-539.0,-107.0,-1392.0,678.0
-312.0,-647.0,-373.0,-586.0,-340.0,1778.0
-207.0,-787.0,-14.0,-1619.0,622.0,2375.0
-200.0,-756.0,-38.0,-2539.0,784.0,2464.0
-48.0,-748.0,-36.0,-3065.0,662.0,2592.0
171.0,-804.0,-119.0,-2932.0,234.0,2676.0
371.0,-966.0,-226.0,-2430.0,-395.0,2499.0
422.0,-1097.0,-199.0,-1954.0,-898.0,2097.0
431.0,-1042.0,-94.0,-1520.0,-1225.0,1688.0
449.0,-931.0,-27.0,-971.0,-1334.0,1478.0
468.0,-908.0,-54.0,-302.0,-1004.0,1113.0
371.0,-869.0,-105.0,186.0,-309.0,326.0
237.0,-789.0,-107.0,390.0,434.0,-432.0
144.0,-705.0,-95.0,593.0,1051.0,-889.0
94.0,-595.0,-81.0,1003.0,1508.0,-1177.0
60.0,-493.0,-53.0,1502.0,1836.0,-1353.0
34.0,-392.0,-26.0,1977.0,2042.0,-1461.0
5.0,-310.0,-17.0,2383.0,2111.0,-1521.0
-25.0,-240.0,-46.0,2622.0,2049.0,-1552.0
-100.0,-199.0,-64.0,2609.0,1916.0,-1583.0
-228.0,-189.0,-70.0,2370.0,1779.0,-1660.0
-339.0,-204.0,-41.0,1983.0,1621.0,-1734.0
-397.0,-195.0,-2.0,1545.0,1350.0,-1806.0
-383.0,-214.0,5.0,1049.0,970.0,-1741.0
-307.0,-246.0,17.0,458.0,639.0,-1582.0
-222.0,-279.0,59.0,-117.0,499.0,-1457.0
-185.0,-281.0,83.0,-486.0,533.0,-1419.0
-135.0,-246.0,86.0,-625.0,608.0,-1353.0
-83.0,-187.0,43.0,-579.0,640.0,-1268.0
-51.0,-102.0,-17.0,-497.0,635.0,-1231.0
-31.0,-13.0,-71.0,-549.0,591.0,-1202.0
-26.0,65.0,-102.0,-789.0,515.0,-1154.0
-17.0,128.0,-114.0,-1188.0,427.0,-1126.0
-10.0,165.0,-120.0,-1658.0,264.0,-1121.0
-11.0,164.0,-125.0,-2087.0,-11.0,-1086.0
-28.0,119.0,-111.0,-2364.0,-350.0,-956.0
-46.0,31.0,-78.0,-2454.0,-615.0,-689.0
-67.0,-70.0,-21.0,-2383.0,-698.0,-368.0
-74.0,-158.0,45.0,-2166.0,-659.0,-58.0
-88.0,-224.0,92.0,-1794.0,-659.0,210.0
-79.0,-275.0,101.0,-1267.0,-777.0,475.0
-40.0,-305.0,70.0,-632.0,-955.0,700.0
5.0,-284.0,23.0,9.0,-1044.0,832.0
47.0,-252.0,-24.0,606.0,-951.0,877.0
62.0,-216.0,-60.0,1062.0,-747.0,878.0
67.0,-171.0,-100.0,1351.0,-551.0,838.0
69.0,-117.0,-143.0,1456.0,-442.0,762.0
92.0,-46.0,-167.0,1424.0,-423.0,692.0
115.0,10.0,-201.0,1337.0,-442.0,636.0
145.0,51.0,-233.0,1165.0,-448.0,609.0
173.0,67.0,-244.0,939.0,-410.0,615.0
198.0,68.0,-241.0,710.0,-330.0,635.0
203.0,62.0,-224.0,493.0,-209.0,636.0
193.0,52.0,-180.0,303.0,-52.0,619.0
187.0,48.0,-139.0,216.0,105.0,582.0
186.0,47.0,-99.0,248.0,256.0,551.0
181.0,36.0,-55.0,377.0,394.0,498.0
168.0,20.0,-14.0,553.0,502.0,403.0
145.0,0.0,30.0,724.0,565.0,296.0
126.0,-36.0,79.0,871.0,563.0,203.0
112.0,-81.0,123.0,970.0,476.0,91.0
116.0,-160.0,25.0,1036.0,317.0,-57.0
177.0,-167.0,-157.0,1013.0,251.0,-170.0
369.0,-114.0,-429.0,705.0,587.0,-150.0
427.0,-28.0,-673.0,292.0,1536.0,-223.0
386.0,-84.0,-746.0,-176.0,2863.0,-460.0
226.0,-361.0,-608.0,-424.0,3465.0,-940.0
-219.0,-698.0,-451.0,-635.0,2776.0,-1888.0
-271.0,-853.0,-331.0,-1842.0,1353.0,-3063.0
-36.0,-961.0,-78.0,-3753.0,301.0,-3510.0
-36.0,-1027.0,170.0,-4953.0,289.0,-3365.0
-172.0,-1031.0,119.0,-4665.0,775.0,-2893.0
-301.0,-1012.0,-26.0,-3417.0,935.0,-2355.0
-274.0,-994.0,-132.0,-2083.0,853.0,-1931.0
-267.0,-966.0,-214.0,-856.0,932.0,-1508.0
-289.0,-899.0,-259.0,188.0,1069.0,-809.0
-212.0,-810.0,-209.0,1076.0,960.0,20.0
-135.0,-672.0,-106.0,1948.0,566.0,552.0
-45.0,-508.0,10.0,2805.0,103.0,834.0
6.0,-353.0,81.0,3641.0,-155.0,1026.0
37.0,-210.0,112.0,4297.0,-220.0,1181.0
41.0,-87.0,91.0,4618.0,-257.0,1330.0
58.0,2.0,-21.0,4446.0,-317.0,1513.0
64.0,50.0,-158.0,3602.0,-393.0,1665.0
53.0,54.0,-169.0,2483.0,-464.0,1748.0
59.0,7.0,-86.0,863.0,-592.0,1830.0
117.0,-109.0,21.0,-503.0,-805.0,1986.0
157.0,-284.0,115.0,-1353.0,-972.0,2127.0
164.0,-429.0,126.0,-1660.0,-930.0,2011.0
92.0,-480.0,108.0,-1644.0,-729.0,1738.0
-9.0,-465.0,101.0,-1545.0,-576.0,1583.0
-66.0,-400.0,105.0,-1329.0,-619.0,1556.0
-59.0,-320.0,72.0,-955.0,-833.0,1581.0
-26.0,-244.0,13.0,-550.0,-996.0,1590.0
-5.0,-178.0,-63.0,-290.0,-994.0,1557.0
-3.0,-126.0,-119.0,-277.0,-913.0,1476.0
-27.0,-78.0,-138.0,-525.0,-861.0,1318.0
-45.0,-53.0,-143.0,-957.0,-851.0,1125.0
-28.0,-45.0,-133.0,-1418.0,-815.0,933.0
4.0,-64.0,-104.0,-1761.0,-709.0,734.0
38.0,-106.0,-59.0,-1897.0,-555.0,516.0
36.0,-167.0,-2.0,-1783.0,-420.0,260.0
8.0,-242.0,47.0,-1415.0,-333.0,-4.0
-28.0,-294.0,73.0,-853.0,-277.0,-231.0
-49.0,-313.0,62.0,-244.0,-261.0,-397.0
-79.0,-278.0,20.0,306.0,-258.0,-501.0
-94.0,-227.0,-14.0,759.0,-217.0,-515.0
-104.0,-170.0,-55.0,1093.0,-163.0,-467.0
-109.0,-106.0,-95.0,1336.0,-156.0,-423.0
-98.0,-48.0,-124.0,1493.0,-213.0,-400.0
-90.0,-1.0,-149.0,1571.0,-316.0,-412.0
-82.0,20.0,-171.0,1569.0,-428.0,-452.0
-80.0,45.0,-179.0,1490.0,-520.0,-516.0
-89.0,62.0,-179.0,1381.0,-564.0,-589.0
-96.0,63.0,-174.0,1248.0,-547.0,-655.0
-105.0,70.0,-145.0,1097.0,-480.0,-714.0
-96.0,80.0,-121.0,963.0,-388.0,-768.0
-82.0,88.0,-94.0,883.0,-276.0,-794.0
-80.0,100.0,-69.0,862.0,-143.0,-808.0
-69.0,113.0,-52.0,870.0,-3.0,-812.0
-45.0,116.0,-43.0,862.0,133.0,-807.0
-17.0,105.0,-32.0,801.0,248.0,-784.0
9.0,46.0,-105.0,688.0,322.0,-737.0
-9.0,-26.0,-192.0,556.0,254.0,-718.0
-133.0,-58.0,-222.0,386.0,-9.0,-763.0
-236.0,-22.0,-238.0,264.0,-460.0,-837.0
-272.0,29.0,-393.0,289.0,-1097.0,-674.0
-364.0,-70.0,-525.0,198.0,-1757.0,-76.0
-360.0,-250.0,-537.0,-15.0,-1953.0,908.0
-162.0,-519.0,-370.0,-589.0,-1321.0,2152.0
-111.0,-655.0,-52.0,-1686.0,-376.0,2821.0
-123.0,-659.0,103.0,-2847.0,170.0,2834.0
-6.0,-725.0,201.0,-3534.0,485.0,2989.0
159.0,-779.0,150.0,-3491.0,516.0,3107.0
254.0,-886.0,-22.0,-2849.0,71.0,2971.0
283.0,-1023.0,-203.0,-1902.0,-458.0,2700.0
304.0,-1111.0,-248.0,-1101.0,-764.0,2475.0
337.0,-1040.0,-173.0,-540.0,-1013.0,2128.0
356.0,-899.0,-126.0,17.0,-1184.0,1641.0
332.0,-801.0,-144.0,597.0,-976.0,1029.0
248.0,-778.0,-177.0,949.0,-396.0,228.0
117.0,-714.0,-175.0,971.0,286.0,-689.0
29.0,-635.0,-133.0,867.0,875.0,-1267.0
5.0,-553.0,-53.0,876.0,1373.0,-1531.0
31.0,-487.0,9.0,1110.0,1748.0,-1597.0
27.0,-437.0,37.0,1502.0,1963.0,-1621.0
-33.0,-400.0,43.0,1871.0,2056.0,-1696.0
-135.0,-381.0,58.0,2037.0,2030.0,-1803.0
-234.0,-338.0,38.0,1944.0,1829.0,-1943.0
-293.0,-320.0,25.0,1665.0,1422.0,-2085.0
-302.0,-302.0,7.0,1258.0,937.0,-2191.0
-289.0,-275.0,3.0,796.0,526.0,-2227.0
-271.0,-258.0,-6.0,373.0,281.0,-2183.0
-257.0,-240.0,8.0,3.0,203.0,-2054.0
-235.0,-246.0,3.0,-248.0,249.0,-1882.0
-212.0,-240.0,13.0,-425.0,310.0,-1702.0
-192.0,-218.0,9.0,-563.0,307.0,-1549.0
-175.0,-198.0,-29.0,-650.0,267.0,-1441.0
-131.0,-132.0,-66.0,-764.0,249.0,-1386.0
-94.0,-103.0,-93.0,-1028.0,214.0,-1233.0
-35.0,-93.0,-85.0,-1401.0,148.0,-1022.0
-4.0,-94.0,-60.0,-1744.0,45.0,-878.0
26.0,-98.0,-18.0,-1976.0,-83.0,-729.0
38.0,-90.0,5.0,-2003.0,-208.0,-594.0
42.0,-75.0,16.0,-1875.0,-375.0,-477.0
37.0,-55.0,16.0,-1660.0,-551.0,-411.0
25.0,-42.0,6.0,-1382.0,-737.0,-362.0
6.0,-47.0,-4.0,-1107.0,-922.0,-311.0
-12.0,-66.0,-10.0,-914.0,-1111.0,-227.0
-14.0,-100.0,-17.0,-744.0,-1303.0,-78.0
15.0,-125.0,-26.0,-554.0,-1439.0,147.0
62.0,-139.0,-55.0,-334.0,-1462.0,390.0
100.0,-136.0,-82.0,-128.0,-1328.0,571.0
121.0,-114.0,-105.0,47.0,-1063.0,676.0
129.0,-97.0,-127.0,145.0,-790.0,725.0
127.0,-76.0,-150.0,178.0,-580.0,702.0
137.0,-49.0,-134.0,190.0,-425.0,652.0
156.0,-22.0,-132.0,281.0,-284.0,607.0
175.0,-10.0,-130.0,391.0,-148.0,559.0
183.0,1.0,-136.0,470.0,-15.0,512.0
178.0,11.0,-148.0,484.0,114.0,471.0
172.0,18.0,-160.0,426.0,221.0,460.0
148.0,31.0,-157.0,314.0,289.0,451.0
126.0,44.0,-147.0,205.0,328.0,436.0
112.0,45.0,-131.0,144.0,365.0,419.0
104.0,46.0,-123.0,134.0,421.0,396.0
97.0,43.0,-124.0,158.0,514.0,359.0
98.0,39.0,-125.0,184.0,647.0,301.0
87.0,25.0,-125.0,184.0,792.0,202.0
60.0,15.0,-117.0,147.0,916.0,79.0
42.0,-3.0,-93.0,96.0,996.0,-51.0
18.0,-30.0,-64.0,72.0,1021.0,-186.0
17.0,-87.0,-101.0,88.0,989.0,-338.0
76.0,-136.0,-195.0,101.0,953.0,-501.0
148.0,-140.0,-302.0,37.0,1096.0,-603.0
107.0,-149.0,-334.0,-9.0,1435.0,-680.0
-49.0,-117.0,-341.0,204.0,1709.0,-777.0
-40.0,-206.0,-347.0,611.0,1683.0,-730.0
1.0,-380.0,-266.0,918.0,1413.0,-708.0
-62.0,-562.0,-145.0,995.0,1097.0,-954.0
-27.0,-659.0,-68.0,522.0,957.0,-1483.0
41.0,-704.0,20.0,-594.0,1017.0,-1947.0
36.0,-751.0,77.0,-1809.0,1218.0,-2232.0
-36.0,-732.0,-31.0,-2462.0,1195.0,-2350.0
-135.0,-747.0,-157.0,-2519.0,830.0,-2162.0
-209.0,-760.0,-218.0,-2128.0,490.0,-1904.0
-218.0,-760.0,-206.0,-1500.0,425.0,-1617.0
-210.0,-748.0,-173.0,-846.0,491.0,-1268.0
-151.0,-734.0,-168.0,-271.0,364.0,-783.0
-65.0,-695.0,-139.0,245.0,112.0,-295.0
28.0,-620.0,-81.0,820.0,-3.0,100.0
76.0,-519.0,-14.0,1457.0,38.0,372.0
82.0,-437.0,15.0,2011.0,101.0,567.0
81.0,-362.0,34.0,2408.0,112.0,742.0
89.0,-306.0,31.0,2604.0,73.0,953.0
124.0,-252.0,-3.0,2555.0,-18.0,1173.0
155.0,-206.0,-22.0,2189.0,-164.0,1434.0
172.0,-187.0,-25.0,1557.0,-234.0,1629.0
191.0,-199.0,27.0,761.0,-259.0,1762.0
188.0,-246.0,80.0,-6.0,-316.0,1887.0
135.0,-330.0,116.0,-617.0,-352.0,1991.0
34.0,-404.0,137.0,-1062.0,-351.0,1968.0
-90.0,-430.0,130.0,-1304.0,-406.0,1879.0
-173.0,-413.0,112.0,-1368.0,-583.0,1814.0
-222.0,-385.0,96.0,-1323.0,-856.0,1748.0
-241.0,-343.0,81.0,-1240.0,-1114.0,1600.0
-228.0,-304.0,50.0,-1177.0,-1317.0,1465.0
-214.0,-259.0,3.0,-1174.0,-1422.0,1314.0
-209.0,-219.0,-44.0,-1257.0,-1426.0,1133.0
-197.0,-178.0,-62.0,-1383.0,-1368.0,963.0
-166.0,-147.0,-80.0,-1474.0,-1325.0,853.0
-110.0,-120.0,-90.0,-1514.0,-1318.0,801.0
-43.0,-101.0,-104.0,-1507.0,-1297.0,795.0
-7.0,-67.0,-102.0,-1466.0,-1269.0,818.0
18.0,-66.0,-110.0,-1391.0,-1271.0,816.0
33.0,-88.0,-117.0,-1323.0,-1317.0,775.0
65.0,-136.0,-109.0,-1291.0,-1382.0,688.0
86.0,-194.0,-107.0,-1257.0,-1418.0,522.0
86.0,-236.0,-93.0,-1225.0,-1378.0,251.0
71.0,-255.0,-71.0,-1137.0,-1237.0,-73.0
61.0,-255.0,-50.0,-894.0,-1048.0,-364.0
53.0,-234.0,-49.0,-489.0,-873.0,-583.0
61.0,-198.0,-43.0,32.0,-726.0,-697.0
63.0,-157.0,-55.0,598.0,-601.0,-771.0
74.0,-106.0,-67.0,1136.0,-475.0,-831.0
65.0,-55.0,-90.0,1572.0,-350.0,-890.0
37.0,-10.0,-109.0,1868.0,-236.0,-949.0
-10.0,33.0,-113.0,2014.0,-148.0,-984.0
-26.0,63.0,-127.0,2014.0,-114.0,-997.0
-56.0,83.0,-128.0,1876.0,-132.0,-997.0
-78.0,99.0,-121.0,1639.0,-166.0,-997.0
-90.0,118.0,-107.0,1362.0,-211.0,-993.0
-87.0,130.0,-94.0,1092.0,-255.0,-976.0
-74.0,145.0,-68.0,875.0,-271.0,-954.0
-57.0,151.0,-61.0,738.0,-258.0,-914.0
-37.0,138.0,-61.0,646.0,-217.0,-861.0
-28.0,81.0,-147.0,555.0,-184.0,-807.0
-56.0,17.0,-214.0,406.0,-300.0,-768.0
-112.0,-18.0,-250.0,153.0,-625.0,-813.0
-179.0,-9.0,-256.0,-106.0,-1099.0,-902.0
-228.0,2.0,-333.0,-242.0,-1530.0,-758.0
-303.0,-101.0,-348.0,-292.0,-1663.0,-320.0
-341.0,-304.0,-267.0,-231.0,-1256.0,388.0
-297.0,-552.0,-29.0,-165.0,-332.0,1242.0
-169.0,-692.0,78.0,-340.0,428.0,1888.0
-151.0,-703.0,168.0,-1000.0,778.0,2106.0
-118.0,-650.0,92.0,-1611.0,935.0,2216.0
68.0,-630.0,-62.0,-1946.0,782.0,2444.0
284.0,-697.0,-285.0,-2007.0,81.0,2541.0
376.0,-826.0,-422.0,-2019.0,-642.0,2428.0
275.0,-902.0,-324.0,-2010.0,-914.0,2118.0
207.0,-828.0,-136.0,-1893.0,-967.0,1655.0
242.0,-754.0,-38.0,-1548.0,-1087.0,1425.0
302.0,-738.0,-46.0,-958.0,-969.0,1231.0
292.0,-757.0,-68.0,-334.0,-424.0,753.0
190.0,-749.0,-85.0,45.0,296.0,34.0
132.0,-717.0,-78.0,217.0,912.0,-556.0
99.0,-650.0,-68.0,429.0,1389.0,-938.0
62.0,-573.0,-40.0,799.0,1770.0,-1191.0
20.0,-489.0,-20.0,1297.0,2006.0,-1380.0
25.0,-416.0,-17.0,1788.0,2051.0,-1493.0
-4.0,-365.0,-38.0,2114.0,1948.0,-1573.0
-87.0,-317.0,-45.0,2153.0,1781.0,-1654.0
-184.0,-277.0,-40.0,1976.0,1593.0,-1733.0
-263.0,-258.0,-27.0,1666.0,1357.0,-1808.0
-296.0,-247.0,-8.0,1271.0,1072.0,-1830.0
-271.0,-241.0,-4.0,844.0,813.0,-1734.0
-225.0,-254.0,-1.0,373.0,673.0,-1576.0
-184.0,-263.0,16.0,-102.0,670.0,-1449.0
-148.0,-264.0,27.0,-487.0,721.0,-1315.0
-111.0,-245.0,17.0,-722.0,761.0,-1171.0
-72.0,-199.0,0.0,-824.0,797.0,-1079.0
-36.0,-139.0,-37.0,-836.0,851.0,-1050.0
-15.0,-81.0,-65.0,-894.0,891.0,-1044.0
8.0,-36.0,-65.0,-1072.0,877.0,-1040.0
19.0,-3.0,-54.0,-1340.0,808.0,-996.0
43.0,21.0,-36.0,-1578.0,727.0,-1028.0
46.0,41.0,-36.0,-1722.0,597.0,-1101.0
43.0,50.0,-47.0,-1775.0,434.0,-1153.0
21.0,41.0,-70.0,-1754.0,306.0,-1189.0
-14.0,2.0,-94.0,-1732.0,223.0,-1169.0
-39.0,-60.0,-93.0,-1738.0,138.0,-1074.0
-72.0,-131.0,-86.0,-1667.0,21.0,-920.0
-81.0,-200.0,-76.0,-1467.0,-115.0,-677.0
-59.0,-251.0,-73.0,-1134.0,-199.0,-397.0
-17.0,-276.0,-76.0,-689.0,-195.0,-165.0
28.0,-274.0,-106.0,-175.0,-115.0,42.0
59.0,-248.0,-105.0,328.0,35.0,222.0
65.0,-219.0,-93.0,792.0,228.0,340.0
56.0,-179.0,-86.0,1154.0,364.0,368.0
55.0,-134.0,-69.0,1397.0,374.0,344.0
66.0,-89.0,-64.0,1553.0,262.0,306.0
93.0,-47.0,-58.0,1657.0,101.0,272.0
120.0,-12.0,-85.0,1749.0,-27.0,253.0
138.0,23.0,-114.0,1798.0,-85.0,253.0
142.0,53.0,-136.0,1762.0,-86.0,263.0
122.0,75.0,-137.0,1629.0,-45.0,303.0
105.0,91.0,-138.0,1461.0,17.0,360.0
79.0,102.0,-121.0,1292.0,83.0,426.0
66.0,101.0,-99.0,1124.0,129.0,505.0
56.0,104.0,-69.0,987.0,154.0,572.0
42.0,91.0,-47.0,885.0,167.0,619.0
42.0,42.0,-51.0,799.0,172.0,667.0
58.0,-46.0,-164.0,720.0,159.0,708.0
133.0,-79.0,-287.0,597.0,271.0,784.0
200.0,-73.0,-399.0,436.0,640.0,862.0
237.0,-79.0,-453.0,327.0,1213.0,801.0
292.0,-163.0,-353.0,182.0,1793.0,558.0
354.0,-343.0,-171.0,154.0,1987.0,136.0
310.0,-601.0,-3.0,274.0,1627.0,-402.0
206.0,-740.0,122.0,-70.0,960.0,-1253.0
88.0,-776.0,146.0,-1091.0,241.0,-2103.0
1.0,-793.0,-15.0,-2174.0,-304.0,-2593.0
-205.0,-767.0,-222.0,-2787.0,-631.0,-2778.0
-398.0,-784.0,-369.0,-2798.0,-642.0,-2681.0
-478.0,-835.0,-358.0,-2434.0,-315.0,-2443.0
-368.0,-843.0,-206.0,-1979.0,40.0,-2142.0
-280.0,-771.0,-102.0,-1308.0,-37.0,-1764.0
-235.0,-705.0,-92.0,-534.0,-290.0,-1351.0
-182.0,-662.0,-116.0,132.0,-511.0,-794.0
-98.0,-604.0,-104.0,620.0,-792.0,-206.0
-31.0,-548.0,-49.0,1023.0,-1147.0,275.0
16.0,-481.0,7.0,1465.0,-1421.0,602.0
12.0,-417.0,34.0,1938.0,-1546.0,808.0
-25.0,-353.0,24.0,2353.0,-1571.0,972.0
-58.0,-301.0,-16.0,2611.0,-1577.0,1147.0
-49.0,-250.0,-69.0,2602.0,-1600.0,1319.0
14.0,-223.0,-110.0,2261.0,-1635.0,1499.0
119.0,-231.0,-92.0,1596.0,-1690.0,1621.0
170.0,-264.0,-22.0,692.0,-1676.0,1606.0
134.0,-325.0,86.0,-187.0,-1561.0,1470.0
54.0,-385.0,140.0,-771.0,-1499.0,1320.0
6.0,-432.0,149.0,-1050.0,-1580.0,1235.0
-24.0,-433.0,107.0,-1080.0,-1742.0,1173.0
-48.0,-406.0,58.0,-945.0,-1883.0,1130.0
-52.0,-371.0,13.0,-709.0,-1980.0,1109.0
-56.0,-311.0,-15.0,-436.0,-2072.0,1082.0
-48.0,-226.0,-22.0,-173.0,-2150.0,1057.0
-25.0,-141.0,-45.0,65.0,-2178.0,1069.0
-16.0,-50.0,-108.0,204.0,-2133.0,1116.0
-3.0,26.0,-135.0,83.0,-1967.0,1187.0
11.0,87.0,-131.0,-241.0,-1727.0,1253.0
27.0,128.0,-117.0,-642.0,-1503.0,1288.0
55.0,126.0,-99.0,-1019.0,-1345.0,1294.0
83.0,80.0,-87.0,-1308.0,-1260.0,1243.0
99.0,-12.0,-80.0,-1533.0,-1224.0,1101.0
96.0,-107.0,-45.0,-1744.0,-1205.0,850.0
82.0,-172.0,-20.0,-1863.0,-1177.0,517.0
89.0,-223.0,-12.0,-1833.0,-1096.0,159.0
95.0,-253.0,-11.0,-1658.0,-916.0,-189.0
87.0,-262.0,-33.0,-1300.0,-623.0,-495.0
