-159.0,-367.0,-191.0,765.0,1828.0,-697.0
-189.0,-346.0,-182.0,328.0,1708.0,-793.0
-229.0,-335.0,-191.0,-114.0,1648.0,-909.0
-250.0,-349.0,-170.0,-536.0,1550.0,-969.0
-244.0,-393.0,-157.0,-858.0,1380.0,-975.0
-225.0,-448.0,-118.0,-1147.0,1155.0,-958.0
-194.0,-491.0,-90.0,-1389.0,1010.0,-975.0
-152.0,-527.0,-72.0,-1426.0,894.0,-1016.0
-100.0,-562.0,-82.0,-1301.0,780.0,-1064.0
-58.0,-582.0,-82.0,-1132.0,693.0,-1123.0
-29.0,-582.0,-61.0,-910.0,653.0,-1140.0
3.0,-564.0,-41.0,-551.0,642.0,-1114.0
28.0,-524.0,-39.0,-116.0,639.0,-1086.0
38.0,-455.0,-40.0,266.0,650.0,-1108.0
32.0,-369.0,-44.0,529.0,681.0,-1165.0
40.0,-261.0,-30.0,660.0,708.0,-1190.0
49.0,-158.0,-29.0,734.0,709.0,-1145.0
42.0,-57.0,-24.0,723.0,680.0,-985.0
38.0,18.0,-23.0,598.0,599.0,-836.0
34.0,100.0,-12.0,479.0,520.0,-733.0
31.0,161.0,-20.0,372.0,478.0,-699.0
26.0,207.0,-15.0,220.0,497.0,-670.0
11.0,237.0,-36.0,69.0,563.0,-616.0
4.0,238.0,-48.0,-205.0,583.0,-432.0
6.0,219.0,-55.0,-564.0,541.0,-149.0
12.0,175.0,-48.0,-899.0,496.0,151.0
21.0,122.0,-34.0,-1110.0,505.0,394.0
20.0,84.0,-15.0,-1148.0,550.0,570.0
22.0,44.0,-10.0,-1024.0,601.0,663.0
17.0,17.0,-2.0,-786.0,661.0,717.0
23.0,-9.0,-5.0,-513.0,750.0,748.0
21.0,-19.0,3.0,-225.0,836.0,779.0
24.0,-28.0,10.0,-43.0,910.0,806.0
26.0,-32.0,24.0,95.0,955.0,827.0
41.0,-43.0,28.0,201.0,963.0,840.0
50.0,-53.0,22.0,294.0,934.0,842.0
57.0,-59.0,20.0,382.0,863.0,841.0
59.0,-62.0,12.0,488.0,748.0,826.0
58.0,-59.0,1.0,615.0,590.0,786.0
45.0,-51.0,-37.0,747.0,420.0,719.0
29.0,-33.0,-68.0,834.0,261.0,642.0
13.0,-5.0,-110.0,909.0,162.0,564.0
13.0,16.0,-155.0,959.0,107.0,504.0
32.0,45.0,-198.0,887.0,75.0,494.0
67.0,60.0,-219.0,720.0,98.0,527.0
94.0,64.0,-226.0,544.0,228.0,544.0
115.0,62.0,-203.0,352.0,424.0,523.0
122.0,51.0,-147.0,160.0,607.0,444.0
106.0,31.0,-102.0,3.0,716.0,313.0
82.0,4.0,-46.0,-103.0,746.0,202.0
68.0,-26.0,-9.0,-125.0,747.0,139.0
54.0,-48.0,0.0,-20.0,796.0,112.0
52.0,-66.0,-28.0,187.0,929.0,92.0
65.0,-77.0,-56.0,437.0,1129.0,80.0
77.0,-86.0,-92.0,665.0,1355.0,22.0
88.0,-83.0,-164.0,845.0,1624.0,-56.0
103.0,-74.0,-272.0,904.0,1875.0,-154.0
105.0,-69.0,-410.0,813.0,2161.0,-298.0
129.0,-71.0,-579.0,522.0,2337.0,-518.0
194.0,-52.0,-776.0,-4.0,2357.0,-817.0
172.0,-111.0,-725.0,-823.0,2218.0,-1183.0
28.0,-293.0,-348.0,-1630.0,1775.0,-1480.0
-120.0,-582.0,140.0,-1789.0,1046.0,-1562.0
-204.0,-753.0,270.0,-949.0,459.0,-1444.0
-261.0,-818.0,93.0,241.0,411.0,-1261.0
-290.0,-749.0,-208.0,923.0,688.0,-1170.0
-326.0,-651.0,-504.0,890.0,811.0,-1238.0
-377.0,-591.0,-651.0,279.0,403.0,-1266.0
-430.0,-621.0,-565.0,-686.0,-281.0,-997.0
-262.0,-670.0,-312.0,-1220.0,-819.0,-451.0
-83.0,-705.0,-151.0,-1187.0,-1257.0,62.0
69.0,-698.0,-111.0,-762.0,-1687.0,408.0
169.0,-673.0,-113.0,-217.0,-1989.0,558.0
279.0,-621.0,-133.0,241.0,-2093.0,544.0
349.0,-560.0,-137.0,510.0,-1999.0,436.0
375.0,-489.0,-135.0,607.0,-1730.0,310.0
387.0,-437.0,-151.0,541.0,-1388.0,210.0
380.0,-402.0,-184.0,262.0,-1115.0,159.0
351.0,-383.0,-188.0,-193.0,-972.0,177.0
329.0,-398.0,-196.0,-593.0,-894.0,313.0
299.0,-421.0,-176.0,-926.0,-767.0,474.0
248.0,-461.0,-153.0,-1063.0,-621.0,602.0
171.0,-502.0,-124.0,-1103.0,-464.0,667.0
84.0,-532.0,-105.0,-1040.0,-336.0,744.0
21.0,-566.0,-106.0,-914.0,-238.0,838.0
-29.0,-584.0,-85.0,-814.0,-169.0,912.0
-83.0,-593.0,-78.0,-705.0,-167.0,924.0
-131.0,-583.0,-78.0,-573.0,-235.0,935.0
-153.0,-554.0,-81.0,-373.0,-315.0,981.0
-165.0,-523.0,-102.0,-122.0,-357.0,1034.0
-185.0,-455.0,-107.0,81.0,-372.0,1041.0
-198.0,-376.0,-97.0,244.0,-409.0,1004.0
-204.0,-287.0,-90.0,390.0,-479.0,907.0
-193.0,-190.0,-66.0,568.0,-553.0,829.0
-169.0,-100.0,-90.0,687.0,-653.0,754.0
-128.0,-21.0,-106.0,659.0,-739.0,690.0
-73.0,45.0,-78.0,526.0,-794.0,623.0
-2.0,86.0,-54.0,452.0,-805.0,468.0
41.0,112.0,-49.0,510.0,-801.0,185.0
71.0,140.0,-79.0,581.0,-783.0,-109.0
99.0,144.0,-100.0,497.0,-744.0,-341.0
132.0,135.0,-69.0,254.0,-703.0,-509.0
140.0,124.0,-24.0,48.0,-688.0,-643.0
133.0,103.0,6.0,-1.0,-671.0,-738.0
128.0,80.0,24.0,101.0,-580.0,-802.0
105.0,64.0,36.0,306.0,-484.0,-852.0
75.0,53.0,50.0,495.0,-405.0,-907.0
45.0,41.0,54.0,651.0,-357.0,-959.0
13.0,26.0,49.0,747.0,-329.0,-993.0
-8.0,9.0,43.0,748.0,-313.0,-1025.0
-14.0,-4.0,30.0,674.0,-298.0,-1042.0
-5.0,-16.0,7.0,584.0,-272.0,-1047.0
2.0,-22.0,-33.0,546.0,-208.0,-1047.0
6.0,-27.0,-61.0,533.0,-104.0,-1007.0
4.0,-27.0,-84.0,536.0,26.0,-950.0
-9.0,-21.0,-111.0,570.0,150.0,-895.0
-20.0,-18.0,-125.0,593.0,235.0,-814.0
-38.0,-6.0,-127.0,606.0,271.0,-731.0
-61.0,0.0,-141.0,608.0,244.0,-645.0
-85.0,9.0,-137.0,576.0,140.0,-537.0
-98.0,10.0,-140.0,521.0,-30.0,-418.0
-115.0,3.0,-148.0,441.0,-197.0,-321.0
-113.0,-8.0,-128.0,321.0,-296.0,-224.0
-112.0,-35.0,-104.0,236.0,-327.0,-143.0
-105.0,-64.0,-60.0,163.0,-330.0,-104.0
-96.0,-81.0,-18.0,130.0,-345.0,-114.0
-80.0,-102.0,34.0,235.0,-361.0,-124.0
-57.0,-118.0,60.0,488.0,-370.0,-116.0
-19.0,-119.0,65.0,815.0,-379.0,-91.0
-23.0,-111.0,56.0,1141.0,-404.0,-70.0
-35.0,-87.0,45.0,1450.0,-480.0,-28.0
-18.0,-71.0,-15.0,1620.0,-588.0,32.0
19.0,-43.0,-120.0,1660.0,-709.0,74.0
48.0,-13.0,-240.0,1521.0,-789.0,73.0
29.0,8.0,-325.0,1154.0,-778.0,69.0
-28.0,41.0,-454.0,603.0,-769.0,106.0
-102.0,34.0,-607.0,-92.0,-811.0,227.0
-154.0,-18.0,-766.0,-891.0,-863.0,422.0
-201.0,-147.0,-785.0,-1736.0,-934.0,647.0
-225.0,-396.0,-461.0,-2401.0,-981.0,870.0
-139.0,-728.0,107.0,-2389.0,-821.0,1090.0
-2.0,-989.0,495.0,-1391.0,-538.0,1248.0
86.0,-1001.0,432.0,134.0,-859.0,1210.0
162.0,-832.0,-25.0,1225.0,-1738.0,1181.0
261.0,-668.0,-491.0,997.0,-2461.0,1347.0
334.0,-577.0,-790.0,215.0,-2663.0,1430.0
401.0,-555.0,-828.0,-449.0,-2237.0,1322.0
439.0,-598.0,-627.0,-604.0,-1207.0,1086.0
367.0,-632.0,-348.0,-233.0,127.0,775.0
203.0,-606.0,-183.0,371.0,1182.0,392.0
48.0,-551.0,-120.0,778.0,1719.0,17.0
-30.0,-514.0,-120.0,748.0,1857.0,-317.0
-104.0,-479.0,-123.0,438.0,1759.0,-611.0
-158.0,-450.0,-140.0,154.0,1538.0,-888.0
-203.0,-438.0,-160.0,50.0,1270.0,-1073.0
-251.0,-442.0,-212.0,-15.0,971.0,-1062.0
-276.0,-466.0,-212.0,-263.0,739.0,-982.0
-320.0,-491.0,-178.0,-598.0,529.0,-962.0
-341.0,-517.0,-121.0,-873.0,351.0,-998.0
-334.0,-545.0,-73.0,-954.0,190.0,-1075.0
-305.0,-566.0,-46.0,-910.0,-16.0,-1140.0
-241.0,-572.0,-40.0,-816.0,-297.0,-1246.0
-177.0,-563.0,-58.0,-699.0,-572.0,-1385.0
-107.0,-547.0,-87.0,-551.0,-767.0,-1521.0
-23.0,-533.0,-100.0,-397.0,-900.0,-1587.0
52.0,-528.0,-87.0,-236.0,-986.0,-1602.0
81.0,-514.0,-51.0,-26.0,-981.0,-1629.0
81.0,-479.0,-27.0,235.0,-893.0,-1656.0
78.0,-428.0,-28.0,569.0,-829.0,-1683.0
84.0,-385.0,-49.0,820.0,-806.0,-1708.0
106.0,-318.0,-89.0,1002.0,-798.0,-1694.0
128.0,-243.0,-121.0,1095.0,-775.0,-1627.0
148.0,-163.0,-141.0,1144.0,-705.0,-1532.0
132.0,-90.0,-127.0,1148.0,-582.0,-1463.0
113.0,-23.0,-95.0,1105.0,-407.0,-1397.0
103.0,44.0,-62.0,1021.0,-228.0,-1354.0
91.0,114.0,-14.0,917.0,-81.0,-1364.0
51.0,166.0,-34.0,934.0,84.0,-1439.0
19.0,200.0,-44.0,867.0,188.0,-1434.0
-10.0,225.0,-59.0,619.0,250.0,-1254.0
-30.0,235.0,-66.0,149.0,299.0,-1014.0
-45.0,225.0,-53.0,-287.0,363.0,-736.0
-54.0,219.0,-34.0,-633.0,424.0,-475.0
-63.0,190.0,-23.0,-832.0,459.0,-243.0
-61.0,154.0,-9.0,-911.0,463.0,-38.0
-53.0,105.0,-2.0,-914.0,441.0,144.0
-38.0,60.0,14.0,-879.0,425.0,306.0
-22.0,15.0,15.0,-772.0,439.0,411.0
2.0,-27.0,24.0,-632.0,480.0,469.0
23.0,-65.0,43.0,-467.0,515.0,492.0
41.0,-95.0,59.0,-246.0,507.0,503.0
59.0,-123.0,54.0,84.0,452.0,552.0
69.0,-131.0,40.0,508.0,332.0,517.0
64.0,-105.0,7.0,791.0,174.0,404.0
62.0,-77.0,-35.0,1047.0,35.0,329.0
64.0,-53.0,-75.0,1230.0,-36.0,277.0
54.0,-31.0,-101.0,1296.0,-46.0,248.0
44.0,-5.0,-132.0,1252.0,-12.0,273.0
62.0,14.0,-143.0,1163.0,70.0,336.0
79.0,27.0,-175.0,1105.0,201.0,360.0
89.0,37.0,-205.0,1035.0,355.0,349.0
100.0,41.0,-225.0,889.0,505.0,314.0
107.0,31.0,-210.0,653.0,634.0,252.0
106.0,7.0,-166.0,355.0,702.0,170.0
92.0,-21.0,-113.0,82.0,679.0,16.0
75.0,-51.0,-75.0,-126.0,616.0,-116.0
70.0,-87.0,-33.0,-127.0,577.0,-198.0
53.0,-118.0,-20.0,28.0,604.0,-230.0
27.0,-139.0,-20.0,308.0,692.0,-209.0
20.0,-151.0,-41.0,689.0,805.0,-178.0
16.0,-162.0,-56.0,1081.0,881.0,-200.0
3.0,-156.0,-87.0,1414.0,874.0,-280.0
-16.0,-151.0,-173.0,1641.0,797.0,-375.0
-38.0,-154.0,-257.0,1741.0,757.0,-426.0
-40.0,-198.0,-384.0,1674.0,903.0,-494.0
16.0,-209.0,-615.0,1364.0,1259.0,-678.0
80.0,-168.0,-797.0,502.0,1761.0,-1059.0
73.0,-230.0,-644.0,-1241.0,2041.0,-1379.0
38.0,-498.0,-67.0,-2371.0,1562.0,-1528.0
46.0,-928.0,589.0,-2098.0,806.0,-1494.0
47.0,-1064.0,408.0,-184.0,479.0,-1414.0
-25.0,-911.0,-85.0,1696.0,692.0,-1388.0
-115.0,-717.0,-428.0,2184.0,804.0,-1516.0
-244.0,-517.0,-704.0,1519.0,470.0,-1539.0
-362.0,-461.0,-661.0,440.0,-194.0,-1182.0
-390.0,-525.0,-321.0,-382.0,-697.0,-568.0
-257.0,-584.0,-1.0,-453.0,-814.0,-27.0
-167.0,-566.0,47.0,67.0,-1159.0,346.0
-66.0,-507.0,-80.0,576.0,-1773.0,621.0
50.0,-456.0,-161.0,735.0,-2209.0,732.0
147.0,-422.0,-175.0,541.0,-2220.0,749.0
199.0,-408.0,-119.0,215.0,-2115.0,707.0
221.0,-408.0,-48.0,-61.0,-2010.0,623.0
234.0,-416.0,-13.0,-240.0,-1888.0,556.0
242.0,-412.0,5.0,-393.0,-1725.0,483.0
240.0,-402.0,-14.0,-595.0,-1573.0,417.0
230.0,-404.0,-17.0,-869.0,-1477.0,344.0
212.0,-411.0,-17.0,-1128.0,-1424.0,277.0
168.0,-429.0,-17.0,-1306.0,-1371.0,168.0
130.0,-439.0,-1.0,-1400.0,-1310.0,67.0
88.0,-446.0,-10.0,-1389.0,-1239.0,-32.0
23.0,-461.0,-37.0,-1313.0,-1137.0,-57.0
-34.0,-464.0,-64.0,-1270.0,-1060.0,-18.0
-88.0,-483.0,-92.0,-1232.0,-1016.0,66.0
-133.0,-500.0,-88.0,-1206.0,-1051.0,143.0
-154.0,-513.0,-82.0,-1106.0,-1161.0,185.0
-166.0,-511.0,-60.0,-974.0,-1311.0,216.0
-148.0,-496.0,-49.0,-789.0,-1452.0,305.0
-112.0,-478.0,-69.0,-545.0,-1556.0,433.0
-98.0,-453.0,-79.0,-350.0,-1581.0,520.0
-78.0,-401.0,-58.0,-208.0,-1518.0,564.0
-56.0,-341.0,-40.0,-71.0,-1427.0,577.0
-23.0,-288.0,-52.0,6.0,-1318.0,541.0
-6.0,-218.0,-78.0,10.0,-1178.0,421.0
12.0,-149.0,-67.0,-155.0,-1094.0,325.0
24.0,-86.0,-53.0,-316.0,-1075.0,251.0
48.0,-26.0,-9.0,-445.0,-1079.0,154.0
58.0,28.0,22.0,-448.0,-1088.0,5.0
76.0,60.0,34.0,-335.0,-1113.0,-197.0
88.0,100.0,44.0,-168.0,-1142.0,-429.0
75.0,125.0,47.0,-7.0,-1156.0,-668.0
50.0,139.0,50.0,108.0,-1151.0,-876.0
9.0,146.0,58.0,188.0,-1111.0,-1041.0
-15.0,152.0,61.0,293.0,-1032.0,-1151.0
-49.0,154.0,56.0,402.0,-947.0,-1212.0
-75.0,150.0,28.0,489.0,-817.0,-1265.0
-91.0,141.0,-8.0,526.0,-686.0,-1314.0
-98.0,135.0,-40.0,468.0,-555.0,-1373.0
-95.0,119.0,-102.0,312.0,-439.0,-1431.0
-77.0,97.0,-163.0,46.0,-324.0,-1442.0
-51.0,70.0,-222.0,-309.0,-189.0,-1414.0
-21.0,37.0,-243.0,-701.0,-35.0,-1356.0
-9.0,-8.0,-243.0,-1046.0,108.0,-1263.0
6.0,-65.0,-217.0,-1293.0,213.0,-1138.0
19.0,-122.0,-164.0,-1379.0,291.0,-1045.0
19.0,-159.0,-129.0,-1222.0,315.0,-994.0
14.0,-189.0,-82.0,-872.0,265.0,-939.0
3.0,-194.0,-52.0,-378.0,158.0,-851.0
-6.0,-179.0,-32.0,292.0,-8.0,-773.0
-15.0,-155.0,-20.0,806.0,-136.0,-700.0
-17.0,-131.0,-11.0,1177.0,-232.0,-634.0
-12.0,-110.0,11.0,1397.0,-306.0,-579.0
-7.0,-91.0,34.0,1505.0,-374.0,-531.0
2.0,-83.0,29.0,1544.0,-441.0,-468.0
-3.0,-73.0,30.0,1533.0,-496.0,-410.0
-25.0,-63.0,26.0,1532.0,-540.0,-370.0
-35.0,-58.0,8.0,1561.0,-569.0,-325.0
-22.0,-44.0,-54.0,1586.0,-568.0,-291.0
-16.0,-13.0,-150.0,1555.0,-540.0,-304.0
-46.0,43.0,-253.0,1412.0,-518.0,-373.0
-105.0,108.0,-411.0,1097.0,-577.0,-441.0
-169.0,136.0,-628.0,676.0,-701.0,-470.0
-201.0,108.0,-850.0,125.0,-867.0,-416.0
-190.0,67.0,-960.0,-618.0,-1026.0,-296.0
-198.0,-26.0,-959.0,-1637.0,-1058.0,-123.0
-242.0,-266.0,-482.0,-2837.0,-845.0,144.0
-182.0,-692.0,331.0,-3383.0,-485.0,535.0
-56.0,-985.0,600.0,-2665.0,-760.0,835.0
7.0,-967.0,145.0,-1383.0,-2060.0,916.0
76.0,-838.0,-387.0,-482.0,-3374.0,1093.0
173.0,-752.0,-773.0,-388.0,-3970.0,1442.0
262.0,-746.0,-868.0,-855.0,-3706.0,1649.0
307.0,-816.0,-740.0,-1287.0,-2670.0,1409.0
314.0,-898.0,-414.0,-1100.0,-1661.0,817.0
210.0,-882.0,-215.0,-273.0,-917.0,50.0
95.0,-786.0,-179.0,589.0,-529.0,-572.0
44.0,-675.0,-158.0,1026.0,-341.0,-891.0
10.0,-579.0,-173.0,1120.0,-186.0,-1001.0
-69.0,-494.0,-172.0,1083.0,-8.0,-1086.0
-162.0,-435.0,-178.0,1023.0,115.0,-1176.0
-252.0,-369.0,-188.0,834.0,67.0,-1225.0
-293.0,-332.0,-201.0,439.0,-180.0,-1241.0
-313.0,-305.0,-208.0,-141.0,-600.0,-1230.0
-330.0,-322.0,-208.0,-732.0,-1049.0,-1256.0
-314.0,-368.0,-149.0,-1209.0,-1377.0,-1303.0
-271.0,-440.0,-101.0,-1479.0,-1556.0,-1360.0
-190.0,-503.0,-82.0,-1558.0,-1628.0,-1465.0
-116.0,-530.0,-84.0,-1597.0,-1703.0,-1648.0
-54.0,-538.0,-100.0,-1595.0,-1769.0,-1839.0
19.0,-538.0,-132.0,-1545.0,-1794.0,-1974.0
56.0,-531.0,-132.0,-1469.0,-1728.0,-2036.0
113.0,-515.0,-126.0,-1301.0,-1567.0,-2012.0
157.0,-476.0,-119.0,-1038.0,-1340.0,-1913.0
185.0,-424.0,-107.0,-710.0,-1114.0,-1805.0
193.0,-352.0,-94.0,-355.0,-926.0,-1721.0
191.0,-262.0,-94.0,-20.0,-770.0,-1684.0
179.0,-170.0,-96.0,249.0,-652.0,-1687.0
143.0,-82.0,-90.0,405.0,-518.0,-1712.0
116.0,-20.0,-87.0,428.0,-421.0,-1685.0
107.0,9.0,-81.0,281.0,-372.0,-1584.0
92.0,28.0,-68.0,63.0,-343.0,-1456.0
74.0,30.0,-58.0,-161.0,-320.0,-1328.0
58.0,18.0,-56.0,-337.0,-321.0,-1176.0
44.0,1.0,-43.0,-419.0,-339.0,-1011.0
25.0,-1.0,-40.0,-349.0,-364.0,-852.0
-10.0,2.0,-52.0,-158.0,-370.0,-722.0
-26.0,11.0,-50.0,30.0,-324.0,-553.0
-45.0,26.0,-40.0,157.0,-250.0,-353.0
-53.0,43.0,-39.0,253.0,-138.0,-159.0
-44.0,44.0,-35.0,278.0,13.0,62.0
-31.0,37.0,-24.0,182.0,98.0,232.0
-10.0,20.0,-21.0,126.0,149.0,360.0
-4.0,3.0,-29.0,165.0,168.0,429.0
1.0,-9.0,-25.0,278.0,165.0,450.0
11.0,-20.0,-29.0,437.0,151.0,454.0
24.0,-26.0,-29.0,598.0,141.0,452.0
40.0,-30.0,-28.0,724.0,134.0,461.0
59.0,-26.0,-20.0,823.0,124.0,463.0
67.0,-6.0,-18.0,918.0,106.0,457.0
74.0,5.0,-29.0,971.0,68.0,452.0
85.0,18.0,-38.0,950.0,20.0,462.0
86.0,33.0,-51.0,894.0,-25.0,444.0
84.0,41.0,-62.0,799.0,-56.0,414.0
81.0,47.0,-75.0,698.0,-47.0,374.0
75.0,46.0,-74.0,602.0,-4.0,339.0
73.0,46.0,-76.0,524.0,52.0,292.0
64.0,43.0,-74.0,481.0,116.0,248.0
56.0,33.0,-67.0,467.0,172.0,208.0
50.0,19.0,-59.0,472.0,204.0,159.0
31.0,7.0,-49.0,505.0,205.0,100.0
9.0,-8.0,-40.0,570.0,174.0,41.0
-9.0,-25.0,-56.0,668.0,137.0,-6.0
-25.0,-37.0,-78.0,782.0,141.0,-32.0
-48.0,-50.0,-86.0,890.0,224.0,-44.0
-63.0,-66.0,-84.0,990.0,364.0,-50.0
-82.0,-79.0,-90.0,1056.0,428.0,-61.0
-93.0,-87.0,-131.0,1104.0,447.0,-77.0
-98.0,-87.0,-198.0,1097.0,484.0,-117.0
-94.0,-85.0,-278.0,1000.0,616.0,-200.0
-109.0,-86.0,-356.0,795.0,874.0,-364.0
-127.0,-90.0,-484.0,540.0,1122.0,-592.0
-140.0,-96.0,-631.0,241.0,1145.0,-858.0
-149.0,-134.0,-709.0,-119.0,901.0,-1106.0
-140.0,-209.0,-677.0,-564.0,520.0,-1324.0
-66.0,-334.0,-446.0,-967.0,126.0,-1492.0
58.0,-507.0,-153.0,-1104.0,-274.0,-1459.0
137.0,-641.0,-12.0,-915.0,-639.0,-1352.0
184.0,-695.0,-115.0,-442.0,-722.0,-1331.0
202.0,-698.0,-252.0,-330.0,-638.0,-1289.0
154.0,-707.0,-304.0,-600.0,-567.0,-1184.0
90.0,-733.0,-271.0,-952.0,-651.0,-985.0
79.0,-787.0,-245.0,-1045.0,-923.0,-655.0
110.0,-823.0,-235.0,-862.0,-1279.0,-268.0
157.0,-847.0,-223.0,-517.0,-1527.0,74.0
178.0,-839.0,-214.0,-90.0,-1518.0,309.0
146.0,-781.0,-179.0,288.0,-1348.0,451.0
79.0,-705.0,-156.0,609.0,-1213.0,504.0
18.0,-616.0,-141.0,790.0,-1203.0,509.0
-17.0,-530.0,-138.0,793.0,-1300.0,520.0
-40.0,-462.0,-142.0,582.0,-1449.0,571.0
-55.0,-417.0,-128.0,244.0,-1550.0,631.0
-70.0,-396.0,-106.0,-143.0,-1690.0,679.0
-75.0,-389.0,-107.0,-448.0,-1877.0,728.0
-72.0,-379.0,-58.0,-671.0,-2055.0,782.0
-72.0,-409.0,-121.0,-705.0,-2211.0,834.0
-79.0,-429.0,-155.0,-738.0,-2281.0,849.0
-88.0,-444.0,-152.0,-773.0,-2245.0,810.0
-102.0,-463.0,-176.0,-788.0,-2193.0,754.0
-106.0,-485.0,-162.0,-819.0,-2166.0,716.0
-117.0,-487.0,-161.0,-802.0,-2142.0,662.0
-116.0,-468.0,-144.0,-659.0,-2091.0,589.0
-88.0,-433.0,-146.0,-411.0,-1952.0,467.0
-81.0,-374.0,-143.0,-109.0,-1801.0,325.0
-70.0,-316.0,-151.0,18.0,-1660.0,255.0
-47.0,-253.0,-119.0,4.0,-1583.0,261.0
-15.0,-196.0,-137.0,9.0,-1555.0,299.0
21.0,-158.0,-142.0,-53.0,-1499.0,295.0
54.0,-127.0,-120.0,-143.0,-1402.0,215.0
69.0,-106.0,-93.0,-174.0,-1322.0,69.0
88.0,-70.0,-61.0,-65.0,-1302.0,-78.0
104.0,-39.0,-30.0,185.0,-1316.0,-219.0
104.0,-3.0,-17.0,505.0,-1339.0,-351.0
89.0,35.0,-14.0,806.0,-1335.0,-470.0
87.0,67.0,-11.0,1050.0,-1278.0,-587.0
72.0,98.0,-7.0,1228.0,-1157.0,-696.0
55.0,124.0,4.0,1273.0,-1012.0,-804.0
40.0,129.0,17.0,1250.0,-869.0,-905.0
13.0,134.0,15.0,1142.0,-765.0,-989.0
-12.0,114.0,0.0,914.0,-700.0,-1038.0
-28.0,88.0,-2.0,574.0,-665.0,-1061.0
-33.0,55.0,1.0,250.0,-629.0,-1094.0
-25.0,28.0,4.0,29.0,-590.0,-1110.0
-29.0,6.0,-3.0,-34.0,-542.0,-1119.0
-26.0,-14.0,-33.0,11.0,-473.0,-1105.0
-37.0,-34.0,-54.0,62.0,-396.0,-1081.0
-37.0,-37.0,-32.0,101.0,-336.0,-1026.0
-38.0,-35.0,-30.0,259.0,-343.0,-922.0
-36.0,-34.0,-51.0,572.0,-395.0,-808.0
-36.0,-28.0,-81.0,752.0,-431.0,-676.0
-39.0,-22.0,-92.0,810.0,-434.0,-546.0
-49.0,-17.0,-95.0,811.0,-422.0,-417.0
-62.0,-11.0,-88.0,778.0,-446.0,-274.0
-70.0,-34.0,-96.0,728.0,-520.0,-131.0
-80.0,-52.0,-84.0,577.0,-626.0,-66.0
-90.0,-62.0,-48.0,376.0,-766.0,-81.0
-85.0,-74.0,-49.0,321.0,-905.0,-73.0
-80.0,-90.0,-47.0,387.0,-988.0,-51.0
-72.0,-98.0,-41.0,514.0,-1025.0,-35.0
-53.0,-94.0,-71.0,705.0,-1067.0,-24.0
-57.0,-70.0,-124.0,934.0,-1126.0,-12.0
-65.0,-37.0,-194.0,1052.0,-1213.0,25.0
-66.0,-12.0,-280.0,1041.0,-1264.0,83.0
-53.0,1.0,-380.0,868.0,-1238.0,127.0
-37.0,-7.0,-463.0,492.0,-1101.0,162.0
-15.0,-57.0,-479.0,-75.0,-851.0,242.0
23.0,-170.0,-380.0,-644.0,-597.0,329.0
66.0,-334.0,-149.0,-952.0,-523.0,365.0
109.0,-506.0,73.0,-819.0,-685.0,362.0
131.0,-605.0,176.0,-317.0,-1028.0,335.0
135.0,-590.0,40.0,320.0,-1447.0,335.0
133.0,-512.0,-301.0,758.0,-1847.0,445.0
115.0,-439.0,-636.0,651.0,-2080.0,556.0
100.0,-420.0,-818.0,138.0,-1934.0,637.0
107.0,-452.0,-783.0,-407.0,-1459.0,661.0
95.0,-526.0,-536.0,-614.0,-714.0,552.0
26.0,-581.0,-260.0,-402.0,11.0,284.0
-67.0,-611.0,-84.0,8.0,472.0,-34.0
-119.0,-616.0,-48.0,221.0,532.0,-336.0
-144.0,-621.0,-112.0,49.0,279.0,-604.0
-148.0,-628.0,-189.0,-340.0,-37.0,-793.0
-138.0,-644.0,-268.0,-575.0,-216.0,-900.0
-144.0,-661.0,-312.0,-581.0,-279.0,-984.0
-165.0,-669.0,-328.0,-494.0,-330.0,-1078.0
-171.0,-671.0,-273.0,-480.0,-392.0,-1163.0
-170.0,-667.0,-194.0,-451.0,-372.0,-1181.0
-145.0,-656.0,-112.0,-368.0,-250.0,-1182.0
-103.0,-630.0,-59.0,-279.0,-125.0,-1196.0
-60.0,-587.0,-65.0,-217.0,-72.0,-1257.0
-16.0,-539.0,-85.0,-208.0,-63.0,-1354.0
30.0,-495.0,-116.0,-217.0,-95.0,-1417.0
68.0,-473.0,-139.0,-220.0,-142.0,-1433.0
123.0,-446.0,-140.0,-221.0,-141.0,-1429.0
176.0,-425.0,-116.0,-167.0,-72.0,-1419.0
212.0,-413.0,-87.0,-51.0,59.0,-1454.0
238.0,-391.0,-61.0,82.0,216.0,-1508.0
256.0,-353.0,-60.0,270.0,393.0,-1600.0
253.0,-321.0,-88.0,509.0,635.0,-1659.0
232.0,-271.0,-106.0,584.0,821.0,-1669.0
197.0,-216.0,-123.0,592.0,945.0,-1633.0
154.0,-166.0,-136.0,543.0,1003.0,-1589.0
97.0,-108.0,-133.0,413.0,1013.0,-1510.0
30.0,-43.0,-75.0,241.0,992.0,-1383.0
-37.0,6.0,-58.0,229.0,973.0,-1235.0
-108.0,45.0,-51.0,270.0,942.0,-1075.0
-138.0,73.0,-65.0,208.0,855.0,-834.0
-176.0,102.0,-55.0,-3.0,721.0,-556.0
-199.0,118.0,-53.0,-241.0,610.0,-292.0
-202.0,110.0,-54.0,-447.0,569.0,0.0
-193.0,105.0,-29.0,-695.0,545.0,275.0
-160.0,66.0,-8.0,-943.0,510.0,552.0
-132.0,31.0,25.0,-1070.0,426.0,797.0
-93.0,-10.0,55.0,-1038.0,335.0,950.0
-56.0,-47.0,65.0,-822.0,267.0,1039.0
-19.0,-82.0,59.0,-474.0,253.0,1074.0
0.0,-91.0,50.0,-118.0,268.0,1039.0
26.0,-94.0,41.0,190.0,281.0,938.0
49.0,-89.0,28.0,458.0,290.0,857.0
70.0,-82.0,12.0,691.0,303.0,798.0
99.0,-68.0,-10.0,864.0,330.0,747.0
116.0,-55.0,-34.0,970.0,378.0,683.0
116.0,-42.0,-61.0,1016.0,430.0,607.0
114.0,-22.0,-90.0,997.0,450.0,531.0
97.0,-2.0,-107.0,938.0,430.0,473.0
93.0,11.0,-131.0,879.0,369.0,466.0
82.0,22.0,-153.0,833.0,312.0,475.0
60.0,44.0,-160.0,799.0,292.0,456.0
46.0,56.0,-166.0,780.0,309.0,427.0
40.0,70.0,-160.0,723.0,340.0,420.0
55.0,79.0,-136.0,659.0,373.0,446.0
87.0,70.0,-128.0,604.0,412.0,460.0
114.0,63.0,-117.0,503.0,474.0,428.0
125.0,48.0,-96.0,359.0,562.0,362.0
121.0,26.0,-69.0,211.0,659.0,285.0
103.0,7.0,-55.0,90.0,753.0,222.0
81.0,-10.0,-49.0,60.0,793.0,189.0
70.0,-28.0,-51.0,93.0,820.0,203.0
67.0,-54.0,-46.0,203.0,893.0,245.0
61.0,-84.0,-43.0,361.0,1023.0,240.0
53.0,-103.0,-60.0,529.0,1145.0,187.0
39.0,-116.0,-120.0,705.0,1207.0,125.0
27.0,-126.0,-196.0,887.0,1265.0,62.0
27.0,-128.0,-265.0,1059.0,1349.0,14.0
42.0,-132.0,-309.0,1163.0,1383.0,-57.0
36.0,-146.0,-335.0,1103.0,1264.0,-231.0
-10.0,-168.0,-346.0,850.0,917.0,-504.0
-89.0,-258.0,-250.0,479.0,361.0,-637.0
-139.0,-406.0,-52.0,203.0,212.0,-631.0
-150.0,-538.0,55.0,311.0,475.0,-582.0
-177.0,-592.0,6.0,516.0,886.0,-570.0
-229.0,-572.0,-185.0,456.0,1085.0,-682.0
-275.0,-503.0,-432.0,-27.0,820.0,-865.0
-296.0,-482.0,-527.0,-783.0,75.0,-910.0
-200.0,-526.0,-400.0,-1446.0,-875.0,-696.0
-70.0,-591.0,-277.0,-1640.0,-1607.0,-296.0
80.0,-668.0,-158.0,-1367.0,-1951.0,58.0
178.0,-694.0,-89.0,-869.0,-1962.0,244.0
239.0,-685.0,-91.0,-412.0,-1779.0,335.0
284.0,-661.0,-145.0,-169.0,-1506.0,400.0
298.0,-646.0,-193.0,-202.0,-1324.0,431.0
306.0,-630.0,-181.0,-371.0,-1190.0,473.0
302.0,-626.0,-148.0,-469.0,-1102.0,562.0
299.0,-619.0,-128.0,-425.0,-1047.0,697.0
275.0,-598.0,-122.0,-340.0,-996.0,857.0
224.0,-570.0,-91.0,-295.0,-942.0,996.0
180.0,-552.0,-100.0,-270.0,-921.0,1143.0
130.0,-539.0,-103.0,-332.0,-911.0,1248.0
63.0,-521.0,-94.0,-456.0,-891.0,1303.0
-3.0,-514.0,-90.0,-564.0,-880.0,1367.0
-65.0,-501.0,-91.0,-638.0,-897.0,1430.0
-120.0,-476.0,-53.0,-683.0,-970.0,1543.0
-153.0,-457.0,-50.0,-530.0,-1080.0,1668.0
-184.0,-431.0,-48.0,-326.0,-1167.0,1810.0
-183.0,-405.0,-50.0,-233.0,-1221.0,1850.0
-217.0,-351.0,-51.0,-225.0,-1229.0,1716.0
-252.0,-303.0,-70.0,-262.0,-1274.0,1579.0
-237.0,-253.0,-82.0,-327.0,-1357.0,1489.0
-213.0,-213.0,-73.0,-377.0,-1421.0,1364.0
-181.0,-186.0,-85.0,-412.0,-1441.0,1174.0
-145.0,-162.0,-97.0,-530.0,-1422.0,939.0
-123.0,-134.0,-65.0,-780.0,-1423.0,717.0
-99.0,-101.0,-68.0,-903.0,-1459.0,533.0
-48.0,-67.0,-63.0,-976.0,-1561.0,435.0
7.0,-27.0,-77.0,-964.0,-1643.0,352.0
61.0,-1.0,-97.0,-924.0,-1626.0,259.0
122.0,27.0,-84.0,-928.0,-1553.0,156.0
167.0,57.0,-79.0,-866.0,-1448.0,29.0
189.0,71.0,-86.0,-709.0,-1334.0,-110.0
195.0,89.0,-90.0,-530.0,-1228.0,-231.0
208.0,95.0,-98.0,-405.0,-1125.0,-345.0
203.0,94.0,-87.0,-362.0,-983.0,-446.0
186.0,85.0,-65.0,-383.0,-818.0,-555.0
150.0,61.0,-27.0,-421.0,-658.0,-663.0
107.0,25.0,-3.0,-448.0,-519.0,-759.0
71.0,-15.0,24.0,-479.0,-392.0,-832.0
50.0,-52.0,40.0,-485.0,-277.0,-913.0
29.0,-85.0,42.0,-402.0,-171.0,-977.0
9.0,-97.0,47.0,-244.0,-121.0,-1038.0
-6.0,-107.0,23.0,-1.0,-92.0,-1054.0
-27.0,-105.0,3.0,302.0,-75.0,-1049.0
-47.0,-90.0,-30.0,652.0,-66.0,-1000.0
-64.0,-73.0,-70.0,997.0,-47.0,-918.0
-89.0,-46.0,-103.0,1275.0,-39.0,-809.0
-110.0,-7.0,-124.0,1466.0,-68.0,-689.0
-129.0,10.0,-149.0,1584.0,-133.0,-578.0
-164.0,31.0,-163.0,1536.0,-206.0,-508.0
-189.0,42.0,-121.0,1295.0,-294.0,-397.0
-191.0,39.0,-80.0,977.0,-414.0,-225.0
-174.0,-20.0,-35.0,719.0,-567.0,-14.0
-156.0,-61.0,0.0,423.0,-737.0,26.0
-119.0,-90.0,41.0,287.0,-903.0,48.0
-71.0,-109.0,55.0,338.0,-990.0,83.0
-38.0,-122.0,61.0,563.0,-967.0,146.0
-20.0,-127.0,78.0,857.0,-879.0,219.0
-3.0,-119.0,79.0,1181.0,-828.0,298.0
25.0,-102.0,38.0,1478.0,-845.0,352.0
63.0,-77.0,-28.0,1678.0,-922.0,368.0
88.0,-24.0,-129.0,1728.0,-1035.0,305.0
58.0,36.0,-272.0,1615.0,-1216.0,193.0
-18.0,79.0,-450.0,1335.0,-1472.0,106.0
-89.0,80.0,-643.0,899.0,-1737.0,118.0
-120.0,38.0,-789.0,165.0,-1970.0,217.0
