38.0,-229.0,-114.0,187.0,-177.0,308.0
35.0,-224.0,-110.0,155.0,-165.0,301.0
26.0,-217.0,-108.0,127.0,-151.0,292.0
23.0,-216.0,-103.0,104.0,-134.0,284.0
15.0,-210.0,-95.0,88.0,-118.0,276.0
14.0,-210.0,-97.0,77.0,-104.0,269.0
15.0,-211.0,-95.0,69.0,-87.0,264.0
6.0,-209.0,-90.0,61.0,-72.0,260.0
-1.0,-208.0,-88.0,55.0,-57.0,257.0
-3.0,-207.0,-85.0,52.0,-39.0,257.0
-3.0,-204.0,-88.0,53.0,-17.0,261.0
-2.0,-201.0,-83.0,53.0,3.0,266.0
-2.0,-205.0,-87.0,53.0,26.0,278.0
3.0,-206.0,-93.0,54.0,51.0,294.0
6.0,-200.0,-88.0,52.0,79.0,309.0
7.0,-204.0,-94.0,50.0,106.0,324.0
15.0,-207.0,-92.0,46.0,130.0,339.0
8.0,-196.0,-98.0,40.0,153.0,353.0
19.0,-204.0,-90.0,35.0,174.0,368.0
24.0,-204.0,-86.0,27.0,189.0,380.0
24.0,-202.0,-84.0,21.0,200.0,388.0
26.0,-206.0,-81.0,22.0,211.0,392.0
26.0,-209.0,-77.0,32.0,221.0,396.0
26.0,-211.0,-77.0,50.0,227.0,396.0
27.0,-218.0,-75.0,67.0,231.0,394.0
17.0,-214.0,-74.0,88.0,231.0,392.0
16.0,-220.0,-71.0,109.0,228.0,389.0
11.0,-222.0,-64.0,135.0,228.0,384.0
11.0,-223.0,-67.0,165.0,230.0,375.0
0.0,-221.0,-66.0,202.0,235.0,366.0
-6.0,-220.0,-70.0,244.0,242.0,356.0
-7.0,-216.0,-70.0,283.0,255.0,344.0
-11.0,-216.0,-68.0,319.0,267.0,330.0
-14.0,-212.0,-69.0,350.0,284.0,316.0
-15.0,-212.0,-67.0,377.0,301.0,302.0
-16.0,-212.0,-65.0,402.0,319.0,289.0
-16.0,-207.0,-64.0,425.0,336.0,274.0
-15.0,-211.0,-62.0,445.0,351.0,263.0
-15.0,-211.0,-59.0,463.0,362.0,252.0
-14.0,-217.0,-63.0,479.0,371.0,239.0
-13.0,-214.0,-57.0,496.0,374.0,226.0
-8.0,-217.0,-59.0,513.0,373.0,216.0
-8.0,-218.0,-57.0,526.0,369.0,210.0
-4.0,-221.0,-53.0,534.0,361.0,205.0
-5.0,-224.0,-58.0,536.0,351.0,200.0
-1.0,-229.0,-60.0,534.0,340.0,196.0
-3.0,-233.0,-59.0,527.0,329.0,194.0
-1.0,-239.0,-58.0,510.0,321.0,193.0
1.0,-245.0,-55.0,499.0,311.0,195.0
4.0,-250.0,-53.0,494.0,303.0,196.0
0.0,-249.0,-54.0,480.0,295.0,195.0
-4.0,-255.0,-50.0,469.0,290.0,199.0
-3.0,-257.0,-48.0,457.0,288.0,204.0
-2.0,-260.0,-48.0,447.0,290.0,210.0
-2.0,-262.0,-48.0,441.0,293.0,216.0
-3.0,-266.0,-44.0,438.0,300.0,223.0
-4.0,-266.0,-44.0,440.0,312.0,230.0
-6.0,-268.0,-48.0,444.0,324.0,236.0
-1.0,-267.0,-44.0,456.0,331.0,243.0
-9.0,-267.0,-44.0,463.0,334.0,251.0
-9.0,-269.0,-47.0,465.0,337.0,257.0
-12.0,-263.0,-48.0,463.0,340.0,263.0
-16.0,-259.0,-47.0,459.0,341.0,272.0
-18.0,-259.0,-49.0,455.0,342.0,280.0
-18.0,-262.0,-48.0,451.0,347.0,289.0
-22.0,-258.0,-47.0,438.0,353.0,298.0
-25.0,-258.0,-49.0,423.0,361.0,306.0
-24.0,-256.0,-47.0,403.0,373.0,316.0
-24.0,-257.0,-46.0,379.0,384.0,325.0
-26.0,-257.0,-45.0,356.0,399.0,335.0
-23.0,-259.0,-40.0,330.0,410.0,342.0
-20.0,-256.0,-43.0,307.0,419.0,351.0
-16.0,-260.0,-43.0,284.0,429.0,359.0
-15.0,-258.0,-43.0,263.0,437.0,365.0
-15.0,-258.0,-40.0,242.0,447.0,371.0
-15.0,-256.0,-41.0,223.0,461.0,376.0
-9.0,-255.0,-43.0,207.0,475.0,380.0
-7.0,-255.0,-39.0,194.0,492.0,387.0
-8.0,-252.0,-37.0,182.0,510.0,393.0
-7.0,-256.0,-40.0,170.0,534.0,399.0
-7.0,-255.0,-37.0,159.0,558.0,405.0
-6.0,-253.0,-38.0,148.0,580.0,410.0
-9.0,-247.0,-35.0,143.0,599.0,417.0
-8.0,-253.0,-28.0,140.0,614.0,422.0
-10.0,-253.0,-32.0,143.0,628.0,426.0
-13.0,-250.0,-29.0,148.0,637.0,428.0
-16.0,-244.0,-34.0,149.0,642.0,428.0
-16.0,-240.0,-35.0,142.0,645.0,429.0
-23.0,-236.0,-35.0,126.0,646.0,430.0
-23.0,-236.0,-40.0,102.0,645.0,427.0
-26.0,-232.0,-40.0,74.0,646.0,425.0
-25.0,-229.0,-40.0,44.0,652.0,418.0
-30.0,-227.0,-41.0,9.0,660.0,410.0
-30.0,-231.0,-47.0,-25.0,674.0,401.0
-34.0,-230.0,-41.0,-58.0,688.0,391.0
-41.0,-232.0,-45.0,-89.0,702.0,379.0
-39.0,-236.0,-42.0,-112.0,713.0,370.0
-42.0,-236.0,-40.0,-130.0,728.0,359.0
-43.0,-241.0,-35.0,-138.0,741.0,347.0
-47.0,-242.0,-39.0,-138.0,753.0,336.0
-50.0,-243.0,-37.0,-128.0,762.0,325.0
-53.0,-241.0,-34.0,-113.0,768.0,315.0
-56.0,-249.0,-33.0,-96.0,771.0,304.0
-57.0,-247.0,-35.0,-77.0,774.0,293.0
-59.0,-248.0,-38.0,-58.0,774.0,282.0
-60.0,-250.0,-31.0,-44.0,773.0,267.0
-66.0,-256.0,-34.0,-30.0,770.0,252.0
-66.0,-256.0,-32.0,-16.0,763.0,239.0
-68.0,-256.0,-28.0,-5.0,753.0,229.0
-64.0,-263.0,-30.0,11.0,743.0,218.0
-65.0,-262.0,-32.0,24.0,735.0,207.0
-64.0,-265.0,-28.0,40.0,733.0,197.0
-63.0,-267.0,-33.0,51.0,734.0,184.0
-63.0,-264.0,-33.0,61.0,735.0,174.0
-54.0,-265.0,-30.0,69.0,740.0,162.0
-58.0,-264.0,-36.0,74.0,748.0,146.0
-53.0,-268.0,-30.0,76.0,762.0,128.0
-54.0,-267.0,-24.0,77.0,775.0,112.0
-52.0,-272.0,-20.0,74.0,788.0,97.0
-51.0,-276.0,-21.0,75.0,800.0,79.0
-48.0,-279.0,-17.0,73.0,813.0,64.0
-48.0,-286.0,-19.0,74.0,829.0,46.0
-50.0,-289.0,-6.0,77.0,850.0,27.0
-48.0,-295.0,-14.0,84.0,872.0,9.0
-46.0,-303.0,-17.0,93.0,898.0,-9.0
-42.0,-307.0,-23.0,110.0,915.0,-29.0
-33.0,-309.0,-38.0,133.0,926.0,-52.0
-32.0,-309.0,-50.0,155.0,945.0,-80.0
-43.0,-307.0,-59.0,164.0,969.0,-104.0
-48.0,-307.0,-76.0,152.0,981.0,-120.0
-65.0,-307.0,-91.0,108.0,971.0,-118.0
-75.0,-304.0,-100.0,28.0,934.0,-100.0
-79.0,-308.0,-104.0,-81.0,871.0,-66.0
-71.0,-313.0,-105.0,-208.0,808.0,-26.0
-61.0,-321.0,-95.0,-338.0,767.0,19.0
-65.0,-329.0,-80.0,-443.0,759.0,57.0
-59.0,-334.0,-57.0,-496.0,780.0,87.0
-64.0,-342.0,-55.0,-494.0,804.0,107.0
-60.0,-348.0,-40.0,-444.0,806.0,124.0
-50.0,-353.0,-38.0,-361.0,786.0,141.0
-39.0,-352.0,-48.0,-267.0,753.0,150.0
-28.0,-345.0,-58.0,-184.0,726.0,156.0
-26.0,-337.0,-72.0,-130.0,709.0,148.0
-30.0,-319.0,-85.0,-113.0,695.0,133.0
-28.0,-311.0,-91.0,-140.0,684.0,113.0
-38.0,-303.0,-99.0,-201.0,675.0,92.0
-45.0,-297.0,-99.0,-281.0,664.0,72.0
-52.0,-287.0,-99.0,-374.0,645.0,57.0
-62.0,-286.0,-90.0,-456.0,618.0,45.0
-66.0,-288.0,-87.0,-517.0,589.0,41.0
-67.0,-292.0,-80.0,-557.0,558.0,42.0
-66.0,-294.0,-76.0,-573.0,535.0,47.0
-64.0,-300.0,-69.0,-562.0,520.0,54.0
-64.0,-300.0,-68.0,-531.0,515.0,63.0
-56.0,-305.0,-70.0,-489.0,519.0,75.0
-59.0,-302.0,-71.0,-438.0,528.0,88.0
-38.0,-297.0,-74.0,-396.0,537.0,104.0
-34.0,-288.0,-79.0,-358.0,545.0,90.0
-30.0,-284.0,-82.0,-318.0,575.0,76.0
-26.0,-272.0,-83.0,-292.0,607.0,66.0
-27.0,-266.0,-87.0,-277.0,627.0,55.0
-23.0,-260.0,-87.0,-274.0,638.0,47.0
-16.0,-254.0,-89.0,-278.0,653.0,42.0
-15.0,-249.0,-88.0,-293.0,670.0,35.0
-10.0,-244.0,-84.0,-310.0,689.0,28.0
-4.0,-243.0,-82.0,-319.0,708.0,23.0
0.0,-240.0,-78.0,-321.0,723.0,21.0
4.0,-244.0,-77.0,-318.0,734.0,16.0
5.0,-249.0,-77.0,-309.0,746.0,13.0
13.0,-249.0,-79.0,-297.0,761.0,11.0
11.0,-251.0,-77.0,-284.0,773.0,10.0
12.0,-253.0,-84.0,-269.0,782.0,11.0
16.0,-256.0,-83.0,-254.0,787.0,16.0
9.0,-256.0,-87.0,-237.0,791.0,24.0
9.0,-256.0,-87.0,-222.0,793.0,37.0
9.0,-259.0,-86.0,-209.0,794.0,53.0
6.0,-256.0,-87.0,-194.0,797.0,75.0
7.0,-257.0,-90.0,-179.0,807.0,98.0
5.0,-261.0,-92.0,-169.0,822.0,122.0
4.0,-258.0,-90.0,-156.0,840.0,146.0
8.0,-263.0,-84.0,-140.0,859.0,171.0
9.0,-260.0,-89.0,-124.0,881.0,195.0
11.0,-260.0,-86.0,-107.0,898.0,217.0
9.0,-262.0,-89.0,-91.0,914.0,236.0
8.0,-261.0,-86.0,-68.0,928.0,251.0
7.0,-262.0,-90.0,-42.0,934.0,265.0
6.0,-258.0,-91.0,-21.0,936.0,279.0
6.0,-260.0,-93.0,1.0,938.0,289.0
3.0,-261.0,-95.0,24.0,942.0,296.0
1.0,-259.0,-93.0,41.0,947.0,302.0
-1.0,-259.0,-94.0,57.0,950.0,305.0
-3.0,-259.0,-92.0,77.0,955.0,306.0
-3.0,-258.0,-91.0,100.0,960.0,305.0
-5.0,-259.0,-94.0,126.0,963.0,304.0
-13.0,-256.0,-87.0,151.0,964.0,301.0
-15.0,-254.0,-91.0,180.0,965.0,299.0
-16.0,-253.0,-93.0,206.0,969.0,296.0
-17.0,-250.0,-100.0,232.0,974.0,294.0
-22.0,-245.0,-98.0,252.0,978.0,293.0
-26.0,-239.0,-94.0,264.0,980.0,294.0
-25.0,-235.0,-94.0,273.0,985.0,299.0
-28.0,-231.0,-86.0,275.0,985.0,305.0
-25.0,-222.0,-90.0,271.0,987.0,312.0
-23.0,-219.0,-84.0,269.0,989.0,320.0
-23.0,-210.0,-83.0,262.0,988.0,328.0
-20.0,-208.0,-76.0,255.0,988.0,336.0
-17.0,-203.0,-72.0,249.0,991.0,341.0
-16.0,-200.0,-69.0,245.0,995.0,346.0
-15.0,-194.0,-67.0,243.0,1000.0,348.0
-14.0,-192.0,-66.0,243.0,1008.0,347.0
-10.0,-193.0,-64.0,244.0,1016.0,343.0
-14.0,-192.0,-64.0,240.0,1024.0,338.0
-12.0,-189.0,-65.0,241.0,1032.0,331.0
-8.0,-193.0,-61.0,243.0,1041.0,322.0
-9.0,-193.0,-64.0,242.0,1051.0,312.0
-8.0,-196.0,-65.0,244.0,1063.0,305.0
-9.0,-197.0,-60.0,247.0,1078.0,297.0
-7.0,-200.0,-63.0,255.0,1094.0,291.0
-9.0,-202.0,-62.0,265.0,1112.0,285.0
-7.0,-203.0,-58.0,278.0,1132.0,284.0
-4.0,-208.0,-62.0,290.0,1156.0,281.0
-3.0,-209.0,-60.0,306.0,1182.0,278.0
2.0,-218.0,-61.0,324.0,1212.0,277.0
0.0,-222.0,-61.0,338.0,1242.0,278.0
-2.0,-224.0,-64.0,358.0,1268.0,277.0
2.0,-227.0,-68.0,377.0,1291.0,277.0
4.0,-227.0,-65.0,404.0,1314.0,277.0
5.0,-232.0,-67.0,430.0,1333.0,279.0
3.0,-232.0,-69.0,455.0,1354.0,279.0
6.0,-233.0,-73.0,480.0,1374.0,279.0
6.0,-234.0,-76.0,500.0,1396.0,274.0
3.0,-235.0,-75.0,516.0,1417.0,272.0
4.0,-233.0,-77.0,531.0,1440.0,267.0
-4.0,-230.0,-84.0,543.0,1463.0,260.0
-1.0,-233.0,-78.0,546.0,1487.0,252.0
-1.0,-233.0,-73.0,546.0,1514.0,246.0
-6.0,-229.0,-71.0,546.0,1540.0,236.0
-4.0,-230.0,-70.0,544.0,1570.0,227.0
-6.0,-227.0,-69.0,541.0,1600.0,216.0
-5.0,-229.0,-71.0,540.0,1632.0,205.0
-5.0,-225.0,-71.0,539.0,1663.0,195.0
-12.0,-230.0,-70.0,536.0,1694.0,183.0
-12.0,-231.0,-71.0,531.0,1719.0,172.0
-13.0,-231.0,-72.0,522.0,1737.0,163.0
-10.0,-230.0,-63.0,512.0,1751.0,155.0
-13.0,-232.0,-72.0,504.0,1765.0,147.0
-15.0,-231.0,-72.0,494.0,1778.0,144.0
-16.0,-234.0,-76.0,485.0,1792.0,139.0
-16.0,-234.0,-78.0,476.0,1804.0,136.0
-16.0,-237.0,-71.0,467.0,1817.0,134.0
-20.0,-240.0,-77.0,455.0,1828.0,134.0
-18.0,-242.0,-75.0,446.0,1839.0,134.0
-20.0,-243.0,-80.0,440.0,1851.0,137.0
-16.0,-250.0,-76.0,437.0,1866.0,142.0
-18.0,-252.0,-79.0,438.0,1877.0,149.0
-18.0,-252.0,-78.0,441.0,1880.0,156.0
-18.0,-255.0,-82.0,440.0,1878.0,165.0
-24.0,-257.0,-80.0,436.0,1874.0,175.0
-18.0,-259.0,-82.0,427.0,1866.0,182.0
-16.0,-260.0,-84.0,418.0,1861.0,187.0
-21.0,-258.0,-83.0,407.0,1854.0,189.0
-28.0,-257.0,-77.0,400.0,1849.0,192.0
-22.0,-253.0,-82.0,395.0,1843.0,192.0
-21.0,-257.0,-78.0,391.0,1836.0,189.0
-25.0,-252.0,-76.0,392.0,1834.0,183.0
-23.0,-254.0,-74.0,395.0,1837.0,177.0
-29.0,-250.0,-71.0,399.0,1841.0,169.0
-31.0,-248.0,-69.0,401.0,1846.0,162.0
-38.0,-249.0,-74.0,405.0,1849.0,154.0
-37.0,-245.0,-67.0,403.0,1851.0,146.0
-37.0,-245.0,-69.0,402.0,1852.0,141.0
-34.0,-249.0,-66.0,405.0,1853.0,137.0
-34.0,-248.0,-70.0,403.0,1857.0,131.0
-34.0,-254.0,-68.0,400.0,1864.0,129.0
-37.0,-254.0,-69.0,395.0,1869.0,129.0
-36.0,-255.0,-67.0,391.0,1870.0,129.0
-33.0,-257.0,-72.0,394.0,1870.0,131.0
-27.0,-258.0,-76.0,398.0,1872.0,130.0
-27.0,-261.0,-68.0,404.0,1877.0,127.0
-25.0,-262.0,-71.0,410.0,1883.0,126.0
-27.0,-260.0,-67.0,408.0,1887.0,121.0
-23.0,-260.0,-67.0,410.0,1885.0,114.0
-23.0,-262.0,-70.0,418.0,1880.0,112.0
-20.0,-260.0,-69.0,426.0,1877.0,110.0
-24.0,-257.0,-65.0,430.0,1878.0,107.0
-21.0,-257.0,-72.0,430.0,1878.0,104.0
-22.0,-257.0,-74.0,419.0,1877.0,101.0
-20.0,-256.0,-76.0,408.0,1878.0,103.0
-28.0,-255.0,-73.0,395.0,1879.0,102.0
-24.0,-256.0,-77.0,377.0,1882.0,102.0
-26.0,-255.0,-76.0,363.0,1885.0,107.0
-23.0,-255.0,-88.0,350.0,1895.0,112.0
-25.0,-253.0,-83.0,341.0,1911.0,116.0
-26.0,-252.0,-90.0,323.0,1929.0,122.0
-25.0,-251.0,-96.0,302.0,1952.0,127.0
-23.0,-255.0,-94.0,272.0,1976.0,129.0
-16.0,-255.0,-97.0,242.0,2003.0,138.0
-12.0,-257.0,-98.0,202.0,2026.0,148.0
-10.0,-265.0,-97.0,161.0,2049.0,158.0
-11.0,-260.0,-92.0,127.0,2066.0,164.0
-7.0,-269.0,-78.0,112.0,2073.0,170.0
-9.0,-274.0,-78.0,108.0,2067.0,174.0
-12.0,-279.0,-74.0,119.0,2049.0,179.0
-18.0,-282.0,-69.0,137.0,2022.0,180.0
-25.0,-285.0,-63.0,166.0,1985.0,174.0
-33.0,-284.0,-70.0,199.0,1938.0,165.0
-41.0,-284.0,-63.0,236.0,1891.0,148.0
-53.0,-281.0,-63.0,272.0,1843.0,124.0
-62.0,-276.0,-63.0,299.0,1799.0,93.0
-70.0,-271.0,-67.0,319.0,1753.0,59.0
-78.0,-267.0,-68.0,327.0,1708.0,23.0
-82.0,-264.0,-67.0,329.0,1660.0,-12.0
-89.0,-257.0,-64.0,322.0,1608.0,-44.0
-98.0,-253.0,-59.0,309.0,1553.0,-73.0
-100.0,-251.0,-56.0,288.0,1496.0,-96.0
-105.0,-248.0,-50.0,270.0,1437.0,-116.0
-103.0,-246.0,-48.0,256.0,1374.0,-132.0
-102.0,-242.0,-51.0,249.0,1308.0,-144.0
-99.0,-245.0,-47.0,247.0,1242.0,-157.0
-90.0,-248.0,-48.0,245.0,1186.0,-168.0
-86.0,-250.0,-39.0,242.0,1135.0,-178.0
-80.0,-251.0,-45.0,234.0,1085.0,-186.0
-74.0,-255.0,-46.0,223.0,1034.0,-189.0
-71.0,-256.0,-47.0,214.0,978.0,-189.0
-61.0,-258.0,-45.0,211.0,922.0,-184.0
-57.0,-260.0,-42.0,214.0,867.0,-174.0
-50.0,-264.0,-43.0,222.0,813.0,-166.0
-46.0,-266.0,-43.0,231.0,763.0,-158.0
-37.0,-265.0,-44.0,233.0,718.0,-155.0
-34.0,-264.0,-47.0,233.0,680.0,-152.0
-30.0,-264.0,-43.0,231.0,646.0,-154.0
-30.0,-266.0,-57.0,224.0,612.0,-157.0
-20.0,-261.0,-47.0,211.0,586.0,-161.0
-16.0,-261.0,-49.0,193.0,564.0,-166.0
-15.0,-260.0,-48.0,172.0,547.0,-170.0
-12.0,-264.0,-48.0,148.0,531.0,-173.0
-7.0,-273.0,-49.0,120.0,515.0,-176.0
-12.0,-273.0,-52.0,95.0,502.0,-176.0
-7.0,-284.0,-51.0,75.0,492.0,-177.0
-4.0,-293.0,-55.0,57.0,490.0,-181.0
-5.0,-297.0,-55.0,47.0,495.0,-191.0
-2.0,-305.0,-58.0,41.0,506.0,-205.0
-2.0,-304.0,-63.0,43.0,522.0,-224.0
4.0,-307.0,-68.0,51.0,540.0,-248.0
0.0,-300.0,-68.0,69.0,557.0,-272.0
2.0,-296.0,-68.0,92.0,570.0,-296.0
-3.0,-287.0,-59.0,118.0,577.0,-316.0
-10.0,-277.0,-57.0,136.0,570.0,-333.0
-13.0,-271.0,-51.0,151.0,553.0,-344.0
-21.0,-257.0,-44.0,157.0,527.0,-353.0
-19.0,-254.0,-40.0,156.0,500.0,-357.0
-30.0,-247.0,-37.0,159.0,471.0,-361.0
-30.0,-247.0,-35.0,158.0,445.0,-359.0
-38.0,-236.0,-35.0,162.0,419.0,-354.0
-37.0,-230.0,-36.0,170.0,398.0,-346.0
-43.0,-230.0,-40.0,179.0,378.0,-336.0
-43.0,-230.0,-39.0,187.0,364.0,-323.0
-46.0,-226.0,-46.0,188.0,350.0,-308.0
-41.0,-226.0,-47.0,186.0,339.0,-288.0
-39.0,-226.0,-48.0,179.0,328.0,-268.0
-38.0,-229.0,-52.0,166.0,318.0,-247.0
-33.0,-228.0,-54.0,148.0,314.0,-225.0
-26.0,-231.0,-51.0,128.0,311.0,-203.0
-22.0,-234.0,-55.0,110.0,310.0,-183.0
-18.0,-238.0,-50.0,97.0,311.0,-163.0
-16.0,-240.0,-48.0,90.0,315.0,-145.0
-16.0,-241.0,-46.0,87.0,321.0,-129.0
-10.0,-243.0,-46.0,92.0,325.0,-114.0
-11.0,-248.0,-42.0,98.0,329.0,-99.0
-10.0,-246.0,-41.0,108.0,335.0,-86.0
-4.0,-248.0,-40.0,121.0,342.0,-71.0
-4.0,-249.0,-40.0,132.0,350.0,-59.0
-3.0,-249.0,-34.0,135.0,360.0,-48.0
-5.0,-246.0,-40.0,129.0,376.0,-37.0
-1.0,-251.0,-41.0,123.0,394.0,-26.0
1.0,-253.0,-47.0,113.0,410.0,-19.0
2.0,-252.0,-47.0,100.0,431.0,-12.0
-1.0,-253.0,-47.0,87.0,454.0,-8.0
2.0,-255.0,-49.0,73.0,480.0,-8.0
2.0,-258.0,-51.0,62.0,510.0,-6.0
1.0,-259.0,-52.0,53.0,540.0,-8.0
8.0,-262.0,-54.0,43.0,573.0,-10.0
6.0,-262.0,-52.0,34.0,605.0,-15.0
9.0,-266.0,-55.0,33.0,632.0,-22.0
12.0,-270.0,-57.0,35.0,660.0,-29.0
14.0,-268.0,-53.0,41.0,687.0,-38.0
12.0,-271.0,-56.0,51.0,714.0,-48.0
12.0,-270.0,-53.0,67.0,739.0,-59.0
11.0,-272.0,-49.0,86.0,765.0,-70.0
8.0,-274.0,-49.0,111.0,791.0,-83.0
7.0,-272.0,-46.0,137.0,814.0,-94.0
8.0,-274.0,-43.0,162.0,839.0,-103.0
5.0,-272.0,-41.0,193.0,862.0,-111.0
5.0,-271.0,-45.0,226.0,884.0,-121.0
7.0,-267.0,-44.0,255.0,906.0,-130.0
7.0,-267.0,-45.0,281.0,929.0,-141.0
3.0,-261.0,-47.0,300.0,954.0,-150.0
2.0,-260.0,-45.0,314.0,975.0,-161.0
1.0,-256.0,-40.0,323.0,993.0,-170.0
-1.0,-257.0,-40.0,328.0,1007.0,-179.0
0.0,-258.0,-34.0,332.0,1022.0,-187.0
-1.0,-258.0,-27.0,334.0,1034.0,-196.0
-2.0,-256.0,-31.0,336.0,1045.0,-203.0
-8.0,-255.0,-25.0,335.0,1054.0,-209.0
-6.0,-256.0,-22.0,336.0,1062.0,-216.0
-8.0,-257.0,-20.0,335.0,1071.0,-223.0
-12.0,-255.0,-16.0,333.0,1080.0,-229.0
-15.0,-256.0,-14.0,331.0,1089.0,-232.0
-12.0,-257.0,-14.0,322.0,1095.0,-234.0
-13.0,-254.0,-10.0,310.0,1097.0,-236.0
-15.0,-255.0,-8.0,299.0,1101.0,-238.0
-14.0,-255.0,-8.0,284.0,1103.0,-238.0
-15.0,-255.0,-10.0,270.0,1104.0,-235.0
-15.0,-254.0,-12.0,255.0,1105.0,-235.0
-16.0,-253.0,-10.0,238.0,1104.0,-232.0
-18.0,-254.0,-13.0,218.0,1102.0,-228.0
-20.0,-255.0,-11.0,198.0,1097.0,-223.0
-16.0,-256.0,-5.0,179.0,1087.0,-218.0
-22.0,-257.0,-19.0,163.0,1075.0,-210.0
-17.0,-258.0,-21.0,146.0,1058.0,-202.0
-20.0,-258.0,-22.0,126.0,1040.0,-192.0
-23.0,-258.0,-24.0,108.0,1020.0,-182.0
-24.0,-261.0,-27.0,86.0,999.0,-174.0
-25.0,-261.0,-27.0,64.0,981.0,-167.0
-23.0,-263.0,-25.0,46.0,961.0,-160.0
-27.0,-264.0,-31.0,37.0,939.0,-155.0
-31.0,-266.0,-32.0,32.0,915.0,-149.0
-39.0,-265.0,-36.0,27.0,886.0,-140.0
-43.0,-267.0,-31.0,23.0,855.0,-132.0
-35.0,-262.0,-34.0,16.0,813.0,-116.0
-22.0,-265.0,-38.0,-4.0,769.0,-100.0
-18.0,-265.0,-36.0,-35.0,738.0,-91.0
-16.0,-260.0,-27.0,-54.0,719.0,-93.0
-18.0,-256.0,-27.0,-52.0,704.0,-106.0
-26.0,-249.0,-27.0,-29.0,695.0,-118.0
-33.0,-248.0,-27.0,-11.0,684.0,-119.0
-35.0,-246.0,-23.0,-18.0,667.0,-108.0
-34.0,-248.0,-28.0,-45.0,649.0,-91.0
-30.0,-250.0,-21.0,-98.0,633.0,-76.0
-25.0,-253.0,-15.0,-152.0,631.0,-56.0
-25.0,-262.0,-11.0,-193.0,644.0,-40.0
-16.0,-272.0,4.0,-208.0,671.0,-33.0
-16.0,-277.0,7.0,-185.0,703.0,-29.0
-10.0,-281.0,7.0,-136.0,739.0,-28.0
-7.0,-283.0,5.0,-75.0,780.0,-28.0
-7.0,-282.0,3.0,-20.0,807.0,-27.0
-9.0,-281.0,-5.0,16.0,835.0,-27.0
-11.0,-274.0,-11.0,32.0,851.0,-24.0
-9.0,-271.0,-14.0,32.0,855.0,-22.0
-9.0,-271.0,-21.0,21.0,861.0,-20.0
-8.0,-262.0,-26.0,1.0,873.0,-17.0
-8.0,-261.0,-31.0,-23.0,894.0,-16.0
-9.0,-256.0,-30.0,-46.0,925.0,-12.0
-6.0,-256.0,-32.0,-67.0,957.0,-8.0
-8.0,-256.0,-33.0,-87.0,989.0,1.0
-10.0,-255.0,-25.0,-106.0,1012.0,8.0
-9.0,-257.0,-20.0,-126.0,1024.0,13.0
-6.0,-258.0,-12.0,-141.0,1034.0,17.0
-5.0,-256.0,-16.0,-152.0,1041.0,20.0
-1.0,-259.0,-11.0,-154.0,1049.0,21.0
-7.0,-255.0,-12.0,-156.0,1055.0,20.0
-15.0,-256.0,-10.0,-149.0,1062.0,18.0
-16.0,-257.0,-11.0,-138.0,1065.0,16.0
-20.0,-257.0,-15.0,-127.0,1065.0,14.0
-27.0,-259.0,-14.0,-116.0,1066.0,11.0
-34.0,-260.0,-16.0,-107.0,1067.0,6.0
-38.0,-261.0,-15.0,-98.0,1065.0,0.0
-41.0,-259.0,-15.0,-90.0,1061.0,-6.0
-41.0,-259.0,-14.0,-81.0,1059.0,-12.0
-41.0,-258.0,-20.0,-69.0,1057.0,-17.0
-43.0,-260.0,-16.0,-59.0,1056.0,-22.0
-45.0,-256.0,-16.0,-49.0,1051.0,-26.0
-47.0,-255.0,-20.0,-45.0,1045.0,-30.0
-45.0,-255.0,-22.0,-48.0,1035.0,-33.0
-44.0,-254.0,-23.0,-56.0,1019.0,-36.0
-46.0,-255.0,-22.0,-67.0,1000.0,-39.0
-44.0,-253.0,-17.0,-80.0,978.0,-40.0
-43.0,-255.0,-16.0,-91.0,956.0,-40.0
-45.0,-258.0,-17.0,-97.0,935.0,-39.0
-44.0,-260.0,-17.0,-98.0,914.0,-36.0
-45.0,-260.0,-14.0,-94.0,895.0,-34.0
-42.0,-263.0,-16.0,-90.0,875.0,-32.0
-44.0,-263.0,-25.0,-82.0,856.0,-30.0
-44.0,-259.0,-16.0,-73.0,837.0,-29.0
-41.0,-259.0,-16.0,-63.0,820.0,-30.0
-39.0,-259.0,-17.0,-57.0,803.0,-34.0
-39.0,-260.0,-18.0,-50.0,787.0,-39.0
-37.0,-264.0,-17.0,-44.0,773.0,-45.0
-36.0,-266.0,-17.0,-39.0,759.0,-51.0
-40.0,-262.0,-13.0,-31.0,743.0,-55.0
-36.0,-264.0,-13.0,-22.0,725.0,-60.0
-36.0,-264.0,-15.0,-11.0,707.0,-66.0
-36.0,-263.0,-7.0,-4.0,690.0,-71.0
-37.0,-263.0,-13.0,6.0,672.0,-75.0
-37.0,-265.0,-14.0,16.0,652.0,-78.0
-38.0,-260.0,-13.0,29.0,635.0,-80.0
-37.0,-263.0,-12.0,40.0,617.0,-84.0
-36.0,-262.0,-16.0,49.0,601.0,-87.0
-40.0,-259.0,-16.0,60.0,585.0,-89.0
-40.0,-259.0,-11.0,68.0,569.0,-91.0
-37.0,-260.0,-10.0,75.0,553.0,-95.0
-39.0,-257.0,-10.0,82.0,534.0,-100.0
-38.0,-260.0,-8.0,90.0,520.0,-106.0
-38.0,-256.0,-4.0,97.0,503.0,-113.0
-38.0,-258.0,-9.0,105.0,489.0,-120.0
-42.0,-257.0,-11.0,111.0,473.0,-128.0
-37.0,-261.0,-14.0,113.0,460.0,-134.0
-41.0,-261.0,-16.0,114.0,447.0,-139.0
-44.0,-257.0,-20.0,111.0,432.0,-145.0
-44.0,-259.0,-24.0,103.0,411.0,-148.0
-46.0,-256.0,-31.0,90.0,385.0,-148.0
-49.0,-258.0,-40.0,67.0,352.0,-147.0
-40.0,-261.0,-40.0,33.0,318.0,-143.0
-44.0,-259.0,-43.0,-9.0,286.0,-137.0
-45.0,-265.0,-36.0,-53.0,267.0,-122.0
-45.0,-261.0,-32.0,-94.0,246.0,-105.0
-40.0,-260.0,-26.0,-128.0,223.0,-87.0
-33.0,-269.0,-19.0,-151.0,206.0,-68.0
-27.0,-272.0,-14.0,-161.0,199.0,-47.0
-22.0,-275.0,-9.0,-155.0,200.0,-26.0
-14.0,-278.0,-2.0,-140.0,213.0,-3.0
-10.0,-279.0,-5.0,-116.0,233.0,16.0
0.0,-281.0,-9.0,-89.0,254.0,34.0
13.0,-282.0,-11.0,-63.0,275.0,45.0
22.0,-285.0,-9.0,-42.0,294.0,52.0
28.0,-276.0,-14.0,-21.0,312.0,54.0
32.0,-274.0,-11.0,0.0,328.0,57.0
33.0,-273.0,-16.0,23.0,345.0,55.0
33.0,-266.0,-18.0,41.0,363.0,54.0
29.0,-266.0,-16.0,51.0,383.0,53.0
31.0,-260.0,-17.0,61.0,405.0,52.0
23.0,-257.0,-27.0,64.0,430.0,56.0
19.0,-255.0,-25.0,63.0,459.0,57.0
16.0,-256.0,-26.0,61.0,488.0,57.0
17.0,-254.0,-32.0,55.0,511.0,57.0
17.0,-252.0,-25.0,45.0,530.0,54.0
11.0,-251.0,-28.0,26.0,550.0,51.0
8.0,-252.0,-31.0,4.0,566.0,46.0
6.0,-251.0,-34.0,-18.0,581.0,44.0
4.0,-252.0,-29.0,-40.0,592.0,43.0
0.0,-253.0,-31.0,-56.0,602.0,44.0
-4.0,-253.0,-31.0,-70.0,609.0,47.0
-6.0,-253.0,-26.0,-86.0,613.0,55.0
-10.0,-255.0,-33.0,-101.0,613.0,63.0
-14.0,-256.0,-29.0,-115.0,612.0,74.0
-18.0,-258.0,-29.0,-131.0,612.0,88.0
-23.0,-264.0,-25.0,-144.0,612.0,103.0
-23.0,-264.0,-28.0,-151.0,610.0,117.0
-25.0,-268.0,-22.0,-147.0,610.0,130.0
-26.0,-269.0,-23.0,-130.0,610.0,141.0
-23.0,-267.0,-22.0,-101.0,609.0,149.0
-24.0,-266.0,-22.0,-70.0,605.0,154.0
-23.0,-268.0,-18.0,-40.0,600.0,154.0
-23.0,-266.0,-22.0,-12.0,593.0,151.0
-19.0,-266.0,-18.0,14.0,582.0,145.0
-20.0,-262.0,-22.0,37.0,573.0,141.0
-22.0,-260.0,-25.0,53.0,564.0,138.0
-18.0,-251.0,-24.0,64.0,554.0,135.0
-19.0,-258.0,-21.0,70.0,545.0,132.0
-17.0,-257.0,-19.0,73.0,537.0,131.0
-18.0,-257.0,-23.0,72.0,531.0,134.0
-16.0,-256.0,-21.0,68.0,525.0,135.0
-17.0,-256.0,-24.0,63.0,516.0,137.0
-23.0,-258.0,-22.0,54.0,504.0,140.0
-26.0,-257.0,-18.0,46.0,488.0,143.0
-26.0,-256.0,-21.0,34.0,468.0,146.0
-32.0,-256.0,-18.0,24.0,447.0,147.0
-28.0,-261.0,-19.0,19.0,427.0,150.0
-29.0,-255.0,-17.0,10.0,408.0,150.0
-23.0,-255.0,-18.0,8.0,389.0,157.0
-17.0,-254.0,-20.0,17.0,378.0,162.0
-14.0,-252.0,-21.0,33.0,376.0,167.0
-15.0,-250.0,-21.0,53.0,381.0,172.0
-12.0,-251.0,-20.0,71.0,387.0,175.0
-9.0,-247.0,-22.0,81.0,388.0,177.0
-6.0,-250.0,-27.0,79.0,383.0,177.0
-2.0,-247.0,-23.0,69.0,379.0,176.0
2.0,-247.0,-27.0,49.0,372.0,172.0
6.0,-250.0,-23.0,27.0,363.0,171.0
-1.0,-252.0,-23.0,4.0,350.0,168.0
3.0,-255.0,-24.0,-17.0,341.0,165.0
1.0,-252.0,-24.0,-30.0,337.0,162.0
1.0,-257.0,-21.0,-37.0,335.0,159.0
-1.0,-260.0,-22.0,-37.0,336.0,154.0
-5.0,-257.0,-25.0,-37.0,337.0,150.0
-2.0,-261.0,-21.0,-36.0,339.0,148.0
-2.0,-261.0,-19.0,-33.0,341.0,145.0
-5.0,-260.0,-24.0,-28.0,349.0,144.0
-3.0,-264.0,-27.0,-27.0,360.0,145.0
-6.0,-265.0,-15.0,-29.0,369.0,142.0
-7.0,-265.0,-24.0,-26.0,376.0,135.0
-4.0,-264.0,-23.0,-17.0,380.0,132.0
-8.0,-263.0,-27.0,-10.0,380.0,128.0
-8.0,-260.0,-32.0,-5.0,376.0,125.0
-8.0,-262.0,-29.0,-6.0,373.0,122.0
-7.0,-260.0,-33.0,-6.0,370.0,120.0
-9.0,-258.0,-33.0,-10.0,369.0,115.0
-9.0,-263.0,-27.0,-17.0,365.0,113.0
-11.0,-257.0,-34.0,-22.0,365.0,111.0
-8.0,-260.0,-30.0,-28.0,364.0,111.0
-13.0,-258.0,-29.0,-30.0,363.0,109.0
