1.0,-200.0,-113.0,192.0,-51.0,507.0
5.0,-199.0,-111.0,184.0,-35.0,500.0
4.0,-203.0,-107.0,168.0,-22.0,491.0
6.0,-202.0,-105.0,154.0,-22.0,471.0
9.0,-208.0,-110.0,132.0,-33.0,461.0
10.0,-213.0,-104.0,114.0,-31.0,445.0
10.0,-218.0,-98.0,111.0,-16.0,431.0
12.0,-224.0,-97.0,127.0,18.0,415.0
10.0,-225.0,-104.0,132.0,14.0,411.0
16.0,-231.0,-104.0,129.0,8.0,412.0
18.0,-231.0,-95.0,127.0,39.0,398.0
14.0,-236.0,-87.0,145.0,92.0,373.0
4.0,-238.0,-81.0,179.0,135.0,367.0
-2.0,-240.0,-92.0,228.0,152.0,373.0
-6.0,-243.0,-92.0,265.0,163.0,378.0
-11.0,-245.0,-94.0,277.0,169.0,374.0
-13.0,-241.0,-88.0,286.0,170.0,376.0
-16.0,-239.0,-91.0,299.0,171.0,381.0
-20.0,-241.0,-91.0,309.0,177.0,391.0
-25.0,-241.0,-92.0,319.0,197.0,388.0
-19.0,-239.0,-104.0,315.0,212.0,387.0
-14.0,-236.0,-105.0,279.0,222.0,380.0
-23.0,-236.0,-83.0,248.0,242.0,375.0
-31.0,-230.0,-80.0,266.0,260.0,392.0
-32.0,-227.0,-83.0,294.0,272.0,413.0
-33.0,-221.0,-87.0,306.0,281.0,427.0
-31.0,-220.0,-88.0,309.0,294.0,433.0
-28.0,-218.0,-92.0,307.0,298.0,433.0
-26.0,-212.0,-91.0,296.0,301.0,438.0
-31.0,-209.0,-87.0,288.0,303.0,443.0
-25.0,-217.0,-88.0,285.0,308.0,454.0
-24.0,-215.0,-96.0,274.0,321.0,447.0
-26.0,-218.0,-97.0,239.0,345.0,428.0
-25.0,-218.0,-92.0,181.0,362.0,404.0
-29.0,-220.0,-88.0,139.0,364.0,388.0
-29.0,-223.0,-84.0,111.0,364.0,375.0
-30.0,-224.0,-83.0,93.0,360.0,367.0
-31.0,-227.0,-81.0,77.0,351.0,369.0
-34.0,-222.0,-72.0,65.0,345.0,363.0
-32.0,-229.0,-70.0,69.0,341.0,349.0
-38.0,-224.0,-73.0,81.0,329.0,336.0
-36.0,-224.0,-78.0,87.0,321.0,321.0
-38.0,-224.0,-75.0,86.0,320.0,306.0
-39.0,-224.0,-79.0,82.0,319.0,294.0
-38.0,-221.0,-72.0,82.0,322.0,279.0
-45.0,-223.0,-79.0,77.0,325.0,263.0
-50.0,-221.0,-83.0,61.0,329.0,246.0
-54.0,-221.0,-88.0,35.0,331.0,236.0
-56.0,-223.0,-87.0,4.0,330.0,228.0
-55.0,-223.0,-82.0,-21.0,325.0,225.0
-57.0,-220.0,-89.0,-40.0,319.0,229.0
-61.0,-225.0,-86.0,-59.0,322.0,238.0
-60.0,-223.0,-81.0,-76.0,334.0,220.0
-57.0,-225.0,-83.0,-85.0,337.0,208.0
-58.0,-225.0,-82.0,-89.0,333.0,197.0
-57.0,-228.0,-80.0,-89.0,328.0,189.0
-57.0,-229.0,-81.0,-89.0,325.0,176.0
-57.0,-224.0,-75.0,-83.0,318.0,169.0
-56.0,-227.0,-73.0,-67.0,312.0,156.0
-51.0,-232.0,-71.0,-47.0,304.0,151.0
-49.0,-229.0,-77.0,-24.0,294.0,141.0
-43.0,-225.0,-75.0,-6.0,289.0,139.0
-48.0,-234.0,-79.0,12.0,266.0,202.0
-49.0,-236.0,-73.0,1.0,306.0,171.0
-52.0,-236.0,-72.0,4.0,314.0,119.0
-47.0,-235.0,-81.0,11.0,302.0,95.0
-44.0,-234.0,-76.0,9.0,297.0,84.0
-39.0,-235.0,-74.0,5.0,300.0,98.0
-42.0,-235.0,-69.0,0.0,308.0,102.0
-46.0,-237.0,-72.0,-3.0,322.0,86.0
-44.0,-236.0,-69.0,15.0,338.0,67.0
-47.0,-238.0,-76.0,33.0,351.0,70.0
-28.0,-235.0,-76.0,51.0,366.0,86.0
-22.0,-235.0,-74.0,62.0,396.0,83.0
-26.0,-232.0,-67.0,63.0,431.0,72.0
-26.0,-229.0,-73.0,65.0,456.0,65.0
-23.0,-230.0,-65.0,73.0,475.0,62.0
-26.0,-228.0,-70.0,75.0,482.0,54.0
-23.0,-224.0,-64.0,71.0,491.0,28.0
-26.0,-227.0,-64.0,71.0,500.0,8.0
-28.0,-221.0,-66.0,69.0,513.0,-12.0
-32.0,-222.0,-64.0,66.0,527.0,-26.0
-33.0,-228.0,-62.0,58.0,538.0,-39.0
-37.0,-226.0,-62.0,47.0,549.0,-40.0
-40.0,-226.0,-59.0,43.0,553.0,-43.0
-47.0,-229.0,-63.0,40.0,558.0,-44.0
-44.0,-227.0,-62.0,30.0,565.0,-35.0
-45.0,-229.0,-60.0,29.0,561.0,-31.0
-47.0,-232.0,-66.0,21.0,564.0,-33.0
-49.0,-229.0,-67.0,0.0,571.0,-30.0
-46.0,-229.0,-65.0,-20.0,568.0,-11.0
-56.0,-239.0,-66.0,-36.0,566.0,41.0
-60.0,-239.0,-58.0,-65.0,597.0,28.0
-55.0,-242.0,-62.0,-80.0,598.0,9.0
-51.0,-246.0,-65.0,-85.0,592.0,-7.0
-52.0,-251.0,-62.0,-95.0,601.0,-7.0
-53.0,-259.0,-63.0,-101.0,614.0,-5.0
-61.0,-262.0,-43.0,-100.0,624.0,3.0
-48.0,-264.0,-57.0,-93.0,630.0,14.0
-51.0,-267.0,-40.0,-74.0,631.0,27.0
-57.0,-266.0,-74.0,-43.0,632.0,43.0
-37.0,-258.0,-48.0,-14.0,629.0,50.0
-53.0,-267.0,-77.0,12.0,617.0,115.0
-53.0,-274.0,-67.0,23.0,643.0,126.0
-52.0,-272.0,-73.0,28.0,621.0,86.0
-59.0,-270.0,-86.0,27.0,581.0,66.0
-60.0,-267.0,-91.0,6.0,543.0,52.0
-65.0,-268.0,-95.0,-28.0,505.0,41.0
-70.0,-265.0,-99.0,-75.0,471.0,36.0
-75.0,-271.0,-99.0,-123.0,437.0,27.0
-86.0,-272.0,-99.0,-162.0,399.0,14.0
-86.0,-274.0,-103.0,-195.0,360.0,11.0
-86.0,-282.0,-108.0,-224.0,319.0,9.0
-93.0,-291.0,-115.0,-250.0,266.0,12.0
-96.0,-294.0,-120.0,-263.0,240.0,18.0
-93.0,-301.0,-121.0,-266.0,207.0,35.0
-100.0,-311.0,-119.0,-264.0,178.0,55.0
-94.0,-324.0,-125.0,-251.0,166.0,72.0
-93.0,-336.0,-122.0,-228.0,154.0,101.0
-89.0,-355.0,-116.0,-186.0,146.0,132.0
-99.0,-367.0,-131.0,-131.0,139.0,130.0
-84.0,-376.0,-132.0,-90.0,122.0,155.0
-81.0,-378.0,-138.0,-70.0,86.0,194.0
-71.0,-373.0,-158.0,-75.0,23.0,199.0
-63.0,-364.0,-155.0,-105.0,-28.0,168.0
-54.0,-350.0,-152.0,-162.0,-87.0,128.0
-37.0,-345.0,-145.0,-240.0,-128.0,118.0
-26.0,-333.0,-140.0,-334.0,-125.0,108.0
-20.0,-328.0,-125.0,-411.0,-91.0,106.0
-14.0,-324.0,-117.0,-454.0,-35.0,98.0
-10.0,-318.0,-104.0,-459.0,30.0,89.0
-8.0,-313.0,-104.0,-424.0,95.0,66.0
-1.0,-306.0,-101.0,-362.0,158.0,39.0
9.0,-300.0,-108.0,-290.0,225.0,-9.0
16.0,-293.0,-114.0,-206.0,279.0,-48.0
27.0,-283.0,-123.0,-153.0,333.0,-95.0
34.0,-274.0,-123.0,-120.0,381.0,-135.0
36.0,-261.0,-132.0,-110.0,427.0,-181.0
36.0,-252.0,-135.0,-124.0,467.0,-216.0
38.0,-243.0,-143.0,-167.0,496.0,-248.0
42.0,-235.0,-144.0,-231.0,519.0,-263.0
45.0,-232.0,-141.0,-303.0,546.0,-275.0
44.0,-230.0,-150.0,-368.0,577.0,-273.0
42.0,-231.0,-146.0,-420.0,618.0,-266.0
42.0,-235.0,-144.0,-456.0,647.0,-249.0
36.0,-231.0,-148.0,-468.0,671.0,-234.0
33.0,-234.0,-146.0,-468.0,684.0,-218.0
30.0,-234.0,-148.0,-455.0,687.0,-208.0
26.0,-239.0,-143.0,-437.0,683.0,-198.0
20.0,-242.0,-144.0,-414.0,676.0,-192.0
14.0,-244.0,-137.0,-381.0,667.0,-184.0
9.0,-240.0,-137.0,-336.0,661.0,-178.0
5.0,-237.0,-131.0,-284.0,654.0,-172.0
1.0,-237.0,-131.0,-230.0,639.0,-160.0
-2.0,-228.0,-124.0,-162.0,626.0,-147.0
-5.0,-222.0,-123.0,-101.0,612.0,-140.0
-2.0,-220.0,-116.0,-36.0,599.0,-131.0
-2.0,-218.0,-114.0,44.0,584.0,-126.0
-3.0,-205.0,-119.0,132.0,562.0,-119.0
-2.0,-200.0,-124.0,183.0,537.0,-107.0
-1.0,-198.0,-117.0,214.0,517.0,-92.0
-4.0,-193.0,-119.0,237.0,500.0,-82.0
-4.0,-189.0,-115.0,260.0,476.0,-58.0
-6.0,-187.0,-119.0,287.0,460.0,-15.0
2.0,-187.0,-119.0,320.0,463.0,16.0
1.0,-195.0,-125.0,335.0,481.0,30.0
-1.0,-201.0,-130.0,329.0,507.0,24.0
1.0,-205.0,-131.0,308.0,526.0,4.0
11.0,-217.0,-131.0,269.0,526.0,10.0
9.0,-219.0,-138.0,207.0,543.0,2.0
8.0,-220.0,-140.0,134.0,561.0,-17.0
10.0,-221.0,-136.0,49.0,573.0,-31.0
18.0,-225.0,-133.0,-41.0,574.0,-28.0
22.0,-227.0,-129.0,-123.0,587.0,-26.0
20.0,-227.0,-127.0,-211.0,597.0,-38.0
15.0,-224.0,-122.0,-277.0,599.0,-50.0
20.0,-238.0,-93.0,-335.0,596.0,-52.0
13.0,-275.0,20.0,-224.0,626.0,-56.0
12.0,-250.0,-85.0,208.0,636.0,-79.0
20.0,-239.0,-116.0,417.0,632.0,-74.0
16.0,-233.0,-107.0,436.0,634.0,-74.0
15.0,-225.0,-103.0,426.0,641.0,-74.0
16.0,-218.0,-106.0,432.0,644.0,-86.0
19.0,-211.0,-108.0,438.0,645.0,-82.0
18.0,-205.0,-109.0,444.0,654.0,-70.0
23.0,-201.0,-111.0,443.0,673.0,-59.0
22.0,-198.0,-114.0,436.0,698.0,-50.0
20.0,-194.0,-116.0,420.0,724.0,-37.0
23.0,-192.0,-118.0,400.0,742.0,-28.0
19.0,-185.0,-117.0,375.0,762.0,-16.0
16.0,-181.0,-111.0,349.0,776.0,2.0
13.0,-172.0,-110.0,313.0,773.0,27.0
12.0,-172.0,-108.0,274.0,759.0,43.0
15.0,-173.0,-100.0,228.0,742.0,60.0
13.0,-173.0,-91.0,170.0,733.0,60.0
11.0,-172.0,-77.0,156.0,723.0,57.0
10.0,-177.0,-83.0,183.0,706.0,63.0
6.0,-177.0,-84.0,217.0,694.0,85.0
5.0,-175.0,-84.0,246.0,691.0,99.0
7.0,-181.0,-84.0,275.0,690.0,115.0
3.0,-180.0,-89.0,300.0,691.0,124.0
2.0,-181.0,-94.0,314.0,695.0,135.0
7.0,-178.0,-96.0,312.0,697.0,141.0
4.0,-184.0,-98.0,303.0,696.0,150.0
7.0,-182.0,-96.0,291.0,693.0,152.0
4.0,-183.0,-97.0,285.0,691.0,156.0
10.0,-186.0,-91.0,284.0,688.0,156.0
9.0,-187.0,-88.0,288.0,681.0,160.0
9.0,-187.0,-91.0,294.0,681.0,159.0
12.0,-192.0,-89.0,302.0,680.0,162.0
10.0,-192.0,-87.0,307.0,673.0,156.0
17.0,-197.0,-90.0,307.0,664.0,153.0
19.0,-197.0,-87.0,304.0,655.0,147.0
21.0,-201.0,-87.0,300.0,644.0,140.0
20.0,-207.0,-87.0,302.0,639.0,130.0
23.0,-211.0,-86.0,309.0,632.0,123.0
22.0,-214.0,-86.0,319.0,627.0,112.0
17.0,-216.0,-86.0,330.0,621.0,101.0
19.0,-219.0,-90.0,337.0,611.0,95.0
19.0,-221.0,-87.0,336.0,597.0,99.0
18.0,-220.0,-83.0,339.0,586.0,98.0
13.0,-221.0,-84.0,347.0,583.0,101.0
12.0,-224.0,-86.0,358.0,577.0,103.0
8.0,-217.0,-90.0,372.0,566.0,118.0
8.0,-215.0,-95.0,376.0,558.0,134.0
5.0,-210.0,-100.0,377.0,555.0,158.0
7.0,-212.0,-102.0,373.0,555.0,183.0
11.0,-212.0,-106.0,360.0,558.0,206.0
13.0,-214.0,-109.0,340.0,562.0,225.0
19.0,-217.0,-111.0,318.0,570.0,243.0
19.0,-212.0,-106.0,295.0,580.0,257.0
27.0,-215.0,-114.0,265.0,596.0,269.0
31.0,-219.0,-115.0,227.0,617.0,281.0
40.0,-227.0,-121.0,162.0,660.0,283.0
44.0,-234.0,-121.0,98.0,709.0,280.0
50.0,-245.0,-114.0,48.0,762.0,273.0
52.0,-252.0,-106.0,30.0,819.0,266.0
52.0,-256.0,-108.0,35.0,876.0,257.0
48.0,-258.0,-110.0,45.0,935.0,244.0
48.0,-261.0,-101.0,47.0,984.0,232.0
50.0,-260.0,-98.0,43.0,1020.0,219.0
47.0,-259.0,-92.0,52.0,1042.0,202.0
46.0,-259.0,-95.0,72.0,1062.0,187.0
41.0,-257.0,-94.0,109.0,1090.0,178.0
42.0,-258.0,-99.0,140.0,1118.0,171.0
41.0,-257.0,-111.0,161.0,1151.0,169.0
35.0,-253.0,-111.0,168.0,1185.0,168.0
31.0,-243.0,-115.0,168.0,1223.0,166.0
27.0,-245.0,-119.0,160.0,1264.0,166.0
23.0,-237.0,-122.0,146.0,1307.0,165.0
22.0,-236.0,-124.0,127.0,1349.0,171.0
24.0,-239.0,-129.0,104.0,1393.0,171.0
23.0,-233.0,-132.0,73.0,1445.0,180.0
18.0,-232.0,-134.0,37.0,1504.0,186.0
15.0,-233.0,-134.0,11.0,1549.0,192.0
15.0,-234.0,-128.0,-10.0,1584.0,196.0
17.0,-234.0,-124.0,-23.0,1612.0,199.0
17.0,-236.0,-114.0,-19.0,1631.0,195.0
18.0,-233.0,-103.0,6.0,1643.0,192.0
13.0,-230.0,-100.0,41.0,1647.0,177.0
6.0,-228.0,-94.0,65.0,1639.0,164.0
-2.0,-226.0,-93.0,70.0,1615.0,148.0
-13.0,-229.0,-88.0,61.0,1578.0,145.0
-16.0,-234.0,-90.0,46.0,1530.0,141.0
-26.0,-236.0,-93.0,33.0,1500.0,152.0
-33.0,-242.0,-91.0,26.0,1476.0,162.0
-40.0,-245.0,-87.0,32.0,1458.0,177.0
-40.0,-251.0,-99.0,49.0,1442.0,189.0
-38.0,-250.0,-102.0,68.0,1427.0,207.0
-41.0,-245.0,-110.0,75.0,1422.0,221.0
-41.0,-243.0,-113.0,70.0,1425.0,244.0
-41.0,-238.0,-113.0,51.0,1431.0,264.0
-38.0,-233.0,-114.0,21.0,1438.0,290.0
-35.0,-230.0,-119.0,-28.0,1443.0,307.0
-37.0,-229.0,-113.0,-78.0,1443.0,328.0
-37.0,-230.0,-113.0,-128.0,1432.0,348.0
-38.0,-231.0,-112.0,-175.0,1415.0,372.0
-37.0,-228.0,-103.0,-210.0,1392.0,392.0
-34.0,-228.0,-100.0,-230.0,1365.0,416.0
-36.0,-223.0,-95.0,-240.0,1340.0,437.0
-29.0,-226.0,-95.0,-239.0,1318.0,457.0
-27.0,-229.0,-90.0,-237.0,1301.0,464.0
-27.0,-232.0,-89.0,-230.0,1290.0,475.0
-24.0,-235.0,-81.0,-204.0,1287.0,481.0
-15.0,-243.0,-80.0,-167.0,1295.0,487.0
-7.0,-248.0,-79.0,-119.0,1314.0,485.0
-4.0,-244.0,-84.0,-63.0,1344.0,482.0
6.0,-247.0,-83.0,-6.0,1382.0,474.0
12.0,-246.0,-82.0,51.0,1426.0,462.0
22.0,-244.0,-82.0,106.0,1475.0,443.0
32.0,-240.0,-85.0,154.0,1523.0,422.0
34.0,-232.0,-86.0,193.0,1569.0,393.0
40.0,-229.0,-88.0,219.0,1615.0,363.0
43.0,-223.0,-88.0,236.0,1667.0,320.0
44.0,-220.0,-90.0,241.0,1708.0,290.0
42.0,-215.0,-89.0,238.0,1747.0,255.0
41.0,-217.0,-92.0,233.0,1782.0,229.0
36.0,-213.0,-99.0,222.0,1811.0,203.0
29.0,-210.0,-100.0,210.0,1833.0,184.0
25.0,-211.0,-101.0,194.0,1844.0,168.0
15.0,-212.0,-107.0,173.0,1845.0,158.0
3.0,-214.0,-118.0,149.0,1837.0,154.0
-2.0,-215.0,-115.0,115.0,1822.0,156.0
-11.0,-216.0,-114.0,53.0,1796.0,167.0
-24.0,-220.0,-113.0,-5.0,1774.0,182.0
-33.0,-221.0,-110.0,-64.0,1754.0,202.0
-41.0,-228.0,-104.0,-112.0,1740.0,224.0
-46.0,-235.0,-106.0,-146.0,1725.0,248.0
-49.0,-241.0,-100.0,-170.0,1709.0,270.0
-59.0,-246.0,-94.0,-185.0,1687.0,288.0
-63.0,-249.0,-97.0,-191.0,1665.0,310.0
-68.0,-255.0,-96.0,-194.0,1644.0,341.0
-64.0,-259.0,-97.0,-189.0,1626.0,366.0
-59.0,-261.0,-92.0,-173.0,1611.0,397.0
-52.0,-263.0,-90.0,-151.0,1597.0,410.0
-41.0,-266.0,-89.0,-122.0,1580.0,410.0
-35.0,-267.0,-84.0,-95.0,1559.0,396.0
-30.0,-263.0,-84.0,-68.0,1533.0,371.0
-24.0,-262.0,-85.0,-44.0,1498.0,338.0
-14.0,-263.0,-86.0,-19.0,1458.0,307.0
-19.0,-270.0,-100.0,-3.0,1441.0,221.0
-3.0,-260.0,-84.0,12.0,1387.0,143.0
9.0,-259.0,-97.0,16.0,1296.0,161.0
8.0,-257.0,-97.0,-2.0,1265.0,146.0
7.0,-253.0,-93.0,-9.0,1251.0,115.0
11.0,-259.0,-89.0,-7.0,1233.0,103.0
14.0,-253.0,-97.0,-4.0,1218.0,102.0
24.0,-252.0,-98.0,-6.0,1206.0,113.0
26.0,-248.0,-98.0,-15.0,1202.0,125.0
36.0,-245.0,-93.0,-26.0,1199.0,136.0
40.0,-242.0,-101.0,-42.0,1197.0,142.0
42.0,-233.0,-100.0,-67.0,1198.0,151.0
43.0,-235.0,-102.0,-102.0,1203.0,154.0
41.0,-235.0,-103.0,-155.0,1216.0,167.0
43.0,-237.0,-104.0,-200.0,1229.0,176.0
47.0,-237.0,-98.0,-242.0,1242.0,188.0
44.0,-232.0,-92.0,-276.0,1258.0,193.0
45.0,-235.0,-88.0,-292.0,1273.0,197.0
44.0,-232.0,-86.0,-297.0,1284.0,187.0
41.0,-232.0,-80.0,-294.0,1306.0,182.0
38.0,-232.0,-73.0,-282.0,1324.0,174.0
36.0,-232.0,-74.0,-260.0,1337.0,172.0
32.0,-233.0,-69.0,-234.0,1345.0,168.0
27.0,-235.0,-73.0,-204.0,1348.0,177.0
21.0,-236.0,-70.0,-182.0,1347.0,184.0
18.0,-241.0,-69.0,-158.0,1344.0,197.0
9.0,-242.0,-70.0,-147.0,1366.0,167.0
24.0,-251.0,-69.0,-134.0,1342.0,191.0
31.0,-255.0,-71.0,-116.0,1331.0,231.0
25.0,-256.0,-67.0,-90.0,1348.0,257.0
23.0,-257.0,-71.0,-57.0,1366.0,276.0
30.0,-261.0,-72.0,-22.0,1377.0,292.0
32.0,-260.0,-74.0,9.0,1388.0,291.0
40.0,-259.0,-80.0,29.0,1396.0,305.0
44.0,-259.0,-78.0,29.0,1407.0,315.0
41.0,-256.0,-73.0,17.0,1422.0,319.0
38.0,-251.0,-74.0,-1.0,1433.0,315.0
42.0,-257.0,-77.0,-22.0,1443.0,313.0
42.0,-257.0,-70.0,-40.0,1452.0,309.0
38.0,-257.0,-74.0,-54.0,1459.0,306.0
39.0,-255.0,-80.0,-66.0,1468.0,300.0
39.0,-254.0,-72.0,-70.0,1476.0,296.0
38.0,-252.0,-70.0,-70.0,1484.0,287.0
39.0,-247.0,-74.0,-67.0,1491.0,276.0
36.0,-246.0,-74.0,-63.0,1495.0,264.0
37.0,-243.0,-74.0,-63.0,1498.0,255.0
35.0,-244.0,-73.0,-58.0,1498.0,243.0
36.0,-245.0,-74.0,-56.0,1500.0,236.0
31.0,-242.0,-67.0,-52.0,1503.0,229.0
30.0,-245.0,-71.0,-45.0,1503.0,222.0
27.0,-244.0,-69.0,-35.0,1504.0,218.0
27.0,-246.0,-72.0,-25.0,1506.0,213.0
23.0,-246.0,-69.0,-18.0,1507.0,210.0
22.0,-247.0,-74.0,-11.0,1503.0,209.0
24.0,-249.0,-68.0,-1.0,1502.0,209.0
21.0,-251.0,-70.0,4.0,1499.0,210.0
21.0,-249.0,-72.0,9.0,1490.0,210.0
17.0,-248.0,-69.0,14.0,1477.0,208.0
17.0,-247.0,-70.0,13.0,1462.0,206.0
18.0,-249.0,-71.0,11.0,1449.0,201.0
17.0,-249.0,-68.0,7.0,1432.0,199.0
15.0,-246.0,-62.0,5.0,1414.0,196.0
11.0,-243.0,-61.0,9.0,1393.0,198.0
9.0,-244.0,-64.0,20.0,1368.0,202.0
15.0,-244.0,-63.0,40.0,1350.0,208.0
14.0,-240.0,-63.0,54.0,1333.0,213.0
16.0,-239.0,-63.0,65.0,1317.0,221.0
17.0,-237.0,-65.0,72.0,1301.0,227.0
17.0,-235.0,-67.0,73.0,1283.0,237.0
19.0,-238.0,-65.0,76.0,1266.0,239.0
20.0,-238.0,-66.0,74.0,1248.0,248.0
24.0,-236.0,-62.0,70.0,1229.0,249.0
22.0,-239.0,-63.0,63.0,1214.0,254.0
25.0,-238.0,-68.0,55.0,1198.0,253.0
25.0,-239.0,-70.0,43.0,1186.0,254.0
24.0,-239.0,-71.0,31.0,1171.0,251.0
25.0,-238.0,-68.0,17.0,1155.0,253.0
24.0,-242.0,-74.0,3.0,1137.0,252.0
24.0,-237.0,-71.0,-10.0,1121.0,242.0
30.0,-239.0,-72.0,-19.0,1095.0,260.0
27.0,-239.0,-73.0,-35.0,1087.0,275.0
30.0,-240.0,-73.0,-54.0,1086.0,281.0
33.0,-244.0,-74.0,-69.0,1084.0,292.0
37.0,-246.0,-75.0,-79.0,1083.0,298.0
40.0,-247.0,-77.0,-88.0,1085.0,306.0
47.0,-251.0,-76.0,-96.0,1089.0,304.0
47.0,-251.0,-77.0,-104.0,1092.0,306.0
50.0,-251.0,-83.0,-107.0,1099.0,302.0
50.0,-249.0,-79.0,-105.0,1107.0,304.0
53.0,-252.0,-82.0,-99.0,1118.0,299.0
58.0,-250.0,-85.0,-95.0,1128.0,298.0
52.0,-246.0,-85.0,-93.0,1139.0,292.0
55.0,-249.0,-82.0,-93.0,1147.0,291.0
54.0,-246.0,-85.0,-90.0,1158.0,284.0
56.0,-246.0,-91.0,-88.0,1163.0,284.0
53.0,-245.0,-86.0,-89.0,1170.0,279.0
51.0,-244.0,-90.0,-87.0,1178.0,279.0
52.0,-241.0,-86.0,-77.0,1186.0,275.0
55.0,-237.0,-88.0,-72.0,1190.0,283.0
53.0,-239.0,-82.0,-68.0,1199.0,289.0
53.0,-239.0,-85.0,-66.0,1209.0,295.0
53.0,-238.0,-90.0,-65.0,1217.0,297.0
53.0,-235.0,-86.0,-66.0,1223.0,302.0
53.0,-233.0,-84.0,-70.0,1231.0,306.0
51.0,-232.0,-89.0,-72.0,1240.0,315.0
53.0,-231.0,-88.0,-78.0,1248.0,320.0
51.0,-231.0,-88.0,-84.0,1257.0,329.0
51.0,-232.0,-89.0,-91.0,1265.0,330.0
51.0,-238.0,-89.0,-99.0,1271.0,339.0
49.0,-232.0,-87.0,-103.0,1277.0,347.0
48.0,-234.0,-90.0,-108.0,1280.0,355.0
48.0,-239.0,-87.0,-111.0,1283.0,360.0
46.0,-239.0,-86.0,-115.0,1286.0,364.0
45.0,-242.0,-87.0,-117.0,1290.0,366.0
45.0,-246.0,-86.0,-116.0,1289.0,370.0
38.0,-245.0,-84.0,-112.0,1284.0,373.0
38.0,-245.0,-81.0,-107.0,1278.0,375.0
36.0,-248.0,-82.0,-103.0,1269.0,378.0
34.0,-246.0,-78.0,-99.0,1260.0,381.0
37.0,-248.0,-82.0,-93.0,1250.0,383.0
31.0,-245.0,-82.0,-89.0,1240.0,386.0
36.0,-245.0,-81.0,-84.0,1231.0,387.0
32.0,-245.0,-80.0,-82.0,1220.0,386.0
31.0,-244.0,-83.0,-83.0,1205.0,386.0
28.0,-242.0,-80.0,-85.0,1191.0,386.0
26.0,-239.0,-79.0,-86.0,1174.0,384.0
27.0,-240.0,-78.0,-90.0,1158.0,384.0
24.0,-235.0,-78.0,-96.0,1142.0,382.0
23.0,-239.0,-73.0,-103.0,1127.0,381.0
21.0,-240.0,-77.0,-112.0,1109.0,379.0
23.0,-239.0,-78.0,-122.0,1093.0,377.0
22.0,-237.0,-77.0,-132.0,1075.0,374.0
21.0,-240.0,-71.0,-134.0,1057.0,369.0
25.0,-240.0,-76.0,-130.0,1040.0,375.0
23.0,-239.0,-74.0,-127.0,1025.0,374.0
24.0,-238.0,-79.0,-123.0,1011.0,374.0
26.0,-236.0,-80.0,-120.0,996.0,372.0
24.0,-238.0,-78.0,-121.0,980.0,370.0
24.0,-241.0,-86.0,-128.0,966.0,367.0
27.0,-240.0,-85.0,-138.0,950.0,367.0
27.0,-245.0,-84.0,-150.0,933.0,361.0
29.0,-250.0,-81.0,-161.0,915.0,360.0
28.0,-251.0,-80.0,-159.0,897.0,354.0
25.0,-255.0,-78.0,-148.0,882.0,350.0
23.0,-260.0,-83.0,-130.0,874.0,344.0
26.0,-260.0,-77.0,-113.0,866.0,345.0
26.0,-264.0,-70.0,-93.0,858.0,344.0
28.0,-264.0,-66.0,-66.0,847.0,347.0
24.0,-266.0,-72.0,-31.0,839.0,344.0
25.0,-261.0,-67.0,6.0,833.0,346.0
26.0,-262.0,-71.0,43.0,826.0,344.0
26.0,-260.0,-73.0,73.0,819.0,346.0
25.0,-256.0,-70.0,93.0,813.0,342.0
30.0,-252.0,-77.0,104.0,803.0,341.0
28.0,-250.0,-77.0,108.0,799.0,335.0
29.0,-245.0,-75.0,102.0,794.0,333.0
27.0,-247.0,-72.0,91.0,786.0,327.0
30.0,-247.0,-74.0,85.0,776.0,328.0
31.0,-249.0,-74.0,86.0,766.0,323.0
28.0,-249.0,-75.0,93.0,758.0,324.0
25.0,-251.0,-80.0,101.0,750.0,318.0
23.0,-250.0,-78.0,105.0,740.0,316.0
26.0,-254.0,-82.0,100.0,724.0,309.0
19.0,-254.0,-85.0,92.0,702.0,296.0
13.0,-256.0,-84.0,74.0,682.0,277.0
10.0,-261.0,-88.0,55.0,660.0,261.0
5.0,-265.0,-84.0,42.0,642.0,239.0
1.0,-269.0,-80.0,37.0,626.0,220.0
-12.0,-263.0,-74.0,43.0,619.0,198.0
-13.0,-261.0,-76.0,57.0,617.0,184.0
-19.0,-258.0,-71.0,78.0,617.0,175.0
-23.0,-251.0,-72.0,103.0,617.0,175.0
-22.0,-245.0,-73.0,133.0,625.0,178.0
-21.0,-239.0,-73.0,157.0,643.0,189.0
-20.0,-231.0,-77.0,180.0,664.0,199.0
-20.0,-218.0,-76.0,188.0,681.0,210.0
-22.0,-212.0,-85.0,184.0,695.0,225.0
-13.0,-209.0,-82.0,168.0,704.0,244.0
-13.0,-202.0,-83.0,140.0,711.0,261.0
-12.0,-198.0,-88.0,99.0,716.0,282.0
-12.0,-199.0,-93.0,45.0,714.0,304.0
-12.0,-199.0,-95.0,-23.0,710.0,322.0
-8.0,-208.0,-93.0,-98.0,702.0,339.0
-9.0,-217.0,-88.0,-171.0,692.0,346.0
-12.0,-223.0,-85.0,-243.0,683.0,344.0
-13.0,-230.0,-81.0,-286.0,670.0,335.0
-18.0,-242.0,-74.0,-312.0,654.0,320.0
-23.0,-248.0,-73.0,-319.0,637.0,304.0
-30.0,-255.0,-75.0,-311.0,619.0,289.0
-35.0,-260.0,-75.0,-298.0,605.0,274.0
-38.0,-267.0,-76.0,-281.0,598.0,263.0
-46.0,-269.0,-76.0,-260.0,593.0,253.0
-50.0,-274.0,-79.0,-236.0,588.0,254.0
-56.0,-276.0,-79.0,-213.0,584.0,260.0
-61.0,-274.0,-75.0,-185.0,577.0,269.0
-54.0,-275.0,-71.0,-161.0,567.0,278.0
-64.0,-278.0,-68.0,-133.0,563.0,286.0
-73.0,-276.0,-72.0,-111.0,563.0,302.0
-70.0,-274.0,-68.0,-92.0,563.0,322.0
-70.0,-273.0,-73.0,-78.0,563.0,342.0
-75.0,-270.0,-69.0,-70.0,564.0,368.0
-69.0,-269.0,-72.0,-65.0,562.0,388.0
-69.0,-265.0,-77.0,-66.0,552.0,414.0
-65.0,-264.0,-79.0,-78.0,541.0,443.0
-63.0,-263.0,-76.0,-99.0,532.0,464.0
-53.0,-262.0,-80.0,-118.0,523.0,478.0
-52.0,-258.0,-76.0,-137.0,514.0,487.0
-48.0,-255.0,-68.0,-158.0,506.0,484.0
-43.0,-254.0,-71.0,-172.0,498.0,481.0
-42.0,-256.0,-63.0,-176.0,490.0,472.0
-36.0,-250.0,-62.0,-172.0,482.0,467.0
-33.0,-245.0,-60.0,-160.0,477.0,457.0
-29.0,-247.0,-60.0,-138.0,473.0,447.0
-23.0,-242.0,-59.0,-117.0,473.0,434.0
-22.0,-242.0,-59.0,-102.0,483.0,428.0
-20.0,-239.0,-58.0,-82.0,490.0,419.0
-16.0,-235.0,-59.0,-61.0,504.0,410.0
-14.0,-232.0,-59.0,-41.0,523.0,396.0
-15.0,-233.0,-58.0,-24.0,547.0,386.0
-16.0,-232.0,-58.0,-5.0,568.0,370.0
-14.0,-227.0,-64.0,4.0,586.0,360.0
-13.0,-229.0,-63.0,8.0,601.0,340.0
-14.0,-231.0,-66.0,11.0,615.0,322.0
-12.0,-229.0,-63.0,6.0,637.0,304.0
-12.0,-232.0,-65.0,3.0,661.0,292.0
-11.0,-229.0,-63.0,11.0,681.0,273.0
-10.0,-228.0,-63.0,15.0,694.0,257.0
-9.0,-230.0,-63.0,11.0,710.0,236.0
-9.0,-232.0,-65.0,0.0,731.0,223.0
-6.0,-231.0,-64.0,-13.0,747.0,210.0
-7.0,-235.0,-56.0,-21.0,772.0,202.0
-3.0,-239.0,-62.0,-11.0,799.0,193.0
-8.0,-236.0,-60.0,11.0,824.0,184.0
-9.0,-238.0,-67.0,31.0,847.0,174.0
-11.0,-239.0,-69.0,43.0,858.0,166.0
-10.0,-238.0,-76.0,51.0,856.0,152.0
-7.0,-239.0,-81.0,54.0,854.0,142.0
-8.0,-239.0,-80.0,48.0,848.0,125.0
-10.0,-239.0,-87.0,39.0,835.0,105.0
-12.0,-237.0,-90.0,16.0,823.0,84.0
-12.0,-243.0,-89.0,-12.0,814.0,67.0
-15.0,-241.0,-90.0,-34.0,807.0,48.0
-13.0,-248.0,-92.0,-51.0,803.0,32.0
-14.0,-244.0,-93.0,-68.0,809.0,20.0
-20.0,-245.0,-87.0,-87.0,816.0,14.0
-26.0,-246.0,-87.0,-98.0,830.0,5.0
-28.0,-250.0,-82.0,-103.0,843.0,5.0
-36.0,-249.0,-84.0,-98.0,854.0,4.0
-37.0,-251.0,-83.0,-87.0,862.0,5.0
-39.0,-249.0,-86.0,-71.0,871.0,9.0
-37.0,-249.0,-80.0,-54.0,884.0,14.0
-39.0,-248.0,-75.0,-44.0,897.0,15.0
-41.0,-249.0,-64.0,-30.0,914.0,16.0
-35.0,-252.0,-64.0,0.0,930.0,17.0
-32.0,-252.0,-58.0,31.0,938.0,19.0
-31.0,-253.0,-60.0,60.0,943.0,18.0
-28.0,-256.0,-54.0,86.0,943.0,18.0
-25.0,-260.0,-55.0,113.0,939.0,18.0
-22.0,-262.0,-56.0,139.0,929.0,16.0
-25.0,-262.0,-57.0,163.0,916.0,15.0
-27.0,-262.0,-63.0,192.0,903.0,11.0
-29.0,-262.0,-69.0,218.0,888.0,12.0
-27.0,-266.0,-70.0,237.0,870.0,6.0
-31.0,-260.0,-74.0,250.0,849.0,0.0
-29.0,-259.0,-80.0,252.0,833.0,-8.0
-28.0,-251.0,-85.0,250.0,822.0,-12.0
-25.0,-249.0,-81.0,242.0,821.0,-16.0
-23.0,-248.0,-86.0,236.0,829.0,-18.0
-21.0,-244.0,-85.0,234.0,840.0,-21.0
-17.0,-241.0,-86.0,234.0,853.0,-20.0
-15.0,-240.0,-88.0,231.0,862.0,-22.0
-15.0,-235.0,-89.0,222.0,872.0,-17.0
-14.0,-233.0,-89.0,205.0,878.0,-9.0
-11.0,-234.0,-93.0,175.0,882.0,2.0
-11.0,-236.0,-96.0,146.0,886.0,12.0
-7.0,-242.0,-91.0,117.0,887.0,28.0
-7.0,-245.0,-87.0,100.0,884.0,40.0
-8.0,-246.0,-86.0,92.0,880.0,57.0
-9.0,-251.0,-82.0,89.0,872.0,70.0
-9.0,-247.0,-75.0,92.0,858.0,89.0
-6.0,-248.0,-79.0,96.0,840.0,101.0
