-46.0,-240.0,-23.0,92.0,-209.0,426.0
-46.0,-242.0,-28.0,93.0,-212.0,416.0
-43.0,-238.0,-26.0,90.0,-217.0,406.0
-42.0,-242.0,-24.0,87.0,-219.0,395.0
-41.0,-243.0,-25.0,85.0,-221.0,385.0
-38.0,-246.0,-22.0,84.0,-221.0,376.0
-42.0,-242.0,-19.0,86.0,-217.0,369.0
-35.0,-241.0,-21.0,91.0,-210.0,359.0
-35.0,-242.0,-25.0,95.0,-202.0,349.0
-33.0,-243.0,-20.0,91.0,-188.0,336.0
-36.0,-239.0,-22.0,78.0,-171.0,322.0
-36.0,-240.0,-21.0,66.0,-160.0,305.0
-32.0,-246.0,-26.0,56.0,-152.0,290.0
-34.0,-240.0,-20.0,56.0,-148.0,276.0
-33.0,-240.0,-19.0,61.0,-147.0,265.0
-34.0,-242.0,-20.0,65.0,-146.0,250.0
-34.0,-244.0,-19.0,67.0,-142.0,239.0
-32.0,-239.0,-17.0,65.0,-138.0,227.0
-35.0,-235.0,-23.0,57.0,-133.0,219.0
-37.0,-228.0,-23.0,48.0,-125.0,209.0
-40.0,-233.0,-19.0,39.0,-113.0,204.0
-40.0,-229.0,-19.0,30.0,-102.0,198.0
-42.0,-229.0,-17.0,16.0,-98.0,191.0
-42.0,-226.0,-18.0,-3.0,-93.0,187.0
-45.0,-228.0,-20.0,-19.0,-87.0,182.0
-47.0,-228.0,-24.0,-36.0,-80.0,176.0
-50.0,-232.0,-21.0,-60.0,-77.0,175.0
-53.0,-232.0,-18.0,-77.0,-82.0,172.0
-55.0,-234.0,-21.0,-86.0,-92.0,169.0
-64.0,-239.0,-17.0,-92.0,-104.0,168.0
-65.0,-237.0,-17.0,-95.0,-119.0,163.0
-67.0,-237.0,-16.0,-93.0,-133.0,153.0
-66.0,-238.0,-15.0,-90.0,-141.0,139.0
-65.0,-236.0,-17.0,-83.0,-144.0,127.0
-66.0,-234.0,-20.0,-86.0,-143.0,109.0
-63.0,-234.0,-21.0,-93.0,-139.0,97.0
-61.0,-233.0,-21.0,-106.0,-135.0,81.0
-62.0,-232.0,-22.0,-120.0,-132.0,69.0
-59.0,-233.0,-18.0,-133.0,-130.0,58.0
-60.0,-237.0,-19.0,-139.0,-126.0,51.0
-55.0,-238.0,-16.0,-133.0,-125.0,46.0
-54.0,-241.0,-24.0,-125.0,-127.0,39.0
-56.0,-243.0,-23.0,-116.0,-129.0,31.0
-55.0,-247.0,-19.0,-107.0,-125.0,21.0
-57.0,-243.0,-15.0,-95.0,-119.0,12.0
-56.0,-247.0,-17.0,-78.0,-114.0,1.0
-48.0,-249.0,-10.0,-65.0,-109.0,-12.0
-51.0,-247.0,-8.0,-54.0,-96.0,-24.0
-49.0,-248.0,-10.0,-48.0,-79.0,-37.0
-47.0,-248.0,-8.0,-41.0,-64.0,-50.0
-51.0,-248.0,-8.0,-33.0,-54.0,-65.0
-49.0,-250.0,-7.0,-23.0,-45.0,-80.0
-47.0,-247.0,-10.0,-17.0,-39.0,-97.0
-45.0,-248.0,-9.0,-13.0,-28.0,-114.0
-49.0,-241.0,-10.0,-12.0,-20.0,-130.0
-46.0,-243.0,-4.0,-13.0,-14.0,-149.0
-45.0,-244.0,-9.0,-11.0,-10.0,-167.0
-48.0,-244.0,-11.0,-6.0,-7.0,-182.0
-49.0,-245.0,-15.0,-2.0,-13.0,-198.0
-54.0,-245.0,-22.0,-5.0,-19.0,-212.0
-50.0,-245.0,-22.0,-17.0,-15.0,-227.0
-55.0,-244.0,-29.0,-28.0,-2.0,-239.0
-54.0,-246.0,-27.0,-37.0,10.0,-249.0
-59.0,-248.0,-29.0,-42.0,8.0,-253.0
-67.0,-248.0,-33.0,-50.0,-10.0,-246.0
-67.0,-250.0,-41.0,-68.0,-39.0,-239.0
-73.0,-251.0,-45.0,-101.0,-66.0,-224.0
-73.0,-254.0,-43.0,-145.0,-85.0,-206.0
-80.0,-261.0,-41.0,-189.0,-100.0,-182.0
-87.0,-264.0,-29.0,-222.0,-125.0,-154.0
-95.0,-270.0,-28.0,-241.0,-162.0,-120.0
-99.0,-277.0,-28.0,-251.0,-203.0,-81.0
-104.0,-283.0,-24.0,-255.0,-243.0,-39.0
-100.0,-285.0,-25.0,-256.0,-276.0,6.0
-101.0,-289.0,-31.0,-257.0,-300.0,52.0
-102.0,-294.0,-31.0,-256.0,-322.0,100.0
-97.0,-294.0,-30.0,-248.0,-342.0,141.0
-92.0,-298.0,-35.0,-236.0,-363.0,177.0
-89.0,-296.0,-43.0,-222.0,-383.0,207.0
-82.0,-297.0,-43.0,-208.0,-403.0,227.0
-77.0,-298.0,-43.0,-201.0,-418.0,237.0
-70.0,-299.0,-48.0,-199.0,-428.0,232.0
-62.0,-301.0,-47.0,-203.0,-424.0,216.0
-54.0,-304.0,-44.0,-209.0,-411.0,193.0
-46.0,-305.0,-41.0,-218.0,-390.0,159.0
-42.0,-310.0,-44.0,-227.0,-366.0,115.0
-43.0,-315.0,-38.0,-240.0,-342.0,70.0
-45.0,-319.0,-46.0,-252.0,-322.0,22.0
-48.0,-329.0,-45.0,-267.0,-308.0,-22.0
-55.0,-335.0,-48.0,-279.0,-302.0,-60.0
-58.0,-340.0,-46.0,-282.0,-291.0,-93.0
-52.0,-343.0,-50.0,-273.0,-276.0,-118.0
-50.0,-342.0,-50.0,-253.0,-257.0,-140.0
-54.0,-339.0,-53.0,-231.0,-236.0,-163.0
-54.0,-333.0,-55.0,-208.0,-217.0,-182.0
-51.0,-326.0,-54.0,-189.0,-205.0,-203.0
-48.0,-319.0,-58.0,-176.0,-196.0,-221.0
-48.0,-307.0,-53.0,-168.0,-191.0,-237.0
-46.0,-299.0,-51.0,-165.0,-192.0,-251.0
-44.0,-287.0,-49.0,-164.0,-196.0,-260.0
-48.0,-276.0,-49.0,-159.0,-204.0,-274.0
-44.0,-266.0,-52.0,-154.0,-215.0,-291.0
-43.0,-260.0,-53.0,-146.0,-220.0,-308.0
-47.0,-252.0,-52.0,-141.0,-220.0,-322.0
-45.0,-246.0,-50.0,-139.0,-221.0,-338.0
-49.0,-238.0,-51.0,-144.0,-224.0,-353.0
-50.0,-232.0,-50.0,-149.0,-229.0,-370.0
-47.0,-229.0,-47.0,-154.0,-232.0,-387.0
-49.0,-226.0,-50.0,-155.0,-234.0,-404.0
-47.0,-227.0,-45.0,-154.0,-232.0,-421.0
-46.0,-220.0,-45.0,-155.0,-231.0,-445.0
-45.0,-225.0,-44.0,-161.0,-225.0,-471.0
-43.0,-224.0,-40.0,-172.0,-212.0,-497.0
-40.0,-229.0,-34.0,-187.0,-202.0,-530.0
-41.0,-232.0,-32.0,-199.0,-202.0,-562.0
-38.0,-241.0,-35.0,-205.0,-216.0,-595.0
-37.0,-243.0,-31.0,-206.0,-236.0,-628.0
-32.0,-245.0,-37.0,-203.0,-256.0,-656.0
-31.0,-247.0,-39.0,-201.0,-277.0,-686.0
-29.0,-247.0,-40.0,-199.0,-298.0,-710.0
-26.0,-254.0,-47.0,-194.0,-325.0,-731.0
-27.0,-253.0,-48.0,-186.0,-356.0,-749.0
-31.0,-249.0,-44.0,-173.0,-391.0,-760.0
-27.0,-251.0,-43.0,-151.0,-423.0,-771.0
-31.0,-250.0,-50.0,-126.0,-448.0,-783.0
-32.0,-248.0,-48.0,-105.0,-469.0,-796.0
-28.0,-250.0,-49.0,-82.0,-490.0,-808.0
-31.0,-246.0,-46.0,-55.0,-510.0,-820.0
-32.0,-249.0,-45.0,-27.0,-528.0,-833.0
-33.0,-249.0,-48.0,2.0,-545.0,-844.0
-39.0,-241.0,-50.0,32.0,-560.0,-858.0
-39.0,-243.0,-48.0,62.0,-573.0,-870.0
-40.0,-238.0,-53.0,87.0,-587.0,-880.0
-38.0,-235.0,-56.0,103.0,-598.0,-887.0
-38.0,-231.0,-56.0,106.0,-609.0,-892.0
-39.0,-227.0,-58.0,106.0,-622.0,-894.0
-34.0,-231.0,-58.0,106.0,-637.0,-893.0
-33.0,-230.0,-58.0,105.0,-652.0,-884.0
-31.0,-228.0,-59.0,102.0,-664.0,-874.0
-29.0,-225.0,-61.0,100.0,-676.0,-864.0
-21.0,-224.0,-63.0,100.0,-683.0,-856.0
-20.0,-223.0,-61.0,99.0,-682.0,-845.0
-17.0,-219.0,-60.0,100.0,-687.0,-833.0
-12.0,-223.0,-61.0,108.0,-693.0,-823.0
-10.0,-225.0,-56.0,115.0,-702.0,-817.0
-11.0,-224.0,-50.0,121.0,-717.0,-815.0
-4.0,-231.0,-51.0,127.0,-729.0,-815.0
-4.0,-234.0,-53.0,133.0,-740.0,-820.0
-4.0,-236.0,-49.0,139.0,-745.0,-827.0
-3.0,-241.0,-46.0,148.0,-742.0,-838.0
-1.0,-246.0,-46.0,160.0,-738.0,-849.0
-3.0,-246.0,-44.0,180.0,-736.0,-857.0
-6.0,-242.0,-40.0,209.0,-734.0,-866.0
-5.0,-243.0,-33.0,246.0,-738.0,-872.0
-3.0,-238.0,-31.0,285.0,-748.0,-872.0
-2.0,-234.0,-37.0,323.0,-759.0,-869.0
-3.0,-228.0,-33.0,351.0,-774.0,-861.0
-4.0,-228.0,-38.0,371.0,-787.0,-853.0
-5.0,-221.0,-35.0,381.0,-799.0,-845.0
-7.0,-219.0,-38.0,388.0,-812.0,-828.0
-4.0,-217.0,-41.0,391.0,-829.0,-814.0
-8.0,-219.0,-39.0,399.0,-842.0,-795.0
-10.0,-213.0,-37.0,403.0,-854.0,-779.0
-13.0,-218.0,-34.0,412.0,-869.0,-757.0
-15.0,-217.0,-27.0,419.0,-887.0,-735.0
-17.0,-214.0,-35.0,427.0,-902.0,-711.0
-19.0,-216.0,-30.0,431.0,-917.0,-691.0
-21.0,-215.0,-31.0,434.0,-931.0,-675.0
-18.0,-216.0,-29.0,438.0,-945.0,-657.0
-19.0,-215.0,-30.0,444.0,-960.0,-640.0
-17.0,-215.0,-28.0,453.0,-974.0,-625.0
-15.0,-213.0,-28.0,467.0,-990.0,-611.0
-12.0,-216.0,-28.0,485.0,-1008.0,-597.0
-14.0,-213.0,-29.0,498.0,-1025.0,-580.0
-8.0,-212.0,-27.0,506.0,-1038.0,-562.0
-4.0,-213.0,-31.0,509.0,-1050.0,-548.0
-3.0,-215.0,-27.0,512.0,-1059.0,-533.0
0.0,-210.0,-26.0,522.0,-1068.0,-518.0
-1.0,-210.0,-25.0,536.0,-1075.0,-502.0
4.0,-212.0,-31.0,542.0,-1082.0,-484.0
4.0,-205.0,-32.0,545.0,-1089.0,-469.0
6.0,-207.0,-34.0,543.0,-1097.0,-456.0
11.0,-211.0,-34.0,541.0,-1103.0,-444.0
14.0,-208.0,-33.0,537.0,-1110.0,-426.0
14.0,-210.0,-32.0,534.0,-1119.0,-411.0
16.0,-210.0,-36.0,531.0,-1126.0,-397.0
20.0,-212.0,-41.0,530.0,-1131.0,-386.0
16.0,-210.0,-37.0,527.0,-1135.0,-371.0
13.0,-214.0,-34.0,521.0,-1138.0,-355.0
13.0,-212.0,-34.0,508.0,-1147.0,-339.0
12.0,-213.0,-37.0,500.0,-1154.0,-322.0
11.0,-214.0,-36.0,499.0,-1165.0,-307.0
9.0,-213.0,-33.0,499.0,-1176.0,-294.0
7.0,-218.0,-37.0,493.0,-1191.0,-280.0
6.0,-217.0,-34.0,481.0,-1204.0,-268.0
2.0,-220.0,-28.0,471.0,-1219.0,-252.0
2.0,-225.0,-30.0,470.0,-1230.0,-237.0
4.0,-227.0,-28.0,473.0,-1244.0,-220.0
7.0,-230.0,-32.0,482.0,-1259.0,-205.0
2.0,-230.0,-30.0,492.0,-1272.0,-191.0
3.0,-231.0,-31.0,502.0,-1281.0,-174.0
5.0,-233.0,-35.0,509.0,-1294.0,-163.0
1.0,-229.0,-33.0,514.0,-1306.0,-148.0
2.0,-231.0,-40.0,518.0,-1317.0,-133.0
2.0,-229.0,-39.0,520.0,-1330.0,-121.0
4.0,-230.0,-43.0,520.0,-1343.0,-110.0
6.0,-231.0,-38.0,511.0,-1356.0,-100.0
9.0,-232.0,-42.0,503.0,-1368.0,-87.0
13.0,-232.0,-41.0,498.0,-1379.0,-76.0
16.0,-236.0,-40.0,496.0,-1391.0,-67.0
18.0,-236.0,-37.0,498.0,-1404.0,-59.0
15.0,-236.0,-36.0,503.0,-1413.0,-53.0
12.0,-238.0,-28.0,511.0,-1422.0,-46.0
15.0,-235.0,-32.0,521.0,-1432.0,-37.0
16.0,-238.0,-28.0,531.0,-1441.0,-32.0
19.0,-236.0,-27.0,543.0,-1450.0,-29.0
14.0,-235.0,-28.0,547.0,-1457.0,-26.0
18.0,-234.0,-30.0,543.0,-1465.0,-21.0
12.0,-236.0,-22.0,534.0,-1471.0,-14.0
7.0,-237.0,-22.0,529.0,-1476.0,-10.0
7.0,-239.0,-19.0,529.0,-1488.0,-1.0
7.0,-241.0,-13.0,532.0,-1506.0,10.0
5.0,-242.0,-15.0,536.0,-1526.0,22.0
2.0,-240.0,-13.0,542.0,-1544.0,35.0
-2.0,-247.0,-13.0,548.0,-1557.0,47.0
-3.0,-247.0,-10.0,554.0,-1570.0,60.0
-4.0,-250.0,-11.0,563.0,-1578.0,68.0
-2.0,-246.0,-9.0,581.0,-1585.0,80.0
1.0,-251.0,-9.0,606.0,-1586.0,89.0
5.0,-249.0,-12.0,630.0,-1588.0,97.0
10.0,-249.0,-10.0,650.0,-1589.0,105.0
11.0,-247.0,-9.0,658.0,-1590.0,114.0
18.0,-246.0,-7.0,660.0,-1587.0,126.0
18.0,-245.0,-2.0,652.0,-1580.0,134.0
19.0,-244.0,1.0,639.0,-1572.0,143.0
21.0,-242.0,1.0,620.0,-1567.0,150.0
21.0,-238.0,0.0,586.0,-1558.0,158.0
26.0,-235.0,2.0,543.0,-1549.0,163.0
27.0,-239.0,2.0,499.0,-1536.0,164.0
29.0,-235.0,8.0,463.0,-1521.0,164.0
28.0,-235.0,10.0,432.0,-1504.0,166.0
27.0,-237.0,10.0,407.0,-1493.0,168.0
24.0,-237.0,16.0,382.0,-1487.0,173.0
27.0,-241.0,23.0,358.0,-1485.0,179.0
32.0,-238.0,19.0,338.0,-1478.0,186.0
32.0,-238.0,19.0,326.0,-1463.0,195.0
38.0,-237.0,25.0,314.0,-1438.0,205.0
48.0,-233.0,10.0,301.0,-1404.0,211.0
53.0,-229.0,10.0,278.0,-1358.0,206.0
51.0,-232.0,7.0,247.0,-1310.0,206.0
64.0,-234.0,0.0,213.0,-1277.0,207.0
64.0,-233.0,-6.0,174.0,-1259.0,191.0
62.0,-234.0,-5.0,132.0,-1241.0,183.0
63.0,-235.0,-15.0,96.0,-1222.0,187.0
62.0,-233.0,-21.0,50.0,-1200.0,175.0
59.0,-229.0,-20.0,-4.0,-1165.0,172.0
60.0,-233.0,-28.0,-50.0,-1130.0,165.0
62.0,-238.0,-21.0,-100.0,-1095.0,151.0
60.0,-243.0,-25.0,-138.0,-1062.0,135.0
63.0,-243.0,-21.0,-164.0,-1032.0,117.0
58.0,-246.0,-16.0,-176.0,-1020.0,90.0
55.0,-256.0,-23.0,-185.0,-1016.0,66.0
53.0,-262.0,-16.0,-210.0,-1021.0,49.0
51.0,-274.0,-17.0,-230.0,-1032.0,29.0
48.0,-289.0,-16.0,-258.0,-1046.0,7.0
49.0,-305.0,-14.0,-276.0,-1065.0,-9.0
45.0,-317.0,-10.0,-280.0,-1079.0,-26.0
38.0,-327.0,-7.0,-264.0,-1089.0,-48.0
31.0,-329.0,-2.0,-229.0,-1103.0,-71.0
18.0,-331.0,0.0,-178.0,-1127.0,-98.0
8.0,-324.0,-4.0,-109.0,-1164.0,-126.0
-4.0,-315.0,-4.0,-26.0,-1205.0,-150.0
-4.0,-303.0,-14.0,53.0,-1239.0,-168.0
-4.0,-290.0,-22.0,126.0,-1256.0,-184.0
-3.0,-278.0,-22.0,192.0,-1256.0,-195.0
-6.0,-265.0,-25.0,243.0,-1242.0,-193.0
-3.0,-250.0,-30.0,274.0,-1228.0,-183.0
-5.0,-240.0,-23.0,280.0,-1229.0,-165.0
-12.0,-234.0,-18.0,274.0,-1239.0,-138.0
-13.0,-227.0,-17.0,262.0,-1259.0,-107.0
-18.0,-227.0,-16.0,252.0,-1279.0,-79.0
-19.0,-227.0,-15.0,233.0,-1299.0,-55.0
-22.0,-227.0,-19.0,200.0,-1319.0,-31.0
-20.0,-233.0,-26.0,157.0,-1338.0,-13.0
-17.0,-243.0,-20.0,105.0,-1356.0,3.0
-22.0,-252.0,-21.0,63.0,-1374.0,11.0
-18.0,-262.0,-18.0,35.0,-1390.0,9.0
-19.0,-273.0,-19.0,19.0,-1407.0,-1.0
-18.0,-281.0,-14.0,17.0,-1424.0,-14.0
-20.0,-288.0,-14.0,30.0,-1444.0,-27.0
-17.0,-291.0,-14.0,61.0,-1470.0,-34.0
-17.0,-290.0,-21.0,102.0,-1495.0,-38.0
-14.0,-282.0,-18.0,145.0,-1522.0,-38.0
-11.0,-273.0,-22.0,192.0,-1556.0,-31.0
-14.0,-265.0,-29.0,220.0,-1593.0,-16.0
-14.0,-259.0,-29.0,237.0,-1631.0,1.0
-14.0,-251.0,-30.0,243.0,-1663.0,22.0
-19.0,-245.0,-29.0,239.0,-1689.0,39.0
-22.0,-244.0,-30.0,227.0,-1706.0,57.0
-27.0,-239.0,-26.0,216.0,-1716.0,74.0
-27.0,-239.0,-28.0,207.0,-1718.0,85.0
-25.0,-242.0,-25.0,199.0,-1713.0,90.0
-28.0,-238.0,-22.0,194.0,-1703.0,93.0
-25.0,-238.0,-24.0,193.0,-1688.0,95.0
-21.0,-237.0,-25.0,189.0,-1669.0,95.0
-21.0,-238.0,-26.0,186.0,-1650.0,96.0
-20.0,-234.0,-26.0,181.0,-1628.0,95.0
-19.0,-234.0,-27.0,175.0,-1610.0,92.0
-14.0,-234.0,-24.0,171.0,-1598.0,90.0
-8.0,-229.0,-22.0,166.0,-1591.0,84.0
-8.0,-227.0,-16.0,162.0,-1586.0,75.0
-4.0,-226.0,-16.0,161.0,-1577.0,64.0
-2.0,-230.0,-20.0,159.0,-1563.0,53.0
4.0,-229.0,-17.0,157.0,-1546.0,38.0
-1.0,-225.0,-18.0,153.0,-1528.0,23.0
0.0,-227.0,-23.0,146.0,-1513.0,7.0
1.0,-223.0,-25.0,134.0,-1501.0,-2.0
2.0,-227.0,-25.0,119.0,-1489.0,-12.0
-1.0,-228.0,-23.0,104.0,-1480.0,-19.0
-5.0,-230.0,-20.0,85.0,-1472.0,-24.0
-11.0,-232.0,-17.0,68.0,-1466.0,-29.0
-16.0,-235.0,-16.0,58.0,-1465.0,-33.0
-19.0,-239.0,-17.0,55.0,-1471.0,-36.0
-27.0,-244.0,-14.0,50.0,-1484.0,-40.0
-31.0,-248.0,-12.0,50.0,-1498.0,-39.0
-38.0,-252.0,-11.0,56.0,-1515.0,-35.0
-41.0,-257.0,-7.0,74.0,-1528.0,-31.0
-42.0,-258.0,-8.0,100.0,-1542.0,-24.0
-41.0,-259.0,-7.0,127.0,-1551.0,-23.0
-36.0,-256.0,-8.0,154.0,-1561.0,-30.0
-37.0,-251.0,-7.0,179.0,-1568.0,-37.0
-44.0,-251.0,-18.0,196.0,-1574.0,-38.0
-46.0,-251.0,-19.0,200.0,-1584.0,-33.0
-41.0,-249.0,-19.0,194.0,-1601.0,-31.0
-38.0,-251.0,-27.0,185.0,-1616.0,-30.0
-34.0,-247.0,-26.0,180.0,-1620.0,-31.0
-31.0,-245.0,-26.0,177.0,-1617.0,-34.0
-29.0,-246.0,-22.0,175.0,-1617.0,-35.0
-26.0,-246.0,-20.0,172.0,-1621.0,-36.0
-18.0,-248.0,-18.0,170.0,-1625.0,-37.0
-20.0,-251.0,-21.0,167.0,-1629.0,-38.0
-22.0,-250.0,-14.0,163.0,-1629.0,-41.0
-17.0,-254.0,-12.0,159.0,-1627.0,-43.0
-20.0,-255.0,-14.0,156.0,-1626.0,-46.0
-23.0,-257.0,-5.0,154.0,-1621.0,-43.0
-23.0,-258.0,-8.0,155.0,-1617.0,-41.0
-17.0,-260.0,-6.0,162.0,-1607.0,-38.0
-19.0,-260.0,0.0,169.0,-1593.0,-32.0
-21.0,-258.0,-6.0,181.0,-1579.0,-25.0
-22.0,-259.0,-5.0,192.0,-1564.0,-17.0
-21.0,-259.0,-6.0,203.0,-1553.0,-8.0
-23.0,-256.0,-6.0,212.0,-1544.0,4.0
-24.0,-257.0,-7.0,215.0,-1536.0,15.0
-23.0,-256.0,-5.0,218.0,-1529.0,29.0
-23.0,-252.0,1.0,220.0,-1522.0,41.0
-19.0,-259.0,-1.0,217.0,-1512.0,51.0
-25.0,-259.0,2.0,217.0,-1503.0,59.0
-24.0,-256.0,5.0,218.0,-1493.0,66.0
-25.0,-259.0,2.0,223.0,-1484.0,69.0
-25.0,-258.0,6.0,234.0,-1475.0,72.0
-25.0,-251.0,3.0,248.0,-1468.0,77.0
-25.0,-253.0,8.0,261.0,-1458.0,77.0
-26.0,-248.0,8.0,276.0,-1441.0,75.0
-25.0,-248.0,6.0,285.0,-1423.0,70.0
-24.0,-243.0,6.0,292.0,-1400.0,63.0
-21.0,-243.0,8.0,290.0,-1377.0,57.0
-26.0,-239.0,6.0,282.0,-1358.0,48.0
-27.0,-236.0,4.0,269.0,-1338.0,41.0
-27.0,-232.0,8.0,256.0,-1322.0,32.0
-27.0,-234.0,8.0,241.0,-1309.0,25.0
-29.0,-231.0,5.0,221.0,-1300.0,22.0
-29.0,-230.0,2.0,196.0,-1289.0,14.0
-31.0,-228.0,5.0,172.0,-1279.0,7.0
-29.0,-228.0,-1.0,144.0,-1269.0,-1.0
-29.0,-234.0,6.0,118.0,-1263.0,-8.0
-29.0,-232.0,2.0,93.0,-1255.0,-18.0
-22.0,-236.0,6.0,72.0,-1245.0,-30.0
-21.0,-237.0,0.0,52.0,-1234.0,-42.0
-21.0,-242.0,2.0,34.0,-1226.0,-53.0
-19.0,-241.0,1.0,15.0,-1216.0,-68.0
-21.0,-243.0,-1.0,-7.0,-1209.0,-81.0
-18.0,-249.0,2.0,-28.0,-1202.0,-95.0
-17.0,-253.0,0.0,-44.0,-1194.0,-110.0
-17.0,-257.0,2.0,-48.0,-1184.0,-126.0
-19.0,-260.0,-2.0,-46.0,-1173.0,-141.0
-19.0,-261.0,4.0,-42.0,-1163.0,-152.0
-19.0,-263.0,2.0,-32.0,-1151.0,-162.0
-19.0,-265.0,8.0,-25.0,-1139.0,-169.0
-14.0,-271.0,9.0,-15.0,-1119.0,-170.0
-11.0,-272.0,10.0,-5.0,-1091.0,-166.0
-7.0,-276.0,5.0,5.0,-1052.0,-158.0
-3.0,-280.0,9.0,18.0,-1009.0,-139.0
4.0,-287.0,7.0,29.0,-963.0,-116.0
16.0,-292.0,8.0,45.0,-908.0,-85.0
23.0,-297.0,14.0,77.0,-852.0,-51.0
27.0,-304.0,23.0,130.0,-807.0,-16.0
27.0,-298.0,26.0,195.0,-772.0,17.0
28.0,-296.0,23.0,255.0,-743.0,43.0
28.0,-287.0,14.0,301.0,-722.0,64.0
23.0,-281.0,13.0,337.0,-711.0,72.0
22.0,-268.0,7.0,367.0,-700.0,73.0
19.0,-260.0,1.0,389.0,-684.0,72.0
16.0,-251.0,-5.0,397.0,-668.0,60.0
7.0,-241.0,-3.0,393.0,-656.0,45.0
3.0,-238.0,-4.0,376.0,-645.0,32.0
-6.0,-231.0,-7.0,350.0,-636.0,21.0
-21.0,-230.0,-5.0,316.0,-624.0,12.0
-35.0,-228.0,-4.0,282.0,-609.0,0.0
-43.0,-221.0,-3.0,253.0,-597.0,-5.0
-53.0,-221.0,2.0,226.0,-591.0,-9.0
-63.0,-219.0,1.0,198.0,-593.0,-8.0
-70.0,-224.0,-2.0,170.0,-602.0,-6.0
-77.0,-226.0,-1.0,145.0,-621.0,2.0
-77.0,-237.0,3.0,124.0,-648.0,13.0
-77.0,-240.0,-3.0,108.0,-673.0,21.0
-75.0,-244.0,5.0,99.0,-692.0,31.0
-71.0,-248.0,8.0,96.0,-704.0,40.0
-67.0,-255.0,9.0,98.0,-717.0,48.0
-66.0,-256.0,10.0,103.0,-734.0,57.0
-51.0,-261.0,16.0,111.0,-750.0,64.0
-41.0,-264.0,16.0,122.0,-767.0,73.0
-30.0,-268.0,15.0,139.0,-781.0,77.0
-22.0,-266.0,13.0,161.0,-791.0,76.0
-12.0,-267.0,12.0,183.0,-797.0,67.0
-6.0,-264.0,4.0,205.0,-804.0,54.0
5.0,-260.0,2.0,228.0,-806.0,40.0
12.0,-255.0,0.0,252.0,-803.0,24.0
25.0,-253.0,-1.0,273.0,-795.0,3.0
26.0,-247.0,-4.0,286.0,-782.0,-16.0
31.0,-246.0,-5.0,294.0,-772.0,-37.0
30.0,-240.0,-6.0,297.0,-763.0,-51.0
31.0,-237.0,-8.0,293.0,-753.0,-63.0
23.0,-234.0,-10.0,283.0,-742.0,-69.0
20.0,-233.0,-11.0,266.0,-735.0,-66.0
12.0,-231.0,-8.0,249.0,-733.0,-61.0
4.0,-232.0,-10.0,234.0,-741.0,-53.0
-4.0,-232.0,-11.0,220.0,-753.0,-37.0
-7.0,-231.0,-11.0,205.0,-765.0,-17.0
-14.0,-230.0,-7.0,188.0,-778.0,7.0
-15.0,-232.0,-10.0,177.0,-791.0,30.0
-17.0,-240.0,-7.0,168.0,-801.0,58.0
-16.0,-243.0,-6.0,164.0,-816.0,78.0
-14.0,-245.0,-6.0,162.0,-829.0,93.0
-16.0,-247.0,-8.0,163.0,-844.0,105.0
-9.0,-251.0,-5.0,164.0,-858.0,115.0
-2.0,-250.0,-3.0,162.0,-870.0,120.0
5.0,-256.0,-2.0,156.0,-882.0,119.0
10.0,-259.0,1.0,152.0,-892.0,112.0
13.0,-261.0,6.0,153.0,-903.0,105.0
21.0,-259.0,2.0,158.0,-914.0,103.0
29.0,-264.0,5.0,172.0,-929.0,96.0
35.0,-268.0,12.0,179.0,-940.0,81.0
40.0,-270.0,8.0,179.0,-943.0,65.0
41.0,-274.0,10.0,179.0,-946.0,45.0
42.0,-278.0,9.0,179.0,-951.0,26.0
42.0,-272.0,12.0,175.0,-959.0,7.0
41.0,-274.0,12.0,174.0,-968.0,-8.0
42.0,-275.0,11.0,176.0,-978.0,-24.0
31.0,-272.0,15.0,176.0,-987.0,-43.0
33.0,-275.0,15.0,173.0,-994.0,-62.0
28.0,-273.0,12.0,162.0,-1001.0,-78.0
22.0,-265.0,22.0,154.0,-1006.0,-94.0
20.0,-269.0,14.0,143.0,-1012.0,-113.0
21.0,-271.0,13.0,140.0,-1015.0,-134.0
19.0,-269.0,12.0,136.0,-1015.0,-151.0
19.0,-269.0,13.0,134.0,-1017.0,-167.0
20.0,-265.0,12.0,135.0,-1017.0,-180.0
22.0,-262.0,13.0,141.0,-1022.0,-191.0
24.0,-262.0,13.0,147.0,-1025.0,-201.0
23.0,-259.0,11.0,155.0,-1027.0,-209.0
26.0,-258.0,11.0,165.0,-1029.0,-217.0
26.0,-251.0,10.0,175.0,-1028.0,-221.0
29.0,-247.0,9.0,180.0,-1027.0,-221.0
30.0,-243.0,8.0,177.0,-1025.0,-221.0
27.0,-238.0,9.0,172.0,-1021.0,-216.0
27.0,-237.0,10.0,165.0,-1017.0,-214.0
30.0,-233.0,8.0,155.0,-1014.0,-210.0
28.0,-233.0,8.0,143.0,-1009.0,-206.0
25.0,-226.0,12.0,132.0,-1005.0,-198.0
24.0,-233.0,12.0,121.0,-1002.0,-189.0
23.0,-228.0,15.0,108.0,-1003.0,-182.0
17.0,-226.0,16.0,96.0,-1009.0,-171.0
14.0,-226.0,16.0,85.0,-1022.0,-158.0
15.0,-228.0,20.0,73.0,-1039.0,-144.0
9.0,-228.0,21.0,63.0,-1057.0,-132.0
10.0,-232.0,17.0,47.0,-1073.0,-117.0
6.0,-235.0,17.0,34.0,-1087.0,-105.0
3.0,-235.0,18.0,22.0,-1099.0,-92.0
2.0,-240.0,20.0,16.0,-1106.0,-77.0
-1.0,-240.0,20.0,14.0,-1116.0,-61.0
2.0,-242.0,20.0,15.0,-1127.0,-43.0
-2.0,-242.0,20.0,20.0,-1142.0,-25.0
-3.0,-242.0,19.0,24.0,-1154.0,-4.0
-3.0,-247.0,20.0,28.0,-1165.0,13.0
0.0,-244.0,18.0,36.0,-1174.0,33.0
3.0,-247.0,23.0,39.0,-1177.0,54.0
2.0,-248.0,22.0,45.0,-1178.0,74.0
-3.0,-245.0,20.0,49.0,-1177.0,98.0
5.0,-248.0,15.0,53.0,-1177.0,121.0
3.0,-247.0,16.0,55.0,-1177.0,140.0
9.0,-248.0,20.0,54.0,-1173.0,157.0
10.0,-251.0,16.0,54.0,-1167.0,170.0
9.0,-251.0,20.0,52.0,-1157.0,184.0
11.0,-253.0,20.0,53.0,-1141.0,190.0
12.0,-258.0,17.0,51.0,-1121.0,196.0
12.0,-260.0,14.0,53.0,-1103.0,202.0
12.0,-259.0,15.0,63.0,-1094.0,204.0
13.0,-258.0,9.0,75.0,-1083.0,207.0
18.0,-257.0,8.0,84.0,-1064.0,208.0
28.0,-253.0,9.0,85.0,-1032.0,211.0
30.0,-251.0,6.0,84.0,-998.0,210.0
36.0,-255.0,4.0,72.0,-971.0,206.0
37.0,-254.0,0.0,41.0,-943.0,201.0
37.0,-256.0,-4.0,6.0,-911.0,188.0
43.0,-263.0,1.0,-18.0,-872.0,169.0
49.0,-271.0,3.0,-22.0,-830.0,148.0
56.0,-271.0,5.0,-9.0,-790.0,125.0
58.0,-272.0,7.0,12.0,-756.0,104.0
63.0,-270.0,9.0,35.0,-721.0,84.0
75.0,-267.0,10.0,56.0,-682.0,60.0
80.0,-269.0,10.0,70.0,-631.0,31.0
79.0,-266.0,10.0,81.0,-575.0,-2.0
68.0,-266.0,15.0,89.0,-537.0,-31.0
64.0,-268.0,27.0,104.0,-527.0,-52.0
58.0,-268.0,37.0,139.0,-531.0,-65.0
48.0,-266.0,42.0,181.0,-545.0,-76.0
36.0,-262.0,48.0,219.0,-565.0,-87.0
21.0,-262.0,52.0,247.0,-588.0,-88.0
10.0,-255.0,58.0,276.0,-610.0,-82.0
-1.0,-247.0,57.0,298.0,-628.0,-69.0
-6.0,-245.0,48.0,308.0,-639.0,-51.0
-9.0,-238.0,44.0,309.0,-651.0,-33.0
-8.0,-235.0,36.0,300.0,-662.0,-15.0
-10.0,-232.0,35.0,281.0,-672.0,3.0
-5.0,-235.0,28.0,252.0,-684.0,22.0
-1.0,-235.0,18.0,221.0,-696.0,36.0
8.0,-238.0,19.0,188.0,-704.0,47.0
16.0,-240.0,10.0,155.0,-710.0,58.0
21.0,-244.0,9.0,120.0,-711.0,63.0
27.0,-249.0,10.0,90.0,-711.0,63.0
28.0,-249.0,9.0,67.0,-711.0,60.0
26.0,-252.0,15.0,59.0,-715.0,52.0
26.0,-256.0,14.0,57.0,-718.0,43.0
25.0,-254.0,12.0,56.0,-712.0,28.0
24.0,-253.0,12.0,52.0,-698.0,9.0
26.0,-252.0,14.0,44.0,-675.0,-6.0
28.0,-249.0,9.0,35.0,-644.0,-23.0
28.0,-247.0,5.0,23.0,-603.0,-37.0
29.0,-246.0,5.0,9.0,-560.0,-53.0
27.0,-246.0,1.0,-9.0,-518.0,-63.0
23.0,-250.0,0.0,-28.0,-478.0,-75.0
24.0,-254.0,4.0,-44.0,-445.0,-92.0
17.0,-258.0,6.0,-49.0,-424.0,-111.0
14.0,-262.0,8.0,-41.0,-412.0,-127.0
11.0,-261.0,9.0,-24.0,-404.0,-137.0
11.0,-261.0,7.0,1.0,-398.0,-140.0
9.0,-257.0,8.0,26.0,-391.0,-136.0
9.0,-250.0,4.0,43.0,-385.0,-123.0
7.0,-247.0,5.0,52.0,-379.0,-105.0
7.0,-239.0,8.0,51.0,-373.0,-85.0
3.0,-238.0,3.0,43.0,-368.0,-69.0
6.0,-237.0,8.0,25.0,-363.0,-53.0
-2.0,-233.0,7.0,4.0,-357.0,-39.0
0.0,-240.0,9.0,-17.0,-350.0,-23.0
0.0,-238.0,9.0,-35.0,-343.0,-8.0
5.0,-241.0,9.0,-52.0,-334.0,6.0
11.0,-242.0,10.0,-68.0,-324.0,20.0
9.0,-242.0,10.0,-77.0,-315.0,32.0
10.0,-248.0,10.0,-83.0,-312.0,44.0
9.0,-249.0,12.0,-84.0,-313.0,56.0
7.0,-251.0,13.0,-84.0,-319.0,65.0
7.0,-255.0,12.0,-80.0,-325.0,70.0
3.0,-252.0,8.0,-75.0,-329.0,74.0
1.0,-254.0,6.0,-67.0,-328.0,74.0
5.0,-256.0,6.0,-58.0,-321.0,73.0
0.0,-248.0,1.0,-54.0,-309.0,73.0
0.0,-248.0,2.0,-55.0,-294.0,70.0
-3.0,-244.0,3.0,-63.0,-273.0,71.0
-3.0,-246.0,2.0,-75.0,-246.0,69.0
1.0,-254.0,6.0,-83.0,-218.0,64.0
6.0,-256.0,9.0,-88.0,-189.0,63.0
10.0,-259.0,12.0,-85.0,-158.0,61.0
11.0,-263.0,17.0,-74.0,-118.0,57.0
12.0,-265.0,18.0,-57.0,-86.0,54.0
13.0,-268.0,24.0,-34.0,-57.0,50.0
18.0,-266.0,21.0,-5.0,-30.0,44.0
19.0,-266.0,24.0,35.0,-4.0,36.0
20.0,-259.0,16.0,67.0,23.0,24.0
17.0,-257.0,13.0,90.0,47.0,10.0
17.0,-247.0,18.0,103.0,67.0,-5.0
15.0,-243.0,17.0,104.0,84.0,-21.0
13.0,-236.0,12.0,93.0,95.0,-36.0
12.0,-235.0,15.0,71.0,102.0,-49.0
5.0,-234.0,15.0,46.0,107.0,-59.0
-2.0,-236.0,17.0,19.0,105.0,-66.0
-12.0,-238.0,21.0,-8.0,95.0,-71.0
-17.0,-241.0,20.0,-33.0,78.0,-69.0
-26.0,-245.0,27.0,-53.0,55.0,-67.0
-33.0,-246.0,26.0,-67.0,26.0,-62.0
-41.0,-250.0,28.0,-76.0,-6.0,-53.0
-45.0,-251.0,25.0,-79.0,-43.0,-48.0
