-22.0,-227.0,-99.0,173.0,0.0,326.0
-18.0,-226.0,-99.0,194.0,5.0,349.0
-14.0,-228.0,-99.0,217.0,25.0,361.0
-15.0,-230.0,-100.0,235.0,46.0,365.0
-16.0,-228.0,-97.0,244.0,61.0,360.0
-16.0,-226.0,-95.0,246.0,67.0,367.0
-21.0,-230.0,-93.0,254.0,62.0,378.0
-22.0,-228.0,-98.0,262.0,61.0,390.0
-23.0,-224.0,-99.0,263.0,62.0,389.0
-21.0,-222.0,-96.0,259.0,66.0,387.0
-20.0,-216.0,-101.0,254.0,67.0,384.0
-13.0,-214.0,-93.0,255.0,77.0,382.0
-12.0,-220.0,-96.0,274.0,119.0,374.0
-23.0,-216.0,-111.0,261.0,107.0,370.0
-17.0,-211.0,-97.0,212.0,88.0,370.0
-14.0,-212.0,-90.0,181.0,61.0,367.0
-17.0,-207.0,-90.0,183.0,43.0,367.0
-24.0,-214.0,-91.0,194.0,56.0,374.0
-29.0,-215.0,-90.0,199.0,77.0,357.0
-30.0,-216.0,-91.0,206.0,70.0,351.0
-27.0,-214.0,-94.0,204.0,63.0,346.0
-27.0,-216.0,-95.0,191.0,61.0,339.0
-24.0,-218.0,-94.0,179.0,60.0,330.0
-28.0,-218.0,-102.0,155.0,56.0,318.0
-27.0,-221.0,-104.0,118.0,55.0,305.0
-35.0,-220.0,-97.0,84.0,57.0,294.0
-38.0,-224.0,-82.0,73.0,53.0,295.0
-37.0,-226.0,-85.0,82.0,44.0,293.0
-40.0,-224.0,-81.0,91.0,31.0,291.0
-42.0,-222.0,-83.0,93.0,25.0,286.0
-36.0,-214.0,-82.0,91.0,16.0,290.0
-46.0,-224.0,-86.0,83.0,4.0,319.0
-51.0,-223.0,-86.0,66.0,16.0,296.0
-51.0,-221.0,-83.0,62.0,3.0,280.0
-46.0,-223.0,-83.0,61.0,-12.0,280.0
-47.0,-222.0,-84.0,60.0,-21.0,277.0
-47.0,-221.0,-83.0,60.0,-25.0,278.0
-44.0,-223.0,-84.0,69.0,-28.0,277.0
-39.0,-224.0,-85.0,78.0,-37.0,291.0
-47.0,-226.0,-86.0,85.0,-30.0,293.0
-48.0,-221.0,-87.0,79.0,-23.0,271.0
-48.0,-222.0,-82.0,79.0,-36.0,248.0
-49.0,-225.0,-87.0,85.0,-54.0,233.0
-48.0,-224.0,-81.0,89.0,-67.0,219.0
-49.0,-230.0,-89.0,95.0,-82.0,209.0
-47.0,-231.0,-89.0,103.0,-91.0,190.0
-47.0,-235.0,-93.0,103.0,-99.0,173.0
-47.0,-236.0,-93.0,99.0,-101.0,156.0
-44.0,-239.0,-97.0,92.0,-103.0,148.0
-45.0,-245.0,-97.0,82.0,-95.0,148.0
-45.0,-246.0,-89.0,72.0,-77.0,123.0
-39.0,-246.0,-91.0,75.0,-79.0,105.0
-44.0,-240.0,-85.0,82.0,-80.0,98.0
-37.0,-241.0,-82.0,88.0,-79.0,86.0
-32.0,-237.0,-82.0,93.0,-77.0,81.0
-37.0,-235.0,-79.0,98.0,-77.0,83.0
-38.0,-226.0,-77.0,99.0,-65.0,62.0
-36.0,-226.0,-78.0,98.0,-73.0,40.0
-39.0,-220.0,-78.0,88.0,-82.0,21.0
-38.0,-216.0,-82.0,67.0,-89.0,5.0
-34.0,-212.0,-77.0,41.0,-91.0,0.0
-36.0,-219.0,-84.0,14.0,-90.0,-6.0
-36.0,-214.0,-72.0,-21.0,-80.0,-11.0
-37.0,-216.0,-75.0,-49.0,-76.0,-26.0
-35.0,-220.0,-72.0,-68.0,-75.0,-38.0
-36.0,-220.0,-77.0,-83.0,-77.0,-49.0
-36.0,-224.0,-77.0,-101.0,-76.0,-55.0
-37.0,-222.0,-71.0,-120.0,-75.0,-61.0
-40.0,-227.0,-68.0,-131.0,-75.0,-64.0
-43.0,-227.0,-65.0,-134.0,-77.0,-70.0
-41.0,-227.0,-68.0,-132.0,-82.0,-72.0
-43.0,-232.0,-62.0,-128.0,-88.0,-81.0
-49.0,-231.0,-62.0,-120.0,-92.0,-86.0
-54.0,-232.0,-65.0,-110.0,-99.0,-93.0
-54.0,-237.0,-65.0,-103.0,-109.0,-98.0
-51.0,-240.0,-73.0,-96.0,-122.0,-96.0
-59.0,-238.0,-68.0,-97.0,-126.0,-97.0
-61.0,-239.0,-67.0,-96.0,-131.0,-118.0
-57.0,-241.0,-72.0,-95.0,-148.0,-132.0
-61.0,-237.0,-72.0,-99.0,-157.0,-146.0
-62.0,-236.0,-74.0,-108.0,-162.0,-157.0
-59.0,-236.0,-74.0,-122.0,-165.0,-167.0
-58.0,-240.0,-72.0,-138.0,-166.0,-174.0
-61.0,-237.0,-69.0,-153.0,-169.0,-185.0
-55.0,-239.0,-68.0,-164.0,-168.0,-193.0
-54.0,-238.0,-67.0,-174.0,-171.0,-204.0
-50.0,-240.0,-69.0,-183.0,-175.0,-214.0
-51.0,-235.0,-71.0,-191.0,-177.0,-225.0
-48.0,-235.0,-69.0,-200.0,-181.0,-238.0
-50.0,-235.0,-71.0,-209.0,-183.0,-250.0
-48.0,-233.0,-73.0,-220.0,-186.0,-263.0
-47.0,-234.0,-70.0,-234.0,-186.0,-278.0
-47.0,-239.0,-69.0,-251.0,-188.0,-291.0
-47.0,-235.0,-63.0,-262.0,-190.0,-303.0
-43.0,-244.0,-65.0,-265.0,-195.0,-315.0
-42.0,-245.0,-64.0,-258.0,-196.0,-322.0
-45.0,-244.0,-65.0,-246.0,-200.0,-330.0
-42.0,-249.0,-62.0,-233.0,-202.0,-334.0
-40.0,-250.0,-64.0,-220.0,-205.0,-343.0
-43.0,-247.0,-65.0,-204.0,-209.0,-346.0
-41.0,-248.0,-63.0,-194.0,-214.0,-350.0
-41.0,-246.0,-69.0,-187.0,-221.0,-357.0
-44.0,-249.0,-67.0,-178.0,-223.0,-358.0
-43.0,-250.0,-71.0,-174.0,-229.0,-354.0
-41.0,-251.0,-73.0,-176.0,-236.0,-356.0
-45.0,-252.0,-71.0,-182.0,-239.0,-358.0
-43.0,-255.0,-68.0,-189.0,-243.0,-361.0
-45.0,-258.0,-66.0,-190.0,-248.0,-360.0
-44.0,-256.0,-68.0,-183.0,-253.0,-366.0
-45.0,-254.0,-78.0,-170.0,-252.0,-363.0
-35.0,-259.0,-76.0,-153.0,-271.0,-329.0
-40.0,-255.0,-102.0,-147.0,-259.0,-333.0
-38.0,-254.0,-101.0,-143.0,-252.0,-355.0
-37.0,-251.0,-111.0,-150.0,-265.0,-365.0
-36.0,-255.0,-116.0,-161.0,-275.0,-375.0
-38.0,-257.0,-122.0,-181.0,-290.0,-378.0
-44.0,-259.0,-125.0,-210.0,-308.0,-385.0
-48.0,-262.0,-131.0,-240.0,-327.0,-383.0
-51.0,-263.0,-133.0,-273.0,-354.0,-383.0
-55.0,-271.0,-128.0,-316.0,-374.0,-378.0
-60.0,-277.0,-119.0,-342.0,-396.0,-377.0
-66.0,-288.0,-119.0,-356.0,-415.0,-368.0
-67.0,-297.0,-116.0,-359.0,-431.0,-359.0
-66.0,-307.0,-108.0,-349.0,-449.0,-340.0
-73.0,-315.0,-104.0,-324.0,-463.0,-319.0
-73.0,-327.0,-103.0,-291.0,-482.0,-268.0
-64.0,-327.0,-101.0,-251.0,-486.0,-220.0
-88.0,-341.0,-91.0,-194.0,-501.0,-170.0
-75.0,-364.0,-98.0,-140.0,-525.0,-83.0
-82.0,-346.0,-106.0,-80.0,-561.0,-29.0
-69.0,-357.0,-109.0,-41.0,-598.0,13.0
-67.0,-349.0,-97.0,-4.0,-625.0,57.0
-48.0,-346.0,-86.0,18.0,-657.0,94.0
-60.0,-340.0,-94.0,38.0,-681.0,108.0
-38.0,-331.0,-106.0,50.0,-694.0,111.0
-33.0,-319.0,-125.0,45.0,-704.0,85.0
-33.0,-308.0,-119.0,23.0,-710.0,43.0
-30.0,-297.0,-119.0,-18.0,-702.0,3.0
-29.0,-282.0,-124.0,-69.0,-679.0,-62.0
-23.0,-271.0,-127.0,-132.0,-643.0,-112.0
-22.0,-263.0,-125.0,-183.0,-592.0,-163.0
-15.0,-257.0,-119.0,-232.0,-535.0,-206.0
-12.0,-253.0,-123.0,-273.0,-478.0,-252.0
-17.0,-250.0,-119.0,-305.0,-431.0,-289.0
-17.0,-243.0,-123.0,-328.0,-391.0,-325.0
-17.0,-239.0,-127.0,-349.0,-362.0,-354.0
-17.0,-236.0,-129.0,-368.0,-343.0,-380.0
-16.0,-229.0,-126.0,-386.0,-327.0,-403.0
-17.0,-224.0,-134.0,-401.0,-313.0,-430.0
-13.0,-225.0,-133.0,-405.0,-303.0,-443.0
-15.0,-224.0,-131.0,-399.0,-295.0,-455.0
-13.0,-229.0,-137.0,-382.0,-287.0,-467.0
-15.0,-225.0,-139.0,-356.0,-280.0,-478.0
-17.0,-228.0,-133.0,-320.0,-273.0,-479.0
-26.0,-234.0,-143.0,-273.0,-274.0,-470.0
-14.0,-237.0,-145.0,-221.0,-270.0,-450.0
-12.0,-245.0,-153.0,-161.0,-277.0,-441.0
-16.0,-245.0,-166.0,-112.0,-278.0,-438.0
-16.0,-250.0,-181.0,-99.0,-283.0,-427.0
-18.0,-248.0,-189.0,-158.0,-290.0,-415.0
-20.0,-249.0,-191.0,-269.0,-297.0,-400.0
-8.0,-259.0,-172.0,-401.0,-296.0,-380.0
-3.0,-264.0,-142.0,-472.0,-297.0,-385.0
-3.0,-269.0,-142.0,-473.0,-282.0,-394.0
6.0,-269.0,-145.0,-456.0,-261.0,-398.0
8.0,-266.0,-143.0,-455.0,-248.0,-409.0
14.0,-262.0,-144.0,-472.0,-238.0,-418.0
15.0,-257.0,-143.0,-496.0,-229.0,-429.0
12.0,-253.0,-140.0,-522.0,-217.0,-437.0
15.0,-253.0,-135.0,-546.0,-213.0,-439.0
42.0,-268.0,32.0,-521.0,-198.0,-444.0
5.0,-284.0,-54.0,-47.0,-159.0,-450.0
2.0,-257.0,-135.0,327.0,-178.0,-439.0
3.0,-246.0,-132.0,373.0,-194.0,-444.0
-2.0,-239.0,-122.0,330.0,-202.0,-448.0
-7.0,-235.0,-107.0,290.0,-205.0,-445.0
-7.0,-233.0,-102.0,281.0,-223.0,-437.0
-12.0,-230.0,-108.0,280.0,-249.0,-435.0
-12.0,-236.0,-99.0,270.0,-286.0,-431.0
-15.0,-234.0,-104.0,254.0,-321.0,-431.0
-16.0,-234.0,-102.0,247.0,-351.0,-432.0
-20.0,-234.0,-105.0,246.0,-374.0,-437.0
-15.0,-232.0,-114.0,243.0,-388.0,-442.0
-17.0,-231.0,-110.0,236.0,-402.0,-453.0
-14.0,-226.0,-109.0,237.0,-415.0,-462.0
-16.0,-224.0,-111.0,246.0,-428.0,-476.0
-20.0,-217.0,-112.0,253.0,-439.0,-481.0
-15.0,-213.0,-117.0,252.0,-445.0,-487.0
-16.0,-211.0,-114.0,235.0,-454.0,-492.0
-15.0,-208.0,-114.0,210.0,-463.0,-500.0
-17.0,-200.0,-110.0,190.0,-476.0,-505.0
-21.0,-199.0,-106.0,176.0,-494.0,-513.0
-14.0,-199.0,-110.0,160.0,-513.0,-517.0
-12.0,-199.0,-116.0,128.0,-528.0,-526.0
-13.0,-196.0,-116.0,82.0,-539.0,-528.0
-18.0,-196.0,-104.0,38.0,-545.0,-536.0
-17.0,-198.0,-101.0,10.0,-555.0,-536.0
-15.0,-198.0,-94.0,7.0,-570.0,-538.0
-14.0,-198.0,-88.0,26.0,-588.0,-534.0
-12.0,-200.0,-94.0,55.0,-604.0,-536.0
-11.0,-203.0,-95.0,71.0,-613.0,-538.0
-10.0,-202.0,-87.0,80.0,-617.0,-542.0
-8.0,-201.0,-88.0,99.0,-621.0,-541.0
-4.0,-201.0,-98.0,119.0,-624.0,-537.0
-6.0,-197.0,-95.0,126.0,-632.0,-526.0
0.0,-199.0,-90.0,137.0,-622.0,-524.0
-1.0,-198.0,-91.0,169.0,-620.0,-518.0
4.0,-199.0,-99.0,204.0,-620.0,-516.0
10.0,-196.0,-100.0,221.0,-614.0,-512.0
13.0,-194.0,-99.0,222.0,-613.0,-520.0
10.0,-195.0,-100.0,220.0,-612.0,-530.0
15.0,-197.0,-94.0,221.0,-610.0,-537.0
12.0,-199.0,-94.0,235.0,-599.0,-540.0
15.0,-199.0,-96.0,245.0,-588.0,-539.0
20.0,-198.0,-105.0,243.0,-589.0,-536.0
22.0,-199.0,-105.0,235.0,-585.0,-543.0
24.0,-197.0,-107.0,225.0,-573.0,-550.0
21.0,-196.0,-108.0,208.0,-561.0,-555.0
20.0,-196.0,-106.0,188.0,-553.0,-560.0
19.0,-196.0,-99.0,172.0,-556.0,-555.0
17.0,-200.0,-99.0,167.0,-567.0,-542.0
14.0,-198.0,-100.0,166.0,-572.0,-532.0
10.0,-197.0,-103.0,164.0,-580.0,-518.0
10.0,-199.0,-96.0,163.0,-593.0,-510.0
7.0,-197.0,-95.0,166.0,-608.0,-498.0
4.0,-197.0,-94.0,169.0,-619.0,-478.0
2.0,-200.0,-87.0,167.0,-628.0,-461.0
-4.0,-200.0,-90.0,167.0,-641.0,-445.0
-7.0,-198.0,-85.0,173.0,-657.0,-421.0
-7.0,-198.0,-89.0,183.0,-669.0,-397.0
-8.0,-197.0,-92.0,190.0,-683.0,-370.0
-8.0,-197.0,-95.0,196.0,-696.0,-347.0
-11.0,-200.0,-91.0,192.0,-711.0,-325.0
-10.0,-203.0,-97.0,177.0,-727.0,-309.0
-9.0,-201.0,-107.0,151.0,-744.0,-303.0
-9.0,-202.0,-105.0,121.0,-762.0,-297.0
-6.0,-206.0,-101.0,94.0,-780.0,-292.0
-9.0,-203.0,-100.0,71.0,-795.0,-281.0
-6.0,-207.0,-99.0,59.0,-812.0,-278.0
-6.0,-213.0,-100.0,52.0,-826.0,-279.0
-7.0,-214.0,-95.0,45.0,-845.0,-288.0
-7.0,-215.0,-96.0,34.0,-863.0,-299.0
-1.0,-215.0,-95.0,26.0,-882.0,-318.0
-1.0,-212.0,-92.0,24.0,-908.0,-330.0
0.0,-211.0,-87.0,27.0,-938.0,-334.0
-1.0,-213.0,-81.0,45.0,-962.0,-328.0
2.0,-213.0,-87.0,78.0,-988.0,-327.0
3.0,-214.0,-89.0,106.0,-1003.0,-325.0
3.0,-217.0,-90.0,120.0,-1014.0,-326.0
4.0,-220.0,-89.0,129.0,-1021.0,-321.0
2.0,-221.0,-91.0,132.0,-1033.0,-319.0
3.0,-224.0,-87.0,135.0,-1049.0,-314.0
-2.0,-228.0,-93.0,142.0,-1066.0,-312.0
-3.0,-229.0,-89.0,147.0,-1087.0,-300.0
-1.0,-231.0,-83.0,154.0,-1109.0,-296.0
-4.0,-233.0,-93.0,159.0,-1127.0,-286.0
1.0,-235.0,-90.0,163.0,-1141.0,-280.0
4.0,-237.0,-89.0,170.0,-1155.0,-271.0
2.0,-238.0,-85.0,179.0,-1174.0,-263.0
3.0,-240.0,-86.0,195.0,-1185.0,-252.0
2.0,-241.0,-87.0,212.0,-1198.0,-245.0
6.0,-242.0,-80.0,231.0,-1214.0,-233.0
9.0,-241.0,-86.0,251.0,-1232.0,-227.0
12.0,-241.0,-83.0,268.0,-1250.0,-214.0
18.0,-235.0,-88.0,283.0,-1262.0,-210.0
22.0,-234.0,-92.0,291.0,-1269.0,-204.0
23.0,-229.0,-93.0,282.0,-1271.0,-205.0
27.0,-230.0,-91.0,259.0,-1271.0,-205.0
25.0,-230.0,-94.0,226.0,-1271.0,-213.0
28.0,-230.0,-92.0,178.0,-1274.0,-217.0
23.0,-229.0,-91.0,135.0,-1281.0,-226.0
20.0,-227.0,-84.0,111.0,-1298.0,-230.0
22.0,-227.0,-78.0,101.0,-1321.0,-239.0
18.0,-230.0,-87.0,97.0,-1347.0,-241.0
17.0,-230.0,-86.0,87.0,-1373.0,-247.0
13.0,-231.0,-97.0,71.0,-1396.0,-251.0
12.0,-234.0,-96.0,47.0,-1421.0,-259.0
7.0,-236.0,-97.0,22.0,-1442.0,-264.0
1.0,-236.0,-99.0,-6.0,-1466.0,-272.0
-4.0,-239.0,-96.0,-40.0,-1486.0,-271.0
-11.0,-237.0,-94.0,-56.0,-1507.0,-271.0
-10.0,-239.0,-92.0,-57.0,-1529.0,-260.0
-5.0,-244.0,-97.0,-44.0,-1547.0,-250.0
-3.0,-247.0,-106.0,-27.0,-1553.0,-240.0
2.0,-252.0,-107.0,-13.0,-1543.0,-235.0
4.0,-258.0,-105.0,-4.0,-1526.0,-235.0
6.0,-261.0,-111.0,3.0,-1509.0,-239.0
12.0,-264.0,-110.0,9.0,-1496.0,-248.0
20.0,-269.0,-107.0,12.0,-1485.0,-265.0
27.0,-273.0,-99.0,25.0,-1485.0,-280.0
29.0,-270.0,-98.0,35.0,-1484.0,-301.0
32.0,-270.0,-94.0,42.0,-1489.0,-319.0
36.0,-269.0,-87.0,53.0,-1493.0,-339.0
45.0,-272.0,-87.0,64.0,-1492.0,-356.0
47.0,-268.0,-79.0,68.0,-1488.0,-376.0
49.0,-262.0,-71.0,71.0,-1482.0,-398.0
48.0,-260.0,-68.0,80.0,-1482.0,-415.0
50.0,-257.0,-64.0,96.0,-1490.0,-435.0
50.0,-246.0,-67.0,106.0,-1504.0,-453.0
51.0,-246.0,-71.0,112.0,-1514.0,-465.0
47.0,-245.0,-81.0,115.0,-1514.0,-473.0
44.0,-240.0,-82.0,109.0,-1501.0,-475.0
34.0,-237.0,-86.0,97.0,-1482.0,-467.0
35.0,-233.0,-91.0,87.0,-1473.0,-456.0
31.0,-228.0,-98.0,72.0,-1468.0,-443.0
26.0,-231.0,-102.0,41.0,-1463.0,-435.0
25.0,-232.0,-111.0,-5.0,-1452.0,-424.0
19.0,-230.0,-111.0,-57.0,-1437.0,-411.0
14.0,-230.0,-111.0,-104.0,-1423.0,-389.0
14.0,-229.0,-107.0,-148.0,-1417.0,-370.0
12.0,-233.0,-101.0,-170.0,-1415.0,-351.0
14.0,-238.0,-99.0,-176.0,-1413.0,-336.0
12.0,-243.0,-101.0,-175.0,-1401.0,-320.0
11.0,-245.0,-99.0,-173.0,-1388.0,-310.0
11.0,-248.0,-105.0,-162.0,-1370.0,-298.0
11.0,-249.0,-103.0,-138.0,-1352.0,-288.0
11.0,-249.0,-109.0,-102.0,-1335.0,-277.0
10.0,-246.0,-111.0,-63.0,-1319.0,-277.0
7.0,-248.0,-118.0,-33.0,-1298.0,-281.0
8.0,-246.0,-116.0,-15.0,-1284.0,-289.0
1.0,-245.0,-119.0,-17.0,-1274.0,-291.0
-2.0,-241.0,-118.0,-34.0,-1265.0,-301.0
-4.0,-239.0,-118.0,-61.0,-1257.0,-304.0
-7.0,-244.0,-113.0,-92.0,-1250.0,-313.0
-11.0,-240.0,-104.0,-119.0,-1242.0,-316.0
-17.0,-239.0,-98.0,-135.0,-1241.0,-325.0
-22.0,-234.0,-92.0,-136.0,-1248.0,-331.0
-25.0,-233.0,-85.0,-123.0,-1260.0,-341.0
-26.0,-238.0,-81.0,-95.0,-1281.0,-346.0
-34.0,-234.0,-80.0,-59.0,-1302.0,-358.0
-36.0,-234.0,-82.0,-31.0,-1322.0,-363.0
-35.0,-234.0,-87.0,-15.0,-1339.0,-368.0
-40.0,-227.0,-87.0,-4.0,-1348.0,-366.0
-42.0,-227.0,-92.0,0.0,-1355.0,-366.0
-43.0,-226.0,-96.0,-5.0,-1361.0,-356.0
-44.0,-225.0,-103.0,-29.0,-1366.0,-350.0
-42.0,-225.0,-106.0,-67.0,-1371.0,-339.0
-43.0,-224.0,-105.0,-110.0,-1379.0,-337.0
-44.0,-229.0,-107.0,-157.0,-1402.0,-338.0
-41.0,-232.0,-98.0,-196.0,-1427.0,-346.0
-39.0,-234.0,-96.0,-215.0,-1453.0,-355.0
-38.0,-236.0,-94.0,-216.0,-1478.0,-372.0
-34.0,-240.0,-90.0,-208.0,-1493.0,-388.0
-35.0,-244.0,-93.0,-193.0,-1501.0,-405.0
-32.0,-245.0,-89.0,-172.0,-1501.0,-418.0
-31.0,-246.0,-95.0,-150.0,-1497.0,-434.0
-33.0,-245.0,-97.0,-131.0,-1487.0,-443.0
-30.0,-245.0,-95.0,-119.0,-1477.0,-451.0
-26.0,-246.0,-95.0,-114.0,-1469.0,-455.0
-23.0,-248.0,-89.0,-108.0,-1460.0,-462.0
-20.0,-250.0,-89.0,-99.0,-1450.0,-463.0
-21.0,-249.0,-92.0,-87.0,-1443.0,-460.0
-21.0,-248.0,-87.0,-75.0,-1436.0,-454.0
-19.0,-249.0,-86.0,-70.0,-1429.0,-447.0
-23.0,-252.0,-84.0,-59.0,-1428.0,-436.0
-23.0,-255.0,-79.0,-44.0,-1434.0,-424.0
-25.0,-255.0,-81.0,-25.0,-1443.0,-405.0
-20.0,-256.0,-83.0,-4.0,-1450.0,-387.0
-19.0,-252.0,-87.0,17.0,-1452.0,-363.0
-19.0,-248.0,-92.0,30.0,-1450.0,-344.0
-19.0,-248.0,-92.0,28.0,-1448.0,-328.0
-20.0,-248.0,-94.0,19.0,-1452.0,-313.0
-20.0,-248.0,-94.0,1.0,-1463.0,-301.0
-16.0,-248.0,-94.0,-20.0,-1477.0,-293.0
-14.0,-247.0,-89.0,-40.0,-1492.0,-290.0
-13.0,-247.0,-89.0,-55.0,-1501.0,-289.0
-12.0,-248.0,-91.0,-64.0,-1503.0,-288.0
-12.0,-247.0,-85.0,-73.0,-1500.0,-286.0
-12.0,-249.0,-82.0,-79.0,-1490.0,-284.0
-12.0,-248.0,-79.0,-82.0,-1478.0,-280.0
-12.0,-249.0,-78.0,-78.0,-1465.0,-275.0
-11.0,-247.0,-76.0,-70.0,-1452.0,-269.0
-8.0,-250.0,-72.0,-57.0,-1435.0,-264.0
-11.0,-245.0,-77.0,-39.0,-1416.0,-258.0
-9.0,-244.0,-70.0,-20.0,-1392.0,-254.0
-10.0,-243.0,-69.0,0.0,-1374.0,-249.0
-11.0,-243.0,-71.0,17.0,-1354.0,-245.0
-11.0,-240.0,-72.0,31.0,-1338.0,-238.0
-10.0,-241.0,-75.0,43.0,-1320.0,-231.0
-9.0,-240.0,-71.0,49.0,-1305.0,-223.0
-8.0,-241.0,-72.0,51.0,-1288.0,-217.0
-11.0,-244.0,-79.0,52.0,-1270.0,-208.0
-11.0,-241.0,-78.0,52.0,-1252.0,-203.0
-11.0,-240.0,-74.0,51.0,-1233.0,-192.0
-11.0,-239.0,-78.0,48.0,-1217.0,-187.0
-12.0,-240.0,-79.0,44.0,-1202.0,-178.0
-17.0,-241.0,-81.0,39.0,-1189.0,-177.0
-18.0,-242.0,-81.0,32.0,-1175.0,-170.0
-18.0,-244.0,-83.0,18.0,-1160.0,-170.0
-20.0,-243.0,-82.0,4.0,-1145.0,-164.0
-23.0,-245.0,-82.0,-9.0,-1131.0,-165.0
-23.0,-247.0,-82.0,-19.0,-1116.0,-162.0
-23.0,-247.0,-81.0,-30.0,-1104.0,-165.0
-26.0,-247.0,-80.0,-36.0,-1091.0,-162.0
-28.0,-245.0,-79.0,-39.0,-1078.0,-165.0
-30.0,-247.0,-79.0,-39.0,-1065.0,-164.0
-24.0,-251.0,-79.0,-39.0,-1056.0,-167.0
-30.0,-247.0,-81.0,-40.0,-1045.0,-165.0
-28.0,-247.0,-80.0,-41.0,-1030.0,-171.0
-31.0,-246.0,-78.0,-44.0,-1019.0,-172.0
-27.0,-245.0,-80.0,-48.0,-1011.0,-178.0
-30.0,-245.0,-76.0,-51.0,-1003.0,-180.0
-28.0,-245.0,-71.0,-55.0,-993.0,-186.0
-29.0,-245.0,-74.0,-59.0,-986.0,-187.0
-29.0,-244.0,-79.0,-62.0,-977.0,-193.0
-27.0,-245.0,-75.0,-64.0,-972.0,-195.0
-24.0,-241.0,-79.0,-63.0,-967.0,-199.0
-24.0,-240.0,-81.0,-58.0,-964.0,-202.0
-25.0,-239.0,-85.0,-58.0,-957.0,-206.0
-23.0,-236.0,-81.0,-63.0,-952.0,-208.0
-21.0,-238.0,-82.0,-66.0,-952.0,-216.0
-18.0,-237.0,-81.0,-69.0,-951.0,-217.0
-21.0,-237.0,-81.0,-75.0,-950.0,-223.0
-20.0,-236.0,-82.0,-79.0,-949.0,-228.0
-21.0,-239.0,-81.0,-83.0,-943.0,-232.0
-22.0,-232.0,-84.0,-86.0,-938.0,-233.0
-20.0,-234.0,-80.0,-88.0,-936.0,-236.0
-22.0,-232.0,-79.0,-89.0,-933.0,-236.0
-22.0,-230.0,-82.0,-94.0,-928.0,-236.0
-24.0,-232.0,-80.0,-98.0,-925.0,-231.0
-23.0,-230.0,-82.0,-98.0,-922.0,-226.0
-30.0,-227.0,-78.0,-104.0,-917.0,-233.0
-28.0,-231.0,-82.0,-100.0,-909.0,-226.0
-30.0,-231.0,-84.0,-99.0,-902.0,-216.0
-29.0,-231.0,-85.0,-104.0,-899.0,-212.0
-30.0,-235.0,-84.0,-114.0,-895.0,-213.0
-32.0,-237.0,-85.0,-122.0,-892.0,-214.0
-33.0,-236.0,-85.0,-129.0,-890.0,-216.0
-36.0,-240.0,-85.0,-135.0,-885.0,-218.0
-37.0,-242.0,-86.0,-142.0,-881.0,-222.0
-36.0,-241.0,-86.0,-148.0,-874.0,-226.0
-35.0,-245.0,-85.0,-154.0,-864.0,-229.0
-38.0,-244.0,-88.0,-154.0,-855.0,-228.0
-37.0,-242.0,-89.0,-156.0,-849.0,-230.0
-36.0,-244.0,-93.0,-155.0,-842.0,-234.0
-37.0,-241.0,-91.0,-156.0,-833.0,-236.0
-35.0,-241.0,-91.0,-159.0,-827.0,-240.0
-30.0,-243.0,-89.0,-161.0,-825.0,-245.0
-29.0,-245.0,-91.0,-166.0,-823.0,-251.0
-30.0,-242.0,-87.0,-165.0,-823.0,-258.0
-30.0,-245.0,-88.0,-165.0,-822.0,-265.0
-29.0,-242.0,-89.0,-161.0,-823.0,-272.0
-30.0,-241.0,-84.0,-156.0,-823.0,-278.0
-27.0,-243.0,-90.0,-150.0,-822.0,-284.0
-31.0,-246.0,-85.0,-141.0,-822.0,-287.0
-28.0,-245.0,-83.0,-134.0,-822.0,-292.0
-28.0,-245.0,-83.0,-126.0,-819.0,-293.0
-28.0,-246.0,-86.0,-121.0,-814.0,-296.0
-27.0,-245.0,-89.0,-117.0,-807.0,-294.0
-26.0,-245.0,-87.0,-112.0,-801.0,-296.0
-24.0,-247.0,-84.0,-110.0,-792.0,-294.0
-24.0,-244.0,-85.0,-107.0,-784.0,-296.0
-20.0,-245.0,-89.0,-105.0,-775.0,-294.0
-21.0,-249.0,-86.0,-102.0,-767.0,-296.0
-20.0,-245.0,-84.0,-101.0,-762.0,-295.0
-20.0,-245.0,-84.0,-101.0,-755.0,-299.0
-21.0,-248.0,-82.0,-99.0,-746.0,-299.0
-20.0,-248.0,-79.0,-92.0,-736.0,-299.0
-19.0,-249.0,-78.0,-81.0,-726.0,-297.0
-15.0,-250.0,-76.0,-72.0,-714.0,-299.0
-16.0,-248.0,-77.0,-60.0,-704.0,-297.0
-14.0,-252.0,-72.0,-48.0,-693.0,-298.0
-14.0,-252.0,-78.0,-38.0,-680.0,-295.0
-18.0,-248.0,-74.0,-31.0,-667.0,-298.0
-13.0,-250.0,-76.0,-26.0,-652.0,-294.0
-12.0,-248.0,-74.0,-20.0,-636.0,-293.0
-12.0,-247.0,-70.0,-16.0,-617.0,-288.0
-12.0,-249.0,-71.0,-11.0,-594.0,-289.0
-12.0,-247.0,-73.0,-4.0,-574.0,-285.0
-11.0,-246.0,-69.0,3.0,-555.0,-288.0
-11.0,-246.0,-70.0,13.0,-533.0,-283.0
-10.0,-245.0,-72.0,24.0,-512.0,-285.0
-9.0,-246.0,-74.0,32.0,-488.0,-281.0
-6.0,-244.0,-72.0,31.0,-464.0,-283.0
-6.0,-245.0,-73.0,30.0,-440.0,-281.0
-7.0,-248.0,-68.0,28.0,-414.0,-285.0
-8.0,-249.0,-68.0,26.0,-385.0,-281.0
-8.0,-252.0,-64.0,26.0,-350.0,-282.0
-9.0,-251.0,-65.0,26.0,-324.0,-280.0
-7.0,-252.0,-60.0,31.0,-303.0,-282.0
-9.0,-249.0,-59.0,41.0,-284.0,-278.0
-10.0,-247.0,-62.0,50.0,-267.0,-278.0
-10.0,-250.0,-61.0,57.0,-251.0,-275.0
-12.0,-246.0,-62.0,62.0,-235.0,-272.0
-10.0,-248.0,-66.0,59.0,-220.0,-266.0
-11.0,-247.0,-63.0,55.0,-202.0,-264.0
-11.0,-250.0,-67.0,51.0,-181.0,-257.0
-9.0,-254.0,-66.0,44.0,-164.0,-257.0
-12.0,-252.0,-64.0,42.0,-146.0,-252.0
-12.0,-254.0,-64.0,42.0,-130.0,-248.0
-12.0,-254.0,-60.0,47.0,-115.0,-244.0
-12.0,-255.0,-60.0,51.0,-99.0,-244.0
-13.0,-255.0,-60.0,57.0,-85.0,-241.0
-16.0,-252.0,-59.0,60.0,-70.0,-241.0
-17.0,-251.0,-59.0,64.0,-59.0,-235.0
-18.0,-248.0,-57.0,71.0,-52.0,-230.0
-22.0,-247.0,-61.0,78.0,-45.0,-225.0
-20.0,-250.0,-63.0,88.0,-38.0,-220.0
-22.0,-249.0,-69.0,95.0,-34.0,-212.0
-25.0,-247.0,-69.0,104.0,-34.0,-207.0
-26.0,-249.0,-71.0,109.0,-34.0,-200.0
-26.0,-250.0,-71.0,112.0,-36.0,-194.0
-30.0,-249.0,-70.0,109.0,-39.0,-187.0
-29.0,-257.0,-72.0,108.0,-44.0,-175.0
-31.0,-257.0,-69.0,105.0,-49.0,-161.0
-32.0,-258.0,-70.0,105.0,-54.0,-144.0
-32.0,-259.0,-70.0,106.0,-61.0,-121.0
-31.0,-260.0,-71.0,113.0,-61.0,-102.0
-34.0,-259.0,-69.0,120.0,-61.0,-83.0
-30.0,-260.0,-69.0,128.0,-66.0,-64.0
-32.0,-260.0,-65.0,143.0,-74.0,-47.0
-27.0,-257.0,-66.0,159.0,-84.0,-30.0
-27.0,-255.0,-60.0,178.0,-94.0,-18.0
-22.0,-254.0,-62.0,192.0,-106.0,-4.0
-25.0,-252.0,-59.0,209.0,-120.0,6.0
-22.0,-249.0,-57.0,223.0,-134.0,16.0
-16.0,-249.0,-57.0,237.0,-150.0,19.0
-12.0,-249.0,-58.0,246.0,-158.0,19.0
-12.0,-244.0,-62.0,253.0,-167.0,20.0
-9.0,-246.0,-57.0,256.0,-176.0,22.0
-4.0,-246.0,-61.0,259.0,-188.0,14.0
-1.0,-240.0,-65.0,261.0,-203.0,6.0
-1.0,-241.0,-68.0,258.0,-216.0,-10.0
-1.0,-238.0,-70.0,251.0,-229.0,-21.0
3.0,-237.0,-82.0,243.0,-243.0,-39.0
5.0,-232.0,-82.0,236.0,-257.0,-53.0
6.0,-231.0,-86.0,217.0,-266.0,-75.0
8.0,-231.0,-86.0,193.0,-269.0,-88.0
7.0,-230.0,-92.0,169.0,-272.0,-107.0
5.0,-226.0,-92.0,148.0,-275.0,-118.0
9.0,-228.0,-87.0,132.0,-276.0,-132.0
10.0,-227.0,-90.0,120.0,-278.0,-137.0
9.0,-224.0,-89.0,107.0,-280.0,-145.0
8.0,-226.0,-88.0,92.0,-284.0,-146.0
11.0,-228.0,-87.0,79.0,-295.0,-152.0
8.0,-234.0,-85.0,69.0,-306.0,-152.0
8.0,-238.0,-85.0,64.0,-325.0,-157.0
3.0,-240.0,-87.0,66.0,-346.0,-155.0
3.0,-243.0,-89.0,69.0,-370.0,-161.0
2.0,-246.0,-90.0,73.0,-396.0,-162.0
2.0,-251.0,-95.0,77.0,-420.0,-169.0
-1.0,-254.0,-92.0,76.0,-444.0,-172.0
-6.0,-259.0,-93.0,71.0,-466.0,-179.0
-5.0,-264.0,-91.0,64.0,-489.0,-182.0
-1.0,-269.0,-89.0,62.0,-511.0,-191.0
1.0,-274.0,-95.0,69.0,-529.0,-197.0
3.0,-279.0,-99.0,77.0,-547.0,-212.0
14.0,-276.0,-91.0,79.0,-555.0,-220.0
4.0,-283.0,-90.0,89.0,-563.0,-231.0
14.0,-291.0,-102.0,107.0,-569.0,-239.0
15.0,-290.0,-80.0,125.0,-574.0,-255.0
16.0,-308.0,-83.0,143.0,-577.0,-269.0
20.0,-291.0,-96.0,162.0,-581.0,-287.0
17.0,-291.0,-97.0,182.0,-581.0,-303.0
25.0,-294.0,-88.0,197.0,-575.0,-323.0
27.0,-287.0,-76.0,210.0,-565.0,-346.0
31.0,-271.0,-55.0,227.0,-554.0,-367.0
28.0,-269.0,-80.0,242.0,-548.0,-386.0
31.0,-265.0,-79.0,259.0,-542.0,-406.0
33.0,-260.0,-83.0,275.0,-538.0,-420.0
33.0,-258.0,-73.0,288.0,-534.0,-433.0
33.0,-254.0,-77.0,295.0,-529.0,-443.0
28.0,-250.0,-78.0,292.0,-523.0,-449.0
27.0,-246.0,-71.0,287.0,-523.0,-450.0
27.0,-238.0,-68.0,282.0,-525.0,-449.0
25.0,-237.0,-63.0,281.0,-527.0,-442.0
20.0,-232.0,-68.0,275.0,-535.0,-437.0
20.0,-232.0,-62.0,269.0,-540.0,-428.0
18.0,-228.0,-61.0,258.0,-551.0,-421.0
14.0,-226.0,-55.0,247.0,-567.0,-412.0
9.0,-226.0,-53.0,240.0,-589.0,-401.0
5.0,-227.0,-52.0,239.0,-613.0,-389.0
-1.0,-223.0,-49.0,236.0,-637.0,-375.0
-8.0,-218.0,-55.0,229.0,-666.0,-359.0
-9.0,-216.0,-58.0,222.0,-692.0,-338.0
-12.0,-217.0,-63.0,204.0,-719.0,-313.0
-12.0,-216.0,-65.0,176.0,-740.0,-294.0
-12.0,-218.0,-63.0,147.0,-763.0,-275.0
-12.0,-222.0,-68.0,122.0,-779.0,-260.0
-12.0,-221.0,-71.0,93.0,-790.0,-251.0
-10.0,-223.0,-70.0,62.0,-796.0,-241.0
-7.0,-223.0,-74.0,28.0,-799.0,-237.0
-6.0,-222.0,-77.0,-5.0,-802.0,-230.0
-2.0,-227.0,-76.0,-37.0,-801.0,-228.0
3.0,-227.0,-80.0,-65.0,-803.0,-224.0
12.0,-231.0,-76.0,-92.0,-798.0,-227.0
15.0,-233.0,-75.0,-117.0,-791.0,-232.0
23.0,-237.0,-78.0,-135.0,-781.0,-238.0
29.0,-241.0,-81.0,-152.0,-772.0,-242.0
38.0,-246.0,-81.0,-170.0,-761.0,-250.0
40.0,-246.0,-79.0,-183.0,-750.0,-255.0
46.0,-248.0,-79.0,-190.0,-737.0,-266.0
47.0,-252.0,-76.0,-189.0,-721.0,-271.0
51.0,-254.0,-74.0,-187.0,-705.0,-277.0
53.0,-258.0,-68.0,-178.0,-688.0,-277.0
52.0,-258.0,-67.0,-159.0,-667.0,-280.0
55.0,-260.0,-63.0,-139.0,-650.0,-277.0
53.0,-264.0,-62.0,-118.0,-635.0,-277.0
53.0,-267.0,-63.0,-93.0,-625.0,-272.0
49.0,-269.0,-58.0,-64.0,-614.0,-266.0
45.0,-271.0,-63.0,-37.0,-606.0,-257.0
