1.0,-223.0,-21.0,-19.0,182.0,-57.0
3.0,-219.0,-21.0,-10.0,177.0,-59.0
8.0,-215.0,-18.0,-4.0,166.0,-59.0
4.0,-214.0,-17.0,-1.0,139.0,-58.0
2.0,-213.0,-13.0,-4.0,99.0,-56.0
-1.0,-213.0,-10.0,-10.0,49.0,-53.0
-3.0,-213.0,-8.0,-19.0,-3.0,-48.0
-4.0,-217.0,-10.0,-30.0,-45.0,-43.0
-13.0,-219.0,-9.0,-42.0,-74.0,-41.0
-25.0,-220.0,-16.0,-53.0,-98.0,-43.0
-28.0,-223.0,-21.0,-62.0,-118.0,-49.0
-31.0,-227.0,-21.0,-69.0,-137.0,-55.0
-40.0,-221.0,-23.0,-74.0,-148.0,-59.0
-48.0,-221.0,-33.0,-75.0,-151.0,-59.0
-54.0,-217.0,-30.0,-74.0,-153.0,-56.0
-49.0,-215.0,-30.0,-71.0,-155.0,-46.0
-51.0,-206.0,-22.0,-63.0,-174.0,-32.0
-42.0,-204.0,-15.0,-53.0,-204.0,-11.0
-31.0,-197.0,-8.0,-38.0,-239.0,12.0
-24.0,-186.0,-8.0,-22.0,-271.0,41.0
-11.0,-186.0,-8.0,-7.0,-290.0,65.0
-6.0,-180.0,-10.0,0.0,-299.0,82.0
-2.0,-175.0,-14.0,-11.0,-310.0,96.0
2.0,-175.0,-11.0,-47.0,-326.0,107.0
1.0,-173.0,-14.0,-98.0,-348.0,105.0
2.0,-175.0,-8.0,-162.0,-376.0,97.0
0.0,-182.0,-12.0,-233.0,-400.0,86.0
-1.0,-188.0,-14.0,-306.0,-421.0,72.0
-4.0,-199.0,-16.0,-377.0,-434.0,51.0
-4.0,-202.0,-13.0,-435.0,-447.0,32.0
-5.0,-211.0,-17.0,-477.0,-459.0,17.0
-14.0,-220.0,-16.0,-496.0,-464.0,9.0
-28.0,-222.0,-26.0,-503.0,-468.0,11.0
-36.0,-231.0,-26.0,-501.0,-473.0,17.0
-41.0,-233.0,-28.0,-490.0,-481.0,32.0
-41.0,-229.0,-28.0,-470.0,-496.0,55.0
-41.0,-223.0,-31.0,-449.0,-513.0,78.0
-34.0,-223.0,-26.0,-431.0,-538.0,97.0
-31.0,-220.0,-35.0,-418.0,-558.0,113.0
-32.0,-216.0,-36.0,-416.0,-570.0,123.0
-30.0,-217.0,-42.0,-428.0,-574.0,123.0
-31.0,-218.0,-44.0,-455.0,-574.0,116.0
-32.0,-217.0,-43.0,-486.0,-575.0,106.0
-35.0,-220.0,-41.0,-513.0,-584.0,93.0
-29.0,-221.0,-37.0,-529.0,-601.0,76.0
-26.0,-227.0,-30.0,-530.0,-619.0,63.0
-21.0,-234.0,-29.0,-516.0,-635.0,49.0
-19.0,-230.0,-15.0,-488.0,-646.0,36.0
-12.0,-234.0,-17.0,-442.0,-656.0,27.0
-10.0,-233.0,-8.0,-385.0,-667.0,19.0
-9.0,-229.0,-14.0,-327.0,-679.0,13.0
-8.0,-226.0,-13.0,-276.0,-699.0,9.0
-16.0,-223.0,-17.0,-237.0,-725.0,8.0
-20.0,-222.0,-21.0,-213.0,-756.0,8.0
-22.0,-227.0,-32.0,-201.0,-782.0,8.0
-26.0,-223.0,-33.0,-194.0,-804.0,5.0
-24.0,-222.0,-36.0,-184.0,-820.0,0.0
-26.0,-223.0,-37.0,-168.0,-825.0,-6.0
-22.0,-227.0,-37.0,-148.0,-821.0,-16.0
-13.0,-232.0,-36.0,-118.0,-815.0,-26.0
-5.0,-232.0,-31.0,-85.0,-801.0,-38.0
-2.0,-231.0,-31.0,-51.0,-783.0,-51.0
4.0,-232.0,-26.0,-16.0,-760.0,-61.0
6.0,-232.0,-27.0,15.0,-738.0,-69.0
12.0,-232.0,-23.0,39.0,-722.0,-72.0
11.0,-230.0,-24.0,59.0,-715.0,-70.0
16.0,-229.0,-21.0,73.0,-712.0,-67.0
11.0,-221.0,-24.0,90.0,-712.0,-57.0
18.0,-219.0,-20.0,110.0,-707.0,-48.0
18.0,-222.0,-9.0,135.0,-702.0,-41.0
21.0,-222.0,-7.0,164.0,-692.0,-34.0
18.0,-221.0,-9.0,196.0,-677.0,-25.0
16.0,-215.0,-5.0,227.0,-654.0,-14.0
14.0,-218.0,-8.0,251.0,-623.0,4.0
7.0,-212.0,-11.0,260.0,-588.0,23.0
-1.0,-211.0,-18.0,248.0,-558.0,48.0
-5.0,-212.0,-20.0,217.0,-554.0,80.0
-6.0,-218.0,-19.0,174.0,-565.0,107.0
-1.0,-226.0,-23.0,130.0,-573.0,127.0
-3.0,-238.0,-20.0,97.0,-548.0,142.0
-6.0,-252.0,-17.0,83.0,-477.0,157.0
-11.0,-260.0,-24.0,82.0,-387.0,173.0
-17.0,-267.0,-42.0,83.0,-329.0,196.0
-26.0,-279.0,-60.0,67.0,-331.0,225.0
-34.0,-291.0,-69.0,35.0,-375.0,261.0
-35.0,-314.0,-84.0,-1.0,-433.0,296.0
-36.0,-335.0,-94.0,-14.0,-468.0,330.0
-35.0,-351.0,-103.0,17.0,-468.0,351.0
-35.0,-364.0,-102.0,82.0,-447.0,362.0
-33.0,-375.0,-112.0,163.0,-434.0,365.0
-35.0,-364.0,-109.0,246.0,-440.0,360.0
-27.0,-363.0,-103.0,327.0,-467.0,348.0
-24.0,-355.0,-95.0,402.0,-500.0,317.0
-15.0,-342.0,-83.0,471.0,-514.0,273.0
-12.0,-330.0,-71.0,536.0,-498.0,220.0
-10.0,-320.0,-58.0,584.0,-443.0,163.0
-2.0,-312.0,-58.0,602.0,-353.0,108.0
10.0,-310.0,-59.0,578.0,-240.0,65.0
23.0,-314.0,-68.0,499.0,-125.0,40.0
42.0,-322.0,-90.0,371.0,-32.0,23.0
58.0,-341.0,-119.0,218.0,26.0,26.0
74.0,-357.0,-135.0,72.0,47.0,43.0
95.0,-379.0,-145.0,-38.0,40.0,92.0
105.0,-396.0,-145.0,-91.0,24.0,164.0
106.0,-405.0,-133.0,-73.0,12.0,253.0
92.0,-406.0,-118.0,18.0,6.0,345.0
73.0,-406.0,-95.0,158.0,-3.0,421.0
52.0,-392.0,-77.0,327.0,-14.0,455.0
17.0,-366.0,-68.0,505.0,-18.0,448.0
-5.0,-336.0,-63.0,663.0,-13.0,400.0
-19.0,-317.0,-49.0,776.0,12.0,329.0
-14.0,-302.0,-41.0,832.0,71.0,250.0
-30.0,-289.0,-27.0,842.0,163.0,165.0
-33.0,-277.0,-15.0,822.0,268.0,75.0
-32.0,-266.0,-8.0,781.0,362.0,-14.0
-29.0,-264.0,-5.0,725.0,432.0,-93.0
-31.0,-257.0,-5.0,665.0,471.0,-156.0
-24.0,-251.0,-6.0,603.0,483.0,-203.0
-15.0,-250.0,-6.0,547.0,481.0,-224.0
-12.0,-250.0,-8.0,495.0,472.0,-226.0
-7.0,-248.0,-18.0,447.0,464.0,-213.0
-4.0,-253.0,-24.0,405.0,461.0,-199.0
-2.0,-260.0,-22.0,373.0,454.0,-184.0
-2.0,-263.0,-24.0,364.0,426.0,-170.0
-1.0,-265.0,-29.0,376.0,384.0,-155.0
-3.0,-263.0,-33.0,399.0,336.0,-146.0
-2.0,-263.0,-41.0,427.0,293.0,-147.0
-6.0,-260.0,-46.0,437.0,250.0,-154.0
-7.0,-259.0,-50.0,435.0,196.0,-159.0
-13.0,-250.0,-52.0,414.0,128.0,-162.0
-13.0,-249.0,-50.0,372.0,54.0,-157.0
-19.0,-249.0,-49.0,314.0,-13.0,-143.0
-30.0,-247.0,-49.0,249.0,-72.0,-123.0
-25.0,-254.0,-42.0,191.0,-119.0,-104.0
-26.0,-255.0,-40.0,155.0,-155.0,-86.0
-24.0,-255.0,-37.0,144.0,-185.0,-77.0
-28.0,-251.0,-33.0,158.0,-213.0,-78.0
-27.0,-243.0,-34.0,189.0,-242.0,-91.0
-22.0,-234.0,-33.0,220.0,-268.0,-114.0
-18.0,-224.0,-40.0,241.0,-284.0,-142.0
-16.0,-212.0,-43.0,248.0,-286.0,-175.0
-12.0,-205.0,-45.0,240.0,-276.0,-206.0
-5.0,-203.0,-47.0,229.0,-255.0,-233.0
-1.0,-206.0,-45.0,228.0,-227.0,-254.0
0.0,-199.0,-43.0,236.0,-196.0,-278.0
7.0,-200.0,-42.0,247.0,-162.0,-300.0
18.0,-210.0,-42.0,259.0,-124.0,-317.0
22.0,-212.0,-42.0,265.0,-88.0,-332.0
27.0,-216.0,-47.0,260.0,-54.0,-346.0
30.0,-221.0,-50.0,251.0,-22.0,-356.0
33.0,-229.0,-45.0,237.0,11.0,-359.0
34.0,-236.0,-48.0,223.0,38.0,-360.0
37.0,-244.0,-48.0,217.0,64.0,-363.0
44.0,-255.0,-53.0,220.0,88.0,-366.0
39.0,-261.0,-49.0,242.0,111.0,-372.0
41.0,-272.0,-46.0,281.0,133.0,-375.0
38.0,-279.0,-43.0,338.0,157.0,-377.0
43.0,-281.0,-40.0,409.0,180.0,-376.0
45.0,-282.0,-40.0,483.0,200.0,-376.0
43.0,-284.0,-33.0,559.0,219.0,-377.0
43.0,-279.0,-32.0,638.0,235.0,-373.0
37.0,-275.0,-34.0,712.0,245.0,-369.0
33.0,-265.0,-26.0,786.0,248.0,-354.0
29.0,-258.0,-23.0,851.0,241.0,-334.0
27.0,-250.0,-13.0,903.0,224.0,-310.0
23.0,-238.0,-8.0,934.0,204.0,-279.0
25.0,-226.0,-7.0,943.0,185.0,-241.0
22.0,-218.0,0.0,927.0,172.0,-201.0
15.0,-214.0,1.0,894.0,165.0,-162.0
8.0,-208.0,4.0,852.0,163.0,-124.0
3.0,-208.0,3.0,803.0,165.0,-90.0
-1.0,-208.0,7.0,754.0,171.0,-61.0
-4.0,-208.0,8.0,717.0,181.0,-38.0
-4.0,-211.0,7.0,690.0,197.0,-22.0
-4.0,-216.0,16.0,671.0,211.0,-13.0
-9.0,-218.0,10.0,656.0,221.0,-8.0
-9.0,-222.0,13.0,644.0,225.0,-6.0
-8.0,-230.0,10.0,638.0,218.0,-9.0
-10.0,-231.0,11.0,644.0,199.0,-16.0
-14.0,-232.0,18.0,662.0,174.0,-17.0
-14.0,-234.0,14.0,693.0,145.0,-19.0
-15.0,-233.0,17.0,726.0,115.0,-22.0
-15.0,-231.0,19.0,752.0,84.0,-26.0
-15.0,-232.0,21.0,768.0,58.0,-32.0
-14.0,-222.0,22.0,773.0,34.0,-39.0
-15.0,-222.0,28.0,766.0,14.0,-44.0
-11.0,-223.0,21.0,742.0,1.0,-47.0
-16.0,-216.0,27.0,702.0,-2.0,-47.0
-12.0,-219.0,22.0,651.0,-2.0,-46.0
-8.0,-219.0,21.0,597.0,0.0,-44.0
-8.0,-219.0,20.0,537.0,0.0,-43.0
-10.0,-215.0,15.0,477.0,1.0,-40.0
-3.0,-217.0,14.0,416.0,-1.0,-34.0
-4.0,-223.0,15.0,366.0,-6.0,-25.0
-1.0,-219.0,13.0,325.0,-8.0,-18.0
4.0,-226.0,22.0,295.0,-1.0,-19.0
6.0,-229.0,23.0,281.0,12.0,-21.0
11.0,-234.0,20.0,288.0,31.0,-30.0
10.0,-229.0,22.0,305.0,51.0,-40.0
10.0,-227.0,25.0,326.0,68.0,-51.0
14.0,-223.0,27.0,347.0,82.0,-59.0
19.0,-224.0,21.0,362.0,93.0,-64.0
22.0,-222.0,24.0,369.0,94.0,-67.0
25.0,-222.0,23.0,367.0,92.0,-65.0
24.0,-225.0,23.0,355.0,90.0,-53.0
28.0,-231.0,24.0,338.0,91.0,-38.0
30.0,-233.0,21.0,316.0,97.0,-22.0
30.0,-236.0,21.0,298.0,101.0,-2.0
33.0,-237.0,16.0,282.0,112.0,17.0
23.0,-241.0,17.0,269.0,116.0,35.0
21.0,-248.0,15.0,262.0,120.0,46.0
14.0,-250.0,12.0,266.0,124.0,48.0
10.0,-248.0,14.0,276.0,124.0,45.0
2.0,-250.0,12.0,290.0,121.0,37.0
-4.0,-251.0,16.0,311.0,117.0,27.0
-7.0,-250.0,18.0,337.0,112.0,16.0
-10.0,-251.0,22.0,368.0,106.0,8.0
-18.0,-241.0,27.0,400.0,99.0,3.0
-24.0,-239.0,26.0,431.0,95.0,3.0
-27.0,-233.0,31.0,457.0,90.0,6.0
-28.0,-225.0,37.0,474.0,82.0,12.0
-27.0,-226.0,36.0,476.0,71.0,21.0
-29.0,-220.0,36.0,467.0,57.0,34.0
-29.0,-214.0,32.0,447.0,41.0,46.0
-29.0,-205.0,27.0,422.0,25.0,62.0
-22.0,-202.0,25.0,394.0,10.0,76.0
-21.0,-200.0,23.0,364.0,-6.0,88.0
-19.0,-203.0,24.0,334.0,-27.0,95.0
-14.0,-195.0,22.0,308.0,-54.0,104.0
-6.0,-195.0,20.0,282.0,-80.0,113.0
-5.0,-193.0,25.0,254.0,-103.0,121.0
-4.0,-192.0,32.0,233.0,-120.0,128.0
-4.0,-193.0,35.0,218.0,-130.0,133.0
1.0,-193.0,41.0,206.0,-140.0,140.0
3.0,-193.0,44.0,195.0,-150.0,146.0
1.0,-194.0,45.0,187.0,-159.0,149.0
0.0,-194.0,46.0,176.0,-168.0,155.0
2.0,-197.0,48.0,162.0,-176.0,163.0
4.0,-200.0,50.0,142.0,-181.0,177.0
7.0,-201.0,53.0,119.0,-182.0,191.0
11.0,-211.0,50.0,93.0,-184.0,204.0
14.0,-208.0,52.0,64.0,-186.0,213.0
18.0,-215.0,50.0,40.0,-188.0,224.0
17.0,-219.0,49.0,16.0,-192.0,236.0
16.0,-221.0,50.0,1.0,-196.0,247.0
22.0,-224.0,50.0,-6.0,-203.0,257.0
21.0,-225.0,51.0,1.0,-210.0,260.0
24.0,-226.0,46.0,14.0,-218.0,258.0
27.0,-228.0,44.0,31.0,-225.0,254.0
24.0,-233.0,45.0,40.0,-220.0,247.0
2.0,-258.0,76.0,49.0,-208.0,238.0
51.0,-376.0,-102.0,1675.0,-1257.0,557.0
55.0,-294.0,5.0,2670.0,-1053.0,860.0
-31.0,-278.0,84.0,2562.0,-599.0,583.0
-25.0,-255.0,72.0,2503.0,-577.0,453.0
-23.0,-229.0,76.0,2274.0,-592.0,400.0
-4.0,-214.0,93.0,2003.0,-577.0,388.0
-7.0,-190.0,93.0,1769.0,-527.0,321.0
-1.0,-183.0,80.0,1590.0,-496.0,226.0
-3.0,-183.0,66.0,1430.0,-482.0,132.0
-6.0,-184.0,69.0,1279.0,-462.0,98.0
-3.0,-179.0,81.0,1189.0,-421.0,69.0
-4.0,-171.0,74.0,1187.0,-354.0,15.0
-2.0,-166.0,71.0,1208.0,-282.0,-40.0
-1.0,-162.0,67.0,1175.0,-214.0,-70.0
1.0,-165.0,81.0,1053.0,-166.0,-90.0
6.0,-171.0,88.0,920.0,-131.0,-88.0
14.0,-184.0,101.0,796.0,-110.0,-68.0
20.0,-193.0,101.0,710.0,-98.0,-39.0
23.0,-206.0,105.0,663.0,-87.0,-11.0
27.0,-210.0,103.0,650.0,-66.0,10.0
35.0,-215.0,97.0,647.0,-26.0,30.0
42.0,-215.0,92.0,632.0,23.0,38.0
39.0,-210.0,80.0,599.0,75.0,39.0
40.0,-209.0,88.0,544.0,131.0,37.0
48.0,-207.0,88.0,474.0,173.0,28.0
48.0,-202.0,89.0,395.0,202.0,13.0
48.0,-204.0,93.0,323.0,216.0,-6.0
47.0,-198.0,95.0,263.0,220.0,-31.0
44.0,-196.0,92.0,211.0,220.0,-54.0
43.0,-192.0,95.0,167.0,226.0,-73.0
46.0,-190.0,103.0,134.0,236.0,-94.0
41.0,-186.0,106.0,110.0,248.0,-110.0
41.0,-178.0,101.0,84.0,266.0,-122.0
41.0,-179.0,113.0,46.0,291.0,-128.0
35.0,-173.0,109.0,-7.0,323.0,-130.0
45.0,-165.0,112.0,-71.0,361.0,-121.0
38.0,-158.0,119.0,-162.0,414.0,-104.0
36.0,-155.0,120.0,-249.0,468.0,-72.0
34.0,-166.0,121.0,-330.0,506.0,-51.0
45.0,-173.0,110.0,-389.0,544.0,-32.0
49.0,-181.0,94.0,-426.0,579.0,-26.0
23.0,-212.0,114.0,-494.0,631.0,-44.0
53.0,-188.0,74.0,-557.0,649.0,-57.0
31.0,-204.0,82.0,-702.0,674.0,-83.0
60.0,-183.0,50.0,-870.0,686.0,-89.0
9.0,-162.0,25.0,-1232.0,773.0,-152.0
27.0,-178.0,24.0,-1831.0,891.0,-286.0
-27.0,-213.0,72.0,-2612.0,1045.0,-443.0
12.0,-317.0,69.0,-3220.0,1165.0,-509.0
-39.0,-381.0,123.0,-3646.0,1228.0,-474.0
-67.0,-452.0,99.0,-3380.0,1132.0,-461.0
-56.0,-494.0,35.0,-2530.0,880.0,-458.0
-32.0,-496.0,-21.0,-1534.0,620.0,-492.0
-9.0,-470.0,-41.0,-614.0,507.0,-564.0
-3.0,-435.0,-48.0,106.0,503.0,-632.0
5.0,-398.0,-29.0,581.0,529.0,-654.0
5.0,-376.0,-16.0,834.0,555.0,-638.0
11.0,-355.0,9.0,916.0,561.0,-607.0
11.0,-329.0,52.0,889.0,540.0,-574.0
10.0,-311.0,74.0,821.0,494.0,-545.0
6.0,-295.0,82.0,728.0,425.0,-527.0
-2.0,-290.0,84.0,628.0,359.0,-521.0
-13.0,-291.0,78.0,517.0,304.0,-518.0
-27.0,-292.0,56.0,419.0,278.0,-530.0
-52.0,-303.0,37.0,316.0,268.0,-565.0
-72.0,-321.0,17.0,207.0,250.0,-607.0
-81.0,-326.0,9.0,95.0,205.0,-638.0
-95.0,-343.0,6.0,13.0,141.0,-651.0
-83.0,-354.0,5.0,-7.0,75.0,-647.0
-90.0,-358.0,8.0,31.0,-3.0,-638.0
-84.0,-355.0,11.0,104.0,-90.0,-611.0
-77.0,-352.0,26.0,210.0,-168.0,-559.0
-66.0,-349.0,36.0,364.0,-217.0,-472.0
-52.0,-329.0,47.0,545.0,-254.0,-365.0
-27.0,-316.0,49.0,705.0,-275.0,-246.0
-22.0,-300.0,53.0,805.0,-293.0,-114.0
-10.0,-279.0,66.0,833.0,-306.0,-11.0
-10.0,-271.0,58.0,801.0,-309.0,78.0
-14.0,-271.0,64.0,726.0,-302.0,145.0
-15.0,-270.0,65.0,631.0,-290.0,186.0
-19.0,-266.0,67.0,530.0,-270.0,203.0
-18.0,-270.0,66.0,416.0,-241.0,200.0
-16.0,-264.0,67.0,336.0,-213.0,191.0
-11.0,-265.0,65.0,274.0,-183.0,186.0
-12.0,-261.0,41.0,235.0,-146.0,178.0
-1.0,-255.0,63.0,198.0,-120.0,183.0
-4.0,-250.0,56.0,151.0,-108.0,184.0
-1.0,-241.0,52.0,101.0,-97.0,173.0
3.0,-234.0,49.0,50.0,-85.0,161.0
4.0,-227.0,45.0,-4.0,-75.0,147.0
8.0,-230.0,47.0,-61.0,-60.0,133.0
7.0,-228.0,45.0,-126.0,-45.0,120.0
7.0,-224.0,52.0,-180.0,-30.0,109.0
9.0,-230.0,52.0,-230.0,-15.0,98.0
4.0,-234.0,53.0,-268.0,-2.0,92.0
8.0,-235.0,57.0,-285.0,6.0,85.0
2.0,-238.0,56.0,-278.0,13.0,85.0
2.0,-245.0,55.0,-263.0,20.0,94.0
3.0,-241.0,55.0,-244.0,31.0,108.0
5.0,-241.0,55.0,-224.0,42.0,120.0
4.0,-240.0,55.0,-207.0,53.0,132.0
0.0,-238.0,51.0,-203.0,57.0,146.0
-1.0,-233.0,54.0,-196.0,54.0,162.0
1.0,-233.0,57.0,-187.0,46.0,179.0
4.0,-228.0,56.0,-172.0,36.0,194.0
2.0,-226.0,57.0,-150.0,29.0,209.0
2.0,-220.0,59.0,-134.0,31.0,220.0
-2.0,-216.0,58.0,-131.0,33.0,232.0
-11.0,-213.0,55.0,-140.0,34.0,241.0
-10.0,-211.0,58.0,-163.0,34.0,252.0
-18.0,-212.0,55.0,-197.0,32.0,267.0
-22.0,-214.0,51.0,-235.0,25.0,281.0
-28.0,-216.0,50.0,-276.0,14.0,289.0
-31.0,-217.0,51.0,-318.0,0.0,289.0
-35.0,-220.0,46.0,-358.0,-14.0,285.0
-34.0,-219.0,52.0,-403.0,-35.0,276.0
-30.0,-222.0,49.0,-438.0,-51.0,266.0
-36.0,-225.0,51.0,-457.0,-59.0,255.0
-32.0,-224.0,45.0,-459.0,-64.0,243.0
-32.0,-218.0,48.0,-457.0,-69.0,231.0
-28.0,-228.0,47.0,-451.0,-76.0,215.0
-28.0,-230.0,47.0,-442.0,-87.0,203.0
-26.0,-229.0,44.0,-432.0,-101.0,187.0
-25.0,-230.0,46.0,-418.0,-114.0,169.0
-27.0,-229.0,47.0,-400.0,-125.0,149.0
-23.0,-228.0,42.0,-376.0,-130.0,133.0
-20.0,-225.0,41.0,-351.0,-131.0,116.0
-15.0,-223.0,36.0,-336.0,-129.0,99.0
-15.0,-219.0,38.0,-340.0,-126.0,85.0
-15.0,-223.0,36.0,-354.0,-128.0,75.0
-12.0,-222.0,41.0,-365.0,-129.0,62.0
-9.0,-207.0,26.0,-386.0,-123.0,47.0
-7.0,-183.0,19.0,-455.0,-99.0,23.0
-5.0,-182.0,25.0,-615.0,-46.0,11.0
-11.0,-193.0,25.0,-786.0,-19.0,24.0
-6.0,-203.0,23.0,-912.0,-12.0,33.0
-4.0,-213.0,29.0,-975.0,-4.0,34.0
-3.0,-224.0,27.0,-968.0,6.0,28.0
-4.0,-232.0,27.0,-908.0,17.0,16.0
-3.0,-233.0,25.0,-819.0,25.0,-10.0
-5.0,-227.0,23.0,-726.0,31.0,-38.0
2.0,-241.0,28.0,-640.0,44.0,-50.0
-2.0,-243.0,34.0,-568.0,38.0,-61.0
2.0,-246.0,39.0,-514.0,20.0,-91.0
-1.0,-246.0,39.0,-462.0,-9.0,-114.0
3.0,-246.0,44.0,-425.0,-32.0,-136.0
5.0,-247.0,41.0,-404.0,-63.0,-158.0
2.0,-248.0,40.0,-400.0,-91.0,-177.0
-1.0,-247.0,36.0,-406.0,-120.0,-187.0
-1.0,-243.0,39.0,-419.0,-135.0,-192.0
-5.0,-242.0,39.0,-429.0,-145.0,-189.0
-4.0,-240.0,34.0,-437.0,-153.0,-180.0
-14.0,-239.0,37.0,-443.0,-162.0,-173.0
-18.0,-231.0,33.0,-447.0,-171.0,-157.0
-21.0,-232.0,28.0,-451.0,-177.0,-138.0
-32.0,-224.0,25.0,-453.0,-182.0,-116.0
-35.0,-222.0,25.0,-457.0,-192.0,-93.0
-38.0,-217.0,19.0,-462.0,-206.0,-69.0
-32.0,-223.0,26.0,-470.0,-227.0,-40.0
-34.0,-218.0,26.0,-473.0,-250.0,-14.0
-28.0,-225.0,31.0,-474.0,-270.0,9.0
-26.0,-225.0,28.0,-477.0,-285.0,22.0
-23.0,-228.0,34.0,-478.0,-292.0,25.0
-24.0,-229.0,23.0,-487.0,-298.0,21.0
-25.0,-233.0,24.0,-497.0,-309.0,12.0
-23.0,-233.0,24.0,-508.0,-325.0,0.0
-18.0,-241.0,14.0,-518.0,-343.0,-14.0
-21.0,-241.0,6.0,-528.0,-363.0,-34.0
-16.0,-242.0,-1.0,-542.0,-377.0,-49.0
-15.0,-245.0,-8.0,-556.0,-387.0,-66.0
-10.0,-246.0,-15.0,-565.0,-389.0,-82.0
-8.0,-246.0,-13.0,-572.0,-382.0,-94.0
-4.0,-245.0,-18.0,-575.0,-366.0,-101.0
-3.0,-242.0,-18.0,-577.0,-343.0,-103.0
3.0,-246.0,-7.0,-574.0,-330.0,-107.0
6.0,-245.0,-5.0,-562.0,-321.0,-108.0
9.0,-244.0,0.0,-536.0,-313.0,-112.0
16.0,-248.0,6.0,-498.0,-305.0,-110.0
19.0,-244.0,11.0,-457.0,-295.0,-113.0
19.0,-242.0,15.0,-414.0,-284.0,-122.0
15.0,-239.0,18.0,-372.0,-274.0,-133.0
18.0,-239.0,20.0,-337.0,-268.0,-150.0
19.0,-235.0,18.0,-308.0,-266.0,-163.0
15.0,-230.0,10.0,-286.0,-260.0,-178.0
16.0,-233.0,8.0,-266.0,-248.0,-192.0
19.0,-227.0,13.0,-255.0,-226.0,-206.0
14.0,-225.0,13.0,-247.0,-204.0,-216.0
9.0,-218.0,10.0,-243.0,-181.0,-217.0
12.0,-218.0,6.0,-243.0,-161.0,-216.0
13.0,-215.0,2.0,-251.0,-145.0,-211.0
8.0,-210.0,2.0,-264.0,-129.0,-195.0
9.0,-207.0,9.0,-277.0,-114.0,-176.0
4.0,-206.0,6.0,-285.0,-97.0,-156.0
5.0,-204.0,7.0,-292.0,-80.0,-134.0
0.0,-203.0,10.0,-298.0,-65.0,-110.0
-2.0,-193.0,24.0,-304.0,-52.0,-85.0
-3.0,-205.0,7.0,-313.0,-47.0,-60.0
-3.0,-207.0,7.0,-327.0,-45.0,-36.0
-3.0,-211.0,12.0,-341.0,-41.0,-21.0
-4.0,-219.0,8.0,-350.0,-33.0,-12.0
-2.0,-225.0,10.0,-346.0,-19.0,-14.0
-5.0,-228.0,15.0,-332.0,6.0,-22.0
-2.0,-233.0,13.0,-313.0,36.0,-30.0
-7.0,-236.0,13.0,-298.0,68.0,-40.0
-3.0,-238.0,10.0,-286.0,93.0,-49.0
-7.0,-233.0,7.0,-279.0,109.0,-52.0
-3.0,-233.0,5.0,-285.0,121.0,-52.0
-1.0,-229.0,6.0,-299.0,132.0,-51.0
-2.0,-231.0,3.0,-322.0,144.0,-51.0
-1.0,-231.0,-5.0,-346.0,156.0,-50.0
-7.0,-230.0,-1.0,-365.0,161.0,-44.0
-6.0,-232.0,-1.0,-374.0,160.0,-39.0
-4.0,-233.0,0.0,-377.0,151.0,-35.0
-7.0,-232.0,-1.0,-373.0,137.0,-32.0
-8.0,-228.0,-5.0,-365.0,122.0,-27.0
-9.0,-229.0,-2.0,-355.0,111.0,-24.0
-9.0,-236.0,4.0,-343.0,104.0,-24.0
-6.0,-242.0,-1.0,-326.0,94.0,-26.0
-7.0,-238.0,2.0,-297.0,87.0,-34.0
-7.0,-243.0,5.0,-266.0,81.0,-42.0
-6.0,-245.0,3.0,-233.0,79.0,-53.0
-9.0,-243.0,0.0,-196.0,80.0,-65.0
-10.0,-242.0,-5.0,-162.0,80.0,-76.0
-10.0,-241.0,-8.0,-139.0,80.0,-81.0
-8.0,-237.0,-12.0,-133.0,71.0,-88.0
-7.0,-229.0,-17.0,-129.0,63.0,-93.0
-11.0,-228.0,-16.0,-126.0,59.0,-91.0
-14.0,-222.0,-23.0,-132.0,56.0,-90.0
-16.0,-216.0,-26.0,-142.0,54.0,-83.0
-17.0,-217.0,-18.0,-156.0,51.0,-75.0
-12.0,-215.0,-21.0,-172.0,51.0,-65.0
-9.0,-215.0,-14.0,-183.0,52.0,-55.0
-9.0,-216.0,-6.0,-184.0,53.0,-47.0
-7.0,-220.0,-3.0,-170.0,53.0,-41.0
-7.0,-222.0,4.0,-145.0,51.0,-38.0
-7.0,-224.0,2.0,-114.0,46.0,-30.0
-8.0,-225.0,2.0,-82.0,45.0,-26.0
-12.0,-227.0,5.0,-52.0,39.0,-20.0
-12.0,-225.0,4.0,-26.0,28.0,-12.0
-17.0,-228.0,5.0,-1.0,16.0,-6.0
-20.0,-227.0,0.0,26.0,0.0,-1.0
-17.0,-230.0,5.0,54.0,-12.0,10.0
-22.0,-227.0,5.0,74.0,-19.0,17.0
-25.0,-225.0,8.0,93.0,-15.0,23.0
-26.0,-225.0,6.0,114.0,-16.0,35.0
-27.0,-227.0,3.0,126.0,-30.0,47.0
-23.0,-227.0,4.0,131.0,-47.0,60.0
-18.0,-231.0,10.0,139.0,-57.0,70.0
-18.0,-231.0,4.0,150.0,-59.0,79.0
-17.0,-232.0,2.0,162.0,-53.0,91.0
-19.0,-240.0,1.0,171.0,-49.0,97.0
-15.0,-243.0,-6.0,178.0,-47.0,99.0
-17.0,-247.0,-11.0,183.0,-52.0,98.0
-16.0,-250.0,-25.0,180.0,-68.0,92.0
-16.0,-257.0,-39.0,175.0,-97.0,88.0
-8.0,-271.0,-51.0,166.0,-128.0,83.0
-11.0,-286.0,-50.0,166.0,-147.0,75.0
-12.0,-294.0,-58.0,186.0,-154.0,60.0
-6.0,-312.0,-62.0,223.0,-159.0,36.0
-4.0,-321.0,-65.0,267.0,-163.0,9.0
-1.0,-325.0,-72.0,306.0,-171.0,-17.0
-5.0,-326.0,-66.0,334.0,-185.0,-34.0
-6.0,-327.0,-63.0,351.0,-202.0,-43.0
-7.0,-328.0,-60.0,357.0,-221.0,-47.0
-9.0,-332.0,-55.0,366.0,-233.0,-40.0
-13.0,-330.0,-57.0,384.0,-230.0,-25.0
-14.0,-326.0,-54.0,405.0,-216.0,-1.0
-13.0,-323.0,-58.0,426.0,-196.0,26.0
-8.0,-321.0,-61.0,445.0,-171.0,58.0
-6.0,-321.0,-56.0,453.0,-148.0,90.0
-1.0,-321.0,-58.0,456.0,-123.0,121.0
1.0,-321.0,-58.0,458.0,-102.0,145.0
7.0,-320.0,-61.0,457.0,-86.0,166.0
10.0,-317.0,-59.0,446.0,-76.0,186.0
15.0,-317.0,-54.0,429.0,-73.0,202.0
25.0,-317.0,-49.0,405.0,-70.0,213.0
30.0,-317.0,-50.0,384.0,-49.0,211.0
37.0,-318.0,-44.0,379.0,-5.0,193.0
41.0,-311.0,-38.0,380.0,53.0,163.0
50.0,-315.0,-44.0,380.0,108.0,122.0
58.0,-309.0,-46.0,380.0,154.0,79.0
58.0,-308.0,-51.0,379.0,191.0,21.0
59.0,-299.0,-55.0,377.0,216.0,-16.0
64.0,-304.0,-54.0,373.0,230.0,-46.0
70.0,-302.0,-57.0,365.0,242.0,-67.0
75.0,-305.0,-53.0,356.0,255.0,-77.0
83.0,-304.0,-59.0,350.0,272.0,-70.0
86.0,-311.0,-56.0,358.0,303.0,-34.0
77.0,-312.0,-58.0,353.0,345.0,9.0
66.0,-310.0,-46.0,326.0,380.0,32.0
55.0,-306.0,-57.0,286.0,392.0,52.0
44.0,-309.0,-54.0,238.0,394.0,62.0
31.0,-300.0,-51.0,192.0,387.0,65.0
17.0,-295.0,-45.0,151.0,373.0,60.0
3.0,-288.0,-42.0,120.0,348.0,50.0
-4.0,-281.0,-40.0,93.0,323.0,40.0
-9.0,-275.0,-38.0,68.0,294.0,28.0
-1.0,-268.0,-38.0,53.0,267.0,31.0
0.0,-263.0,-30.0,51.0,260.0,55.0
-4.0,-262.0,-31.0,47.0,274.0,90.0
-9.0,-259.0,-24.0,37.0,290.0,122.0
-17.0,-260.0,-15.0,16.0,296.0,149.0
-18.0,-257.0,-11.0,-10.0,299.0,167.0
-24.0,-258.0,-2.0,-39.0,295.0,181.0
-27.0,-259.0,-7.0,-66.0,280.0,186.0
-27.0,-255.0,-8.0,-93.0,254.0,183.0
-28.0,-255.0,-6.0,-115.0,229.0,172.0
-24.0,-257.0,-8.0,-133.0,208.0,150.0
-19.0,-255.0,-11.0,-149.0,191.0,123.0
-22.0,-256.0,-16.0,-163.0,178.0,87.0
-17.0,-257.0,-18.0,-171.0,171.0,47.0
-15.0,-257.0,-25.0,-170.0,165.0,5.0
-13.0,-254.0,-19.0,-164.0,159.0,-40.0
-8.0,-255.0,-27.0,-150.0,149.0,-87.0
0.0,-254.0,-28.0,-130.0,128.0,-135.0
0.0,-253.0,-20.0,-106.0,104.0,-173.0
3.0,-256.0,-21.0,-83.0,85.0,-199.0
4.0,-250.0,-21.0,-65.0,71.0,-214.0
3.0,-244.0,-27.0,-51.0,61.0,-225.0
7.0,-244.0,-27.0,-38.0,59.0,-237.0
14.0,-245.0,-23.0,-23.0,59.0,-247.0
17.0,-239.0,-17.0,-4.0,57.0,-257.0
16.0,-234.0,-19.0,13.0,49.0,-265.0
20.0,-234.0,-11.0,30.0,28.0,-269.0
24.0,-231.0,-17.0,42.0,8.0,-266.0
27.0,-222.0,-17.0,44.0,-9.0,-258.0
28.0,-217.0,-14.0,41.0,-21.0,-248.0
32.0,-223.0,-14.0,32.0,-30.0,-233.0
33.0,-219.0,-10.0,20.0,-41.0,-215.0
36.0,-220.0,-13.0,8.0,-50.0,-197.0
36.0,-218.0,-10.0,-2.0,-60.0,-180.0
36.0,-219.0,-12.0,-11.0,-69.0,-162.0
35.0,-219.0,-9.0,-22.0,-81.0,-143.0
32.0,-218.0,-16.0,-32.0,-96.0,-119.0
31.0,-218.0,-12.0,-47.0,-113.0,-93.0
31.0,-224.0,-18.0,-65.0,-127.0,-71.0
23.0,-217.0,-16.0,-84.0,-137.0,-51.0
16.0,-217.0,-18.0,-104.0,-139.0,-32.0
15.0,-217.0,-24.0,-125.0,-136.0,-14.0
11.0,-219.0,-22.0,-148.0,-130.0,1.0
8.0,-222.0,-25.0,-173.0,-121.0,16.0
4.0,-222.0,-21.0,-196.0,-115.0,29.0
5.0,-224.0,-21.0,-216.0,-107.0,42.0
4.0,-228.0,-24.0,-232.0,-97.0,47.0
6.0,-232.0,-23.0,-242.0,-87.0,46.0
4.0,-234.0,-17.0,-249.0,-80.0,43.0
3.0,-229.0,-25.0,-255.0,-71.0,35.0
6.0,-235.0,-20.0,-255.0,-66.0,25.0
8.0,-235.0,-23.0,-258.0,-65.0,14.0
4.0,-235.0,-21.0,-263.0,-66.0,5.0
