0.0,-194.0,-30.0,302.0,-137.0,505.0
-3.0,-197.0,-30.0,294.0,-140.0,507.0
-4.0,-196.0,-28.0,288.0,-144.0,512.0
-9.0,-195.0,-24.0,296.0,-152.0,515.0
-10.0,-195.0,-20.0,311.0,-165.0,516.0
-12.0,-196.0,-21.0,325.0,-180.0,516.0
-13.0,-196.0,-29.0,329.0,-191.0,515.0
-18.0,-194.0,-27.0,324.0,-201.0,510.0
-18.0,-193.0,-27.0,316.0,-207.0,503.0
-22.0,-195.0,-24.0,316.0,-213.0,493.0
-25.0,-195.0,-27.0,318.0,-219.0,482.0
-23.0,-195.0,-27.0,309.0,-217.0,475.0
-23.0,-195.0,-28.0,295.0,-214.0,467.0
-26.0,-195.0,-31.0,275.0,-209.0,464.0
-22.0,-196.0,-35.0,255.0,-205.0,468.0
-20.0,-195.0,-29.0,240.0,-206.0,471.0
-17.0,-194.0,-36.0,233.0,-207.0,473.0
-19.0,-195.0,-38.0,223.0,-207.0,475.0
-17.0,-194.0,-43.0,208.0,-208.0,480.0
-14.0,-194.0,-45.0,185.0,-209.0,487.0
-16.0,-193.0,-47.0,164.0,-209.0,489.0
-15.0,-194.0,-47.0,139.0,-211.0,489.0
-17.0,-196.0,-50.0,108.0,-210.0,486.0
-18.0,-197.0,-43.0,81.0,-209.0,486.0
-25.0,-202.0,-45.0,56.0,-208.0,487.0
-25.0,-205.0,-42.0,34.0,-213.0,486.0
-30.0,-208.0,-44.0,16.0,-225.0,486.0
-31.0,-209.0,-38.0,1.0,-233.0,484.0
-36.0,-213.0,-43.0,-19.0,-242.0,482.0
-37.0,-219.0,-41.0,-37.0,-251.0,476.0
-41.0,-222.0,-40.0,-56.0,-257.0,469.0
-42.0,-226.0,-41.0,-68.0,-260.0,461.0
-47.0,-228.0,-39.0,-74.0,-265.0,453.0
-46.0,-237.0,-43.0,-82.0,-271.0,445.0
-45.0,-241.0,-40.0,-104.0,-273.0,445.0
-45.0,-239.0,-39.0,-123.0,-277.0,446.0
-47.0,-243.0,-41.0,-123.0,-286.0,447.0
-43.0,-241.0,-44.0,-114.0,-291.0,448.0
-41.0,-244.0,-44.0,-109.0,-297.0,448.0
-44.0,-240.0,-45.0,-107.0,-298.0,448.0
-44.0,-236.0,-46.0,-113.0,-303.0,450.0
-45.0,-242.0,-46.0,-123.0,-311.0,456.0
-44.0,-239.0,-48.0,-132.0,-319.0,460.0
-40.0,-240.0,-48.0,-141.0,-334.0,465.0
-42.0,-245.0,-44.0,-145.0,-348.0,465.0
-41.0,-241.0,-41.0,-140.0,-363.0,465.0
-40.0,-244.0,-43.0,-128.0,-376.0,464.0
-41.0,-242.0,-35.0,-111.0,-387.0,460.0
-41.0,-243.0,-36.0,-95.0,-397.0,455.0
-40.0,-244.0,-36.0,-83.0,-397.0,445.0
-38.0,-246.0,-37.0,-78.0,-389.0,431.0
-36.0,-245.0,-32.0,-75.0,-378.0,418.0
-39.0,-245.0,-32.0,-64.0,-368.0,401.0
-47.0,-243.0,-32.0,-56.0,-362.0,391.0
-51.0,-246.0,-31.0,-55.0,-361.0,388.0
-58.0,-246.0,-28.0,-61.0,-366.0,392.0
-54.0,-248.0,-27.0,-68.0,-375.0,393.0
-56.0,-245.0,-18.0,-69.0,-386.0,394.0
-56.0,-247.0,-22.0,-65.0,-399.0,391.0
-58.0,-246.0,-16.0,-55.0,-413.0,386.0
-63.0,-244.0,-16.0,-37.0,-430.0,376.0
-60.0,-240.0,-22.0,-21.0,-452.0,363.0
-60.0,-238.0,-22.0,-17.0,-472.0,351.0
-60.0,-232.0,-22.0,-17.0,-489.0,339.0
-57.0,-227.0,-22.0,-18.0,-501.0,321.0
-57.0,-224.0,-21.0,-21.0,-513.0,303.0
-57.0,-220.0,-25.0,-31.0,-521.0,281.0
-56.0,-221.0,-30.0,-45.0,-529.0,260.0
-53.0,-215.0,-33.0,-66.0,-537.0,240.0
-54.0,-221.0,-37.0,-93.0,-539.0,219.0
-53.0,-223.0,-34.0,-122.0,-533.0,196.0
-51.0,-225.0,-33.0,-148.0,-522.0,175.0
-51.0,-226.0,-31.0,-170.0,-512.0,154.0
-51.0,-228.0,-37.0,-181.0,-501.0,134.0
-50.0,-232.0,-35.0,-181.0,-488.0,114.0
-44.0,-232.0,-34.0,-173.0,-470.0,91.0
-41.0,-232.0,-30.0,-161.0,-450.0,68.0
-42.0,-234.0,-35.0,-150.0,-434.0,48.0
-46.0,-232.0,-30.0,-143.0,-421.0,26.0
-47.0,-233.0,-27.0,-140.0,-410.0,9.0
-45.0,-234.0,-23.0,-140.0,-401.0,-7.0
-51.0,-235.0,-27.0,-144.0,-392.0,-20.0
-50.0,-235.0,-28.0,-154.0,-385.0,-33.0
-50.0,-233.0,-28.0,-168.0,-378.0,-48.0
-54.0,-236.0,-23.0,-179.0,-368.0,-62.0
-52.0,-239.0,-25.0,-188.0,-360.0,-77.0
-55.0,-238.0,-20.0,-192.0,-352.0,-96.0
-53.0,-238.0,-21.0,-191.0,-347.0,-112.0
-51.0,-240.0,-24.0,-186.0,-342.0,-129.0
-48.0,-242.0,-22.0,-181.0,-337.0,-145.0
-49.0,-242.0,-19.0,-175.0,-330.0,-158.0
-48.0,-243.0,-20.0,-166.0,-319.0,-173.0
-51.0,-241.0,-21.0,-157.0,-304.0,-189.0
-44.0,-244.0,-20.0,-145.0,-292.0,-204.0
-45.0,-244.0,-19.0,-131.0,-278.0,-221.0
-48.0,-244.0,-16.0,-117.0,-263.0,-237.0
-46.0,-247.0,-19.0,-104.0,-252.0,-254.0
-46.0,-248.0,-17.0,-92.0,-243.0,-273.0
-48.0,-244.0,-11.0,-82.0,-235.0,-287.0
-46.0,-243.0,-12.0,-71.0,-230.0,-303.0
-50.0,-246.0,-11.0,-59.0,-224.0,-317.0
-47.0,-249.0,-14.0,-46.0,-219.0,-330.0
-49.0,-250.0,-12.0,-33.0,-212.0,-341.0
-51.0,-251.0,-6.0,-22.0,-208.0,-347.0
-48.0,-247.0,-5.0,-8.0,-203.0,-351.0
-49.0,-254.0,-12.0,6.0,-195.0,-355.0
-49.0,-252.0,-10.0,20.0,-192.0,-356.0
-53.0,-251.0,-16.0,32.0,-197.0,-352.0
-55.0,-252.0,-17.0,38.0,-210.0,-343.0
-52.0,-255.0,-22.0,30.0,-218.0,-328.0
-53.0,-255.0,-26.0,14.0,-225.0,-311.0
-60.0,-255.0,-34.0,-8.0,-233.0,-286.0
-67.0,-258.0,-34.0,-29.0,-249.0,-257.0
-71.0,-259.0,-38.0,-54.0,-267.0,-225.0
-77.0,-263.0,-40.0,-74.0,-285.0,-190.0
-87.0,-266.0,-40.0,-91.0,-301.0,-153.0
-91.0,-266.0,-39.0,-105.0,-319.0,-116.0
-99.0,-268.0,-37.0,-117.0,-338.0,-78.0
-103.0,-273.0,-36.0,-123.0,-361.0,-40.0
-104.0,-275.0,-35.0,-122.0,-390.0,-3.0
-100.0,-276.0,-37.0,-116.0,-416.0,29.0
-98.0,-276.0,-30.0,-105.0,-438.0,54.0
-93.0,-278.0,-21.0,-94.0,-459.0,71.0
-94.0,-275.0,-25.0,-83.0,-489.0,81.0
-89.0,-277.0,-23.0,-73.0,-526.0,91.0
-83.0,-281.0,-19.0,-69.0,-567.0,95.0
-80.0,-281.0,-20.0,-70.0,-605.0,96.0
-82.0,-281.0,-23.0,-78.0,-641.0,93.0
-82.0,-278.0,-26.0,-90.0,-672.0,90.0
-82.0,-281.0,-27.0,-111.0,-699.0,89.0
-81.0,-285.0,-29.0,-135.0,-723.0,90.0
-82.0,-289.0,-28.0,-161.0,-747.0,91.0
-83.0,-289.0,-28.0,-186.0,-757.0,94.0
-79.0,-295.0,-30.0,-204.0,-759.0,92.0
-76.0,-299.0,-27.0,-213.0,-751.0,86.0
-75.0,-298.0,-25.0,-215.0,-739.0,78.0
-75.0,-301.0,-29.0,-206.0,-729.0,70.0
-73.0,-301.0,-30.0,-194.0,-720.0,55.0
-70.0,-303.0,-37.0,-191.0,-708.0,35.0
-69.0,-304.0,-50.0,-197.0,-685.0,12.0
-67.0,-306.0,-50.0,-206.0,-663.0,-13.0
-63.0,-307.0,-54.0,-216.0,-644.0,-42.0
-57.0,-310.0,-53.0,-218.0,-624.0,-71.0
-52.0,-305.0,-56.0,-211.0,-606.0,-103.0
-51.0,-306.0,-59.0,-197.0,-592.0,-128.0
-48.0,-302.0,-60.0,-182.0,-581.0,-151.0
-44.0,-297.0,-67.0,-173.0,-565.0,-166.0
-37.0,-296.0,-67.0,-176.0,-547.0,-189.0
-34.0,-290.0,-68.0,-186.0,-530.0,-216.0
-28.0,-282.0,-70.0,-192.0,-513.0,-245.0
-30.0,-279.0,-76.0,-194.0,-499.0,-268.0
-32.0,-265.0,-77.0,-195.0,-484.0,-286.0
-31.0,-262.0,-82.0,-201.0,-473.0,-303.0
-29.0,-254.0,-80.0,-212.0,-459.0,-319.0
-30.0,-249.0,-79.0,-220.0,-445.0,-335.0
-32.0,-241.0,-79.0,-226.0,-430.0,-342.0
-36.0,-231.0,-76.0,-225.0,-421.0,-342.0
-36.0,-226.0,-70.0,-222.0,-418.0,-345.0
-44.0,-222.0,-72.0,-220.0,-413.0,-342.0
-50.0,-221.0,-68.0,-223.0,-411.0,-347.0
-55.0,-216.0,-63.0,-232.0,-416.0,-357.0
-54.0,-215.0,-63.0,-246.0,-424.0,-366.0
-56.0,-219.0,-64.0,-265.0,-435.0,-376.0
-52.0,-225.0,-59.0,-288.0,-446.0,-391.0
-48.0,-228.0,-61.0,-304.0,-455.0,-411.0
-48.0,-233.0,-61.0,-309.0,-466.0,-434.0
-43.0,-235.0,-59.0,-301.0,-479.0,-463.0
-39.0,-238.0,-58.0,-284.0,-492.0,-496.0
-36.0,-239.0,-60.0,-266.0,-499.0,-527.0
-35.0,-238.0,-63.0,-250.0,-500.0,-555.0
-31.0,-240.0,-64.0,-240.0,-500.0,-582.0
-36.0,-237.0,-63.0,-236.0,-501.0,-604.0
-37.0,-236.0,-56.0,-237.0,-508.0,-623.0
-32.0,-241.0,-57.0,-238.0,-518.0,-639.0
-40.0,-237.0,-55.0,-238.0,-538.0,-650.0
-46.0,-235.0,-55.0,-235.0,-560.0,-660.0
-47.0,-235.0,-56.0,-230.0,-585.0,-666.0
-48.0,-233.0,-57.0,-224.0,-610.0,-674.0
-50.0,-234.0,-61.0,-216.0,-638.0,-682.0
-57.0,-235.0,-65.0,-209.0,-671.0,-689.0
-55.0,-235.0,-64.0,-203.0,-706.0,-696.0
-56.0,-234.0,-61.0,-196.0,-740.0,-701.0
-56.0,-231.0,-60.0,-178.0,-777.0,-708.0
-57.0,-232.0,-62.0,-153.0,-818.0,-715.0
-51.0,-227.0,-64.0,-131.0,-855.0,-722.0
-52.0,-228.0,-71.0,-114.0,-882.0,-727.0
-49.0,-222.0,-72.0,-107.0,-902.0,-730.0
-48.0,-223.0,-72.0,-105.0,-917.0,-732.0
-44.0,-221.0,-71.0,-109.0,-934.0,-732.0
-41.0,-221.0,-68.0,-107.0,-950.0,-731.0
-42.0,-218.0,-69.0,-104.0,-967.0,-725.0
-37.0,-218.0,-73.0,-99.0,-977.0,-716.0
-39.0,-215.0,-75.0,-93.0,-985.0,-703.0
-32.0,-217.0,-79.0,-87.0,-992.0,-687.0
-29.0,-217.0,-76.0,-84.0,-999.0,-668.0
-24.0,-219.0,-75.0,-78.0,-1006.0,-653.0
-24.0,-219.0,-68.0,-72.0,-1009.0,-639.0
-22.0,-222.0,-74.0,-65.0,-1012.0,-627.0
-21.0,-228.0,-63.0,-54.0,-1016.0,-620.0
-19.0,-225.0,-60.0,-40.0,-1027.0,-616.0
-14.0,-228.0,-58.0,-21.0,-1037.0,-614.0
-16.0,-233.0,-56.0,-3.0,-1044.0,-612.0
-17.0,-226.0,-57.0,19.0,-1051.0,-610.0
-15.0,-228.0,-55.0,44.0,-1054.0,-613.0
-11.0,-228.0,-53.0,70.0,-1061.0,-611.0
-17.0,-224.0,-56.0,88.0,-1067.0,-608.0
-17.0,-226.0,-42.0,95.0,-1072.0,-606.0
-16.0,-225.0,-55.0,98.0,-1072.0,-607.0
-17.0,-226.0,-54.0,100.0,-1072.0,-605.0
-19.0,-225.0,-51.0,102.0,-1074.0,-607.0
-20.0,-223.0,-48.0,112.0,-1081.0,-608.0
-20.0,-228.0,-52.0,133.0,-1093.0,-605.0
-21.0,-229.0,-50.0,145.0,-1104.0,-600.0
-14.0,-228.0,-54.0,150.0,-1110.0,-595.0
-17.0,-232.0,-52.0,151.0,-1106.0,-590.0
-17.0,-232.0,-49.0,153.0,-1100.0,-585.0
-9.0,-235.0,-43.0,160.0,-1097.0,-580.0
-21.0,-235.0,-47.0,173.0,-1098.0,-581.0
-19.0,-234.0,-47.0,185.0,-1106.0,-582.0
-19.0,-241.0,-46.0,202.0,-1114.0,-582.0
-21.0,-240.0,-44.0,219.0,-1124.0,-580.0
-19.0,-244.0,-43.0,235.0,-1135.0,-580.0
-21.0,-243.0,-45.0,250.0,-1144.0,-577.0
-22.0,-243.0,-39.0,267.0,-1158.0,-576.0
-22.0,-245.0,-42.0,286.0,-1170.0,-573.0
-14.0,-243.0,-34.0,309.0,-1181.0,-573.0
-13.0,-249.0,-49.0,324.0,-1185.0,-572.0
-13.0,-246.0,-48.0,330.0,-1188.0,-573.0
-15.0,-247.0,-42.0,335.0,-1190.0,-575.0
-15.0,-246.0,-40.0,345.0,-1197.0,-578.0
-16.0,-248.0,-36.0,355.0,-1206.0,-583.0
-15.0,-248.0,-37.0,376.0,-1218.0,-586.0
-14.0,-249.0,-36.0,405.0,-1235.0,-587.0
-18.0,-243.0,-38.0,429.0,-1251.0,-592.0
-16.0,-243.0,-41.0,442.0,-1264.0,-596.0
-17.0,-240.0,-39.0,452.0,-1281.0,-593.0
-18.0,-238.0,-40.0,460.0,-1301.0,-588.0
-19.0,-238.0,-41.0,469.0,-1323.0,-588.0
-20.0,-237.0,-40.0,469.0,-1343.0,-585.0
-16.0,-238.0,-39.0,464.0,-1360.0,-582.0
-14.0,-237.0,-44.0,458.0,-1377.0,-583.0
-16.0,-237.0,-40.0,453.0,-1393.0,-586.0
-18.0,-238.0,-39.0,457.0,-1410.0,-587.0
-19.0,-235.0,-46.0,472.0,-1433.0,-593.0
-20.0,-235.0,-42.0,492.0,-1453.0,-594.0
-20.0,-236.0,-38.0,504.0,-1469.0,-594.0
-19.0,-233.0,-40.0,512.0,-1479.0,-593.0
-20.0,-232.0,-42.0,530.0,-1483.0,-591.0
-20.0,-234.0,-42.0,547.0,-1491.0,-590.0
-20.0,-233.0,-43.0,563.0,-1500.0,-589.0
-19.0,-231.0,-43.0,581.0,-1507.0,-586.0
-19.0,-227.0,-46.0,600.0,-1513.0,-582.0
-15.0,-230.0,-51.0,617.0,-1515.0,-578.0
-16.0,-225.0,-51.0,627.0,-1519.0,-571.0
-4.0,-221.0,-54.0,634.0,-1526.0,-561.0
-4.0,-221.0,-49.0,636.0,-1534.0,-548.0
-1.0,-216.0,-51.0,638.0,-1548.0,-535.0
1.0,-216.0,-48.0,640.0,-1557.0,-522.0
2.0,-214.0,-46.0,643.0,-1564.0,-506.0
9.0,-203.0,-43.0,640.0,-1572.0,-484.0
4.0,-203.0,-50.0,630.0,-1579.0,-460.0
8.0,-203.0,-48.0,615.0,-1586.0,-436.0
7.0,-196.0,-48.0,598.0,-1592.0,-413.0
10.0,-196.0,-49.0,575.0,-1595.0,-388.0
8.0,-193.0,-40.0,545.0,-1591.0,-368.0
8.0,-188.0,-39.0,524.0,-1587.0,-346.0
11.0,-188.0,-38.0,517.0,-1580.0,-326.0
11.0,-185.0,-40.0,497.0,-1576.0,-304.0
10.0,-186.0,-40.0,446.0,-1573.0,-283.0
5.0,-189.0,-34.0,371.0,-1570.0,-260.0
5.0,-187.0,-28.0,296.0,-1570.0,-240.0
6.0,-194.0,-27.0,234.0,-1579.0,-218.0
8.0,-199.0,-25.0,187.0,-1595.0,-195.0
4.0,-205.0,-29.0,143.0,-1611.0,-172.0
4.0,-213.0,-27.0,104.0,-1622.0,-147.0
3.0,-224.0,-27.0,73.0,-1631.0,-127.0
2.0,-232.0,-25.0,58.0,-1638.0,-108.0
2.0,-244.0,-23.0,62.0,-1641.0,-87.0
-2.0,-255.0,-26.0,81.0,-1642.0,-69.0
-4.0,-259.0,-21.0,112.0,-1643.0,-54.0
-3.0,-264.0,-18.0,152.0,-1655.0,-43.0
-3.0,-268.0,-19.0,196.0,-1670.0,-30.0
-3.0,-273.0,-18.0,240.0,-1687.0,-13.0
-2.0,-278.0,-19.0,282.0,-1696.0,3.0
-2.0,-279.0,-20.0,320.0,-1698.0,14.0
0.0,-284.0,-16.0,360.0,-1693.0,22.0
7.0,-288.0,-15.0,416.0,-1682.0,25.0
9.0,-290.0,-11.0,469.0,-1672.0,29.0
12.0,-286.0,-7.0,524.0,-1666.0,31.0
12.0,-285.0,-7.0,574.0,-1670.0,36.0
14.0,-279.0,-3.0,612.0,-1682.0,41.0
15.0,-273.0,3.0,637.0,-1698.0,45.0
18.0,-267.0,7.0,652.0,-1714.0,42.0
17.0,-259.0,-2.0,661.0,-1733.0,41.0
20.0,-253.0,-1.0,670.0,-1752.0,39.0
20.0,-243.0,-13.0,683.0,-1768.0,38.0
15.0,-232.0,-21.0,687.0,-1784.0,34.0
9.0,-224.0,-30.0,674.0,-1803.0,30.0
9.0,-217.0,-40.0,636.0,-1825.0,31.0
3.0,-216.0,-40.0,592.0,-1846.0,34.0
2.0,-211.0,-51.0,553.0,-1866.0,40.0
2.0,-213.0,-54.0,497.0,-1875.0,44.0
4.0,-216.0,-60.0,414.0,-1871.0,39.0
8.0,-230.0,-58.0,305.0,-1858.0,25.0
19.0,-240.0,-55.0,204.0,-1837.0,11.0
31.0,-246.0,-52.0,146.0,-1826.0,2.0
43.0,-259.0,-55.0,141.0,-1825.0,-7.0
58.0,-266.0,-63.0,141.0,-1828.0,-23.0
61.0,-277.0,-68.0,120.0,-1821.0,-50.0
64.0,-287.0,-68.0,89.0,-1802.0,-88.0
69.0,-291.0,-66.0,66.0,-1779.0,-123.0
70.0,-297.0,-65.0,62.0,-1750.0,-161.0
69.0,-292.0,-62.0,71.0,-1716.0,-195.0
71.0,-289.0,-57.0,96.0,-1677.0,-224.0
70.0,-271.0,-53.0,128.0,-1630.0,-245.0
73.0,-260.0,-45.0,159.0,-1574.0,-258.0
79.0,-243.0,-37.0,179.0,-1512.0,-262.0
79.0,-225.0,-30.0,180.0,-1447.0,-259.0
75.0,-213.0,-29.0,149.0,-1386.0,-250.0
70.0,-199.0,-23.0,87.0,-1332.0,-235.0
58.0,-196.0,-17.0,-2.0,-1297.0,-221.0
44.0,-197.0,-18.0,-94.0,-1281.0,-195.0
30.0,-205.0,-15.0,-162.0,-1278.0,-167.0
12.0,-219.0,-16.0,-199.0,-1278.0,-144.0
-1.0,-236.0,-19.0,-208.0,-1269.0,-133.0
-9.0,-255.0,-18.0,-191.0,-1255.0,-142.0
-25.0,-262.0,-16.0,-158.0,-1239.0,-156.0
-31.0,-269.0,-22.0,-114.0,-1220.0,-169.0
-38.0,-269.0,-33.0,-73.0,-1204.0,-176.0
-46.0,-265.0,-33.0,-37.0,-1197.0,-181.0
-52.0,-262.0,-32.0,-13.0,-1206.0,-189.0
-53.0,-255.0,-33.0,0.0,-1237.0,-195.0
-55.0,-252.0,-35.0,-1.0,-1280.0,-201.0
-50.0,-243.0,-40.0,-16.0,-1323.0,-203.0
-49.0,-236.0,-40.0,-46.0,-1355.0,-206.0
-50.0,-235.0,-40.0,-77.0,-1375.0,-206.0
-54.0,-229.0,-34.0,-103.0,-1389.0,-197.0
-47.0,-231.0,-33.0,-116.0,-1402.0,-186.0
-46.0,-230.0,-25.0,-119.0,-1411.0,-173.0
-40.0,-233.0,-13.0,-111.0,-1419.0,-163.0
-42.0,-240.0,-10.0,-94.0,-1429.0,-161.0
-42.0,-243.0,0.0,-68.0,-1441.0,-163.0
-46.0,-245.0,1.0,-35.0,-1457.0,-173.0
-45.0,-249.0,1.0,0.0,-1472.0,-185.0
-49.0,-254.0,1.0,33.0,-1488.0,-201.0
-55.0,-254.0,1.0,62.0,-1501.0,-221.0
-57.0,-260.0,-4.0,86.0,-1515.0,-238.0
-64.0,-261.0,-4.0,104.0,-1531.0,-253.0
-71.0,-259.0,-7.0,123.0,-1545.0,-263.0
-73.0,-259.0,-9.0,141.0,-1562.0,-263.0
-76.0,-260.0,-13.0,155.0,-1582.0,-257.0
-67.0,-258.0,-24.0,161.0,-1605.0,-237.0
-57.0,-253.0,-23.0,155.0,-1622.0,-219.0
-42.0,-255.0,-28.0,133.0,-1627.0,-197.0
-34.0,-254.0,-21.0,106.0,-1618.0,-176.0
-19.0,-255.0,-22.0,79.0,-1608.0,-150.0
-13.0,-259.0,-3.0,56.0,-1607.0,-124.0
-1.0,-267.0,-4.0,43.0,-1611.0,-88.0
9.0,-273.0,13.0,42.0,-1614.0,-66.0
13.0,-279.0,21.0,59.0,-1613.0,-52.0
15.0,-280.0,30.0,95.0,-1606.0,-38.0
9.0,-279.0,28.0,142.0,-1602.0,-24.0
2.0,-279.0,30.0,194.0,-1603.0,-11.0
1.0,-278.0,25.0,245.0,-1601.0,-3.0
-8.0,-267.0,23.0,293.0,-1596.0,9.0
-14.0,-261.0,20.0,318.0,-1591.0,22.0
-18.0,-256.0,18.0,328.0,-1583.0,33.0
-21.0,-245.0,16.0,324.0,-1568.0,44.0
-24.0,-240.0,10.0,306.0,-1554.0,53.0
-26.0,-234.0,6.0,278.0,-1540.0,55.0
-26.0,-237.0,8.0,250.0,-1526.0,55.0
-28.0,-237.0,8.0,222.0,-1510.0,53.0
-25.0,-240.0,6.0,201.0,-1497.0,49.0
-25.0,-244.0,9.0,190.0,-1480.0,44.0
-22.0,-248.0,6.0,190.0,-1466.0,39.0
-22.0,-249.0,9.0,195.0,-1455.0,35.0
-18.0,-252.0,9.0,204.0,-1444.0,32.0
-14.0,-250.0,10.0,211.0,-1433.0,28.0
-9.0,-252.0,14.0,219.0,-1418.0,23.0
-4.0,-254.0,13.0,228.0,-1400.0,17.0
-4.0,-255.0,11.0,239.0,-1381.0,13.0
-2.0,-256.0,9.0,251.0,-1362.0,10.0
-2.0,-254.0,9.0,262.0,-1344.0,12.0
-2.0,-251.0,9.0,270.0,-1330.0,14.0
-4.0,-251.0,9.0,271.0,-1317.0,18.0
-4.0,-254.0,8.0,268.0,-1302.0,21.0
-2.0,-256.0,10.0,263.0,-1287.0,25.0
-3.0,-256.0,9.0,258.0,-1273.0,28.0
-2.0,-258.0,9.0,256.0,-1258.0,30.0
-1.0,-257.0,10.0,257.0,-1241.0,31.0
-2.0,-257.0,11.0,263.0,-1223.0,24.0
-2.0,-258.0,13.0,273.0,-1202.0,18.0
2.0,-260.0,17.0,286.0,-1182.0,8.0
1.0,-255.0,19.0,300.0,-1161.0,1.0
0.0,-253.0,17.0,314.0,-1140.0,-10.0
-3.0,-252.0,20.0,323.0,-1116.0,-20.0
-1.0,-249.0,21.0,328.0,-1090.0,-32.0
1.0,-249.0,22.0,329.0,-1066.0,-43.0
-1.0,-248.0,20.0,329.0,-1044.0,-52.0
1.0,-247.0,21.0,331.0,-1026.0,-62.0
-3.0,-241.0,14.0,332.0,-1007.0,-72.0
-4.0,-245.0,22.0,328.0,-988.0,-78.0
-4.0,-243.0,22.0,324.0,-968.0,-82.0
-4.0,-241.0,30.0,324.0,-954.0,-87.0
-4.0,-246.0,24.0,326.0,-943.0,-89.0
-5.0,-241.0,26.0,321.0,-935.0,-87.0
-9.0,-243.0,24.0,306.0,-930.0,-85.0
-10.0,-247.0,26.0,287.0,-930.0,-79.0
-20.0,-249.0,20.0,268.0,-936.0,-72.0
-20.0,-252.0,19.0,258.0,-945.0,-64.0
-26.0,-255.0,10.0,267.0,-955.0,-59.0
-28.0,-253.0,15.0,288.0,-966.0,-54.0
-32.0,-252.0,10.0,308.0,-983.0,-53.0
-36.0,-253.0,12.0,316.0,-993.0,-56.0
-41.0,-253.0,11.0,316.0,-1006.0,-53.0
-44.0,-256.0,4.0,313.0,-1022.0,-50.0
-45.0,-248.0,10.0,308.0,-1042.0,-46.0
-51.0,-247.0,10.0,314.0,-1065.0,-44.0
-50.0,-246.0,9.0,318.0,-1081.0,-45.0
-54.0,-250.0,8.0,316.0,-1098.0,-40.0
-56.0,-246.0,9.0,300.0,-1120.0,-36.0
-59.0,-246.0,6.0,289.0,-1148.0,-32.0
-61.0,-249.0,5.0,275.0,-1174.0,-28.0
-60.0,-254.0,3.0,266.0,-1202.0,-21.0
-61.0,-254.0,7.0,265.0,-1226.0,-17.0
-61.0,-252.0,12.0,266.0,-1249.0,-18.0
-59.0,-249.0,7.0,282.0,-1277.0,-16.0
-58.0,-249.0,0.0,288.0,-1301.0,-13.0
-53.0,-252.0,-1.0,278.0,-1326.0,-12.0
-56.0,-246.0,0.0,258.0,-1344.0,-12.0
-49.0,-250.0,-6.0,241.0,-1357.0,-13.0
-49.0,-250.0,-4.0,227.0,-1366.0,-15.0
-44.0,-251.0,-4.0,213.0,-1375.0,-24.0
-45.0,-248.0,-3.0,201.0,-1385.0,-34.0
-45.0,-249.0,-1.0,190.0,-1395.0,-43.0
-43.0,-244.0,2.0,186.0,-1407.0,-49.0
-45.0,-243.0,0.0,183.0,-1417.0,-57.0
-43.0,-246.0,-3.0,178.0,-1425.0,-70.0
-41.0,-243.0,2.0,170.0,-1427.0,-81.0
-39.0,-245.0,0.0,161.0,-1422.0,-90.0
-34.0,-248.0,3.0,151.0,-1409.0,-100.0
-33.0,-254.0,5.0,131.0,-1391.0,-110.0
-26.0,-258.0,1.0,112.0,-1370.0,-109.0
-21.0,-260.0,5.0,96.0,-1350.0,-104.0
-16.0,-272.0,4.0,87.0,-1327.0,-88.0
-11.0,-277.0,0.0,84.0,-1303.0,-68.0
-4.0,-285.0,-2.0,94.0,-1279.0,-40.0
-3.0,-289.0,-1.0,114.0,-1256.0,-8.0
1.0,-296.0,-4.0,144.0,-1237.0,22.0
3.0,-298.0,-5.0,185.0,-1220.0,49.0
7.0,-301.0,-14.0,234.0,-1201.0,68.0
7.0,-292.0,0.0,289.0,-1178.0,75.0
6.0,-285.0,-6.0,347.0,-1154.0,83.0
7.0,-277.0,5.0,397.0,-1127.0,85.0
5.0,-270.0,6.0,438.0,-1106.0,87.0
7.0,-258.0,11.0,466.0,-1086.0,94.0
10.0,-253.0,10.0,480.0,-1060.0,100.0
16.0,-251.0,10.0,484.0,-1022.0,104.0
20.0,-243.0,12.0,485.0,-973.0,105.0
22.0,-241.0,20.0,492.0,-923.0,105.0
24.0,-238.0,15.0,495.0,-878.0,107.0
28.0,-237.0,15.0,493.0,-835.0,110.0
31.0,-236.0,15.0,493.0,-797.0,105.0
30.0,-232.0,16.0,491.0,-761.0,95.0
23.0,-229.0,12.0,476.0,-723.0,81.0
23.0,-223.0,8.0,452.0,-682.0,68.0
18.0,-222.0,9.0,426.0,-644.0,59.0
14.0,-222.0,9.0,401.0,-610.0,46.0
10.0,-223.0,10.0,371.0,-587.0,39.0
2.0,-224.0,11.0,331.0,-575.0,34.0
8.0,-226.0,17.0,289.0,-568.0,32.0
-1.0,-229.0,18.0,260.0,-561.0,32.0
1.0,-230.0,21.0,239.0,-559.0,32.0
2.0,-232.0,17.0,217.0,-563.0,31.0
6.0,-233.0,19.0,193.0,-569.0,27.0
8.0,-234.0,18.0,166.0,-580.0,18.0
11.0,-237.0,20.0,135.0,-595.0,15.0
14.0,-235.0,20.0,111.0,-612.0,15.0
14.0,-235.0,19.0,86.0,-628.0,19.0
22.0,-239.0,20.0,63.0,-647.0,24.0
25.0,-239.0,16.0,37.0,-668.0,30.0
25.0,-243.0,19.0,10.0,-688.0,36.0
27.0,-244.0,14.0,-17.0,-710.0,40.0
23.0,-245.0,12.0,-43.0,-731.0,39.0
21.0,-251.0,10.0,-61.0,-753.0,36.0
14.0,-252.0,11.0,-77.0,-783.0,33.0
12.0,-257.0,14.0,-86.0,-815.0,33.0
5.0,-253.0,17.0,-95.0,-850.0,32.0
4.0,-255.0,13.0,-103.0,-885.0,31.0
5.0,-257.0,12.0,-110.0,-909.0,28.0
6.0,-259.0,9.0,-123.0,-923.0,22.0
11.0,-259.0,9.0,-136.0,-931.0,14.0
16.0,-264.0,9.0,-149.0,-938.0,5.0
22.0,-270.0,14.0,-158.0,-943.0,-1.0
28.0,-276.0,13.0,-158.0,-948.0,-10.0
32.0,-277.0,11.0,-153.0,-950.0,-21.0
35.0,-278.0,12.0,-137.0,-957.0,-36.0
41.0,-282.0,12.0,-114.0,-962.0,-55.0
47.0,-282.0,14.0,-90.0,-969.0,-74.0
50.0,-279.0,14.0,-68.0,-974.0,-98.0
51.0,-279.0,10.0,-49.0,-976.0,-125.0
48.0,-277.0,11.0,-34.0,-978.0,-150.0
47.0,-274.0,16.0,-19.0,-978.0,-173.0
42.0,-271.0,19.0,-3.0,-980.0,-191.0
37.0,-266.0,18.0,16.0,-980.0,-209.0
38.0,-267.0,20.0,40.0,-978.0,-223.0
36.0,-267.0,21.0,67.0,-972.0,-236.0
36.0,-260.0,14.0,94.0,-960.0,-242.0
35.0,-262.0,9.0,119.0,-951.0,-246.0
33.0,-258.0,7.0,137.0,-942.0,-248.0
35.0,-255.0,4.0,152.0,-932.0,-247.0
38.0,-255.0,11.0,166.0,-915.0,-248.0
39.0,-247.0,17.0,186.0,-892.0,-250.0
40.0,-245.0,15.0,205.0,-869.0,-248.0
39.0,-245.0,16.0,215.0,-844.0,-244.0
45.0,-238.0,10.0,210.0,-826.0,-238.0
43.0,-237.0,9.0,196.0,-809.0,-234.0
43.0,-233.0,9.0,179.0,-795.0,-228.0
43.0,-233.0,10.0,166.0,-780.0,-222.0
44.0,-233.0,10.0,158.0,-763.0,-212.0
41.0,-232.0,11.0,150.0,-747.0,-201.0
45.0,-236.0,11.0,140.0,-732.0,-189.0
41.0,-232.0,10.0,132.0,-715.0,-175.0
43.0,-236.0,7.0,125.0,-699.0,-160.0
43.0,-236.0,9.0,118.0,-684.0,-146.0
44.0,-240.0,15.0,112.0,-665.0,-136.0
44.0,-239.0,10.0,106.0,-644.0,-126.0
42.0,-236.0,13.0,104.0,-618.0,-115.0
44.0,-236.0,10.0,102.0,-594.0,-106.0
45.0,-238.0,10.0,101.0,-567.0,-99.0
42.0,-236.0,9.0,94.0,-541.0,-91.0
47.0,-241.0,10.0,86.0,-514.0,-79.0
44.0,-240.0,12.0,81.0,-489.0,-70.0
47.0,-243.0,11.0,79.0,-464.0,-59.0
48.0,-241.0,14.0,78.0,-439.0,-48.0
51.0,-243.0,13.0,76.0,-413.0,-34.0
52.0,-243.0,16.0,70.0,-392.0,-24.0
50.0,-242.0,15.0,59.0,-371.0,-13.0
57.0,-243.0,13.0,48.0,-355.0,-2.0
52.0,-241.0,15.0,36.0,-341.0,7.0
53.0,-241.0,20.0,28.0,-327.0,19.0
54.0,-243.0,22.0,29.0,-310.0,28.0
52.0,-246.0,19.0,31.0,-293.0,31.0
50.0,-246.0,20.0,32.0,-274.0,33.0
46.0,-246.0,21.0,32.0,-258.0,34.0
48.0,-249.0,21.0,28.0,-243.0,34.0
42.0,-249.0,22.0,25.0,-230.0,34.0
42.0,-250.0,23.0,24.0,-215.0,33.0
40.0,-253.0,26.0,29.0,-201.0,30.0
41.0,-248.0,28.0,37.0,-187.0,30.0
36.0,-247.0,27.0,46.0,-174.0,33.0
40.0,-248.0,23.0,53.0,-159.0,33.0
38.0,-249.0,25.0,56.0,-146.0,38.0
37.0,-244.0,26.0,54.0,-133.0,39.0
32.0,-248.0,27.0,46.0,-121.0,39.0
35.0,-250.0,29.0,36.0,-112.0,38.0
38.0,-253.0,32.0,27.0,-102.0,38.0
35.0,-249.0,28.0,24.0,-94.0,37.0
35.0,-252.0,36.0,28.0,-85.0,37.0
37.0,-253.0,27.0,32.0,-80.0,40.0
36.0,-254.0,28.0,34.0,-78.0,44.0
34.0,-253.0,23.0,31.0,-76.0,45.0
29.0,-255.0,22.0,24.0,-76.0,46.0
22.0,-259.0,23.0,16.0,-79.0,43.0
24.0,-259.0,25.0,18.0,-95.0,43.0
23.0,-261.0,29.0,30.0,-109.0,41.0
22.0,-261.0,31.0,54.0,-118.0,37.0
17.0,-258.0,29.0,78.0,-122.0,34.0
15.0,-257.0,28.0,95.0,-123.0,30.0
16.0,-256.0,30.0,103.0,-123.0,27.0
16.0,-254.0,23.0,104.0,-128.0,28.0
15.0,-254.0,24.0,102.0,-137.0,31.0
17.0,-254.0,25.0,102.0,-148.0,33.0
24.0,-253.0,29.0,107.0,-153.0,35.0
19.0,-248.0,26.0,104.0,-158.0,35.0
21.0,-247.0,28.0,98.0,-162.0,36.0
23.0,-248.0,26.0,89.0,-164.0,37.0
25.0,-248.0,26.0,76.0,-169.0,38.0
24.0,-245.0,20.0,59.0,-173.0,37.0
25.0,-245.0,20.0,40.0,-180.0,36.0
25.0,-242.0,16.0,24.0,-187.0,36.0
23.0,-243.0,19.0,9.0,-188.0,36.0
23.0,-242.0,17.0,-3.0,-188.0,36.0
23.0,-243.0,20.0,-14.0,-185.0,37.0
27.0,-240.0,19.0,-23.0,-181.0,38.0
25.0,-241.0,14.0,-33.0,-177.0,39.0
29.0,-244.0,17.0,-44.0,-175.0,37.0
24.0,-244.0,14.0,-55.0,-175.0,35.0
26.0,-248.0,14.0,-64.0,-172.0,34.0
21.0,-247.0,14.0,-67.0,-165.0,31.0
26.0,-250.0,10.0,-69.0,-157.0,29.0
28.0,-253.0,10.0,-70.0,-148.0,27.0
24.0,-249.0,8.0,-73.0,-142.0,25.0
28.0,-253.0,6.0,-73.0,-136.0,23.0
27.0,-251.0,8.0,-74.0,-128.0,22.0
25.0,-256.0,6.0,-76.0,-120.0,20.0
24.0,-252.0,2.0,-79.0,-114.0,20.0
29.0,-256.0,4.0,-80.0,-108.0,20.0
26.0,-254.0,4.0,-79.0,-103.0,21.0
27.0,-256.0,3.0,-75.0,-97.0,23.0
25.0,-260.0,5.0,-69.0,-93.0,24.0
