8.0,-36.0,-35.0,790.0,412.0,-348.0
28.0,-32.0,-20.0,777.0,437.0,-361.0
31.0,-33.0,-14.0,845.0,479.0,-396.0
37.0,-33.0,-23.0,964.0,525.0,-418.0
36.0,-36.0,-34.0,1113.0,559.0,-434.0
30.0,-34.0,-62.0,1271.0,568.0,-460.0
18.0,-27.0,-95.0,1409.0,518.0,-498.0
-14.0,-42.0,-129.0,1509.0,402.0,-533.0
-46.0,-40.0,-127.0,1571.0,272.0,-524.0
-58.0,-32.0,-113.0,1533.0,179.0,-490.0
-82.0,-37.0,-66.0,1264.0,197.0,-454.0
-105.0,-60.0,-27.0,836.0,227.0,-401.0
-101.0,-98.0,17.0,323.0,175.0,-309.0
-72.0,-148.0,72.0,-165.0,109.0,-191.0
-58.0,-200.0,94.0,-503.0,61.0,-90.0
-56.0,-268.0,81.0,-629.0,2.0,-28.0
-75.0,-347.0,48.0,-588.0,-60.0,-2.0
-83.0,-432.0,17.0,-459.0,-108.0,58.0
-63.0,-492.0,-14.0,-225.0,-143.0,162.0
-22.0,-544.0,-63.0,77.0,-161.0,243.0
37.0,-593.0,-82.0,280.0,-153.0,301.0
101.0,-659.0,-38.0,251.0,-92.0,373.0
182.0,-726.0,63.0,16.0,-13.0,484.0
248.0,-750.0,142.0,-228.0,42.0,550.0
289.0,-725.0,194.0,-241.0,56.0,465.0
266.0,-660.0,163.0,8.0,69.0,303.0
276.0,-571.0,136.0,358.0,67.0,104.0
240.0,-456.0,90.0,662.0,74.0,-133.0
215.0,-374.0,56.0,833.0,96.0,-348.0
173.0,-281.0,10.0,789.0,194.0,-537.0
100.0,-209.0,-27.0,542.0,369.0,-705.0
14.0,-178.0,-53.0,176.0,534.0,-820.0
-67.0,-179.0,-61.0,-239.0,616.0,-865.0
-113.0,-194.0,-53.0,-673.0,623.0,-828.0
-151.0,-217.0,-25.0,-1100.0,561.0,-755.0
-162.0,-257.0,33.0,-1475.0,461.0,-660.0
-147.0,-300.0,88.0,-1729.0,365.0,-530.0
-115.0,-348.0,118.0,-1810.0,282.0,-379.0
-91.0,-384.0,130.0,-1712.0,204.0,-231.0
-72.0,-414.0,128.0,-1466.0,116.0,-96.0
-59.0,-435.0,113.0,-1130.0,15.0,52.0
-3.0,-455.0,73.0,-798.0,-90.0,232.0
7.0,-453.0,68.0,-523.0,-179.0,393.0
32.0,-433.0,57.0,-218.0,-253.0,509.0
89.0,-394.0,18.0,162.0,-291.0,578.0
114.0,-335.0,1.0,531.0,-283.0,583.0
129.0,-266.0,-15.0,811.0,-266.0,575.0
146.0,-204.0,-28.0,973.0,-245.0,568.0
147.0,-163.0,-33.0,1017.0,-226.0,551.0
130.0,-124.0,-41.0,967.0,-219.0,519.0
102.0,-96.0,-43.0,868.0,-209.0,504.0
68.0,-78.0,-38.0,772.0,-193.0,518.0
43.0,-68.0,-34.0,712.0,-174.0,538.0
29.0,-58.0,-32.0,713.0,-150.0,551.0
15.0,-36.0,-27.0,781.0,-117.0,540.0
-10.0,-20.0,-26.0,890.0,-64.0,509.0
-49.0,-4.0,-19.0,999.0,-4.0,454.0
-91.0,19.0,-6.0,1108.0,24.0,397.0
-109.0,40.0,-12.0,1215.0,10.0,354.0
-124.0,59.0,-28.0,1272.0,-23.0,329.0
-104.0,71.0,-38.0,1243.0,-37.0,310.0
-81.0,90.0,-64.0,1143.0,-3.0,262.0
-65.0,106.0,-99.0,988.0,61.0,212.0
-64.0,109.0,-128.0,796.0,130.0,177.0
-67.0,91.0,-160.0,593.0,162.0,145.0
-64.0,60.0,-151.0,365.0,130.0,122.0
-41.0,24.0,-126.0,145.0,49.0,111.0
-16.0,-14.0,-82.0,-57.0,-34.0,98.0
-3.0,-45.0,-58.0,-254.0,-102.0,71.0
12.0,-95.0,-19.0,-472.0,-144.0,19.0
19.0,-148.0,14.0,-715.0,-130.0,-41.0
19.0,-210.0,33.0,-941.0,-49.0,-48.0
30.0,-249.0,46.0,-1117.0,99.0,7.0
70.0,-303.0,53.0,-1262.0,315.0,64.0
106.0,-353.0,68.0,-1371.0,508.0,104.0
143.0,-401.0,55.0,-1429.0,638.0,129.0
179.0,-456.0,-11.0,-1485.0,746.0,119.0
210.0,-520.0,-82.0,-1622.0,894.0,56.0
205.0,-626.0,-128.0,-1918.0,1050.0,-102.0
141.0,-745.0,-100.0,-2282.0,1174.0,-324.0
11.0,-842.0,21.0,-2543.0,1213.0,-551.0
-155.0,-868.0,179.0,-2475.0,1140.0,-717.0
-231.0,-841.0,261.0,-1881.0,898.0,-687.0
-276.0,-739.0,281.0,-852.0,571.0,-581.0
-298.0,-594.0,235.0,171.0,347.0,-464.0
-315.0,-458.0,141.0,827.0,316.0,-336.0
-341.0,-355.0,59.0,1031.0,402.0,-195.0
-366.0,-303.0,16.0,919.0,446.0,-45.0
-354.0,-259.0,-16.0,681.0,335.0,132.0
-296.0,-245.0,-51.0,450.0,93.0,328.0
-211.0,-252.0,-58.0,271.0,-158.0,505.0
-115.0,-284.0,-36.0,118.0,-308.0,645.0
-48.0,-328.0,-4.0,16.0,-325.0,708.0
22.0,-381.0,39.0,21.0,-241.0,687.0
43.0,-400.0,63.0,61.0,-74.0,596.0
39.0,-416.0,90.0,47.0,103.0,479.0
20.0,-431.0,99.0,12.0,205.0,366.0
17.0,-430.0,94.0,4.0,198.0,254.0
13.0,-422.0,68.0,67.0,118.0,124.0
6.0,-399.0,51.0,253.0,34.0,-6.0
-5.0,-359.0,35.0,566.0,-14.0,-120.0
-11.0,-304.0,31.0,949.0,-34.0,-213.0
-7.0,-260.0,24.0,1310.0,-54.0,-289.0
-1.0,-201.0,9.0,1583.0,-72.0,-372.0
2.0,-147.0,6.0,1741.0,-84.0,-454.0
8.0,-100.0,1.0,1823.0,-83.0,-549.0
17.0,-56.0,-14.0,1865.0,-70.0,-652.0
24.0,-21.0,-31.0,1914.0,-59.0,-737.0
33.0,14.0,-66.0,1973.0,-48.0,-796.0
40.0,40.0,-97.0,2017.0,-15.0,-843.0
42.0,60.0,-106.0,2011.0,52.0,-874.0
22.0,73.0,-108.0,1982.0,103.0,-898.0
9.0,81.0,-101.0,1913.0,101.0,-875.0
4.0,102.0,-76.0,1784.0,45.0,-788.0
2.0,120.0,-60.0,1660.0,-37.0,-698.0
-12.0,133.0,-60.0,1585.0,-128.0,-675.0
-23.0,158.0,-75.0,1542.0,-204.0,-696.0
-48.0,170.0,-84.0,1464.0,-223.0,-726.0
-80.0,175.0,-113.0,1327.0,-209.0,-712.0
-116.0,181.0,-139.0,1115.0,-244.0,-656.0
-131.0,169.0,-169.0,807.0,-376.0,-595.0
-97.0,144.0,-183.0,428.0,-590.0,-544.0
-36.0,120.0,-179.0,20.0,-819.0,-504.0
4.0,78.0,-160.0,-394.0,-975.0,-495.0
-1.0,8.0,-134.0,-820.0,-1051.0,-486.0
-2.0,-64.0,-96.0,-1226.0,-1067.0,-459.0
-12.0,-129.0,-64.0,-1545.0,-969.0,-420.0
-13.0,-215.0,-24.0,-1765.0,-816.0,-309.0
19.0,-307.0,-3.0,-1898.0,-728.0,-119.0
62.0,-397.0,-10.0,-2026.0,-753.0,88.0
103.0,-511.0,8.0,-2191.0,-807.0,285.0
115.0,-592.0,40.0,-2286.0,-788.0,394.0
86.0,-687.0,102.0,-2164.0,-682.0,390.0
90.0,-748.0,135.0,-1762.0,-560.0,386.0
92.0,-760.0,113.0,-1140.0,-523.0,377.0
110.0,-736.0,81.0,-544.0,-595.0,388.0
129.0,-705.0,72.0,-251.0,-632.0,407.0
131.0,-673.0,83.0,-309.0,-566.0,394.0
124.0,-648.0,111.0,-497.0,-469.0,362.0
143.0,-630.0,127.0,-603.0,-380.0,325.0
161.0,-609.0,124.0,-574.0,-259.0,283.0
171.0,-592.0,125.0,-465.0,-64.0,232.0
160.0,-568.0,126.0,-301.0,130.0,197.0
146.0,-529.0,98.0,-113.0,237.0,175.0
143.0,-484.0,70.0,14.0,234.0,158.0
135.0,-431.0,33.0,29.0,181.0,120.0
109.0,-399.0,13.0,-68.0,155.0,59.0
75.0,-369.0,-16.0,-220.0,158.0,-8.0
43.0,-356.0,-50.0,-368.0,162.0,-72.0
-1.0,-348.0,-66.0,-445.0,146.0,-145.0
-49.0,-334.0,-66.0,-417.0,104.0,-214.0
-76.0,-307.0,-68.0,-302.0,36.0,-242.0
-84.0,-274.0,-69.0,-166.0,-43.0,-209.0
-82.0,-241.0,-53.0,-66.0,-117.0,-145.0
-83.0,-211.0,-30.0,0.0,-167.0,-74.0
-80.0,-187.0,-4.0,79.0,-195.0,18.0
-64.0,-178.0,14.0,214.0,-206.0,136.0
-58.0,-163.0,40.0,418.0,-219.0,260.0
-47.0,-144.0,47.0,652.0,-246.0,368.0
-40.0,-124.0,53.0,862.0,-286.0,454.0
-50.0,-97.0,59.0,1039.0,-330.0,510.0
-57.0,-79.0,63.0,1223.0,-372.0,521.0
-66.0,-58.0,62.0,1446.0,-401.0,493.0
-87.0,-35.0,52.0,1707.0,-416.0,432.0
-120.0,-3.0,18.0,1975.0,-431.0,376.0
-110.0,25.0,-13.0,2138.0,-465.0,358.0
-95.0,51.0,-17.0,2137.0,-471.0,353.0
-72.0,85.0,-23.0,2044.0,-419.0,348.0
-33.0,114.0,-45.0,1913.0,-315.0,370.0
5.0,126.0,-65.0,1725.0,-198.0,397.0
31.0,125.0,-68.0,1481.0,-93.0,423.0
54.0,109.0,-73.0,1198.0,-22.0,473.0
70.0,81.0,-87.0,930.0,16.0,544.0
117.0,40.0,-113.0,699.0,59.0,614.0
70.0,4.0,-78.0,470.0,236.0,645.0
45.0,-23.0,-12.0,352.0,550.0,737.0
96.0,-68.0,12.0,312.0,769.0,884.0
151.0,-117.0,73.0,329.0,889.0,1009.0
238.0,-163.0,72.0,438.0,941.0,1089.0
292.0,-209.0,12.0,455.0,988.0,1046.0
278.0,-242.0,-43.0,152.0,1062.0,819.0
227.0,-323.0,-88.0,-476.0,1161.0,487.0
121.0,-426.0,-76.0,-1245.0,1259.0,150.0
81.0,-519.0,-42.0,-1910.0,1276.0,-103.0
23.0,-583.0,3.0,-2412.0,1190.0,-334.0
-20.0,-609.0,24.0,-2744.0,1052.0,-552.0
-78.0,-622.0,32.0,-2812.0,977.0,-669.0
-153.0,-630.0,42.0,-2513.0,1014.0,-605.0
-239.0,-651.0,48.0,-1985.0,1090.0,-476.0
-339.0,-665.0,61.0,-1505.0,1147.0,-408.0
-398.0,-665.0,95.0,-1181.0,1107.0,-381.0
-408.0,-647.0,149.0,-834.0,884.0,-326.0
-364.0,-601.0,163.0,-368.0,595.0,-223.0
-307.0,-527.0,138.0,88.0,391.0,-82.0
-269.0,-455.0,113.0,382.0,276.0,53.0
-243.0,-411.0,97.0,444.0,151.0,141.0
-214.0,-366.0,85.0,329.0,-28.0,179.0
-180.0,-346.0,78.0,151.0,-219.0,180.0
-146.0,-334.0,69.0,15.0,-375.0,155.0
-111.0,-339.0,48.0,-32.0,-481.0,138.0
-81.0,-353.0,36.0,-28.0,-542.0,117.0
-33.0,-356.0,29.0,25.0,-573.0,79.0
0.0,-358.0,23.0,172.0,-578.0,-3.0
12.0,-335.0,18.0,368.0,-565.0,-121.0
14.0,-303.0,23.0,533.0,-558.0,-262.0
-5.0,-270.0,30.0,614.0,-579.0,-410.0
-11.0,-231.0,48.0,600.0,-613.0,-520.0
-13.0,-197.0,54.0,522.0,-642.0,-609.0
-16.0,-172.0,50.0,427.0,-678.0,-681.0
-11.0,-156.0,35.0,347.0,-697.0,-725.0
6.0,-146.0,32.0,302.0,-693.0,-727.0
35.0,-133.0,22.0,338.0,-661.0,-713.0
54.0,-120.0,9.0,462.0,-596.0,-715.0
60.0,-97.0,3.0,619.0,-507.0,-714.0
62.0,-75.0,-7.0,764.0,-410.0,-707.0
60.0,-62.0,-13.0,882.0,-311.0,-711.0
54.0,-35.0,-29.0,980.0,-208.0,-735.0
51.0,-4.0,-39.0,1108.0,-103.0,-774.0
38.0,13.0,-55.0,1269.0,-10.0,-824.0
31.0,35.0,-65.0,1416.0,47.0,-873.0
17.0,46.0,-68.0,1514.0,54.0,-905.0
-10.0,48.0,-81.0,1506.0,3.0,-850.0
-12.0,35.0,-83.0,1352.0,-107.0,-680.0
-8.0,29.0,-77.0,1170.0,-228.0,-509.0
-29.0,28.0,-79.0,1073.0,-290.0,-418.0
-57.0,35.0,-85.0,1063.0,-293.0,-380.0
-92.0,37.0,-114.0,1084.0,-272.0,-362.0
-131.0,48.0,-149.0,1092.0,-260.0,-347.0
-133.0,49.0,-172.0,1006.0,-310.0,-304.0
-103.0,37.0,-175.0,791.0,-435.0,-219.0
-103.0,26.0,-163.0,433.0,-548.0,-103.0
-91.0,-19.0,-120.0,-49.0,-568.0,68.0
-84.0,-108.0,-49.0,-518.0,-456.0,249.0
-84.0,-197.0,27.0,-794.0,-350.0,396.0
-62.0,-259.0,63.0,-807.0,-399.0,550.0
2.0,-328.0,88.0,-629.0,-484.0,665.0
37.0,-374.0,88.0,-363.0,-542.0,679.0
87.0,-389.0,92.0,-76.0,-619.0,624.0
158.0,-397.0,84.0,182.0,-652.0,510.0
201.0,-402.0,71.0,338.0,-560.0,379.0
209.0,-417.0,59.0,329.0,-339.0,265.0
198.0,-449.0,33.0,159.0,-144.0,242.0
172.0,-516.0,-4.0,-149.0,-60.0,313.0
161.0,-618.0,-6.0,-596.0,-32.0,464.0
157.0,-697.0,24.0,-1079.0,19.0,614.0
173.0,-779.0,117.0,-1380.0,90.0,680.0
223.0,-784.0,229.0,-1313.0,136.0,618.0
231.0,-709.0,282.0,-887.0,169.0,453.0
234.0,-602.0,238.0,-303.0,240.0,284.0
215.0,-520.0,172.0,153.0,284.0,106.0
146.0,-417.0,92.0,362.0,288.0,-99.0
100.0,-338.0,51.0,384.0,264.0,-261.0
52.0,-286.0,39.0,259.0,278.0,-380.0
-5.0,-259.0,55.0,48.0,362.0,-458.0
-46.0,-253.0,79.0,-179.0,464.0,-483.0
-92.0,-245.0,104.0,-383.0,515.0,-464.0
-119.0,-248.0,119.0,-589.0,501.0,-400.0
-124.0,-266.0,126.0,-781.0,432.0,-316.0
-121.0,-291.0,114.0,-921.0,320.0,-210.0
-101.0,-319.0,100.0,-979.0,189.0,-84.0
-65.0,-360.0,73.0,-941.0,54.0,49.0
-19.0,-392.0,35.0,-786.0,-66.0,171.0
22.0,-417.0,10.0,-551.0,-163.0,270.0
58.0,-423.0,-5.0,-260.0,-228.0,332.0
74.0,-417.0,-14.0,91.0,-260.0,344.0
84.0,-387.0,-29.0,488.0,-263.0,321.0
77.0,-346.0,-30.0,866.0,-254.0,272.0
69.0,-294.0,-32.0,1164.0,-252.0,206.0
64.0,-240.0,-34.0,1346.0,-262.0,146.0
56.0,-198.0,-33.0,1417.0,-276.0,115.0
46.0,-153.0,-35.0,1402.0,-291.0,94.0
29.0,-115.0,-34.0,1327.0,-291.0,91.0
7.0,-84.0,-19.0,1238.0,-273.0,94.0
-16.0,-62.0,2.0,1182.0,-240.0,91.0
-33.0,-48.0,12.0,1160.0,-204.0,71.0
-54.0,-24.0,17.0,1133.0,-161.0,35.0
-60.0,-4.0,23.0,1082.0,-109.0,12.0
-41.0,6.0,26.0,1025.0,-44.0,16.0
-23.0,14.0,29.0,968.0,31.0,23.0
-2.0,13.0,31.0,876.0,119.0,40.0
0.0,13.0,44.0,758.0,219.0,53.0
2.0,15.0,41.0,679.0,289.0,95.0
18.0,14.0,8.0,607.0,334.0,162.0
37.0,8.0,-21.0,518.0,391.0,237.0
41.0,-1.0,-68.0,437.0,485.0,281.0
2.0,-14.0,-89.0,387.0,616.0,295.0
-36.0,-20.0,-68.0,359.0,709.0,324.0
-18.0,-38.0,-68.0,357.0,725.0,377.0
3.0,-65.0,-56.0,356.0,725.0,408.0
28.0,-101.0,-21.0,366.0,711.0,431.0
52.0,-133.0,12.0,426.0,687.0,464.0
70.0,-162.0,38.0,501.0,705.0,462.0
74.0,-185.0,36.0,526.0,799.0,389.0
70.0,-208.0,21.0,413.0,936.0,260.0
19.0,-219.0,31.0,97.0,1059.0,129.0
22.0,-240.0,16.0,-320.0,1038.0,94.0
22.0,-273.0,-27.0,-867.0,947.0,20.0
38.0,-338.0,-70.0,-1587.0,879.0,-144.0
31.0,-436.0,-67.0,-2325.0,823.0,-343.0
13.0,-577.0,-6.0,-2881.0,754.0,-547.0
-90.0,-675.0,133.0,-3087.0,648.0,-737.0
-158.0,-718.0,258.0,-2839.0,475.0,-782.0
-214.0,-695.0,284.0,-2187.0,338.0,-720.0
-236.0,-657.0,257.0,-1411.0,322.0,-554.0
-249.0,-585.0,232.0,-719.0,376.0,-300.0
-256.0,-496.0,190.0,-218.0,408.0,-60.0
-235.0,-414.0,152.0,-34.0,301.0,92.0
-216.0,-364.0,106.0,-123.0,132.0,149.0
-203.0,-341.0,76.0,-259.0,-13.0,204.0
-158.0,-332.0,52.0,-292.0,-146.0,269.0
-108.0,-344.0,31.0,-213.0,-256.0,290.0
-63.0,-360.0,30.0,-55.0,-321.0,276.0
-10.0,-374.0,21.0,144.0,-334.0,257.0
8.0,-377.0,6.0,320.0,-283.0,207.0
20.0,-382.0,-6.0,401.0,-165.0,148.0
4.0,-367.0,6.0,407.0,-21.0,92.0
-21.0,-340.0,18.0,392.0,78.0,23.0
-36.0,-306.0,17.0,370.0,110.0,-32.0
-37.0,-284.0,11.0,360.0,88.0,-74.0
-30.0,-262.0,6.0,369.0,58.0,-115.0
-16.0,-244.0,0.0,402.0,35.0,-169.0
-1.0,-235.0,-4.0,475.0,30.0,-230.0
2.0,-208.0,-5.0,591.0,30.0,-292.0
9.0,-187.0,-8.0,703.0,21.0,-350.0
9.0,-152.0,-19.0,771.0,10.0,-400.0
7.0,-127.0,-21.0,786.0,12.0,-437.0
4.0,-106.0,-21.0,780.0,29.0,-472.0
3.0,-82.0,-18.0,786.0,57.0,-515.0
4.0,-56.0,-17.0,823.0,86.0,-571.0
8.0,-30.0,-18.0,896.0,112.0,-612.0
27.0,-11.0,-28.0,976.0,136.0,-629.0
50.0,10.0,-26.0,1038.0,161.0,-618.0
71.0,23.0,-22.0,1095.0,169.0,-577.0
81.0,42.0,-26.0,1151.0,164.0,-549.0
84.0,55.0,-22.0,1150.0,168.0,-534.0
61.0,64.0,-53.0,1113.0,187.0,-538.0
8.0,79.0,-73.0,1024.0,206.0,-546.0
-16.0,91.0,-93.0,918.0,175.0,-543.0
-30.0,103.0,-124.0,780.0,81.0,-518.0
-40.0,106.0,-136.0,533.0,-20.0,-461.0
-49.0,72.0,-154.0,135.0,-97.0,-387.0
-62.0,20.0,-131.0,-403.0,-177.0,-306.0
-59.0,-37.0,-97.0,-998.0,-230.0,-219.0
-53.0,-119.0,-24.0,-1529.0,-244.0,-160.0
-39.0,-208.0,32.0,-1939.0,-219.0,-98.0
-44.0,-307.0,43.0,-2219.0,-255.0,6.0
-72.0,-425.0,31.0,-2412.0,-384.0,189.0
-95.0,-538.0,25.0,-2599.0,-504.0,438.0
-77.0,-684.0,65.0,-2732.0,-554.0,648.0
-27.0,-777.0,128.0,-2582.0,-535.0,667.0
25.0,-799.0,158.0,-2008.0,-504.0,540.0
70.0,-775.0,143.0,-1188.0,-475.0,438.0
114.0,-758.0,131.0,-479.0,-428.0,360.0
175.0,-711.0,122.0,-132.0,-382.0,308.0
232.0,-656.0,115.0,-138.0,-361.0,272.0
254.0,-597.0,88.0,-260.0,-378.0,203.0
229.0,-549.0,31.0,-259.0,-376.0,140.0
209.0,-507.0,-7.0,-169.0,-302.0,104.0
186.0,-463.0,-30.0,-84.0,-183.0,93.0
171.0,-426.0,-35.0,-32.0,-58.0,104.0
151.0,-398.0,-30.0,-32.0,29.0,110.0
125.0,-387.0,-22.0,-68.0,48.0,92.0
91.0,-378.0,-21.0,-94.0,4.0,60.0
42.0,-359.0,-5.0,-75.0,-68.0,34.0
21.0,-336.0,2.0,2.0,-136.0,24.0
6.0,-315.0,10.0,85.0,-176.0,12.0
-31.0,-288.0,36.0,141.0,-195.0,-9.0
-48.0,-271.0,55.0,171.0,-241.0,17.0
-60.0,-259.0,76.0,201.0,-319.0,60.0
-66.0,-247.0,91.0,273.0,-410.0,110.0
-70.0,-227.0,85.0,417.0,-505.0,161.0
-68.0,-203.0,76.0,625.0,-581.0,222.0
-65.0,-189.0,60.0,884.0,-628.0,275.0
-51.0,-165.0,41.0,1155.0,-642.0,316.0
-25.0,-130.0,29.0,1430.0,-618.0,357.0
-9.0,-95.0,5.0,1697.0,-546.0,407.0
-1.0,-52.0,-7.0,1929.0,-446.0,477.0
-3.0,-24.0,-11.0,2085.0,-359.0,539.0
-3.0,13.0,-11.0,2158.0,-304.0,557.0
-19.0,49.0,-24.0,2170.0,-275.0,544.0
-21.0,73.0,-32.0,2119.0,-251.0,526.0
-16.0,86.0,-50.0,1994.0,-226.0,494.0
-21.0,94.0,-81.0,1780.0,-199.0,443.0
-7.0,96.0,-105.0,1478.0,-192.0,379.0
-5.0,93.0,-121.0,1146.0,-201.0,319.0
-5.0,75.0,-119.0,822.0,-207.0,269.0
-14.0,64.0,-120.0,534.0,-215.0,223.0
-8.0,43.0,-124.0,309.0,-242.0,184.0
-2.0,10.0,-128.0,139.0,-282.0,151.0
-2.0,-6.0,-119.0,2.0,-314.0,118.0
-16.0,-34.0,-106.0,-97.0,-331.0,75.0
-22.0,-45.0,-101.0,-190.0,-329.0,43.0
0.0,-79.0,-91.0,-303.0,-307.0,37.0
0.0,-133.0,-47.0,-455.0,-278.0,22.0
12.0,-185.0,3.0,-618.0,-309.0,-17.0
73.0,-226.0,25.0,-728.0,-397.0,-22.0
118.0,-262.0,25.0,-791.0,-375.0,-5.0
132.0,-307.0,21.0,-909.0,-158.0,-48.0
104.0,-359.0,37.0,-1144.0,80.0,-171.0
40.0,-412.0,75.0,-1499.0,209.0,-335.0
2.0,-455.0,106.0,-1908.0,215.0,-461.0
-12.0,-498.0,121.0,-2255.0,147.0,-525.0
-32.0,-552.0,115.0,-2486.0,34.0,-568.0
-26.0,-594.0,77.0,-2515.0,-58.0,-562.0
-18.0,-642.0,47.0,-2205.0,-21.0,-485.0
-54.0,-667.0,59.0,-1571.0,144.0,-415.0
-84.0,-664.0,81.0,-859.0,245.0,-369.0
-115.0,-599.0,84.0,-356.0,214.0,-366.0
-104.0,-536.0,65.0,-115.0,165.0,-329.0
-79.0,-506.0,30.0,6.0,161.0,-274.0
-45.0,-491.0,26.0,63.0,195.0,-238.0
-34.0,-486.0,53.0,77.0,214.0,-244.0
-11.0,-476.0,93.0,118.0,192.0,-272.0
10.0,-452.0,94.0,224.0,150.0,-287.0
35.0,-414.0,75.0,339.0,167.0,-268.0
48.0,-383.0,56.0,450.0,240.0,-246.0
33.0,-372.0,49.0,540.0,335.0,-244.0
5.0,-357.0,51.0,570.0,382.0,-257.0
-18.0,-346.0,44.0,552.0,368.0,-264.0
-33.0,-333.0,41.0,554.0,326.0,-266.0
-35.0,-323.0,29.0,615.0,279.0,-276.0
-35.0,-310.0,28.0,706.0,263.0,-293.0
-44.0,-290.0,34.0,794.0,287.0,-316.0
-58.0,-267.0,39.0,851.0,317.0,-334.0
-63.0,-247.0,50.0,850.0,329.0,-342.0
-63.0,-217.0,45.0,780.0,317.0,-349.0
-60.0,-199.0,44.0,647.0,310.0,-347.0
-53.0,-189.0,38.0,491.0,309.0,-340.0
-49.0,-179.0,28.0,342.0,296.0,-350.0
-39.0,-173.0,17.0,230.0,261.0,-360.0
-29.0,-173.0,2.0,169.0,221.0,-368.0
-15.0,-177.0,-5.0,151.0,187.0,-380.0
-3.0,-179.0,-9.0,147.0,164.0,-391.0
-1.0,-185.0,-12.0,149.0,148.0,-389.0
-2.0,-188.0,-11.0,149.0,133.0,-363.0
-3.0,-189.0,-2.0,141.0,104.0,-329.0
-7.0,-186.0,1.0,147.0,72.0,-309.0
0.0,-182.0,1.0,187.0,43.0,-303.0
4.0,-178.0,-6.0,258.0,19.0,-317.0
10.0,-172.0,-15.0,338.0,14.0,-341.0
11.0,-168.0,-24.0,416.0,29.0,-376.0
11.0,-158.0,-26.0,487.0,56.0,-419.0
1.0,-145.0,-48.0,541.0,91.0,-467.0
-22.0,-125.0,-67.0,581.0,137.0,-502.0
-47.0,-116.0,-87.0,581.0,186.0,-520.0
-43.0,-117.0,-100.0,523.0,218.0,-519.0
-31.0,-124.0,-108.0,390.0,226.0,-492.0
-10.0,-138.0,-113.0,219.0,216.0,-435.0
13.0,-169.0,-106.0,34.0,218.0,-362.0
25.0,-205.0,-97.0,-143.0,267.0,-281.0
14.0,-235.0,-87.0,-274.0,365.0,-228.0
-22.0,-262.0,-85.0,-335.0,457.0,-206.0
-35.0,-282.0,-78.0,-361.0,486.0,-209.0
-9.0,-294.0,-66.0,-373.0,435.0,-201.0
2.0,-317.0,-45.0,-392.0,375.0,-182.0
0.0,-331.0,-38.0,-397.0,322.0,-174.0
9.0,-341.0,-35.0,-378.0,225.0,-175.0
-1.0,-352.0,-27.0,-380.0,126.0,-187.0
-3.0,-375.0,-15.0,-384.0,74.0,-185.0
14.0,-400.0,1.0,-376.0,56.0,-156.0
19.0,-403.0,23.0,-369.0,66.0,-151.0
16.0,-403.0,37.0,-326.0,81.0,-163.0
-9.0,-405.0,22.0,-258.0,88.0,-153.0
-19.0,-410.0,-20.0,-207.0,77.0,-95.0
-13.0,-434.0,-63.0,-231.0,15.0,-11.0
17.0,-464.0,-75.0,-359.0,-93.0,87.0
52.0,-505.0,-67.0,-546.0,-175.0,207.0
86.0,-543.0,-49.0,-676.0,-184.0,339.0
112.0,-559.0,-10.0,-705.0,-143.0,401.0
112.0,-540.0,11.0,-587.0,-90.0,370.0
111.0,-517.0,24.0,-363.0,-36.0,285.0
97.0,-479.0,32.0,-123.0,16.0,179.0
73.0,-435.0,25.0,60.0,40.0,71.0
52.0,-389.0,15.0,159.0,38.0,-25.0
33.0,-360.0,0.0,172.0,28.0,-90.0
23.0,-343.0,-18.0,114.0,21.0,-135.0
7.0,-324.0,-30.0,15.0,18.0,-163.0
-2.0,-315.0,-38.0,-105.0,20.0,-174.0
-14.0,-321.0,-34.0,-239.0,20.0,-173.0
-22.0,-323.0,-16.0,-366.0,9.0,-165.0
-17.0,-327.0,-3.0,-449.0,-10.0,-149.0
-17.0,-324.0,13.0,-482.0,-28.0,-132.0
-5.0,-323.0,33.0,-467.0,-39.0,-115.0
7.0,-316.0,39.0,-410.0,-44.0,-96.0
25.0,-309.0,53.0,-333.0,-44.0,-66.0
34.0,-306.0,44.0,-242.0,-37.0,-30.0
45.0,-297.0,41.0,-146.0,-22.0,12.0
55.0,-285.0,34.0,-55.0,-4.0,58.0
63.0,-273.0,17.0,31.0,15.0,102.0
64.0,-261.0,16.0,108.0,30.0,138.0
65.0,-252.0,7.0,171.0,35.0,168.0
66.0,-245.0,1.0,214.0,34.0,193.0
60.0,-237.0,-11.0,243.0,35.0,199.0
56.0,-222.0,-13.0,273.0,37.0,201.0
66.0,-216.0,-14.0,303.0,34.0,203.0
57.0,-202.0,-14.0,316.0,35.0,174.0
44.0,-191.0,-6.0,313.0,18.0,140.0
42.0,-178.0,-15.0,313.0,-15.0,126.0
45.0,-173.0,-19.0,304.0,-48.0,113.0
36.0,-162.0,-27.0,280.0,-68.0,98.0
36.0,-156.0,-29.0,241.0,-88.0,89.0
30.0,-149.0,-38.0,182.0,-106.0,88.0
26.0,-150.0,-39.0,111.0,-110.0,96.0
19.0,-152.0,-40.0,35.0,-93.0,114.0
13.0,-157.0,-32.0,-38.0,-66.0,136.0
1.0,-168.0,-16.0,-94.0,-40.0,175.0
-1.0,-173.0,-13.0,-123.0,-31.0,211.0
-8.0,-181.0,-6.0,-156.0,-22.0,236.0
-6.0,-186.0,-3.0,-196.0,-20.0,258.0
-12.0,-195.0,2.0,-232.0,-30.0,280.0
-7.0,-198.0,4.0,-254.0,-48.0,299.0
-12.0,-198.0,2.0,-264.0,-62.0,320.0
-6.0,-198.0,2.0,-266.0,-71.0,338.0
-6.0,-197.0,-1.0,-264.0,-77.0,353.0
-9.0,-197.0,-1.0,-263.0,-86.0,364.0
-8.0,-195.0,-6.0,-266.0,-97.0,369.0
-9.0,-195.0,-15.0,-281.0,-109.0,365.0
-4.0,-204.0,-19.0,-315.0,-113.0,354.0
-8.0,-209.0,-23.0,-377.0,-112.0,343.0
-6.0,-219.0,-23.0,-462.0,-109.0,340.0
-3.0,-225.0,-23.0,-545.0,-101.0,343.0
15.0,-239.0,-35.0,-618.0,-91.0,351.0
27.0,-254.0,-41.0,-682.0,-81.0,366.0
37.0,-280.0,-45.0,-736.0,-64.0,385.0
38.0,-290.0,-60.0,-784.0,-31.0,402.0
42.0,-322.0,-59.0,-809.0,0.0,403.0
45.0,-351.0,-55.0,-815.0,22.0,379.0
47.0,-376.0,-45.0,-808.0,27.0,334.0
53.0,-394.0,-27.0,-785.0,24.0,269.0
50.0,-402.0,-18.0,-737.0,22.0,184.0
43.0,-399.0,0.0,-660.0,15.0,89.0
31.0,-390.0,6.0,-563.0,9.0,-8.0
26.0,-375.0,2.0,-453.0,6.0,-99.0
25.0,-352.0,-2.0,-337.0,11.0,-175.0
26.0,-332.0,-3.0,-223.0,31.0,-232.0
21.0,-314.0,-6.0,-113.0,67.0,-271.0
16.0,-285.0,-14.0,2.0,113.0,-291.0
7.0,-257.0,-19.0,113.0,161.0,-287.0
0.0,-220.0,-21.0,203.0,198.0,-268.0
-3.0,-201.0,-24.0,261.0,213.0,-243.0
-8.0,-170.0,-30.0,249.0,213.0,-210.0
-5.0,-150.0,-38.0,181.0,206.0,-169.0
-5.0,-138.0,-37.0,57.0,193.0,-125.0
-7.0,-140.0,-34.0,-98.0,178.0,-84.0
-5.0,-150.0,-33.0,-249.0,162.0,-47.0
-1.0,-167.0,-21.0,-369.0,151.0,-14.0
3.0,-184.0,-12.0,-449.0,145.0,14.0
5.0,-201.0,-1.0,-493.0,140.0,36.0
10.0,-214.0,0.0,-511.0,135.0,54.0
15.0,-231.0,5.0,-509.0,127.0,63.0
15.0,-245.0,5.0,-491.0,119.0,66.0
13.0,-252.0,6.0,-463.0,112.0,60.0
11.0,-259.0,2.0,-435.0,105.0,57.0
9.0,-258.0,-1.0,-408.0,101.0,52.0
11.0,-261.0,-3.0,-384.0,96.0,47.0
5.0,-257.0,-8.0,-363.0,92.0,47.0
2.0,-254.0,-9.0,-344.0,88.0,49.0
-1.0,-251.0,-8.0,-322.0,85.0,55.0
-8.0,-244.0,-13.0,-302.0,80.0,66.0
-15.0,-235.0,-15.0,-280.0,78.0,79.0
-19.0,-235.0,-18.0,-258.0,76.0,95.0
-23.0,-230.0,-22.0,-243.0,76.0,112.0
-24.0,-230.0,-27.0,-233.0,80.0,127.0
-30.0,-229.0,-30.0,-235.0,82.0,143.0
-27.0,-232.0,-28.0,-242.0,83.0,157.0
-30.0,-236.0,-30.0,-259.0,80.0,167.0
-25.0,-241.0,-31.0,-274.0,71.0,175.0
-21.0,-247.0,-36.0,-281.0,61.0,176.0
-17.0,-249.0,-34.0,-279.0,51.0,169.0
-14.0,-251.0,-31.0,-269.0,40.0,162.0
-12.0,-255.0,-34.0,-248.0,27.0,148.0
-11.0,-255.0,-36.0,-223.0,17.0,136.0
-7.0,-251.0,-37.0,-200.0,9.0,117.0
-8.0,-247.0,-39.0,-183.0,3.0,98.0
-8.0,-240.0,-33.0,-180.0,-2.0,81.0
-4.0,-241.0,-38.0,-193.0,-3.0,69.0
-4.0,-244.0,-40.0,-214.0,-6.0,58.0
-2.0,-243.0,-51.0,-231.0,-23.0,46.0
-4.0,-251.0,-44.0,-257.0,-37.0,38.0
0.0,-257.0,-49.0,-280.0,-53.0,27.0
1.0,-262.0,-50.0,-292.0,-65.0,21.0
0.0,-262.0,-50.0,-292.0,-72.0,16.0
0.0,-266.0,-53.0,-283.0,-78.0,13.0
0.0,-271.0,-57.0,-263.0,-86.0,9.0
-1.0,-272.0,-54.0,-241.0,-95.0,7.0
-3.0,-268.0,-53.0,-219.0,-105.0,8.0
-4.0,-269.0,-50.0,-195.0,-116.0,9.0
-1.0,-266.0,-50.0,-174.0,-126.0,8.0
-4.0,-266.0,-48.0,-156.0,-137.0,11.0
3.0,-266.0,-49.0,-141.0,-144.0,10.0
-3.0,-260.0,-56.0,-130.0,-151.0,12.0
-1.0,-257.0,-53.0,-128.0,-156.0,11.0
-1.0,-255.0,-51.0,-129.0,-158.0,11.0
-1.0,-254.0,-53.0,-140.0,-156.0,8.0
-3.0,-252.0,-51.0,-155.0,-158.0,0.0
-3.0,-265.0,-61.0,-171.0,-159.0,-9.0
-5.0,-262.0,-49.0,-179.0,-159.0,-20.0
-6.0,-263.0,-41.0,-181.0,-155.0,-29.0
-1.0,-267.0,-39.0,-179.0,-152.0,-33.0
-3.0,-270.0,-34.0,-169.0,-148.0,-36.0
0.0,-271.0,-31.0,-148.0,-147.0,-35.0
