27.0,-136.0,-240.0,261.0,910.0,-30.0
21.0,-175.0,-217.0,332.0,902.0,-100.0
29.0,-219.0,-183.0,401.0,875.0,-226.0
40.0,-272.0,-143.0,463.0,833.0,-414.0
47.0,-319.0,-111.0,513.0,807.0,-634.0
45.0,-358.0,-86.0,502.0,792.0,-823.0
44.0,-393.0,-83.0,482.0,814.0,-973.0
2.0,-426.0,-88.0,464.0,914.0,-1120.0
-46.0,-477.0,-92.0,505.0,1055.0,-1201.0
-113.0,-508.0,-87.0,634.0,1127.0,-1254.0
-163.0,-536.0,-122.0,780.0,1128.0,-1206.0
-178.0,-508.0,-133.0,773.0,1114.0,-1009.0
-109.0,-472.0,-125.0,591.0,1053.0,-720.0
-60.0,-418.0,-112.0,319.0,942.0,-494.0
-49.0,-358.0,-113.0,106.0,850.0,-304.0
-49.0,-322.0,-128.0,4.0,797.0,-69.0
-53.0,-307.0,-151.0,-34.0,741.0,211.0
-48.0,-316.0,-164.0,-78.0,658.0,503.0
-26.0,-348.0,-163.0,-170.0,548.0,777.0
21.0,-399.0,-149.0,-295.0,438.0,1009.0
59.0,-438.0,-124.0,-433.0,356.0,1183.0
69.0,-464.0,-99.0,-576.0,327.0,1281.0
55.0,-483.0,-70.0,-716.0,337.0,1300.0
48.0,-505.0,-66.0,-833.0,332.0,1289.0
45.0,-528.0,-61.0,-940.0,290.0,1237.0
46.0,-567.0,-63.0,-1015.0,215.0,1154.0
41.0,-609.0,-62.0,-1038.0,147.0,1034.0
14.0,-651.0,-62.0,-985.0,133.0,888.0
-17.0,-672.0,-73.0,-880.0,184.0,736.0
-62.0,-663.0,-83.0,-756.0,256.0,595.0
-96.0,-633.0,-86.0,-625.0,300.0,493.0
-106.0,-596.0,-93.0,-482.0,296.0,452.0
-106.0,-545.0,-91.0,-338.0,258.0,454.0
-103.0,-490.0,-93.0,-228.0,202.0,481.0
-103.0,-440.0,-96.0,-170.0,122.0,525.0
-102.0,-397.0,-89.0,-171.0,16.0,586.0
-102.0,-364.0,-76.0,-220.0,-105.0,667.0
-98.0,-339.0,-57.0,-301.0,-230.0,767.0
-90.0,-325.0,-49.0,-385.0,-357.0,874.0
-87.0,-313.0,-31.0,-465.0,-488.0,964.0
-81.0,-296.0,-23.0,-501.0,-624.0,1040.0
-69.0,-281.0,-28.0,-493.0,-755.0,1095.0
-60.0,-260.0,-48.0,-459.0,-868.0,1117.0
-45.0,-243.0,-73.0,-415.0,-963.0,1107.0
-35.0,-222.0,-96.0,-372.0,-1027.0,1069.0
-27.0,-205.0,-109.0,-360.0,-1071.0,1002.0
-24.0,-192.0,-111.0,-419.0,-1105.0,910.0
-16.0,-188.0,-93.0,-527.0,-1125.0,799.0
-11.0,-185.0,-65.0,-653.0,-1145.0,640.0
-17.0,-161.0,-40.0,-766.0,-1157.0,453.0
-17.0,-139.0,-34.0,-816.0,-1123.0,300.0
-12.0,-122.0,-34.0,-794.0,-1050.0,173.0
-7.0,-107.0,-50.0,-729.0,-961.0,40.0
1.0,-85.0,-57.0,-639.0,-851.0,-94.0
6.0,-59.0,-72.0,-540.0,-712.0,-215.0
15.0,-34.0,-73.0,-455.0,-543.0,-310.0
22.0,-8.0,-71.0,-377.0,-372.0,-390.0
14.0,14.0,-54.0,-292.0,-243.0,-476.0
21.0,36.0,-44.0,-198.0,-166.0,-555.0
20.0,57.0,-24.0,-95.0,-129.0,-643.0
19.0,73.0,-2.0,8.0,-120.0,-728.0
17.0,83.0,8.0,111.0,-131.0,-792.0
15.0,101.0,17.0,202.0,-151.0,-848.0
9.0,117.0,28.0,284.0,-165.0,-878.0
-6.0,126.0,30.0,345.0,-180.0,-874.0
-1.0,116.0,18.0,355.0,-230.0,-851.0
6.0,108.0,-10.0,348.0,-275.0,-844.0
-4.0,90.0,-34.0,323.0,-304.0,-847.0
-29.0,63.0,-62.0,269.0,-353.0,-838.0
-47.0,34.0,-90.0,197.0,-439.0,-805.0
-65.0,13.0,-111.0,161.0,-553.0,-743.0
-77.0,-11.0,-127.0,178.0,-673.0,-649.0
-87.0,-39.0,-140.0,214.0,-778.0,-511.0
-85.0,-76.0,-151.0,250.0,-873.0,-317.0
-83.0,-118.0,-163.0,263.0,-966.0,-113.0
-70.0,-164.0,-159.0,240.0,-1053.0,96.0
-59.0,-212.0,-163.0,194.0,-1143.0,309.0
-61.0,-257.0,-152.0,152.0,-1249.0,503.0
-33.0,-318.0,-139.0,165.0,-1384.0,654.0
-38.0,-352.0,-142.0,224.0,-1549.0,719.0
-50.0,-381.0,-140.0,295.0,-1695.0,795.0
-65.0,-400.0,-124.0,402.0,-1817.0,893.0
-58.0,-414.0,-117.0,608.0,-1953.0,956.0
-40.0,-419.0,-132.0,910.0,-2061.0,959.0
-15.0,-422.0,-139.0,1236.0,-2081.0,930.0
13.0,-422.0,-138.0,1517.0,-1978.0,898.0
37.0,-424.0,-139.0,1691.0,-1789.0,822.0
47.0,-409.0,-136.0,1674.0,-1590.0,627.0
31.0,-370.0,-110.0,1407.0,-1445.0,371.0
7.0,-321.0,-88.0,964.0,-1361.0,138.0
7.0,-287.0,-79.0,473.0,-1342.0,-52.0
14.0,-285.0,-98.0,31.0,-1381.0,-239.0
25.0,-304.0,-127.0,-351.0,-1429.0,-430.0
44.0,-335.0,-156.0,-682.0,-1442.0,-605.0
73.0,-373.0,-172.0,-974.0,-1415.0,-751.0
82.0,-412.0,-165.0,-1218.0,-1329.0,-872.0
75.0,-455.0,-124.0,-1389.0,-1193.0,-955.0
61.0,-489.0,-76.0,-1445.0,-1054.0,-996.0
52.0,-522.0,-39.0,-1394.0,-925.0,-993.0
45.0,-552.0,-17.0,-1263.0,-801.0,-953.0
35.0,-570.0,-17.0,-1089.0,-689.0,-890.0
31.0,-584.0,-43.0,-922.0,-603.0,-819.0
30.0,-599.0,-77.0,-810.0,-549.0,-756.0
28.0,-609.0,-98.0,-751.0,-525.0,-716.0
34.0,-610.0,-105.0,-718.0,-521.0,-697.0
37.0,-598.0,-109.0,-680.0,-520.0,-692.0
44.0,-582.0,-95.0,-630.0,-488.0,-692.0
63.0,-557.0,-79.0,-530.0,-420.0,-716.0
75.0,-528.0,-66.0,-388.0,-316.0,-758.0
84.0,-491.0,-55.0,-236.0,-187.0,-821.0
81.0,-449.0,-52.0,-106.0,-41.0,-898.0
65.0,-407.0,-51.0,-16.0,104.0,-967.0
54.0,-371.0,-48.0,17.0,223.0,-1032.0
53.0,-336.0,-35.0,-14.0,298.0,-1086.0
59.0,-308.0,-33.0,-107.0,340.0,-1133.0
76.0,-291.0,-26.0,-237.0,384.0,-1166.0
89.0,-281.0,-17.0,-380.0,459.0,-1182.0
101.0,-274.0,-9.0,-521.0,559.0,-1172.0
110.0,-271.0,-9.0,-653.0,667.0,-1134.0
117.0,-272.0,-21.0,-792.0,764.0,-1065.0
119.0,-276.0,-40.0,-952.0,839.0,-967.0
128.0,-288.0,-60.0,-1090.0,886.0,-844.0
126.0,-297.0,-90.0,-1178.0,905.0,-700.0
120.0,-308.0,-121.0,-1215.0,904.0,-545.0
121.0,-314.0,-140.0,-1204.0,903.0,-375.0
112.0,-315.0,-153.0,-1144.0,925.0,-185.0
110.0,-305.0,-148.0,-1041.0,983.0,10.0
102.0,-280.0,-124.0,-908.0,1052.0,195.0
94.0,-245.0,-111.0,-758.0,1103.0,360.0
83.0,-188.0,-103.0,-611.0,1122.0,506.0
76.0,-139.0,-104.0,-476.0,1120.0,625.0
70.0,-91.0,-98.0,-363.0,1095.0,719.0
67.0,-41.0,-102.0,-275.0,1050.0,801.0
61.0,6.0,-103.0,-226.0,985.0,863.0
55.0,48.0,-111.0,-208.0,917.0,908.0
45.0,80.0,-107.0,-200.0,861.0,926.0
26.0,105.0,-104.0,-192.0,836.0,951.0
9.0,112.0,-110.0,-164.0,837.0,1010.0
-8.0,115.0,-91.0,-123.0,835.0,1063.0
-15.0,100.0,-84.0,-66.0,807.0,1113.0
-16.0,82.0,-69.0,-11.0,758.0,1170.0
-9.0,62.0,-58.0,40.0,704.0,1222.0
-7.0,50.0,-31.0,100.0,647.0,1233.0
-11.0,32.0,-27.0,195.0,588.0,1218.0
-18.0,26.0,-10.0,310.0,541.0,1180.0
-34.0,17.0,-8.0,434.0,507.0,1136.0
-32.0,10.0,-14.0,539.0,474.0,1075.0
-27.0,5.0,-35.0,621.0,460.0,997.0
-27.0,-1.0,-67.0,696.0,484.0,891.0
-15.0,-11.0,-88.0,754.0,576.0,772.0
-8.0,-7.0,-145.0,812.0,740.0,640.0
-2.0,-7.0,-164.0,832.0,1006.0,522.0
34.0,-38.0,-182.0,834.0,1330.0,418.0
16.0,-52.0,-188.0,799.0,1638.0,262.0
-3.0,-97.0,-194.0,745.0,1866.0,100.0
-4.0,-160.0,-193.0,660.0,2005.0,-64.0
-2.0,-207.0,-173.0,502.0,2070.0,-230.0
33.0,-264.0,-142.0,334.0,2058.0,-396.0
37.0,-298.0,-119.0,193.0,1982.0,-619.0
34.0,-325.0,-103.0,126.0,1881.0,-828.0
20.0,-338.0,-119.0,159.0,1785.0,-958.0
27.0,-349.0,-152.0,280.0,1719.0,-1027.0
15.0,-347.0,-184.0,467.0,1734.0,-1068.0
5.0,-359.0,-213.0,661.0,1837.0,-1089.0
-41.0,-368.0,-233.0,827.0,1986.0,-1094.0
-76.0,-370.0,-213.0,923.0,2119.0,-1004.0
-45.0,-370.0,-197.0,947.0,2139.0,-804.0
-28.0,-347.0,-170.0,836.0,2040.0,-557.0
-17.0,-314.0,-146.0,611.0,1936.0,-345.0
-1.0,-284.0,-129.0,385.0,1927.0,-109.0
5.0,-271.0,-109.0,207.0,1924.0,137.0
-10.0,-268.0,-135.0,105.0,1872.0,352.0
-23.0,-282.0,-159.0,36.0,1798.0,552.0
-40.0,-306.0,-180.0,-48.0,1746.0,735.0
-50.0,-340.0,-181.0,-136.0,1717.0,901.0
-54.0,-371.0,-173.0,-194.0,1672.0,1031.0
-51.0,-401.0,-157.0,-194.0,1616.0,1115.0
-48.0,-424.0,-138.0,-151.0,1563.0,1161.0
-39.0,-446.0,-122.0,-95.0,1525.0,1179.0
-37.0,-463.0,-112.0,-55.0,1497.0,1166.0
-42.0,-471.0,-99.0,-35.0,1472.0,1131.0
-55.0,-492.0,-105.0,-9.0,1457.0,1077.0
-53.0,-511.0,-79.0,39.0,1435.0,1015.0
-49.0,-528.0,-67.0,121.0,1398.0,954.0
-46.0,-535.0,-61.0,246.0,1362.0,891.0
-45.0,-531.0,-61.0,389.0,1352.0,830.0
-53.0,-517.0,-54.0,513.0,1380.0,767.0
-72.0,-493.0,-48.0,599.0,1421.0,725.0
-81.0,-469.0,-57.0,650.0,1433.0,710.0
-81.0,-442.0,-59.0,648.0,1400.0,721.0
-72.0,-422.0,-64.0,611.0,1335.0,748.0
-43.0,-416.0,-63.0,543.0,1264.0,797.0
-47.0,-395.0,-62.0,453.0,1208.0,858.0
-32.0,-392.0,-50.0,359.0,1168.0,930.0
-22.0,-391.0,-49.0,282.0,1135.0,1009.0
-16.0,-392.0,-47.0,226.0,1105.0,1088.0
-8.0,-396.0,-42.0,194.0,1077.0,1160.0
-2.0,-397.0,-49.0,199.0,1051.0,1227.0
8.0,-399.0,-52.0,201.0,1040.0,1288.0
16.0,-389.0,-57.0,221.0,1040.0,1340.0
26.0,-385.0,-67.0,267.0,1045.0,1377.0
37.0,-370.0,-80.0,312.0,1044.0,1398.0
45.0,-350.0,-93.0,334.0,1031.0,1405.0
53.0,-332.0,-89.0,353.0,1035.0,1401.0
56.0,-316.0,-82.0,379.0,1063.0,1389.0
54.0,-294.0,-75.0,421.0,1094.0,1366.0
50.0,-272.0,-72.0,463.0,1108.0,1330.0
41.0,-246.0,-74.0,486.0,1117.0,1294.0
41.0,-222.0,-65.0,487.0,1124.0,1268.0
40.0,-197.0,-61.0,461.0,1136.0,1237.0
36.0,-171.0,-47.0,407.0,1156.0,1202.0
41.0,-151.0,-27.0,342.0,1173.0,1175.0
49.0,-136.0,-15.0,294.0,1179.0,1135.0
49.0,-116.0,13.0,259.0,1184.0,1079.0
49.0,-103.0,30.0,259.0,1179.0,1011.0
51.0,-96.0,33.0,267.0,1159.0,926.0
45.0,-77.0,41.0,234.0,1157.0,820.0
25.0,-68.0,49.0,168.0,1184.0,713.0
4.0,-62.0,56.0,115.0,1189.0,611.0
-15.0,-62.0,56.0,90.0,1155.0,516.0
-28.0,-51.0,45.0,72.0,1119.0,423.0
-33.0,-43.0,36.0,47.0,1113.0,345.0
-51.0,-23.0,31.0,24.0,1138.0,292.0
-45.0,-10.0,34.0,11.0,1177.0,268.0
-65.0,18.0,38.0,40.0,1221.0,225.0
-73.0,28.0,25.0,89.0,1245.0,190.0
-63.0,21.0,0.0,115.0,1259.0,174.0
-47.0,6.0,-26.0,106.0,1293.0,164.0
-29.0,-11.0,-44.0,75.0,1346.0,126.0
-14.0,-36.0,-57.0,42.0,1407.0,65.0
5.0,-58.0,-67.0,35.0,1480.0,-21.0
21.0,-87.0,-74.0,72.0,1583.0,-116.0
18.0,-118.0,-79.0,157.0,1732.0,-227.0
5.0,-145.0,-86.0,292.0,1894.0,-324.0
-19.0,-157.0,-86.0,475.0,1998.0,-399.0
-45.0,-176.0,-116.0,696.0,1979.0,-465.0
-84.0,-190.0,-153.0,883.0,1820.0,-520.0
-129.0,-184.0,-186.0,985.0,1529.0,-558.0
-186.0,-158.0,-239.0,977.0,1170.0,-536.0
-211.0,-145.0,-271.0,827.0,828.0,-379.0
-192.0,-165.0,-278.0,579.0,578.0,-73.0
-114.0,-209.0,-244.0,337.0,453.0,243.0
-25.0,-265.0,-203.0,189.0,462.0,479.0
19.0,-307.0,-157.0,119.0,649.0,579.0
30.0,-337.0,-97.0,109.0,967.0,596.0
21.0,-335.0,-37.0,152.0,1238.0,576.0
41.0,-324.0,-10.0,286.0,1324.0,561.0
73.0,-315.0,-20.0,505.0,1239.0,554.0
106.0,-317.0,-46.0,765.0,1104.0,562.0
134.0,-321.0,-70.0,1011.0,1032.0,588.0
146.0,-325.0,-98.0,1210.0,1034.0,593.0
125.0,-314.0,-118.0,1331.0,1053.0,562.0
91.0,-282.0,-139.0,1326.0,1073.0,511.0
69.0,-247.0,-143.0,1176.0,1113.0,448.0
48.0,-212.0,-132.0,913.0,1180.0,373.0
28.0,-186.0,-116.0,593.0,1247.0,291.0
12.0,-179.0,-102.0,260.0,1291.0,212.0
5.0,-189.0,-82.0,-50.0,1321.0,126.0
-2.0,-206.0,-66.0,-290.0,1350.0,45.0
-1.0,-230.0,-65.0,-446.0,1407.0,-28.0
2.0,-259.0,-62.0,-525.0,1508.0,-89.0
5.0,-291.0,-59.0,-530.0,1638.0,-131.0
11.0,-318.0,-63.0,-460.0,1773.0,-163.0
11.0,-341.0,-73.0,-342.0,1901.0,-187.0
15.0,-352.0,-71.0,-204.0,2019.0,-203.0
18.0,-359.0,-78.0,-55.0,2116.0,-212.0
21.0,-359.0,-80.0,98.0,2181.0,-216.0
25.0,-355.0,-90.0,236.0,2220.0,-215.0
26.0,-350.0,-86.0,337.0,2250.0,-201.0
26.0,-343.0,-89.0,407.0,2266.0,-179.0
22.0,-331.0,-80.0,454.0,2273.0,-149.0
19.0,-320.0,-77.0,488.0,2279.0,-111.0
16.0,-314.0,-77.0,507.0,2291.0,-65.0
17.0,-301.0,-59.0,511.0,2312.0,-9.0
14.0,-286.0,-66.0,519.0,2340.0,35.0
14.0,-272.0,-63.0,513.0,2375.0,75.0
15.0,-259.0,-62.0,477.0,2428.0,109.0
19.0,-245.0,-64.0,421.0,2487.0,133.0
16.0,-245.0,-56.0,353.0,2549.0,148.0
16.0,-232.0,-53.0,284.0,2607.0,151.0
15.0,-228.0,-52.0,221.0,2666.0,144.0
19.0,-221.0,-50.0,168.0,2716.0,131.0
22.0,-216.0,-51.0,127.0,2751.0,113.0
25.0,-214.0,-50.0,101.0,2783.0,91.0
29.0,-217.0,-51.0,89.0,2813.0,62.0
31.0,-221.0,-56.0,90.0,2842.0,30.0
30.0,-223.0,-55.0,98.0,2874.0,-5.0
30.0,-224.0,-59.0,115.0,2909.0,-39.0
24.0,-231.0,-59.0,144.0,2943.0,-70.0
27.0,-231.0,-64.0,174.0,2977.0,-100.0
26.0,-234.0,-65.0,209.0,3014.0,-125.0
26.0,-234.0,-66.0,240.0,3060.0,-143.0
30.0,-238.0,-66.0,271.0,3116.0,-161.0
29.0,-239.0,-65.0,309.0,3183.0,-177.0
29.0,-240.0,-58.0,359.0,3262.0,-188.0
33.0,-252.0,-54.0,428.0,3359.0,-194.0
33.0,-251.0,-53.0,511.0,3472.0,-188.0
33.0,-254.0,-49.0,588.0,3590.0,-170.0
33.0,-247.0,-45.0,639.0,3695.0,-150.0
31.0,-249.0,-41.0,659.0,3766.0,-122.0
35.0,-251.0,-50.0,671.0,3784.0,-78.0
40.0,-253.0,-55.0,683.0,3743.0,-29.0
48.0,-257.0,-67.0,695.0,3659.0,24.0
55.0,-261.0,-80.0,706.0,3561.0,76.0
63.0,-263.0,-91.0,723.0,3471.0,126.0
69.0,-261.0,-93.0,743.0,3397.0,171.0
67.0,-257.0,-97.0,765.0,3341.0,214.0
62.0,-250.0,-100.0,782.0,3303.0,250.0
56.0,-245.0,-100.0,791.0,3274.0,285.0
54.0,-243.0,-97.0,791.0,3248.0,321.0
52.0,-235.0,-104.0,794.0,3222.0,331.0
46.0,-234.0,-128.0,792.0,3207.0,326.0
25.0,-232.0,-148.0,751.0,3226.0,326.0
17.0,-232.0,-153.0,676.0,3266.0,333.0
14.0,-234.0,-156.0,593.0,3284.0,329.0
5.0,-234.0,-158.0,512.0,3282.0,313.0
4.0,-237.0,-150.0,442.0,3277.0,293.0
5.0,-240.0,-148.0,382.0,3266.0,271.0
7.0,-243.0,-139.0,343.0,3244.0,244.0
9.0,-244.0,-134.0,324.0,3218.0,216.0
14.0,-249.0,-130.0,313.0,3190.0,184.0
16.0,-246.0,-136.0,315.0,3165.0,152.0
27.0,-251.0,-127.0,319.0,3157.0,117.0
30.0,-252.0,-130.0,318.0,3171.0,87.0
28.0,-252.0,-133.0,308.0,3201.0,62.0
26.0,-258.0,-133.0,290.0,3241.0,42.0
27.0,-261.0,-136.0,264.0,3277.0,32.0
22.0,-264.0,-136.0,239.0,3307.0,35.0
19.0,-268.0,-138.0,216.0,3331.0,48.0
16.0,-270.0,-135.0,202.0,3350.0,71.0
9.0,-266.0,-138.0,197.0,3364.0,103.0
4.0,-262.0,-133.0,195.0,3367.0,142.0
-6.0,-255.0,-133.0,190.0,3351.0,186.0
-6.0,-249.0,-125.0,175.0,3320.0,235.0
-9.0,-243.0,-122.0,156.0,3285.0,285.0
-5.0,-240.0,-120.0,135.0,3261.0,335.0
-10.0,-242.0,-118.0,114.0,3243.0,380.0
-10.0,-243.0,-114.0,96.0,3226.0,419.0
-16.0,-242.0,-113.0,85.0,3204.0,454.0
-18.0,-244.0,-110.0,78.0,3179.0,480.0
-23.0,-247.0,-112.0,75.0,3151.0,503.0
-31.0,-243.0,-108.0,76.0,3129.0,518.0
-33.0,-241.0,-110.0,83.0,3108.0,527.0
-28.0,-239.0,-111.0,89.0,3090.0,530.0
-35.0,-236.0,-109.0,92.0,3071.0,528.0
-40.0,-236.0,-111.0,89.0,3053.0,520.0
-45.0,-235.0,-108.0,82.0,3038.0,504.0
-43.0,-239.0,-110.0,74.0,3020.0,487.0
-43.0,-238.0,-106.0,72.0,3001.0,465.0
-49.0,-238.0,-104.0,71.0,2976.0,443.0
-44.0,-243.0,-99.0,77.0,2953.0,417.0
-47.0,-244.0,-100.0,90.0,2929.0,387.0
-49.0,-249.0,-91.0,111.0,2899.0,354.0
-49.0,-252.0,-96.0,138.0,2869.0,320.0
-49.0,-253.0,-92.0,168.0,2837.0,285.0
-54.0,-258.0,-90.0,198.0,2800.0,247.0
-55.0,-257.0,-91.0,228.0,2763.0,209.0
-61.0,-259.0,-90.0,251.0,2725.0,170.0
-66.0,-261.0,-88.0,268.0,2686.0,132.0
-70.0,-261.0,-85.0,283.0,2646.0,98.0
-75.0,-262.0,-78.0,292.0,2601.0,65.0
-83.0,-262.0,-79.0,297.0,2554.0,35.0
-87.0,-261.0,-74.0,296.0,2498.0,9.0
-90.0,-264.0,-77.0,291.0,2437.0,-16.0
-95.0,-260.0,-71.0,276.0,2371.0,-36.0
-97.0,-263.0,-65.0,263.0,2304.0,-56.0
-97.0,-262.0,-64.0,247.0,2237.0,-75.0
-100.0,-260.0,-55.0,228.0,2170.0,-92.0
-95.0,-263.0,-51.0,210.0,2103.0,-108.0
-98.0,-257.0,-45.0,201.0,2041.0,-120.0
-90.0,-259.0,-41.0,198.0,1980.0,-132.0
-82.0,-257.0,-40.0,206.0,1920.0,-146.0
-79.0,-250.0,-35.0,220.0,1862.0,-160.0
-72.0,-251.0,-36.0,234.0,1804.0,-174.0
-70.0,-249.0,-41.0,246.0,1743.0,-193.0
-64.0,-246.0,-39.0,257.0,1677.0,-213.0
-65.0,-250.0,-40.0,258.0,1606.0,-235.0
-68.0,-251.0,-46.0,248.0,1533.0,-261.0
-67.0,-257.0,-47.0,231.0,1457.0,-284.0
-71.0,-255.0,-53.0,208.0,1383.0,-307.0
-71.0,-264.0,-52.0,181.0,1312.0,-327.0
-71.0,-272.0,-52.0,156.0,1248.0,-340.0
-73.0,-274.0,-54.0,133.0,1194.0,-352.0
-75.0,-278.0,-53.0,119.0,1145.0,-356.0
-71.0,-272.0,-57.0,119.0,1100.0,-358.0
-71.0,-271.0,-62.0,128.0,1053.0,-351.0
-67.0,-258.0,-59.0,142.0,1005.0,-345.0
-59.0,-260.0,-57.0,158.0,952.0,-335.0
-55.0,-253.0,-53.0,172.0,895.0,-324.0
-50.0,-246.0,-57.0,180.0,836.0,-307.0
-51.0,-238.0,-51.0,176.0,769.0,-290.0
-47.0,-231.0,-48.0,162.0,698.0,-271.0
-41.0,-227.0,-45.0,140.0,627.0,-253.0
-38.0,-222.0,-40.0,116.0,561.0,-239.0
-37.0,-227.0,-35.0,96.0,508.0,-229.0
-36.0,-228.0,-33.0,81.0,460.0,-223.0
-36.0,-230.0,-25.0,75.0,414.0,-217.0
-46.0,-236.0,-24.0,75.0,369.0,-215.0
-43.0,-239.0,-23.0,79.0,325.0,-215.0
-43.0,-241.0,-24.0,84.0,285.0,-214.0
-46.0,-246.0,-26.0,83.0,248.0,-214.0
-46.0,-252.0,-31.0,80.0,218.0,-217.0
-48.0,-257.0,-32.0,79.0,195.0,-218.0
-51.0,-259.0,-33.0,83.0,177.0,-221.0
-50.0,-262.0,-30.0,90.0,158.0,-225.0
-51.0,-265.0,-33.0,101.0,140.0,-230.0
-51.0,-267.0,-28.0,116.0,119.0,-233.0
-53.0,-276.0,-35.0,132.0,94.0,-238.0
-52.0,-269.0,-28.0,150.0,65.0,-240.0
-50.0,-268.0,-26.0,168.0,38.0,-245.0
-53.0,-266.0,-27.0,182.0,9.0,-247.0
-50.0,-268.0,-28.0,191.0,-22.0,-249.0
-53.0,-267.0,-27.0,196.0,-52.0,-250.0
-50.0,-267.0,-29.0,197.0,-79.0,-237.0
-51.0,-262.0,-29.0,195.0,-102.0,-223.0
-48.0,-263.0,-31.0,189.0,-125.0,-205.0
-40.0,-258.0,-31.0,177.0,-147.0,-188.0
-38.0,-259.0,-31.0,159.0,-156.0,-171.0
-34.0,-262.0,-38.0,140.0,-161.0,-148.0
-36.0,-259.0,-40.0,117.0,-170.0,-121.0
-35.0,-261.0,-35.0,98.0,-184.0,-92.0
-30.0,-260.0,-35.0,83.0,-199.0,-62.0
-26.0,-259.0,-30.0,68.0,-207.0,-32.0
-21.0,-260.0,-32.0,61.0,-212.0,-7.0
-16.0,-261.0,-27.0,55.0,-213.0,14.0
-15.0,-259.0,-26.0,53.0,-214.0,29.0
-10.0,-261.0,-25.0,53.0,-216.0,40.0
-8.0,-257.0,-28.0,52.0,-217.0,49.0
-6.0,-257.0,-26.0,52.0,-216.0,52.0
-3.0,-253.0,-29.0,51.0,-215.0,56.0
-1.0,-255.0,-31.0,48.0,-215.0,57.0
-2.0,-251.0,-29.0,45.0,-210.0,58.0
-5.0,-252.0,-35.0,39.0,-200.0,59.0
-5.0,-253.0,-30.0,30.0,-191.0,57.0
-2.0,-254.0,-41.0,18.0,-181.0,55.0
-1.0,-255.0,-40.0,7.0,-168.0,50.0
2.0,-256.0,-41.0,-7.0,-146.0,42.0
4.0,-256.0,-42.0,-21.0,-121.0,35.0
8.0,-259.0,-44.0,-35.0,-95.0,25.0
11.0,-263.0,-46.0,-52.0,-65.0,12.0
11.0,-259.0,-46.0,-68.0,-31.0,-1.0
14.0,-262.0,-46.0,-81.0,3.0,-14.0
20.0,-263.0,-42.0,-91.0,36.0,-29.0
22.0,-260.0,-42.0,-93.0,66.0,-43.0
20.0,-267.0,-44.0,-95.0,98.0,-53.0
21.0,-267.0,-37.0,-102.0,130.0,-63.0
21.0,-272.0,-37.0,-99.0,142.0,-76.0
20.0,-273.0,-34.0,-87.0,156.0,-83.0
14.0,-271.0,-33.0,-70.0,174.0,-87.0
10.0,-270.0,-24.0,-55.0,183.0,-89.0
3.0,-266.0,-30.0,-45.0,189.0,-90.0
3.0,-268.0,-26.0,-41.0,190.0,-91.0
4.0,-267.0,-26.0,-35.0,187.0,-91.0
0.0,-269.0,-23.0,-31.0,184.0,-86.0
-2.0,-263.0,-23.0,-22.0,179.0,-80.0
-7.0,-265.0,-22.0,-11.0,172.0,-71.0
-6.0,-265.0,-22.0,4.0,165.0,-61.0
-11.0,-261.0,-21.0,16.0,159.0,-51.0
-12.0,-259.0,-24.0,28.0,150.0,-41.0
-16.0,-260.0,-20.0,37.0,138.0,-29.0
-16.0,-265.0,-14.0,48.0,124.0,-18.0
-24.0,-262.0,-25.0,57.0,107.0,-8.0
-25.0,-262.0,-21.0,62.0,88.0,5.0
-27.0,-262.0,-20.0,65.0,72.0,14.0
-27.0,-263.0,-20.0,69.0,60.0,22.0
-28.0,-261.0,-24.0,74.0,49.0,30.0
-30.0,-259.0,-24.0,79.0,38.0,32.0
-29.0,-258.0,-21.0,84.0,29.0,35.0
-28.0,-255.0,-21.0,85.0,20.0,35.0
-25.0,-255.0,-23.0,80.0,10.0,34.0
-34.0,-249.0,-23.0,73.0,4.0,33.0
-23.0,-253.0,-29.0,61.0,-3.0,32.0
-20.0,-251.0,-21.0,45.0,-11.0,29.0
-17.0,-255.0,-27.0,31.0,-17.0,24.0
-16.0,-256.0,-33.0,15.0,-22.0,20.0
-14.0,-257.0,-34.0,1.0,-25.0,14.0
-11.0,-259.0,-33.0,-13.0,-28.0,8.0
-8.0,-263.0,-28.0,-24.0,-31.0,0.0
-2.0,-259.0,-33.0,-32.0,-31.0,-6.0
-1.0,-263.0,-33.0,-41.0,-31.0,-15.0
-1.0,-265.0,-31.0,-46.0,-29.0,-21.0
3.0,-263.0,-33.0,-48.0,-28.0,-25.0
0.0,-262.0,-27.0,-46.0,-27.0,-28.0
7.0,-267.0,-33.0,-41.0,-24.0,-30.0
4.0,-265.0,-32.0,-36.0,-20.0,-32.0
5.0,-264.0,-31.0,-28.0,-19.0,-33.0
9.0,-268.0,-34.0,-18.0,-20.0,-32.0
8.0,-267.0,-30.0,-7.0,-18.0,-32.0
7.0,-268.0,-33.0,6.0,-14.0,-31.0
9.0,-270.0,-34.0,19.0,-13.0,-30.0
11.0,-266.0,-36.0,32.0,-13.0,-28.0
8.0,-265.0,-28.0,45.0,-8.0,-26.0
11.0,-264.0,-32.0,54.0,-3.0,-22.0
12.0,-264.0,-23.0,67.0,2.0,-20.0
10.0,-266.0,-29.0,81.0,6.0,-19.0
8.0,-261.0,-27.0,89.0,10.0,-16.0
5.0,-263.0,-27.0,98.0,13.0,-14.0
6.0,-262.0,-25.0,106.0,15.0,-12.0
4.0,-263.0,-25.0,112.0,20.0,-10.0
-2.0,-262.0,-27.0,116.0,24.0,-8.0
0.0,-259.0,-26.0,119.0,26.0,-7.0
-1.0,-259.0,-27.0,118.0,30.0,-6.0
0.0,-259.0,-29.0,117.0,36.0,-5.0
5.0,-260.0,-26.0,116.0,36.0,-6.0
11.0,-258.0,-31.0,118.0,42.0,-6.0
4.0,-258.0,-28.0,117.0,54.0,-7.0
3.0,-258.0,-32.0,115.0,63.0,-8.0
4.0,-260.0,-28.0,117.0,65.0,-8.0
-6.0,-262.0,-30.0,114.0,70.0,-15.0
-18.0,-261.0,-30.0,104.0,86.0,-24.0
-29.0,-258.0,-29.0,90.0,85.0,-24.0
-30.0,-259.0,-23.0,66.0,59.0,-18.0
-29.0,-256.0,-27.0,45.0,38.0,-9.0
-25.0,-260.0,-32.0,28.0,36.0,-4.0
-23.0,-257.0,-23.0,20.0,49.0,4.0
-19.0,-259.0,-31.0,22.0,67.0,9.0
-16.0,-260.0,-41.0,35.0,85.0,13.0
-15.0,-262.0,-40.0,45.0,105.0,11.0
-16.0,-262.0,-42.0,56.0,128.0,8.0
-16.0,-258.0,-42.0,59.0,146.0,4.0
-17.0,-258.0,-39.0,53.0,148.0,0.0
-14.0,-256.0,-37.0,42.0,138.0,-5.0
-14.0,-258.0,-35.0,27.0,121.0,-8.0
-13.0,-257.0,-29.0,11.0,105.0,-12.0
-13.0,-258.0,-31.0,-1.0,87.0,-15.0
-10.0,-265.0,-29.0,-9.0,66.0,-20.0
-4.0,-263.0,-27.0,-11.0,50.0,-23.0
-4.0,-261.0,-27.0,-5.0,37.0,-25.0
1.0,-265.0,-23.0,10.0,25.0,-27.0
-3.0,-262.0,-20.0,28.0,16.0,-29.0
1.0,-264.0,-28.0,49.0,8.0,-32.0
1.0,-264.0,-25.0,66.0,5.0,-32.0
4.0,-260.0,-33.0,80.0,3.0,-32.0
-1.0,-261.0,-33.0,83.0,10.0,-33.0
0.0,-258.0,-33.0,79.0,17.0,-30.0
0.0,-261.0,-33.0,67.0,23.0,-28.0
1.0,-263.0,-36.0,51.0,31.0,-27.0
1.0,-259.0,-39.0,35.0,33.0,-24.0
1.0,-259.0,-34.0,14.0,35.0,-19.0
0.0,-257.0,-36.0,-6.0,41.0,-16.0
2.0,-259.0,-32.0,-23.0,47.0,-12.0
2.0,-257.0,-33.0,-39.0,52.0,-7.0
0.0,-258.0,-37.0,-51.0,52.0,-4.0
5.0,-261.0,-32.0,-61.0,54.0,-2.0
5.0,-260.0,-34.0,-67.0,55.0,0.0
5.0,-263.0,-28.0,-69.0,55.0,2.0
3.0,-263.0,-28.0,-68.0,55.0,1.0
2.0,-267.0,-35.0,-64.0,57.0,1.0
-1.0,-260.0,-30.0,-59.0,60.0,1.0
1.0,-264.0,-30.0,-52.0,64.0,0.0
-2.0,-263.0,-30.0,-45.0,65.0,-3.0
-2.0,-264.0,-31.0,-33.0,70.0,-6.0
-5.0,-262.0,-30.0,-24.0,73.0,-11.0
-3.0,-262.0,-27.0,-14.0,78.0,-14.0
-5.0,-263.0,-32.0,-7.0,83.0,-16.0
-6.0,-266.0,-25.0,-5.0,89.0,-20.0
-3.0,-264.0,-22.0,-2.0,91.0,-24.0
-7.0,-260.0,-33.0,-3.0,95.0,-25.0
-10.0,-262.0,-27.0,-6.0,94.0,-26.0
-7.0,-261.0,-24.0,-10.0,97.0,-28.0
-9.0,-262.0,-21.0,-16.0,97.0,-29.0
-9.0,-258.0,-21.0,-20.0,98.0,-29.0
-11.0,-259.0,-23.0,-25.0,98.0,-28.0
-6.0,-259.0,-23.0,-30.0,96.0,-26.0
-3.0,-259.0,-23.0,-33.0,96.0,-24.0
-6.0,-258.0,-23.0,-35.0,94.0,-22.0
-5.0,-261.0,-25.0,-36.0,93.0,-21.0
-6.0,-262.0,-23.0,-35.0,90.0,-17.0
-4.0,-259.0,-25.0,-33.0,86.0,-15.0
-5.0,-258.0,-29.0,-30.0,83.0,-14.0
-5.0,-260.0,-26.0,-27.0,79.0,-13.0
-2.0,-262.0,-25.0,-24.0,76.0,-12.0
-6.0,-258.0,-25.0,-24.0,73.0,-11.0
-4.0,-260.0,-28.0,-25.0,69.0,-9.0
-2.0,-258.0,-31.0,-28.0,68.0,-10.0
-4.0,-260.0,-28.0,-30.0,66.0,-10.0
-3.0,-259.0,-29.0,-36.0,64.0,-11.0
-5.0,-259.0,-31.0,-38.0,61.0,-11.0
-4.0,-260.0,-28.0,-40.0,60.0,-8.0
-2.0,-258.0,-24.0,-41.0,59.0,-9.0
-7.0,-259.0,-25.0,-45.0,58.0,-10.0
-6.0,-259.0,-26.0,-46.0,57.0,-8.0
-4.0,-259.0,-28.0,-48.0,57.0,-9.0
-8.0,-259.0,-27.0,-51.0,57.0,-8.0
-6.0,-261.0,-26.0,-54.0,55.0,-7.0
-5.0,-261.0,-28.0,-61.0,54.0,-7.0
-5.0,-262.0,-28.0,-66.0,55.0,-7.0
-5.0,-259.0,-24.0,-73.0,56.0,-9.0
-7.0,-262.0,-23.0,-76.0,54.0,-10.0
-4.0,-261.0,-26.0,-75.0,54.0,-10.0
-3.0,-263.0,-25.0,-72.0,52.0,-10.0
-7.0,-264.0,-23.0,-68.0,50.0,-11.0
-6.0,-267.0,-24.0,-62.0,48.0,-12.0
-4.0,-266.0,-22.0,-54.0,43.0,-12.0
-5.0,-263.0,-29.0,-45.0,37.0,-12.0
-6.0,-265.0,-24.0,-37.0,33.0,-11.0
-4.0,-268.0,-29.0,-32.0,27.0,-9.0
-4.0,-264.0,-27.0,-28.0,21.0,-10.0
-5.0,-264.0,-30.0,-25.0,17.0,-10.0
-11.0,-262.0,-31.0,-24.0,13.0,-9.0
0.0,-263.0,-26.0,-23.0,11.0,-9.0
