0.0,-256.0,-56.0,-135.0,53.0,-112.0
0.0,-255.0,-55.0,-122.0,62.0,-109.0
3.0,-257.0,-62.0,-112.0,72.0,-106.0
7.0,-256.0,-59.0,-102.0,81.0,-105.0
6.0,-254.0,-58.0,-98.0,87.0,-109.0
4.0,-254.0,-60.0,-98.0,97.0,-115.0
2.0,-252.0,-58.0,-97.0,102.0,-120.0
4.0,-250.0,-62.0,-89.0,103.0,-130.0
-11.0,-251.0,-51.0,-82.0,98.0,-142.0
0.0,-250.0,-60.0,-67.0,89.0,-150.0
-1.0,-247.0,-64.0,-50.0,84.0,-160.0
-5.0,-244.0,-63.0,-35.0,83.0,-167.0
-8.0,-240.0,-67.0,-25.0,84.0,-172.0
-8.0,-236.0,-68.0,-23.0,85.0,-177.0
-10.0,-233.0,-67.0,-32.0,87.0,-184.0
-5.0,-237.0,-65.0,-52.0,92.0,-191.0
-3.0,-237.0,-61.0,-74.0,103.0,-201.0
-2.0,-232.0,-64.0,-93.0,120.0,-211.0
-3.0,-235.0,-63.0,-100.0,137.0,-222.0
3.0,-238.0,-70.0,-106.0,158.0,-227.0
5.0,-243.0,-66.0,-114.0,177.0,-237.0
7.0,-203.0,-81.0,-129.0,201.0,-242.0
2.0,-215.0,-100.0,-149.0,228.0,-247.0
24.0,-240.0,-75.0,-174.0,250.0,-251.0
15.0,-234.0,-66.0,-202.0,269.0,-253.0
32.0,-225.0,-86.0,-235.0,290.0,-253.0
38.0,-225.0,-75.0,-269.0,317.0,-250.0
40.0,-228.0,-64.0,-290.0,341.0,-244.0
63.0,-233.0,-81.0,-301.0,361.0,-235.0
64.0,-270.0,-58.0,-299.0,380.0,-224.0
41.0,-244.0,-54.0,-291.0,390.0,-213.0
65.0,-230.0,-86.0,-275.0,398.0,-197.0
70.0,-250.0,-50.0,-257.0,395.0,-178.0
60.0,-232.0,-65.0,-236.0,381.0,-156.0
61.0,-254.0,-36.0,-209.0,362.0,-132.0
54.0,-255.0,-42.0,-185.0,344.0,-103.0
53.0,-277.0,-42.0,-164.0,331.0,-78.0
42.0,-267.0,-29.0,-131.0,316.0,-49.0
37.0,-271.0,-32.0,-93.0,303.0,-27.0
34.0,-273.0,-32.0,-61.0,274.0,-6.0
37.0,-285.0,-34.0,-38.0,241.0,-2.0
25.0,-293.0,-29.0,-29.0,205.0,2.0
17.0,-279.0,-22.0,-25.0,166.0,-4.0
10.0,-278.0,-24.0,-32.0,124.0,-4.0
13.0,-277.0,-23.0,-52.0,93.0,-5.0
8.0,-275.0,-24.0,-80.0,75.0,-11.0
2.0,-259.0,-32.0,-104.0,69.0,-26.0
15.0,-269.0,-24.0,-119.0,61.0,-52.0
20.0,-264.0,-16.0,-136.0,58.0,-79.0
18.0,-269.0,-22.0,-143.0,58.0,-112.0
26.0,-268.0,-19.0,-154.0,61.0,-149.0
37.0,-273.0,-13.0,-158.0,67.0,-180.0
31.0,-257.0,-15.0,-137.0,80.0,-204.0
27.0,-266.0,-29.0,-109.0,90.0,-220.0
31.0,-263.0,-35.0,-114.0,99.0,-234.0
33.0,-261.0,-32.0,-123.0,108.0,-241.0
34.0,-257.0,-36.0,-128.0,121.0,-247.0
43.0,-256.0,-42.0,-136.0,133.0,-248.0
45.0,-251.0,-36.0,-145.0,144.0,-244.0
41.0,-252.0,-43.0,-147.0,151.0,-223.0
45.0,-250.0,-40.0,-183.0,153.0,-213.0
45.0,-244.0,-48.0,-214.0,156.0,-206.0
33.0,-245.0,-27.0,-221.0,155.0,-195.0
36.0,-233.0,-39.0,-206.0,144.0,-183.0
35.0,-228.0,-41.0,-186.0,130.0,-164.0
28.0,-225.0,-38.0,-179.0,117.0,-149.0
28.0,-224.0,-39.0,-186.0,109.0,-138.0
26.0,-221.0,-38.0,-193.0,104.0,-135.0
24.0,-215.0,-36.0,-187.0,106.0,-141.0
24.0,-211.0,-36.0,-175.0,107.0,-142.0
18.0,-208.0,-45.0,-166.0,107.0,-145.0
15.0,-212.0,-42.0,-179.0,102.0,-140.0
12.0,-213.0,-41.0,-196.0,96.0,-134.0
13.0,-210.0,-64.0,-213.0,85.0,-122.0
12.0,-222.0,-44.0,-229.0,73.0,-109.0
13.0,-218.0,-47.0,-240.0,63.0,-92.0
13.0,-223.0,-49.0,-242.0,55.0,-70.0
15.0,-222.0,-47.0,-235.0,53.0,-57.0
21.0,-223.0,-45.0,-222.0,56.0,-50.0
23.0,-223.0,-47.0,-208.0,63.0,-48.0
25.0,-221.0,-45.0,-186.0,76.0,-54.0
30.0,-222.0,-42.0,-156.0,86.0,-54.0
35.0,-218.0,-35.0,-127.0,98.0,-57.0
37.0,-220.0,-35.0,-102.0,108.0,-56.0
40.0,-229.0,-24.0,-77.0,119.0,-56.0
40.0,-225.0,-34.0,-52.0,129.0,-57.0
34.0,-226.0,-37.0,-36.0,133.0,-63.0
37.0,-225.0,-38.0,-25.0,132.0,-64.0
31.0,-232.0,-36.0,-22.0,126.0,-66.0
31.0,-229.0,-43.0,-14.0,115.0,-65.0
28.0,-231.0,-37.0,-1.0,101.0,-74.0
29.0,-230.0,-40.0,9.0,85.0,-87.0
27.0,-238.0,-36.0,7.0,73.0,-80.0
21.0,-241.0,-35.0,-9.0,67.0,-68.0
25.0,-253.0,-36.0,-34.0,60.0,-63.0
25.0,-255.0,-34.0,-68.0,48.0,-60.0
30.0,-263.0,-25.0,-105.0,33.0,-62.0
31.0,-269.0,-27.0,-135.0,18.0,-64.0
31.0,-271.0,-18.0,-162.0,4.0,-78.0
30.0,-278.0,-18.0,-188.0,-18.0,-82.0
34.0,-281.0,-20.0,-220.0,-41.0,-90.0
34.0,-288.0,-22.0,-282.0,-66.0,-102.0
39.0,-291.0,-26.0,-346.0,-79.0,-120.0
37.0,-299.0,-19.0,-414.0,-81.0,-138.0
47.0,-311.0,-16.0,-468.0,-82.0,-149.0
39.0,-317.0,-8.0,-497.0,-77.0,-158.0
57.0,-343.0,-3.0,-505.0,-62.0,-179.0
64.0,-360.0,5.0,-500.0,-44.0,-201.0
71.0,-377.0,17.0,-493.0,-29.0,-230.0
79.0,-391.0,19.0,-494.0,-11.0,-259.0
92.0,-398.0,27.0,-497.0,8.0,-301.0
104.0,-397.0,27.0,-496.0,44.0,-324.0
117.0,-403.0,32.0,-494.0,91.0,-353.0
126.0,-402.0,32.0,-496.0,157.0,-393.0
132.0,-402.0,34.0,-499.0,239.0,-438.0
138.0,-397.0,34.0,-496.0,321.0,-479.0
133.0,-390.0,22.0,-489.0,394.0,-518.0
141.0,-393.0,20.0,-495.0,452.0,-551.0
141.0,-388.0,7.0,-512.0,492.0,-577.0
136.0,-386.0,0.0,-534.0,510.0,-577.0
133.0,-392.0,-17.0,-554.0,511.0,-556.0
117.0,-395.0,-36.0,-565.0,494.0,-503.0
111.0,-392.0,-65.0,-546.0,459.0,-417.0
105.0,-379.0,-107.0,-509.0,407.0,-297.0
101.0,-358.0,-160.0,-490.0,349.0,-151.0
93.0,-335.0,-210.0,-519.0,290.0,22.0
89.0,-317.0,-242.0,-600.0,238.0,198.0
85.0,-313.0,-262.0,-702.0,190.0,368.0
92.0,-316.0,-267.0,-783.0,150.0,521.0
52.0,-339.0,-281.0,-820.0,113.0,649.0
84.0,-339.0,-297.0,-796.0,69.0,742.0
85.0,-342.0,-300.0,-712.0,31.0,799.0
90.0,-333.0,-304.0,-540.0,40.0,798.0
96.0,-320.0,-303.0,-372.0,104.0,767.0
97.0,-304.0,-286.0,-213.0,217.0,710.0
85.0,-288.0,-266.0,-77.0,356.0,642.0
80.0,-282.0,-255.0,26.0,497.0,578.0
75.0,-272.0,-241.0,99.0,618.0,521.0
49.0,-271.0,-191.0,149.0,707.0,465.0
2.0,-271.0,-157.0,201.0,737.0,384.0
-44.0,-268.0,-126.0,235.0,703.0,345.0
-55.0,-268.0,-96.0,266.0,578.0,390.0
-70.0,-263.0,-71.0,334.0,450.0,432.0
-81.0,-258.0,-64.0,412.0,354.0,468.0
-92.0,-257.0,-56.0,496.0,308.0,521.0
-96.0,-257.0,-57.0,556.0,299.0,587.0
-108.0,-256.0,-60.0,559.0,304.0,641.0
-113.0,-256.0,-63.0,514.0,282.0,684.0
-109.0,-268.0,-67.0,431.0,220.0,713.0
-115.0,-270.0,-78.0,303.0,128.0,740.0
-106.0,-296.0,-77.0,152.0,10.0,772.0
-102.0,-310.0,-67.0,-9.0,-183.0,795.0
-107.0,-334.0,-57.0,-180.0,-379.0,800.0
-101.0,-366.0,-44.0,-290.0,-605.0,815.0
-89.0,-396.0,-35.0,-366.0,-842.0,825.0
-79.0,-430.0,-30.0,-415.0,-1043.0,833.0
-83.0,-463.0,-27.0,-459.0,-1186.0,841.0
-79.0,-498.0,-37.0,-498.0,-1284.0,849.0
-80.0,-507.0,-40.0,-513.0,-1362.0,840.0
-79.0,-517.0,-57.0,-489.0,-1409.0,829.0
-74.0,-519.0,-85.0,-468.0,-1428.0,820.0
-66.0,-539.0,-98.0,-474.0,-1423.0,823.0
-68.0,-528.0,-113.0,-507.0,-1403.0,832.0
-77.0,-522.0,-100.0,-522.0,-1389.0,866.0
-74.0,-521.0,-94.0,-490.0,-1392.0,900.0
-55.0,-512.0,-88.0,-428.0,-1421.0,933.0
-41.0,-488.0,-82.0,-340.0,-1441.0,984.0
-32.0,-460.0,-96.0,-232.0,-1412.0,1047.0
-17.0,-419.0,-119.0,-143.0,-1353.0,1096.0
-9.0,-360.0,-129.0,-134.0,-1285.0,1114.0
-1.0,-300.0,-171.0,-195.0,-1243.0,1100.0
19.0,-244.0,-176.0,-287.0,-1226.0,1018.0
51.0,-201.0,-168.0,-392.0,-1185.0,896.0
80.0,-167.0,-152.0,-474.0,-1094.0,737.0
94.0,-134.0,-139.0,-522.0,-940.0,523.0
107.0,-97.0,-124.0,-506.0,-718.0,298.0
113.0,-66.0,-100.0,-404.0,-431.0,97.0
121.0,-45.0,-71.0,-223.0,-98.0,-97.0
116.0,-31.0,-44.0,-11.0,242.0,-295.0
103.0,-12.0,-11.0,214.0,543.0,-470.0
83.0,-10.0,37.0,449.0,763.0,-600.0
59.0,2.0,65.0,710.0,881.0,-659.0
40.0,11.0,83.0,1041.0,898.0,-654.0
18.0,24.0,92.0,1300.0,848.0,-600.0
-6.0,38.0,98.0,1503.0,773.0,-520.0
-24.0,60.0,101.0,1640.0,706.0,-421.0
-40.0,72.0,100.0,1702.0,663.0,-320.0
-50.0,93.0,90.0,1691.0,638.0,-236.0
-56.0,120.0,69.0,1617.0,648.0,-167.0
-72.0,146.0,30.0,1475.0,678.0,-118.0
-64.0,186.0,6.0,1265.0,709.0,-86.0
-77.0,217.0,-41.0,989.0,722.0,-69.0
-92.0,248.0,-99.0,583.0,750.0,-65.0
-110.0,238.0,-177.0,175.0,787.0,-51.0
-122.0,197.0,-269.0,-297.0,783.0,-23.0
-105.0,123.0,-329.0,-804.0,703.0,23.0
-54.0,-3.0,-320.0,-1258.0,618.0,49.0
-19.0,-126.0,-262.0,-1517.0,630.0,15.0
11.0,-316.0,-148.0,-1495.0,766.0,-88.0
34.0,-486.0,-40.0,-1138.0,935.0,-224.0
51.0,-618.0,9.0,-484.0,1040.0,-348.0
59.0,-700.0,19.0,236.0,1025.0,-478.0
90.0,-714.0,-40.0,825.0,880.0,-558.0
113.0,-710.0,-72.0,898.0,761.0,-612.0
125.0,-702.0,-76.0,612.0,725.0,-691.0
131.0,-699.0,-70.0,125.0,781.0,-766.0
131.0,-703.0,-84.0,-395.0,921.0,-812.0
118.0,-717.0,-116.0,-832.0,1125.0,-853.0
110.0,-718.0,-126.0,-1105.0,1349.0,-931.0
89.0,-724.0,-128.0,-1101.0,1547.0,-1026.0
74.0,-699.0,-134.0,-859.0,1667.0,-1113.0
52.0,-666.0,-134.0,-505.0,1686.0,-1173.0
24.0,-606.0,-119.0,-108.0,1602.0,-1225.0
7.0,-554.0,-107.0,330.0,1456.0,-1248.0
-9.0,-482.0,-88.0,579.0,1245.0,-1235.0
-9.0,-406.0,-66.0,723.0,995.0,-1172.0
19.0,-341.0,-60.0,788.0,742.0,-1036.0
43.0,-279.0,-68.0,780.0,510.0,-878.0
66.0,-217.0,-90.0,701.0,295.0,-723.0
57.0,-143.0,-98.0,548.0,70.0,-567.0
50.0,-105.0,-97.0,386.0,-143.0,-378.0
27.0,-54.0,-93.0,247.0,-335.0,-144.0
-9.0,-28.0,-88.0,146.0,-611.0,190.0
-48.0,26.0,-90.0,84.0,-865.0,501.0
-51.0,66.0,-96.0,98.0,-1072.0,788.0
-75.0,106.0,-80.0,147.0,-1207.0,1041.0
-81.0,129.0,-65.0,222.0,-1289.0,1224.0
-82.0,144.0,-39.0,315.0,-1334.0,1311.0
-79.0,151.0,-19.0,411.0,-1342.0,1293.0
-54.0,157.0,15.0,499.0,-1294.0,1179.0
-22.0,157.0,57.0,585.0,-1178.0,975.0
31.0,169.0,76.0,653.0,-978.0,715.0
81.0,177.0,92.0,669.0,-665.0,389.0
112.0,191.0,73.0,576.0,-392.0,148.0
94.0,204.0,28.0,342.0,-134.0,-42.0
73.0,219.0,-41.0,-26.0,88.0,-140.0
63.0,218.0,-99.0,-503.0,253.0,-184.0
52.0,196.0,-177.0,-1025.0,339.0,-210.0
48.0,139.0,-252.0,-1508.0,335.0,-239.0
36.0,36.0,-304.0,-1871.0,234.0,-270.0
-14.0,-99.0,-313.0,-2075.0,64.0,-315.0
-52.0,-264.0,-256.0,-2116.0,-192.0,-322.0
-69.0,-414.0,-190.0,-1882.0,-496.0,-279.0
-59.0,-489.0,-173.0,-1226.0,-698.0,-209.0
-51.0,-563.0,-187.0,-634.0,-669.0,-173.0
-79.0,-622.0,-189.0,-258.0,-546.0,-145.0
-124.0,-689.0,-146.0,-194.0,-495.0,-113.0
-171.0,-744.0,-85.0,-303.0,-600.0,-80.0
-206.0,-787.0,-59.0,-454.0,-794.0,6.0
-226.0,-803.0,-81.0,-604.0,-999.0,157.0
-220.0,-788.0,-139.0,-755.0,-1225.0,313.0
-198.0,-765.0,-188.0,-883.0,-1526.0,434.0
-141.0,-743.0,-227.0,-897.0,-1823.0,538.0
-94.0,-731.0,-242.0,-723.0,-2032.0,574.0
-72.0,-700.0,-224.0,-443.0,-2079.0,570.0
-47.0,-645.0,-208.0,-40.0,-2059.0,565.0
-55.0,-596.0,-169.0,413.0,-2011.0,555.0
-61.0,-527.0,-149.0,802.0,-1949.0,554.0
-78.0,-443.0,-125.0,1018.0,-1883.0,573.0
-74.0,-374.0,-121.0,1022.0,-1820.0,636.0
-50.0,-297.0,-128.0,838.0,-1764.0,701.0
-20.0,-218.0,-143.0,523.0,-1691.0,730.0
10.0,-158.0,-151.0,178.0,-1594.0,718.0
50.0,-115.0,-165.0,-142.0,-1442.0,683.0
88.0,-88.0,-170.0,-305.0,-1266.0,626.0
128.0,-60.0,-158.0,-358.0,-1031.0,529.0
160.0,-32.0,-159.0,-287.0,-741.0,387.0
178.0,-3.0,-160.0,-138.0,-401.0,221.0
191.0,22.0,-157.0,39.0,-33.0,10.0
189.0,45.0,-142.0,207.0,328.0,-218.0
207.0,47.0,-126.0,341.0,636.0,-444.0
194.0,36.0,-96.0,453.0,883.0,-687.0
179.0,21.0,-65.0,589.0,1072.0,-896.0
165.0,-1.0,-30.0,805.0,1237.0,-974.0
146.0,-23.0,-4.0,1002.0,1335.0,-998.0
100.0,-36.0,5.0,1211.0,1407.0,-988.0
32.0,-18.0,-2.0,1413.0,1460.0,-944.0
-29.0,-15.0,19.0,1601.0,1470.0,-861.0
-88.0,22.0,10.0,1764.0,1415.0,-760.0
-126.0,66.0,-1.0,1845.0,1323.0,-618.0
-150.0,106.0,-33.0,1827.0,1247.0,-445.0
-161.0,133.0,-74.0,1669.0,1212.0,-246.0
-174.0,142.0,-106.0,1348.0,1202.0,-19.0
-185.0,125.0,-141.0,814.0,1149.0,148.0
-167.0,76.0,-159.0,353.0,1005.0,284.0
-120.0,-6.0,-171.0,-43.0,792.0,365.0
-77.0,-118.0,-133.0,-317.0,633.0,381.0
-54.0,-236.0,-108.0,-386.0,623.0,370.0
-23.0,-353.0,-80.0,-220.0,703.0,335.0
-10.0,-447.0,-92.0,79.0,784.0,286.0
10.0,-505.0,-104.0,371.0,833.0,204.0
47.0,-575.0,-95.0,569.0,870.0,82.0
87.0,-619.0,-70.0,666.0,940.0,-120.0
125.0,-642.0,-41.0,621.0,1075.0,-318.0
172.0,-668.0,-4.0,459.0,1199.0,-554.0
204.0,-686.0,-12.0,252.0,1332.0,-821.0
207.0,-697.0,-72.0,10.0,1527.0,-1071.0
202.0,-698.0,-130.0,-302.0,1782.0,-1245.0
184.0,-696.0,-166.0,-604.0,2072.0,-1341.0
163.0,-709.0,-165.0,-765.0,2351.0,-1370.0
153.0,-725.0,-132.0,-702.0,2533.0,-1353.0
131.0,-705.0,-115.0,-440.0,2571.0,-1299.0
105.0,-669.0,-105.0,-117.0,2480.0,-1232.0
80.0,-617.0,-112.0,228.0,2234.0,-1132.0
37.0,-536.0,-113.0,427.0,1969.0,-1053.0
19.0,-472.0,-117.0,552.0,1721.0,-927.0
9.0,-401.0,-102.0,597.0,1513.0,-792.0
-17.0,-327.0,-96.0,623.0,1367.0,-667.0
-54.0,-257.0,-87.0,577.0,1253.0,-539.0
-58.0,-187.0,-89.0,471.0,1106.0,-405.0
-67.0,-123.0,-96.0,354.0,882.0,-266.0
-81.0,-48.0,-91.0,243.0,577.0,-103.0
-101.0,9.0,-83.0,156.0,241.0,79.0
-115.0,44.0,-78.0,79.0,-173.0,364.0
-138.0,85.0,-63.0,-7.0,-508.0,643.0
-149.0,114.0,-50.0,-36.0,-788.0,938.0
-171.0,120.0,-34.0,-5.0,-994.0,1202.0
-188.0,129.0,-19.0,94.0,-1144.0,1412.0
-189.0,125.0,-17.0,220.0,-1268.0,1552.0
-172.0,124.0,-25.0,325.0,-1375.0,1618.0
-141.0,105.0,-15.0,399.0,-1467.0,1577.0
-89.0,91.0,-22.0,447.0,-1538.0,1429.0
-25.0,85.0,-26.0,487.0,-1553.0,1211.0
38.0,85.0,-35.0,518.0,-1467.0,905.0
99.0,97.0,-33.0,517.0,-1310.0,620.0
142.0,129.0,-33.0,489.0,-1097.0,350.0
166.0,150.0,-35.0,447.0,-863.0,137.0
174.0,169.0,-53.0,370.0,-650.0,6.0
170.0,169.0,-77.0,213.0,-481.0,-79.0
186.0,147.0,-122.0,-65.0,-332.0,-140.0
170.0,86.0,-167.0,-453.0,-194.0,-214.0
131.0,5.0,-194.0,-916.0,-103.0,-305.0
62.0,-93.0,-183.0,-1352.0,-107.0,-377.0
5.0,-223.0,-143.0,-1598.0,-243.0,-336.0
-22.0,-360.0,-127.0,-1500.0,-394.0,-186.0
-13.0,-478.0,-140.0,-1154.0,-467.0,-7.0
-15.0,-545.0,-156.0,-747.0,-429.0,87.0
-34.0,-625.0,-143.0,-429.0,-327.0,104.0
-84.0,-688.0,-113.0,-270.0,-294.0,102.0
-104.0,-727.0,-68.0,-168.0,-373.0,117.0
-108.0,-718.0,-29.0,-45.0,-500.0,126.0
-147.0,-727.0,-13.0,96.0,-608.0,168.0
-187.0,-728.0,-34.0,186.0,-719.0,266.0
-215.0,-729.0,-80.0,166.0,-884.0,431.0
-225.0,-722.0,-115.0,4.0,-1169.0,559.0
-206.0,-720.0,-144.0,-145.0,-1441.0,650.0
-183.0,-712.0,-152.0,-198.0,-1665.0,674.0
-153.0,-688.0,-144.0,-76.0,-1805.0,687.0
-121.0,-653.0,-130.0,223.0,-1863.0,709.0
-87.0,-598.0,-106.0,579.0,-1853.0,748.0
-57.0,-529.0,-89.0,910.0,-1785.0,768.0
-39.0,-480.0,-84.0,1131.0,-1665.0,761.0
12.0,-401.0,-102.0,1212.0,-1490.0,717.0
46.0,-318.0,-114.0,1148.0,-1273.0,629.0
79.0,-252.0,-114.0,918.0,-1031.0,557.0
110.0,-189.0,-91.0,659.0,-913.0,479.0
133.0,-135.0,-78.0,440.0,-853.0,417.0
148.0,-83.0,-84.0,295.0,-768.0,328.0
153.0,-32.0,-98.0,206.0,-594.0,206.0
146.0,2.0,-109.0,139.0,-339.0,79.0
113.0,48.0,-111.0,85.0,-71.0,-62.0
93.0,95.0,-128.0,44.0,197.0,-197.0
74.0,131.0,-114.0,13.0,472.0,-338.0
64.0,148.0,-94.0,-20.0,717.0,-524.0
59.0,148.0,-71.0,-92.0,936.0,-680.0
63.0,146.0,-46.0,-182.0,1059.0,-813.0
61.0,135.0,-25.0,-275.0,1131.0,-928.0
63.0,122.0,-18.0,-342.0,1162.0,-1014.0
49.0,101.0,-13.0,-372.0,1157.0,-1074.0
30.0,78.0,-11.0,-351.0,1124.0,-1081.0
3.0,61.0,-7.0,-268.0,1072.0,-1015.0
-22.0,57.0,3.0,-122.0,1011.0,-859.0
-52.0,36.0,8.0,54.0,936.0,-648.0
-58.0,25.0,14.0,217.0,843.0,-426.0
-65.0,22.0,15.0,352.0,721.0,-207.0
-66.0,25.0,4.0,444.0,629.0,-56.0
-64.0,23.0,-13.0,459.0,553.0,49.0
-64.0,14.0,-33.0,410.0,484.0,128.0
-64.0,4.0,-47.0,311.0,402.0,179.0
-62.0,-23.0,-71.0,184.0,293.0,223.0
-43.0,-65.0,-103.0,62.0,162.0,257.0
-7.0,-123.0,-135.0,-45.0,41.0,277.0
25.0,-165.0,-158.0,-130.0,0.0,248.0
53.0,-234.0,-172.0,-177.0,92.0,184.0
41.0,-314.0,-168.0,-161.0,307.0,102.0
29.0,-396.0,-142.0,-3.0,435.0,60.0
6.0,-467.0,-120.0,235.0,440.0,11.0
-6.0,-519.0,-80.0,497.0,360.0,-39.0
-10.0,-556.0,-47.0,728.0,283.0,-89.0
-4.0,-580.0,-12.0,890.0,275.0,-118.0
7.0,-592.0,13.0,914.0,349.0,-130.0
39.0,-622.0,43.0,801.0,470.0,-170.0
71.0,-639.0,43.0,587.0,626.0,-293.0
97.0,-665.0,4.0,311.0,824.0,-496.0
103.0,-674.0,-19.0,-35.0,1075.0,-802.0
108.0,-683.0,-50.0,-439.0,1262.0,-1027.0
114.0,-696.0,-63.0,-676.0,1412.0,-1191.0
106.0,-695.0,-59.0,-766.0,1499.0,-1281.0
106.0,-688.0,-52.0,-688.0,1514.0,-1305.0
93.0,-668.0,-42.0,-463.0,1438.0,-1271.0
88.0,-635.0,-40.0,-199.0,1320.0,-1230.0
89.0,-581.0,-31.0,39.0,1210.0,-1181.0
84.0,-527.0,-44.0,231.0,1138.0,-1123.0
76.0,-455.0,-42.0,351.0,1107.0,-1052.0
50.0,-391.0,-43.0,441.0,1087.0,-956.0
51.0,-342.0,-46.0,499.0,1041.0,-888.0
48.0,-290.0,-56.0,496.0,960.0,-847.0
31.0,-232.0,-64.0,458.0,825.0,-810.0
18.0,-176.0,-72.0,390.0,637.0,-737.0
10.0,-124.0,-88.0,301.0,421.0,-618.0
-1.0,-74.0,-94.0,185.0,219.0,-463.0
-6.0,-45.0,-111.0,77.0,53.0,-255.0
-23.0,-11.0,-113.0,-20.0,-68.0,-8.0
-40.0,8.0,-109.0,-75.0,-147.0,276.0
-55.0,24.0,-89.0,-56.0,-203.0,629.0
-62.0,24.0,-107.0,41.0,-268.0,892.0
-76.0,28.0,-83.0,152.0,-309.0,1085.0
-80.0,33.0,-84.0,262.0,-345.0,1214.0
-80.0,39.0,-94.0,326.0,-392.0,1281.0
-72.0,46.0,-101.0,354.0,-432.0,1282.0
-64.0,50.0,-106.0,363.0,-451.0,1227.0
-57.0,54.0,-98.0,364.0,-439.0,1151.0
-47.0,58.0,-83.0,388.0,-402.0,1043.0
-40.0,60.0,-61.0,452.0,-345.0,900.0
-31.0,66.0,-38.0,556.0,-269.0,695.0
-6.0,88.0,-30.0,653.0,-157.0,547.0
10.0,98.0,-17.0,667.0,-37.0,418.0
38.0,102.0,-5.0,617.0,97.0,312.0
48.0,103.0,0.0,507.0,224.0,216.0
46.0,101.0,3.0,365.0,329.0,131.0
26.0,96.0,-8.0,198.0,394.0,52.0
0.0,81.0,-22.0,6.0,406.0,-10.0
-22.0,60.0,-43.0,-187.0,363.0,-59.0
-33.0,24.0,-75.0,-374.0,279.0,-74.0
-22.0,-22.0,-122.0,-557.0,190.0,-106.0
-16.0,-73.0,-164.0,-803.0,119.0,-172.0
-16.0,-115.0,-184.0,-1067.0,99.0,-253.0
-35.0,-169.0,-196.0,-1381.0,98.0,-291.0
-27.0,-262.0,-182.0,-1668.0,94.0,-267.0
-22.0,-370.0,-142.0,-1790.0,100.0,-208.0
-21.0,-482.0,-93.0,-1653.0,122.0,-162.0
-22.0,-564.0,-67.0,-1319.0,114.0,-114.0
-4.0,-622.0,-55.0,-943.0,51.0,-45.0
18.0,-659.0,-33.0,-616.0,-33.0,35.0
4.0,-681.0,-17.0,-398.0,-84.0,111.0
-38.0,-699.0,-10.0,-312.0,-160.0,228.0
-86.0,-725.0,-27.0,-370.0,-309.0,370.0
-117.0,-769.0,-48.0,-535.0,-526.0,544.0
-146.0,-793.0,-70.0,-727.0,-781.0,718.0
-163.0,-820.0,-93.0,-835.0,-1038.0,890.0
-174.0,-834.0,-81.0,-804.0,-1265.0,1023.0
-181.0,-830.0,-69.0,-601.0,-1448.0,1110.0
-186.0,-796.0,-55.0,-250.0,-1570.0,1122.0
-172.0,-739.0,-55.0,145.0,-1643.0,1106.0
-153.0,-645.0,-55.0,483.0,-1671.0,1083.0
-132.0,-561.0,-71.0,700.0,-1654.0,1065.0
-98.0,-468.0,-81.0,750.0,-1610.0,1045.0
-63.0,-397.0,-101.0,664.0,-1551.0,1007.0
-16.0,-349.0,-118.0,493.0,-1466.0,931.0
23.0,-299.0,-130.0,276.0,-1369.0,823.0
70.0,-251.0,-124.0,63.0,-1301.0,682.0
106.0,-215.0,-113.0,-96.0,-1263.0,518.0
127.0,-182.0,-108.0,-182.0,-1199.0,334.0
150.0,-140.0,-123.0,-174.0,-1055.0,146.0
155.0,-95.0,-129.0,-121.0,-827.0,-51.0
147.0,-55.0,-141.0,-20.0,-494.0,-256.0
140.0,-8.0,-140.0,113.0,-215.0,-394.0
138.0,11.0,-144.0,221.0,60.0,-498.0
136.0,40.0,-137.0,292.0,300.0,-597.0
126.0,68.0,-133.0,322.0,461.0,-681.0
106.0,66.0,-97.0,335.0,541.0,-750.0
88.0,68.0,-72.0,342.0,553.0,-785.0
69.0,66.0,-51.0,356.0,536.0,-801.0
55.0,60.0,-31.0,379.0,525.0,-803.0
36.0,68.0,-21.0,413.0,532.0,-797.0
13.0,73.0,-12.0,467.0,572.0,-765.0
-16.0,69.0,0.0,527.0,609.0,-696.0
-32.0,64.0,11.0,596.0,611.0,-580.0
-56.0,72.0,12.0,700.0,564.0,-465.0
-58.0,73.0,14.0,827.0,466.0,-359.0
-83.0,96.0,0.0,926.0,326.0,-283.0
-92.0,103.0,-24.0,937.0,181.0,-227.0
-102.0,109.0,-42.0,818.0,65.0,-183.0
-117.0,92.0,-67.0,565.0,-5.0,-124.0
-128.0,54.0,-95.0,224.0,-40.0,-78.0
-141.0,2.0,-116.0,-176.0,-69.0,-32.0
-138.0,-77.0,-116.0,-676.0,-124.0,4.0
-112.0,-181.0,-94.0,-1024.0,-163.0,18.0
-82.0,-300.0,-62.0,-1233.0,-140.0,1.0
-63.0,-419.0,-12.0,-1246.0,-81.0,-45.0
-57.0,-507.0,27.0,-1057.0,-84.0,-124.0
-27.0,-602.0,26.0,-719.0,-222.0,-233.0
5.0,-649.0,4.0,-330.0,-465.0,-384.0
27.0,-661.0,-25.0,-38.0,-701.0,-523.0
66.0,-664.0,-41.0,64.0,-808.0,-605.0
134.0,-670.0,-39.0,8.0,-727.0,-681.0
174.0,-684.0,-44.0,-187.0,-405.0,-799.0
203.0,-698.0,-57.0,-375.0,-5.0,-896.0
215.0,-711.0,-66.0,-475.0,414.0,-972.0
222.0,-721.0,-95.0,-451.0,762.0,-1022.0
219.0,-722.0,-99.0,-348.0,998.0,-1041.0
219.0,-716.0,-74.0,-162.0,1116.0,-1017.0
201.0,-679.0,-76.0,102.0,1127.0,-977.0
197.0,-634.0,-57.0,350.0,1097.0,-924.0
179.0,-568.0,-45.0,566.0,1077.0,-855.0
173.0,-522.0,-43.0,726.0,1105.0,-778.0
145.0,-446.0,-51.0,771.0,1194.0,-748.0
119.0,-383.0,-69.0,715.0,1271.0,-711.0
91.0,-322.0,-81.0,621.0,1325.0,-668.0
62.0,-273.0,-100.0,558.0,1335.0,-625.0
28.0,-217.0,-107.0,531.0,1306.0,-584.0
-4.0,-171.0,-111.0,561.0,1252.0,-533.0
-56.0,-138.0,-106.0,638.0,1175.0,-475.0
-76.0,-114.0,-112.0,712.0,1068.0,-409.0
-93.0,-88.0,-115.0,758.0,938.0,-317.0
-100.0,-66.0,-110.0,760.0,795.0,-146.0
-93.0,-45.0,-112.0,702.0,615.0,8.0
-90.0,-18.0,-118.0,606.0,470.0,178.0
-92.0,3.0,-112.0,482.0,338.0,380.0
-94.0,21.0,-106.0,370.0,212.0,600.0
-86.0,32.0,-95.0,312.0,95.0,772.0
-79.0,35.0,-84.0,303.0,-6.0,890.0
-72.0,44.0,-83.0,324.0,-89.0,948.0
-49.0,41.0,-76.0,363.0,-163.0,978.0
-33.0,48.0,-72.0,421.0,-243.0,979.0
-19.0,47.0,-74.0,489.0,-322.0,962.0
-1.0,53.0,-77.0,548.0,-404.0,910.0
8.0,56.0,-76.0,583.0,-446.0,815.0
14.0,57.0,-78.0,603.0,-450.0,678.0
19.0,54.0,-70.0,601.0,-410.0,529.0
28.0,52.0,-71.0,578.0,-327.0,375.0
35.0,52.0,-59.0,533.0,-202.0,242.0
45.0,44.0,-66.0,475.0,-33.0,127.0
53.0,48.0,-78.0,400.0,178.0,49.0
45.0,36.0,-70.0,322.0,411.0,10.0
46.0,37.0,-65.0,239.0,630.0,24.0
48.0,35.0,-71.0,145.0,822.0,43.0
49.0,27.0,-75.0,30.0,912.0,60.0
39.0,9.0,-93.0,-126.0,950.0,64.0
31.0,-19.0,-107.0,-323.0,956.0,59.0
25.0,-75.0,-117.0,-555.0,939.0,31.0
15.0,-137.0,-124.0,-795.0,912.0,-17.0
1.0,-200.0,-126.0,-995.0,884.0,-77.0
-14.0,-259.0,-121.0,-1122.0,854.0,-116.0
-50.0,-297.0,-122.0,-1146.0,802.0,-116.0
-49.0,-341.0,-106.0,-1082.0,699.0,-88.0
-70.0,-379.0,-110.0,-905.0,540.0,-70.0
-83.0,-405.0,-116.0,-676.0,428.0,-81.0
-88.0,-415.0,-126.0,-411.0,363.0,-102.0
-78.0,-414.0,-139.0,-173.0,341.0,-93.0
-51.0,-408.0,-136.0,12.0,352.0,-86.0
-38.0,-392.0,-130.0,136.0,405.0,-80.0
-29.0,-395.0,-96.0,242.0,476.0,-60.0
-20.0,-399.0,-59.0,348.0,510.0,-20.0
-12.0,-399.0,-37.0,453.0,491.0,47.0
8.0,-384.0,-54.0,530.0,422.0,143.0
16.0,-395.0,-32.0,537.0,311.0,264.0
20.0,-394.0,-39.0,463.0,218.0,355.0
27.0,-391.0,-46.0,342.0,133.0,418.0
29.0,-385.0,-53.0,199.0,64.0,457.0
34.0,-386.0,-60.0,62.0,32.0,470.0
34.0,-384.0,-52.0,-45.0,44.0,468.0
35.0,-382.0,-48.0,-100.0,95.0,443.0
30.0,-372.0,-44.0,-100.0,183.0,420.0
22.0,-364.0,-36.0,-57.0,289.0,395.0
8.0,-350.0,-37.0,8.0,393.0,388.0
-7.0,-335.0,-30.0,66.0,475.0,376.0
-17.0,-323.0,-33.0,99.0,499.0,367.0
-18.0,-306.0,-26.0,99.0,497.0,360.0
-25.0,-297.0,-22.0,78.0,478.0,369.0
-38.0,-291.0,-23.0,41.0,450.0,383.0
-45.0,-288.0,-24.0,-12.0,412.0,413.0
-50.0,-288.0,-24.0,-76.0,366.0,433.0
-52.0,-287.0,-27.0,-146.0,320.0,444.0
-56.0,-289.0,-30.0,-200.0,283.0,443.0
-57.0,-294.0,-27.0,-239.0,255.0,444.0
-57.0,-310.0,-31.0,-261.0,232.0,428.0
-55.0,-290.0,-34.0,-262.0,210.0,408.0
-54.0,-290.0,-34.0,-240.0,193.0,386.0
-48.0,-283.0,-38.0,-203.0,173.0,370.0
-41.0,-276.0,-37.0,-156.0,151.0,351.0
-30.0,-260.0,-36.0,-106.0,131.0,337.0
-23.0,-252.0,-37.0,-61.0,113.0,316.0
-16.0,-238.0,-35.0,-23.0,107.0,306.0
-8.0,-227.0,-32.0,1.0,111.0,298.0
-2.0,-213.0,-25.0,22.0,123.0,297.0
1.0,-208.0,-20.0,33.0,144.0,302.0
0.0,-190.0,-22.0,41.0,159.0,307.0
7.0,-186.0,-14.0,38.0,161.0,308.0
-1.0,-179.0,-12.0,27.0,152.0,315.0
1.0,-172.0,-11.0,5.0,135.0,320.0
-3.0,-171.0,-14.0,-19.0,112.0,331.0
-7.0,-167.0,-15.0,-45.0,98.0,334.0
-11.0,-163.0,-14.0,-72.0,93.0,331.0
-13.0,-156.0,-20.0,-86.0,96.0,321.0
-15.0,-153.0,-20.0,-86.0,111.0,301.0
-16.0,-151.0,-20.0,-77.0,156.0,257.0
-16.0,-155.0,-23.0,-43.0,207.0,211.0
-1.0,-153.0,-27.0,-8.0,265.0,146.0
-12.0,-145.0,-53.0,23.0,305.0,68.0
-20.0,-139.0,-54.0,33.0,298.0,-45.0
