1.0,-257.0,-34.0,-43.0,-28.0,-5.0
1.0,-256.0,-32.0,-55.0,-30.0,-5.0
1.0,-258.0,-38.0,-65.0,-28.0,-4.0
-2.0,-257.0,-32.0,-75.0,-28.0,-4.0
-6.0,-258.0,-36.0,-85.0,-29.0,-4.0
1.0,-257.0,-34.0,-92.0,-29.0,-3.0
-1.0,-258.0,-36.0,-100.0,-30.0,-2.0
1.0,-258.0,-37.0,-108.0,-31.0,-2.0
2.0,-259.0,-33.0,-112.0,-32.0,-2.0
-1.0,-260.0,-35.0,-117.0,-32.0,-3.0
-2.0,-258.0,-34.0,-122.0,-32.0,-2.0
1.0,-260.0,-34.0,-127.0,-31.0,-1.0
-1.0,-257.0,-39.0,-131.0,-30.0,-1.0
0.0,-261.0,-33.0,-138.0,-30.0,-2.0
-1.0,-262.0,-40.0,-141.0,-29.0,-4.0
-5.0,-257.0,-39.0,-144.0,-27.0,-4.0
1.0,-261.0,-37.0,-147.0,-25.0,-7.0
2.0,-259.0,-36.0,-150.0,-24.0,-9.0
-1.0,-257.0,-35.0,-153.0,-23.0,-13.0
-2.0,-257.0,-36.0,-157.0,-23.0,-15.0
1.0,-258.0,-31.0,-161.0,-20.0,-17.0
1.0,-260.0,-35.0,-168.0,-17.0,-20.0
-1.0,-258.0,-32.0,-174.0,-15.0,-24.0
0.0,-258.0,-31.0,-178.0,-12.0,-27.0
-3.0,-256.0,-35.0,-183.0,-8.0,-30.0
-2.0,-256.0,-39.0,-189.0,-4.0,-34.0
8.0,-263.0,-34.0,-194.0,2.0,-35.0
-1.0,-256.0,-31.0,-199.0,5.0,-37.0
-5.0,-256.0,-34.0,-204.0,8.0,-39.0
-4.0,-261.0,-33.0,-208.0,10.0,-40.0
-6.0,-256.0,-29.0,-212.0,12.0,-40.0
-6.0,-256.0,-33.0,-213.0,11.0,-41.0
-5.0,-256.0,-31.0,-216.0,8.0,-42.0
-4.0,-257.0,-36.0,-217.0,5.0,-43.0
-4.0,-256.0,-38.0,-222.0,1.0,-43.0
-6.0,-259.0,-34.0,-228.0,-4.0,-43.0
-1.0,-261.0,-37.0,-236.0,-10.0,-45.0
-8.0,-256.0,-37.0,-240.0,-15.0,-45.0
-7.0,-258.0,-37.0,-246.0,-16.0,-45.0
-8.0,-261.0,-36.0,-247.0,-17.0,-44.0
-9.0,-259.0,-37.0,-248.0,-20.0,-42.0
-11.0,-259.0,-32.0,-250.0,-25.0,-42.0
-11.0,-259.0,-35.0,-249.0,-29.0,-41.0
-9.0,-259.0,-35.0,-250.0,-34.0,-38.0
-10.0,-261.0,-34.0,-249.0,-39.0,-35.0
-9.0,-264.0,-34.0,-249.0,-44.0,-31.0
-9.0,-265.0,-34.0,-250.0,-49.0,-29.0
-10.0,-265.0,-22.0,-248.0,-54.0,-23.0
-11.0,-264.0,-32.0,-245.0,-60.0,-17.0
-12.0,-264.0,-34.0,-241.0,-65.0,-12.0
-7.0,-265.0,-32.0,-240.0,-71.0,-4.0
-8.0,-265.0,-36.0,-241.0,-80.0,2.0
-6.0,-268.0,-36.0,-240.0,-90.0,10.0
-3.0,-266.0,-36.0,-238.0,-96.0,15.0
-3.0,-270.0,-34.0,-236.0,-103.0,19.0
-5.0,-266.0,-34.0,-232.0,-113.0,22.0
-4.0,-260.0,-34.0,-222.0,-122.0,24.0
-6.0,-265.0,-33.0,-212.0,-130.0,26.0
-10.0,-259.0,-33.0,-211.0,-142.0,26.0
-6.0,-267.0,-34.0,-210.0,-160.0,23.0
-9.0,-262.0,-37.0,-200.0,-174.0,19.0
-12.0,-260.0,-42.0,-187.0,-187.0,15.0
-8.0,-262.0,-34.0,-174.0,-197.0,8.0
-9.0,-262.0,-34.0,-164.0,-206.0,1.0
-11.0,-260.0,-37.0,-156.0,-212.0,-7.0
-14.0,-256.0,-32.0,-150.0,-219.0,-16.0
-12.0,-256.0,-33.0,-140.0,-222.0,-25.0
-12.0,-253.0,-22.0,-131.0,-222.0,-35.0
-8.0,-255.0,-20.0,-116.0,-221.0,-45.0
-2.0,-259.0,-17.0,-100.0,-217.0,-57.0
-4.0,-254.0,-20.0,-85.0,-210.0,-71.0
-6.0,-252.0,-12.0,-72.0,-199.0,-88.0
-1.0,-252.0,-11.0,-57.0,-189.0,-106.0
3.0,-256.0,-10.0,-39.0,-176.0,-123.0
7.0,-260.0,-9.0,-20.0,-164.0,-139.0
9.0,-262.0,-8.0,-6.0,-149.0,-154.0
10.0,-264.0,-11.0,2.0,-131.0,-164.0
12.0,-270.0,-16.0,7.0,-115.0,-169.0
16.0,-267.0,-16.0,10.0,-96.0,-174.0
16.0,-274.0,-11.0,17.0,-78.0,-175.0
18.0,-274.0,-17.0,26.0,-62.0,-172.0
18.0,-277.0,-18.0,36.0,-47.0,-167.0
19.0,-276.0,-19.0,48.0,-34.0,-160.0
18.0,-275.0,-24.0,61.0,-24.0,-149.0
18.0,-272.0,-26.0,71.0,-16.0,-136.0
14.0,-268.0,-33.0,77.0,-10.0,-120.0
14.0,-266.0,-35.0,78.0,0.0,-104.0
14.0,-260.0,-40.0,73.0,14.0,-84.0
12.0,-260.0,-40.0,63.0,36.0,-66.0
15.0,-253.0,-37.0,51.0,60.0,-46.0
15.0,-248.0,-40.0,43.0,85.0,-26.0
13.0,-246.0,-43.0,34.0,110.0,-6.0
12.0,-240.0,-41.0,25.0,136.0,17.0
15.0,-237.0,-48.0,16.0,162.0,39.0
14.0,-232.0,-43.0,6.0,189.0,65.0
15.0,-231.0,-45.0,-3.0,213.0,92.0
13.0,-225.0,-39.0,-10.0,234.0,119.0
12.0,-224.0,-40.0,-15.0,252.0,149.0
18.0,-221.0,-42.0,-20.0,266.0,181.0
15.0,-222.0,-42.0,-24.0,277.0,212.0
19.0,-224.0,-39.0,-29.0,287.0,244.0
19.0,-229.0,-44.0,-30.0,304.0,270.0
15.0,-237.0,-35.0,-32.0,321.0,297.0
16.0,-244.0,-33.0,-32.0,335.0,316.0
19.0,-252.0,-29.0,-31.0,343.0,327.0
19.0,-263.0,-32.0,-21.0,350.0,333.0
21.0,-275.0,-34.0,-4.0,354.0,327.0
19.0,-285.0,-36.0,15.0,355.0,313.0
18.0,-293.0,-48.0,27.0,361.0,289.0
19.0,-297.0,-49.0,31.0,369.0,256.0
15.0,-303.0,-57.0,29.0,385.0,217.0
13.0,-305.0,-54.0,15.0,405.0,176.0
16.0,-305.0,-53.0,2.0,429.0,131.0
11.0,-299.0,-50.0,-2.0,450.0,86.0
5.0,-289.0,-40.0,2.0,472.0,43.0
1.0,-281.0,-38.0,21.0,494.0,5.0
-5.0,-275.0,-28.0,41.0,509.0,-26.0
-9.0,-265.0,-22.0,54.0,520.0,-52.0
-8.0,-261.0,-18.0,55.0,520.0,-70.0
-7.0,-251.0,-13.0,45.0,509.0,-82.0
-10.0,-243.0,-11.0,30.0,496.0,-86.0
-13.0,-236.0,-6.0,13.0,482.0,-85.0
-13.0,-233.0,-14.0,-6.0,469.0,-81.0
-13.0,-240.0,-6.0,-25.0,452.0,-75.0
-10.0,-239.0,2.0,-48.0,435.0,-68.0
-5.0,-244.0,-3.0,-70.0,413.0,-59.0
-4.0,-247.0,-3.0,-88.0,392.0,-51.0
-4.0,-251.0,-1.0,-100.0,373.0,-42.0
-2.0,-256.0,-5.0,-105.0,358.0,-38.0
-2.0,-264.0,-11.0,-113.0,337.0,-33.0
-4.0,-264.0,-14.0,-122.0,316.0,-33.0
0.0,-268.0,-12.0,-135.0,297.0,-32.0
4.0,-272.0,-8.0,-148.0,275.0,-36.0
2.0,-272.0,-6.0,-160.0,257.0,-40.0
-1.0,-275.0,-6.0,-170.0,240.0,-48.0
-3.0,-274.0,-3.0,-178.0,220.0,-58.0
-3.0,-274.0,2.0,-184.0,200.0,-71.0
-2.0,-273.0,2.0,-186.0,176.0,-83.0
-2.0,-268.0,0.0,-184.0,152.0,-95.0
0.0,-266.0,0.0,-182.0,132.0,-106.0
1.0,-264.0,-2.0,-180.0,111.0,-118.0
3.0,-261.0,-7.0,-175.0,98.0,-127.0
0.0,-251.0,-10.0,-169.0,90.0,-138.0
3.0,-252.0,-8.0,-173.0,84.0,-146.0
8.0,-254.0,-12.0,-184.0,80.0,-151.0
5.0,-246.0,-18.0,-202.0,77.0,-156.0
9.0,-246.0,-17.0,-227.0,75.0,-162.0
13.0,-248.0,-17.0,-257.0,70.0,-166.0
13.0,-245.0,-22.0,-288.0,70.0,-169.0
12.0,-245.0,-22.0,-319.0,71.0,-173.0
12.0,-245.0,-21.0,-341.0,70.0,-175.0
11.0,-242.0,-21.0,-351.0,64.0,-176.0
10.0,-244.0,-23.0,-359.0,57.0,-178.0
7.0,-241.0,-25.0,-357.0,49.0,-177.0
10.0,-241.0,-24.0,-353.0,37.0,-176.0
11.0,-240.0,-22.0,-345.0,23.0,-175.0
11.0,-238.0,-28.0,-337.0,8.0,-170.0
12.0,-237.0,-25.0,-330.0,-6.0,-166.0
14.0,-237.0,-27.0,-330.0,-20.0,-160.0
9.0,-240.0,-22.0,-332.0,-28.0,-156.0
8.0,-239.0,-22.0,-340.0,-35.0,-151.0
7.0,-239.0,-16.0,-344.0,-48.0,-144.0
5.0,-238.0,-14.0,-344.0,-66.0,-137.0
1.0,-240.0,-8.0,-340.0,-88.0,-128.0
1.0,-241.0,-10.0,-330.0,-111.0,-119.0
0.0,-242.0,-8.0,-321.0,-135.0,-107.0
2.0,-236.0,-12.0,-312.0,-159.0,-92.0
-7.0,-234.0,-10.0,-306.0,-181.0,-79.0
-5.0,-234.0,-17.0,-301.0,-201.0,-64.0
-7.0,-228.0,-18.0,-299.0,-218.0,-48.0
-3.0,-233.0,-7.0,-296.0,-234.0,-32.0
-11.0,-230.0,-10.0,-292.0,-248.0,-18.0
-3.0,-233.0,-5.0,-291.0,-265.0,0.0
-4.0,-235.0,-11.0,-275.0,-283.0,12.0
-10.0,-238.0,-5.0,-263.0,-303.0,22.0
-7.0,-235.0,-3.0,-246.0,-323.0,33.0
3.0,-236.0,2.0,-229.0,-338.0,40.0
6.0,-245.0,0.0,-207.0,-358.0,44.0
-1.0,-240.0,-4.0,-183.0,-371.0,48.0
4.0,-240.0,4.0,-156.0,-384.0,53.0
-1.0,-249.0,9.0,-128.0,-392.0,57.0
7.0,-249.0,3.0,-99.0,-398.0,64.0
5.0,-248.0,5.0,-68.0,-395.0,74.0
13.0,-257.0,11.0,-37.0,-387.0,88.0
18.0,-264.0,8.0,-7.0,-373.0,103.0
22.0,-261.0,10.0,21.0,-360.0,119.0
27.0,-265.0,3.0,45.0,-347.0,133.0
28.0,-267.0,3.0,62.0,-336.0,147.0
34.0,-272.0,-7.0,73.0,-329.0,157.0
29.0,-266.0,-6.0,79.0,-326.0,163.0
38.0,-263.0,-18.0,88.0,-331.0,171.0
43.0,-266.0,-26.0,89.0,-336.0,180.0
40.0,-263.0,-28.0,83.0,-334.0,178.0
38.0,-258.0,-33.0,72.0,-323.0,176.0
39.0,-254.0,-52.0,55.0,-307.0,179.0
40.0,-238.0,-54.0,27.0,-294.0,178.0
43.0,-228.0,-65.0,-17.0,-276.0,172.0
47.0,-213.0,-71.0,-79.0,-250.0,166.0
46.0,-201.0,-81.0,-155.0,-217.0,156.0
52.0,-188.0,-90.0,-243.0,-180.0,140.0
57.0,-176.0,-96.0,-340.0,-151.0,118.0
63.0,-160.0,-110.0,-438.0,-132.0,89.0
64.0,-147.0,-117.0,-532.0,-134.0,52.0
69.0,-124.0,-126.0,-629.0,-154.0,6.0
71.0,-111.0,-141.0,-725.0,-177.0,-40.0
71.0,-85.0,-146.0,-816.0,-192.0,-83.0
71.0,-61.0,-143.0,-893.0,-193.0,-118.0
59.0,-45.0,-136.0,-943.0,-180.0,-169.0
55.0,-25.0,-110.0,-956.0,-151.0,-205.0
33.0,-1.0,-100.0,-910.0,-99.0,-242.0
15.0,8.0,-78.0,-852.0,-36.0,-262.0
-5.0,17.0,-49.0,-770.0,24.0,-267.0
-21.0,20.0,-26.0,-673.0,58.0,-262.0
-37.0,19.0,-23.0,-543.0,64.0,-257.0
-40.0,16.0,8.0,-397.0,72.0,-252.0
-61.0,0.0,6.0,-227.0,108.0,-249.0
-79.0,-18.0,16.0,-112.0,183.0,-220.0
-92.0,-22.0,31.0,-27.0,262.0,-177.0
-100.0,-26.0,34.0,71.0,284.0,-127.0
-90.0,-33.0,27.0,190.0,233.0,-66.0
-68.0,-45.0,1.0,325.0,164.0,16.0
-49.0,-53.0,-35.0,438.0,127.0,111.0
-21.0,-75.0,-62.0,489.0,146.0,204.0
10.0,-79.0,-67.0,466.0,210.0,254.0
26.0,-77.0,-66.0,426.0,292.0,262.0
53.0,-92.0,-84.0,372.0,364.0,265.0
66.0,-105.0,-110.0,294.0,430.0,222.0
85.0,-140.0,-144.0,208.0,525.0,172.0
119.0,-203.0,-171.0,118.0,639.0,118.0
149.0,-290.0,-191.0,53.0,751.0,11.0
164.0,-392.0,-202.0,22.0,867.0,-149.0
131.0,-496.0,-199.0,-1.0,994.0,-312.0
107.0,-590.0,-145.0,-87.0,1127.0,-472.0
124.0,-653.0,-65.0,-333.0,1164.0,-607.0
117.0,-679.0,19.0,-767.0,1013.0,-727.0
47.0,-651.0,90.0,-1180.0,818.0,-946.0
-40.0,-611.0,141.0,-1350.0,655.0,-1097.0
-71.0,-590.0,120.0,-1205.0,497.0,-1066.0
-70.0,-599.0,39.0,-858.0,338.0,-956.0
-79.0,-618.0,-46.0,-462.0,269.0,-850.0
-91.0,-638.0,-108.0,-95.0,346.0,-717.0
-103.0,-645.0,-152.0,198.0,525.0,-559.0
-131.0,-640.0,-171.0,345.0,699.0,-421.0
-172.0,-624.0,-165.0,332.0,748.0,-327.0
-215.0,-608.0,-145.0,196.0,575.0,-282.0
-211.0,-591.0,-92.0,-5.0,173.0,-241.0
-164.0,-574.0,-39.0,-165.0,-331.0,-187.0
-136.0,-544.0,8.0,-204.0,-698.0,-124.0
-138.0,-504.0,32.0,-98.0,-826.0,-38.0
-157.0,-458.0,25.0,120.0,-812.0,74.0
-164.0,-419.0,-12.0,364.0,-805.0,215.0
-154.0,-386.0,-52.0,566.0,-847.0,369.0
-119.0,-363.0,-89.0,696.0,-899.0,512.0
-84.0,-333.0,-117.0,735.0,-934.0,631.0
-51.0,-305.0,-119.0,688.0,-949.0,718.0
-17.0,-275.0,-104.0,579.0,-941.0,787.0
19.0,-254.0,-85.0,440.0,-916.0,844.0
50.0,-237.0,-60.0,282.0,-857.0,883.0
88.0,-228.0,-46.0,121.0,-750.0,891.0
112.0,-224.0,-24.0,-37.0,-621.0,863.0
127.0,-219.0,-9.0,-173.0,-494.0,815.0
139.0,-226.0,-15.0,-277.0,-395.0,764.0
164.0,-225.0,-5.0,-362.0,-315.0,698.0
173.0,-232.0,-11.0,-433.0,-236.0,621.0
179.0,-229.0,-7.0,-473.0,-153.0,538.0
176.0,-221.0,-10.0,-466.0,-59.0,453.0
166.0,-207.0,-9.0,-409.0,50.0,372.0
156.0,-193.0,-11.0,-308.0,169.0,291.0
132.0,-172.0,-8.0,-168.0,289.0,207.0
110.0,-146.0,-5.0,4.0,405.0,131.0
85.0,-113.0,-1.0,185.0,511.0,67.0
63.0,-78.0,-4.0,365.0,615.0,17.0
39.0,-36.0,-14.0,512.0,716.0,-15.0
31.0,6.0,-12.0,578.0,789.0,-32.0
29.0,42.0,-19.0,575.0,825.0,-69.0
18.0,95.0,-21.0,523.0,862.0,-108.0
11.0,120.0,-31.0,391.0,899.0,-148.0
-7.0,128.0,-41.0,166.0,939.0,-164.0
3.0,127.0,-28.0,-112.0,961.0,-157.0
8.0,114.0,-12.0,-338.0,954.0,-188.0
-8.0,109.0,13.0,-430.0,939.0,-259.0
-18.0,83.0,16.0,-361.0,924.0,-247.0
-25.0,61.0,37.0,-193.0,918.0,-192.0
-38.0,44.0,29.0,56.0,902.0,-149.0
-43.0,34.0,7.0,313.0,853.0,-112.0
-59.0,27.0,-14.0,544.0,782.0,-76.0
-69.0,12.0,-38.0,735.0,700.0,-35.0
-80.0,-4.0,-60.0,864.0,588.0,-7.0
-95.0,-29.0,-83.0,942.0,424.0,15.0
-107.0,-58.0,-107.0,991.0,228.0,71.0
-135.0,-85.0,-133.0,1010.0,37.0,144.0
-158.0,-128.0,-168.0,979.0,-128.0,243.0
-199.0,-180.0,-211.0,874.0,-275.0,349.0
-226.0,-258.0,-247.0,650.0,-410.0,484.0
-259.0,-371.0,-255.0,286.0,-484.0,620.0
-320.0,-502.0,-213.0,-111.0,-454.0,686.0
-376.0,-581.0,-127.0,-472.0,-386.0,656.0
-420.0,-588.0,-84.0,-959.0,-468.0,725.0
-302.0,-622.0,-194.0,-1754.0,-872.0,1131.0
-25.0,-798.0,-284.0,-2772.0,-1632.0,1790.0
319.0,-976.0,-250.0,-3623.0,-1809.0,1994.0
430.0,-984.0,-131.0,-3860.0,-1239.0,1581.0
432.0,-984.0,-9.0,-3227.0,-543.0,1234.0
416.0,-992.0,58.0,-1912.0,-42.0,1152.0
432.0,-939.0,56.0,-419.0,147.0,1028.0
474.0,-842.0,-26.0,826.0,8.0,850.0
496.0,-729.0,-104.0,1687.0,-233.0,665.0
456.0,-589.0,-142.0,2213.0,-290.0,412.0
380.0,-452.0,-120.0,2497.0,-16.0,124.0
295.0,-331.0,-87.0,2607.0,504.0,-189.0
206.0,-225.0,-55.0,2538.0,1037.0,-537.0
118.0,-131.0,-36.0,2287.0,1393.0,-875.0
54.0,-71.0,-32.0,1891.0,1542.0,-1138.0
15.0,-46.0,-47.0,1427.0,1571.0,-1296.0
-3.0,-45.0,-73.0,932.0,1566.0,-1333.0
-30.0,-62.0,-96.0,436.0,1571.0,-1288.0
-72.0,-98.0,-101.0,-37.0,1601.0,-1175.0
-98.0,-141.0,-60.0,-435.0,1651.0,-999.0
-142.0,-188.0,-11.0,-711.0,1686.0,-808.0
-173.0,-243.0,33.0,-841.0,1695.0,-576.0
-183.0,-307.0,74.0,-864.0,1666.0,-335.0
-186.0,-346.0,99.0,-815.0,1588.0,-135.0
-181.0,-369.0,112.0,-709.0,1436.0,-13.0
-163.0,-369.0,106.0,-584.0,1195.0,45.0
-142.0,-358.0,84.0,-461.0,895.0,67.0
-106.0,-333.0,54.0,-344.0,586.0,67.0
-79.0,-307.0,9.0,-242.0,307.0,62.0
-56.0,-293.0,-41.0,-152.0,78.0,65.0
-31.0,-288.0,-70.0,-90.0,-80.0,82.0
-17.0,-282.0,-94.0,-41.0,-158.0,113.0
-5.0,-281.0,-112.0,14.0,-177.0,147.0
-3.0,-269.0,-113.0,73.0,-174.0,172.0
13.0,-242.0,-110.0,147.0,-202.0,181.0
4.0,-192.0,-107.0,240.0,-276.0,165.0
3.0,-147.0,-117.0,330.0,-373.0,174.0
-9.0,-95.0,-121.0,361.0,-450.0,192.0
-4.0,-56.0,-125.0,329.0,-488.0,226.0
0.0,-21.0,-115.0,219.0,-494.0,253.0
10.0,0.0,-106.0,58.0,-483.0,247.0
31.0,7.0,-87.0,-131.0,-479.0,206.0
44.0,21.0,-64.0,-289.0,-486.0,129.0
41.0,34.0,-54.0,-381.0,-467.0,33.0
66.0,46.0,-38.0,-409.0,-400.0,-60.0
52.0,60.0,-37.0,-366.0,-308.0,-172.0
33.0,62.0,-35.0,-272.0,-200.0,-247.0
-2.0,60.0,-48.0,-156.0,-96.0,-270.0
-10.0,50.0,-64.0,-35.0,-17.0,-254.0
-12.0,49.0,-75.0,68.0,20.0,-241.0
3.0,45.0,-107.0,165.0,45.0,-224.0
5.0,38.0,-139.0,243.0,113.0,-209.0
28.0,26.0,-154.0,280.0,254.0,-188.0
50.0,6.0,-154.0,288.0,439.0,-210.0
74.0,-20.0,-139.0,280.0,597.0,-288.0
100.0,-56.0,-115.0,302.0,694.0,-411.0
124.0,-108.0,-122.0,387.0,756.0,-558.0
168.0,-186.0,-135.0,477.0,843.0,-706.0
154.0,-257.0,-146.0,502.0,954.0,-856.0
159.0,-330.0,-150.0,440.0,1054.0,-865.0
182.0,-408.0,-167.0,319.0,1087.0,-838.0
207.0,-498.0,-189.0,110.0,1016.0,-912.0
212.0,-565.0,-183.0,-186.0,921.0,-1039.0
193.0,-629.0,-188.0,-539.0,872.0,-1082.0
116.0,-690.0,-180.0,-935.0,993.0,-1107.0
-59.0,-712.0,-154.0,-1291.0,1283.0,-1219.0
-237.0,-722.0,-99.0,-1518.0,1395.0,-1329.0
-347.0,-717.0,-21.0,-1591.0,1017.0,-1290.0
-326.0,-722.0,34.0,-1462.0,305.0,-1054.0
-239.0,-734.0,26.0,-1177.0,-293.0,-818.0
-202.0,-734.0,-13.0,-787.0,-481.0,-706.0
-222.0,-684.0,-57.0,-324.0,-364.0,-662.0
-250.0,-611.0,-90.0,165.0,-218.0,-603.0
-243.0,-539.0,-103.0,594.0,-187.0,-487.0
-204.0,-464.0,-94.0,889.0,-282.0,-319.0
-148.0,-402.0,-73.0,1034.0,-461.0,-136.0
-95.0,-350.0,-50.0,1032.0,-666.0,30.0
-67.0,-303.0,-30.0,940.0,-858.0,169.0
-37.0,-263.0,-27.0,811.0,-1012.0,304.0
-19.0,-250.0,-20.0,666.0,-1120.0,424.0
-13.0,-243.0,-22.0,523.0,-1176.0,516.0
-11.0,-256.0,-24.0,371.0,-1199.0,590.0
-11.0,-278.0,-34.0,208.0,-1213.0,640.0
-4.0,-305.0,-38.0,41.0,-1249.0,673.0
18.0,-331.0,-39.0,-107.0,-1312.0,690.0
46.0,-357.0,-31.0,-224.0,-1363.0,702.0
80.0,-374.0,-22.0,-307.0,-1376.0,703.0
100.0,-382.0,-11.0,-348.0,-1344.0,682.0
99.0,-375.0,1.0,-343.0,-1276.0,641.0
93.0,-360.0,4.0,-296.0,-1184.0,604.0
89.0,-339.0,-2.0,-203.0,-1072.0,565.0
77.0,-313.0,-22.0,-91.0,-932.0,530.0
72.0,-291.0,-44.0,18.0,-762.0,492.0
68.0,-276.0,-74.0,95.0,-585.0,441.0
64.0,-251.0,-73.0,137.0,-418.0,372.0
63.0,-233.0,-77.0,147.0,-278.0,297.0
62.0,-209.0,-72.0,127.0,-161.0,217.0
61.0,-179.0,-64.0,107.0,-67.0,140.0
58.0,-147.0,-52.0,100.0,6.0,61.0
52.0,-117.0,-45.0,104.0,61.0,-19.0
41.0,-75.0,-34.0,119.0,99.0,-110.0
23.0,-42.0,-37.0,143.0,120.0,-181.0
8.0,-4.0,-42.0,141.0,118.0,-218.0
8.0,29.0,-48.0,86.0,89.0,-236.0
5.0,59.0,-55.0,-13.0,56.0,-272.0
-10.0,72.0,-54.0,-145.0,71.0,-302.0
-18.0,77.0,-51.0,-289.0,133.0,-296.0
-26.0,82.0,-27.0,-417.0,204.0,-264.0
-31.0,91.0,-11.0,-447.0,258.0,-230.0
-27.0,87.0,-9.0,-394.0,291.0,-186.0
-25.0,70.0,-11.0,-334.0,296.0,-130.0
-32.0,53.0,-10.0,-313.0,267.0,-90.0
-26.0,48.0,-7.0,-275.0,215.0,-57.0
-15.0,40.0,-7.0,-188.0,152.0,-38.0
-6.0,35.0,-16.0,-56.0,96.0,-26.0
-11.0,31.0,-23.0,96.0,66.0,-23.0
-12.0,0.0,-27.0,246.0,46.0,-14.0
-15.0,-32.0,-23.0,376.0,4.0,-15.0
-24.0,-62.0,-29.0,482.0,-90.0,-26.0
-34.0,-91.0,-32.0,576.0,-235.0,-26.0
-47.0,-121.0,-58.0,673.0,-384.0,1.0
-61.0,-148.0,-87.0,757.0,-513.0,65.0
-79.0,-183.0,-131.0,794.0,-630.0,144.0
-101.0,-230.0,-175.0,721.0,-736.0,238.0
-113.0,-293.0,-230.0,498.0,-815.0,360.0
-129.0,-358.0,-252.0,138.0,-830.0,464.0
-133.0,-418.0,-241.0,-253.0,-742.0,567.0
-146.0,-494.0,-171.0,-561.0,-527.0,633.0
-174.0,-563.0,-87.0,-682.0,-261.0,636.0
-192.0,-597.0,-53.0,-701.0,-151.0,644.0
-133.0,-618.0,-93.0,-853.0,-352.0,750.0
52.0,-690.0,-146.0,-1242.0,-859.0,1046.0
248.0,-788.0,-154.0,-1718.0,-1187.0,1353.0
367.0,-823.0,-62.0,-2024.0,-887.0,1323.0
375.0,-816.0,63.0,-1886.0,-286.0,1130.0
354.0,-794.0,139.0,-1278.0,162.0,1012.0
351.0,-767.0,118.0,-416.0,333.0,952.0
379.0,-709.0,27.0,423.0,326.0,880.0
419.0,-646.0,-57.0,1039.0,293.0,775.0
414.0,-563.0,-109.0,1402.0,347.0,604.0
370.0,-474.0,-105.0,1573.0,539.0,335.0
291.0,-391.0,-71.0,1623.0,864.0,-6.0
205.0,-319.0,-32.0,1587.0,1232.0,-338.0
130.0,-262.0,-10.0,1499.0,1521.0,-614.0
94.0,-221.0,-2.0,1364.0,1666.0,-807.0
65.0,-197.0,-19.0,1177.0,1717.0,-928.0
48.0,-196.0,-51.0,919.0,1771.0,-972.0
26.0,-206.0,-68.0,606.0,1875.0,-957.0
-15.0,-224.0,-64.0,316.0,1995.0,-888.0
-49.0,-248.0,-55.0,108.0,2080.0,-779.0
-87.0,-273.0,-33.0,-19.0,2101.0,-642.0
-128.0,-299.0,-6.0,-58.0,2068.0,-471.0
-152.0,-321.0,13.0,-10.0,1993.0,-285.0
-165.0,-327.0,17.0,69.0,1851.0,-128.0
-171.0,-323.0,12.0,116.0,1619.0,-20.0
-166.0,-304.0,-1.0,104.0,1315.0,49.0
-150.0,-288.0,-22.0,44.0,994.0,91.0
-120.0,-261.0,-46.0,-35.0,692.0,110.0
-95.0,-238.0,-72.0,-121.0,445.0,109.0
-78.0,-217.0,-107.0,-227.0,273.0,106.0
-55.0,-195.0,-121.0,-347.0,178.0,103.0
-36.0,-170.0,-128.0,-462.0,129.0,96.0
-42.0,-136.0,-121.0,-550.0,101.0,82.0
-35.0,-103.0,-108.0,-568.0,65.0,106.0
-28.0,-70.0,-97.0,-549.0,-1.0,127.0
-27.0,-35.0,-82.0,-532.0,-101.0,139.0
-23.0,0.0,-74.0,-530.0,-219.0,164.0
2.0,17.0,-64.0,-557.0,-324.0,185.0
5.0,43.0,-46.0,-611.0,-392.0,168.0
13.0,52.0,-24.0,-653.0,-408.0,160.0
5.0,47.0,-1.0,-666.0,-394.0,172.0
5.0,46.0,24.0,-633.0,-366.0,168.0
-11.0,37.0,19.0,-514.0,-332.0,123.0
-41.0,26.0,0.0,-393.0,-302.0,86.0
-60.0,5.0,-22.0,-328.0,-277.0,99.0
-53.0,-1.0,-23.0,-287.0,-269.0,118.0
-53.0,-10.0,-60.0,-200.0,-271.0,104.0
-47.0,-27.0,-93.0,-116.0,-252.0,116.0
-41.0,-32.0,-100.0,-35.0,-181.0,116.0
-11.0,-28.0,-105.0,86.0,-61.0,109.0
10.0,-34.0,-119.0,228.0,102.0,58.0
32.0,-51.0,-129.0,302.0,296.0,-16.0
70.0,-64.0,-119.0,299.0,490.0,-136.0
65.0,-70.0,-117.0,266.0,618.0,-293.0
80.0,-92.0,-121.0,237.0,681.0,-355.0
126.0,-142.0,-124.0,249.0,693.0,-378.0
169.0,-188.0,-129.0,303.0,658.0,-443.0
194.0,-242.0,-148.0,351.0,602.0,-495.0
194.0,-307.0,-170.0,302.0,565.0,-535.0
194.0,-384.0,-173.0,132.0,570.0,-532.0
194.0,-457.0,-162.0,-108.0,600.0,-505.0
180.0,-519.0,-128.0,-345.0,638.0,-468.0
159.0,-580.0,-76.0,-588.0,683.0,-433.0
67.0,-623.0,-9.0,-837.0,821.0,-471.0
-102.0,-639.0,20.0,-1035.0,1073.0,-595.0
-244.0,-627.0,7.0,-1226.0,1195.0,-736.0
-319.0,-635.0,-37.0,-1410.0,854.0,-777.0
-292.0,-668.0,-76.0,-1503.0,132.0,-718.0
-203.0,-702.0,-96.0,-1433.0,-506.0,-644.0
-147.0,-711.0,-92.0,-1153.0,-632.0,-620.0
-168.0,-683.0,-77.0,-715.0,-331.0,-619.0
-215.0,-632.0,-68.0,-241.0,28.0,-604.0
-251.0,-577.0,-63.0,169.0,192.0,-518.0
-236.0,-514.0,-47.0,500.0,158.0,-358.0
-199.0,-462.0,-29.0,747.0,19.0,-156.0
-151.0,-412.0,11.0,908.0,-168.0,61.0
-120.0,-366.0,32.0,992.0,-377.0,267.0
-104.0,-325.0,44.0,1007.0,-595.0,443.0
-94.0,-302.0,37.0,993.0,-820.0,588.0
-83.0,-288.0,14.0,960.0,-1029.0,706.0
-58.0,-283.0,-21.0,907.0,-1192.0,785.0
-25.0,-282.0,-52.0,807.0,-1279.0,821.0
8.0,-293.0,-72.0,630.0,-1270.0,825.0
45.0,-308.0,-56.0,402.0,-1193.0,786.0
71.0,-321.0,-35.0,189.0,-1102.0,703.0
88.0,-337.0,-21.0,14.0,-1036.0,604.0
106.0,-340.0,-15.0,-106.0,-987.0,505.0
111.0,-333.0,-17.0,-155.0,-917.0,414.0
110.0,-314.0,-19.0,-136.0,-787.0,343.0
101.0,-277.0,-32.0,-51.0,-607.0,285.0
83.0,-235.0,-50.0,58.0,-408.0,232.0
52.0,-178.0,-69.0,148.0,-230.0,184.0
35.0,-127.0,-94.0,186.0,-92.0,147.0
13.0,-77.0,-98.0,146.0,8.0,126.0
-6.0,-25.0,-105.0,29.0,69.0,88.0
-20.0,27.0,-107.0,-151.0,101.0,76.0
-22.0,69.0,-98.0,-361.0,100.0,96.0
-8.0,99.0,-91.0,-589.0,85.0,113.0
5.0,124.0,-79.0,-816.0,89.0,41.0
20.0,147.0,-60.0,-1024.0,115.0,-65.0
19.0,145.0,-41.0,-1202.0,169.0,-127.0
30.0,124.0,-23.0,-1317.0,233.0,-137.0
35.0,112.0,6.0,-1320.0,318.0,-136.0
52.0,81.0,18.0,-1216.0,389.0,-120.0
59.0,47.0,12.0,-1023.0,438.0,-98.0
64.0,-25.0,-37.0,-843.0,474.0,-77.0
65.0,-84.0,-49.0,-763.0,499.0,-78.0
51.0,-110.0,-50.0,-614.0,505.0,-125.0
38.0,-133.0,-42.0,-374.0,436.0,-182.0
21.0,-155.0,-39.0,-39.0,290.0,-220.0
21.0,-182.0,-20.0,352.0,87.0,-213.0
21.0,-199.0,-18.0,791.0,-179.0,-197.0
-17.0,-205.0,-46.0,1243.0,-465.0,-180.0
-53.0,-213.0,-104.0,1592.0,-717.0,-60.0
-66.0,-223.0,-182.0,1684.0,-907.0,119.0
-105.0,-237.0,-258.0,1468.0,-1022.0,218.0
-157.0,-287.0,-318.0,1035.0,-1044.0,336.0
-183.0,-381.0,-346.0,557.0,-948.0,540.0
-182.0,-474.0,-349.0,154.0,-712.0,719.0
-257.0,-559.0,-284.0,-164.0,-380.0,830.0
-222.0,-639.0,-163.0,-403.0,-45.0,935.0
-86.0,-638.0,-12.0,-754.0,40.0,866.0
19.0,-619.0,89.0,-1166.0,-215.0,735.0
59.0,-595.0,103.0,-1362.0,-489.0,515.0
81.0,-582.0,44.0,-1271.0,-600.0,323.0
129.0,-604.0,-57.0,-1016.0,-647.0,237.0
191.0,-641.0,-135.0,-739.0,-624.0,187.0
231.0,-647.0,-170.0,-500.0,-424.0,108.0
226.0,-622.0,-146.0,-283.0,-80.0,8.0
190.0,-570.0,-98.0,-53.0,230.0,-71.0
170.0,-505.0,-57.0,198.0,359.0,-113.0
164.0,-441.0,-40.0,453.0,324.0,-138.0
163.0,-383.0,-43.0,684.0,248.0,-160.0
161.0,-332.0,-62.0,844.0,224.0,-183.0
152.0,-295.0,-76.0,886.0,294.0,-220.0
135.0,-258.0,-80.0,791.0,447.0,-274.0
102.0,-230.0,-65.0,592.0,635.0,-334.0
80.0,-210.0,-48.0,345.0,810.0,-389.0
61.0,-197.0,-38.0,109.0,932.0,-429.0
53.0,-198.0,-34.0,-72.0,1006.0,-448.0
48.0,-199.0,-38.0,-181.0,1058.0,-437.0
24.0,-214.0,-41.0,-238.0,1102.0,-401.0
19.0,-227.0,-39.0,-275.0,1136.0,-340.0
-6.0,-240.0,-35.0,-308.0,1141.0,-289.0
-16.0,-261.0,-35.0,-323.0,1132.0,-209.0
-30.0,-279.0,-17.0,-322.0,1114.0,-134.0
-42.0,-300.0,-7.0,-311.0,1080.0,-65.0
-49.0,-312.0,-1.0,-296.0,1017.0,-13.0
-54.0,-319.0,0.0,-280.0,928.0,33.0
-57.0,-321.0,0.0,-269.0,806.0,69.0
-51.0,-320.0,-10.0,-250.0,654.0,87.0
-38.0,-313.0,-12.0,-208.0,499.0,103.0
-21.0,-298.0,-22.0,-137.0,353.0,110.0
-2.0,-275.0,-40.0,-33.0,226.0,101.0
16.0,-247.0,-63.0,77.0,131.0,77.0
14.0,-203.0,-69.0,171.0,74.0,39.0
16.0,-159.0,-85.0,268.0,40.0,31.0
18.0,-114.0,-104.0,332.0,12.0,31.0
11.0,-72.0,-105.0,323.0,-9.0,21.0
2.0,-25.0,-103.0,277.0,-33.0,34.0
-14.0,13.0,-102.0,191.0,-78.0,67.0
-16.0,43.0,-102.0,62.0,-140.0,115.0
-14.0,62.0,-93.0,-161.0,-229.0,148.0
-16.0,79.0,-88.0,-405.0,-309.0,159.0
6.0,94.0,-73.0,-634.0,-331.0,173.0
11.0,106.0,-44.0,-802.0,-317.0,126.0
-2.0,111.0,-28.0,-861.0,-273.0,51.0
-29.0,105.0,-5.0,-823.0,-222.0,-3.0
-57.0,72.0,-22.0,-734.0,-195.0,-25.0
-69.0,50.0,-27.0,-667.0,-191.0,-8.0
-86.0,10.0,-49.0,-594.0,-195.0,31.0
-85.0,-17.0,-43.0,-495.0,-205.0,84.0
-73.0,-42.0,-51.0,-312.0,-209.0,152.0
