-60.0,44.0,58.0,1221.0,737.0,609.0
-76.0,35.0,36.0,1226.0,744.0,632.0
-72.0,24.0,7.0,1189.0,758.0,671.0
-57.0,11.0,-13.0,1105.0,799.0,707.0
-47.0,-6.0,-19.0,983.0,873.0,718.0
-30.0,-27.0,-24.0,861.0,938.0,733.0
-2.0,-47.0,-34.0,744.0,999.0,778.0
-12.0,-60.0,-38.0,621.0,1089.0,836.0
-21.0,-71.0,-47.0,464.0,1172.0,890.0
-12.0,-92.0,-92.0,271.0,1198.0,918.0
15.0,-143.0,-168.0,49.0,1166.0,878.0
46.0,-212.0,-235.0,-172.0,1119.0,786.0
75.0,-287.0,-262.0,-394.0,1108.0,690.0
94.0,-334.0,-248.0,-607.0,1117.0,590.0
107.0,-396.0,-190.0,-805.0,1103.0,501.0
118.0,-465.0,-100.0,-1043.0,1085.0,464.0
110.0,-550.0,-2.0,-1329.0,1120.0,470.0
105.0,-613.0,44.0,-1581.0,1178.0,518.0
94.0,-657.0,47.0,-1718.0,1207.0,577.0
79.0,-706.0,50.0,-1728.0,1262.0,634.0
48.0,-738.0,46.0,-1542.0,1372.0,668.0
-8.0,-741.0,23.0,-1107.0,1441.0,671.0
-54.0,-710.0,-7.0,-476.0,1405.0,683.0
-82.0,-661.0,-23.0,144.0,1303.0,695.0
-108.0,-584.0,-28.0,565.0,1188.0,698.0
-135.0,-506.0,-29.0,695.0,1092.0,693.0
-144.0,-452.0,-26.0,545.0,989.0,714.0
-143.0,-429.0,-32.0,207.0,879.0,748.0
-143.0,-436.0,-42.0,-203.0,766.0,791.0
-133.0,-455.0,-36.0,-594.0,632.0,839.0
-109.0,-499.0,-24.0,-892.0,490.0,880.0
-80.0,-546.0,-10.0,-1059.0,370.0,916.0
-54.0,-588.0,4.0,-1083.0,276.0,930.0
-43.0,-617.0,13.0,-980.0,206.0,919.0
-25.0,-631.0,31.0,-756.0,155.0,895.0
-15.0,-619.0,32.0,-445.0,114.0,864.0
-7.0,-586.0,35.0,-93.0,93.0,844.0
-6.0,-551.0,31.0,262.0,106.0,843.0
-13.0,-512.0,23.0,579.0,152.0,854.0
-26.0,-455.0,10.0,808.0,199.0,872.0
-42.0,-390.0,-9.0,941.0,213.0,892.0
-43.0,-334.0,-15.0,1002.0,185.0,912.0
-45.0,-270.0,-21.0,1039.0,144.0,917.0
-63.0,-223.0,-42.0,1070.0,94.0,904.0
-74.0,-164.0,-62.0,1000.0,22.0,889.0
-77.0,-115.0,-63.0,798.0,-63.0,867.0
-66.0,-80.0,-64.0,556.0,-155.0,818.0
-53.0,-61.0,-64.0,327.0,-252.0,738.0
-41.0,-50.0,-68.0,119.0,-357.0,637.0
-25.0,-38.0,-73.0,-69.0,-456.0,533.0
-23.0,-25.0,-85.0,-244.0,-550.0,427.0
-12.0,-18.0,-76.0,-396.0,-631.0,330.0
0.0,-16.0,-71.0,-501.0,-700.0,240.0
7.0,-16.0,-62.0,-536.0,-742.0,140.0
7.0,-16.0,-56.0,-521.0,-745.0,50.0
-9.0,-9.0,-36.0,-467.0,-713.0,-13.0
-24.0,-5.0,-18.0,-368.0,-676.0,-55.0
-28.0,-11.0,-12.0,-233.0,-645.0,-93.0
-41.0,-16.0,2.0,-35.0,-631.0,-142.0
-56.0,-21.0,4.0,151.0,-634.0,-202.0
-63.0,-21.0,12.0,336.0,-644.0,-251.0
-66.0,-18.0,15.0,521.0,-648.0,-280.0
-62.0,-10.0,12.0,698.0,-635.0,-293.0
-54.0,-2.0,13.0,844.0,-592.0,-306.0
-51.0,9.0,21.0,961.0,-528.0,-327.0
-39.0,17.0,32.0,1064.0,-474.0,-352.0
-19.0,30.0,44.0,1154.0,-456.0,-377.0
-5.0,38.0,36.0,1216.0,-486.0,-403.0
24.0,41.0,18.0,1253.0,-560.0,-442.0
36.0,46.0,-6.0,1278.0,-672.0,-504.0
41.0,43.0,-34.0,1289.0,-811.0,-582.0
48.0,45.0,-70.0,1252.0,-951.0,-646.0
50.0,36.0,-90.0,1140.0,-1052.0,-677.0
53.0,25.0,-95.0,968.0,-1078.0,-691.0
48.0,9.0,-100.0,756.0,-1030.0,-706.0
45.0,-17.0,-97.0,517.0,-941.0,-715.0
40.0,-50.0,-82.0,283.0,-862.0,-729.0
30.0,-67.0,-74.0,64.0,-822.0,-745.0
4.0,-99.0,-61.0,-164.0,-791.0,-750.0
-20.0,-144.0,-62.0,-408.0,-758.0,-732.0
-26.0,-193.0,-47.0,-650.0,-730.0,-671.0
0.0,-252.0,-36.0,-844.0,-716.0,-585.0
9.0,-299.0,-41.0,-1001.0,-694.0,-515.0
-8.0,-367.0,-53.0,-1176.0,-693.0,-467.0
-11.0,-431.0,-46.0,-1340.0,-736.0,-428.0
-31.0,-513.0,-40.0,-1460.0,-787.0,-421.0
-66.0,-584.0,-18.0,-1499.0,-776.0,-519.0
-66.0,-630.0,0.0,-1417.0,-754.0,-640.0
-6.0,-649.0,13.0,-1216.0,-820.0,-723.0
50.0,-644.0,2.0,-1013.0,-938.0,-801.0
81.0,-632.0,7.0,-969.0,-963.0,-929.0
63.0,-617.0,10.0,-1002.0,-864.0,-1041.0
50.0,-611.0,0.0,-1000.0,-752.0,-1071.0
46.0,-609.0,-25.0,-927.0,-674.0,-1060.0
38.0,-599.0,-21.0,-782.0,-607.0,-1020.0
27.0,-574.0,-6.0,-577.0,-550.0,-974.0
26.0,-546.0,2.0,-370.0,-505.0,-936.0
38.0,-523.0,1.0,-261.0,-469.0,-891.0
56.0,-500.0,0.0,-286.0,-426.0,-855.0
66.0,-492.0,1.0,-409.0,-358.0,-825.0
74.0,-504.0,-6.0,-554.0,-301.0,-804.0
90.0,-516.0,0.0,-666.0,-270.0,-792.0
102.0,-522.0,5.0,-681.0,-245.0,-807.0
125.0,-532.0,-4.0,-620.0,-193.0,-839.0
117.0,-521.0,-20.0,-565.0,-112.0,-888.0
120.0,-509.0,-11.0,-493.0,-52.0,-912.0
106.0,-484.0,-22.0,-364.0,-1.0,-956.0
92.0,-466.0,-22.0,-215.0,30.0,-999.0
81.0,-425.0,-52.0,-83.0,43.0,-1013.0
73.0,-383.0,-57.0,-14.0,57.0,-990.0
71.0,-339.0,-66.0,41.0,67.0,-947.0
71.0,-306.0,-65.0,100.0,85.0,-898.0
66.0,-259.0,-66.0,181.0,120.0,-869.0
49.0,-205.0,-78.0,260.0,161.0,-834.0
27.0,-161.0,-96.0,305.0,194.0,-781.0
6.0,-115.0,-118.0,300.0,231.0,-704.0
-3.0,-87.0,-129.0,234.0,276.0,-599.0
-25.0,-58.0,-126.0,124.0,322.0,-472.0
-34.0,-33.0,-118.0,1.0,362.0,-328.0
-36.0,-21.0,-101.0,-113.0,382.0,-184.0
-31.0,-12.0,-67.0,-178.0,381.0,-57.0
-18.0,-12.0,-47.0,-168.0,364.0,31.0
5.0,-12.0,-22.0,-87.0,336.0,75.0
19.0,-16.0,-1.0,54.0,304.0,79.0
30.0,-23.0,18.0,240.0,277.0,56.0
37.0,-28.0,42.0,455.0,252.0,27.0
46.0,-39.0,48.0,682.0,234.0,11.0
54.0,-45.0,56.0,891.0,232.0,4.0
55.0,-49.0,59.0,1082.0,262.0,13.0
55.0,-50.0,56.0,1250.0,325.0,31.0
39.0,-43.0,51.0,1406.0,405.0,56.0
28.0,-33.0,51.0,1553.0,485.0,105.0
21.0,-15.0,43.0,1671.0,544.0,160.0
14.0,2.0,39.0,1730.0,569.0,214.0
0.0,15.0,43.0,1751.0,577.0,271.0
-23.0,29.0,40.0,1747.0,596.0,338.0
-50.0,38.0,32.0,1722.0,632.0,404.0
-69.0,41.0,18.0,1676.0,665.0,467.0
-69.0,39.0,-5.0,1622.0,707.0,520.0
-63.0,25.0,-30.0,1565.0,774.0,545.0
-63.0,6.0,-38.0,1488.0,859.0,556.0
-57.0,-13.0,-39.0,1382.0,912.0,588.0
-46.0,-38.0,-57.0,1260.0,928.0,650.0
-52.0,-60.0,-61.0,1134.0,949.0,718.0
-75.0,-73.0,-73.0,993.0,981.0,784.0
-75.0,-89.0,-103.0,807.0,986.0,840.0
-43.0,-112.0,-151.0,552.0,968.0,866.0
-2.0,-158.0,-213.0,187.0,954.0,823.0
24.0,-229.0,-239.0,-266.0,953.0,670.0
23.0,-308.0,-201.0,-716.0,910.0,430.0
65.0,-401.0,-121.0,-1105.0,789.0,202.0
92.0,-484.0,-36.0,-1413.0,630.0,-10.0
126.0,-576.0,57.0,-1622.0,591.0,-143.0
140.0,-644.0,105.0,-1756.0,724.0,-125.0
125.0,-670.0,110.0,-1764.0,921.0,9.0
106.0,-679.0,118.0,-1661.0,1080.0,252.0
89.0,-668.0,112.0,-1374.0,1208.0,496.0
61.0,-637.0,92.0,-882.0,1302.0,672.0
34.0,-572.0,56.0,-277.0,1347.0,778.0
8.0,-489.0,24.0,279.0,1326.0,846.0
-8.0,-406.0,10.0,663.0,1269.0,916.0
-14.0,-348.0,-4.0,832.0,1208.0,986.0
-23.0,-296.0,-19.0,739.0,1136.0,1038.0
-28.0,-277.0,-40.0,398.0,1078.0,1060.0
-36.0,-299.0,-43.0,-119.0,1032.0,1088.0
-40.0,-339.0,-32.0,-708.0,995.0,1113.0
-49.0,-428.0,-1.0,-1285.0,950.0,1126.0
-51.0,-529.0,36.0,-1741.0,882.0,1126.0
-41.0,-630.0,68.0,-1971.0,792.0,1112.0
-44.0,-704.0,89.0,-1943.0,714.0,1081.0
-44.0,-735.0,97.0,-1662.0,653.0,1058.0
-50.0,-742.0,108.0,-1157.0,611.0,1052.0
-43.0,-703.0,95.0,-516.0,589.0,1063.0
-56.0,-630.0,67.0,117.0,586.0,1073.0
-62.0,-548.0,42.0,623.0,592.0,1102.0
-60.0,-486.0,25.0,975.0,590.0,1140.0
-62.0,-402.0,3.0,1201.0,577.0,1188.0
-64.0,-325.0,-6.0,1305.0,575.0,1218.0
-79.0,-252.0,-33.0,1320.0,566.0,1237.0
-81.0,-195.0,-56.0,1221.0,530.0,1241.0
-74.0,-154.0,-56.0,1008.0,472.0,1205.0
-65.0,-107.0,-52.0,771.0,386.0,1113.0
-38.0,-79.0,-56.0,574.0,281.0,981.0
-28.0,-57.0,-61.0,372.0,175.0,825.0
-24.0,-52.0,-63.0,138.0,51.0,678.0
-28.0,-48.0,-73.0,-126.0,-79.0,518.0
-27.0,-56.0,-65.0,-357.0,-236.0,374.0
-25.0,-62.0,-59.0,-494.0,-397.0,236.0
-15.0,-67.0,-53.0,-528.0,-514.0,113.0
-7.0,-67.0,-39.0,-476.0,-557.0,1.0
-2.0,-63.0,-39.0,-355.0,-541.0,-95.0
-13.0,-59.0,-26.0,-190.0,-483.0,-179.0
-27.0,-54.0,-12.0,7.0,-416.0,-247.0
-43.0,-48.0,0.0,220.0,-351.0,-304.0
-62.0,-46.0,18.0,434.0,-315.0,-344.0
-69.0,-44.0,34.0,639.0,-318.0,-378.0
-73.0,-37.0,42.0,837.0,-359.0,-407.0
-68.0,-29.0,37.0,1022.0,-406.0,-431.0
-60.0,-14.0,30.0,1179.0,-428.0,-440.0
-50.0,2.0,20.0,1299.0,-417.0,-442.0
-39.0,18.0,13.0,1386.0,-388.0,-450.0
-27.0,35.0,8.0,1440.0,-366.0,-469.0
-8.0,50.0,-3.0,1450.0,-371.0,-486.0
14.0,63.0,-16.0,1412.0,-405.0,-500.0
40.0,69.0,-36.0,1327.0,-467.0,-506.0
52.0,68.0,-57.0,1209.0,-547.0,-513.0
70.0,62.0,-74.0,1079.0,-638.0,-533.0
85.0,51.0,-97.0,956.0,-728.0,-570.0
96.0,41.0,-111.0,845.0,-784.0,-632.0
108.0,27.0,-117.0,718.0,-794.0,-707.0
115.0,12.0,-114.0,551.0,-743.0,-782.0
128.0,-7.0,-104.0,350.0,-662.0,-843.0
128.0,-34.0,-90.0,127.0,-592.0,-880.0
95.0,-66.0,-92.0,-123.0,-551.0,-886.0
58.0,-109.0,-91.0,-390.0,-566.0,-832.0
35.0,-141.0,-102.0,-647.0,-625.0,-731.0
5.0,-194.0,-99.0,-878.0,-676.0,-616.0
-26.0,-245.0,-97.0,-1069.0,-707.0,-527.0
-49.0,-299.0,-100.0,-1233.0,-720.0,-464.0
-52.0,-339.0,-97.0,-1383.0,-729.0,-423.0
-59.0,-402.0,-60.0,-1477.0,-679.0,-423.0
-99.0,-462.0,-8.0,-1446.0,-554.0,-457.0
-139.0,-513.0,32.0,-1261.0,-431.0,-506.0
-121.0,-538.0,57.0,-977.0,-425.0,-552.0
-63.0,-537.0,65.0,-686.0,-550.0,-603.0
11.0,-517.0,67.0,-482.0,-683.0,-677.0
55.0,-486.0,55.0,-462.0,-677.0,-779.0
85.0,-478.0,43.0,-659.0,-594.0,-861.0
102.0,-478.0,36.0,-979.0,-557.0,-900.0
120.0,-487.0,3.0,-1268.0,-601.0,-906.0
136.0,-506.0,-26.0,-1424.0,-611.0,-892.0
137.0,-526.0,-41.0,-1430.0,-509.0,-861.0
128.0,-540.0,-26.0,-1294.0,-322.0,-828.0
109.0,-546.0,1.0,-1113.0,-133.0,-809.0
101.0,-538.0,21.0,-954.0,14.0,-814.0
80.0,-521.0,42.0,-838.0,134.0,-836.0
56.0,-507.0,54.0,-738.0,251.0,-866.0
33.0,-504.0,45.0,-663.0,351.0,-880.0
45.0,-507.0,39.0,-680.0,401.0,-860.0
29.0,-520.0,34.0,-779.0,401.0,-813.0
49.0,-540.0,46.0,-876.0,397.0,-756.0
75.0,-551.0,59.0,-907.0,427.0,-711.0
104.0,-555.0,62.0,-851.0,480.0,-688.0
129.0,-548.0,57.0,-718.0,543.0,-673.0
145.0,-551.0,49.0,-542.0,634.0,-667.0
152.0,-526.0,35.0,-341.0,740.0,-640.0
149.0,-500.0,19.0,-133.0,853.0,-619.0
139.0,-461.0,5.0,69.0,954.0,-612.0
130.0,-418.0,-14.0,247.0,1047.0,-604.0
115.0,-384.0,-26.0,391.0,1128.0,-593.0
90.0,-340.0,-29.0,486.0,1182.0,-575.0
67.0,-291.0,-34.0,535.0,1204.0,-546.0
50.0,-239.0,-40.0,520.0,1209.0,-503.0
30.0,-191.0,-43.0,434.0,1214.0,-446.0
12.0,-163.0,-38.0,300.0,1217.0,-367.0
4.0,-130.0,-42.0,156.0,1209.0,-271.0
-2.0,-113.0,-52.0,37.0,1196.0,-173.0
3.0,-97.0,-52.0,-61.0,1177.0,-81.0
2.0,-85.0,-54.0,-129.0,1166.0,7.0
9.0,-77.0,-46.0,-161.0,1174.0,94.0
25.0,-72.0,-34.0,-148.0,1209.0,179.0
38.0,-69.0,-24.0,-91.0,1269.0,250.0
55.0,-59.0,-25.0,15.0,1328.0,307.0
67.0,-49.0,-27.0,154.0,1380.0,350.0
70.0,-40.0,-30.0,305.0,1435.0,376.0
71.0,-27.0,-28.0,434.0,1483.0,401.0
80.0,-27.0,-26.0,532.0,1511.0,414.0
86.0,-22.0,-22.0,600.0,1528.0,414.0
86.0,-21.0,-28.0,646.0,1545.0,403.0
89.0,-19.0,-28.0,684.0,1565.0,383.0
86.0,-17.0,-28.0,736.0,1592.0,361.0
84.0,-8.0,-29.0,812.0,1628.0,348.0
74.0,-4.0,-36.0,902.0,1679.0,344.0
59.0,1.0,-33.0,999.0,1747.0,351.0
42.0,10.0,-31.0,1084.0,1822.0,372.0
27.0,22.0,-24.0,1141.0,1893.0,411.0
14.0,28.0,-15.0,1168.0,1956.0,478.0
2.0,35.0,-5.0,1179.0,2015.0,560.0
-7.0,33.0,2.0,1187.0,2071.0,639.0
-35.0,36.0,8.0,1189.0,2127.0,699.0
-54.0,40.0,0.0,1184.0,2174.0,738.0
-39.0,42.0,-27.0,1161.0,2207.0,784.0
-14.0,33.0,-61.0,1101.0,2260.0,829.0
-15.0,25.0,-71.0,981.0,2353.0,822.0
-13.0,11.0,-94.0,791.0,2424.0,792.0
19.0,-10.0,-126.0,556.0,2442.0,769.0
43.0,-31.0,-129.0,341.0,2467.0,775.0
45.0,-48.0,-128.0,187.0,2494.0,798.0
44.0,-68.0,-132.0,62.0,2495.0,822.0
26.0,-109.0,-142.0,-120.0,2472.0,810.0
18.0,-154.0,-144.0,-408.0,2407.0,729.0
19.0,-206.0,-144.0,-740.0,2293.0,568.0
27.0,-266.0,-123.0,-1041.0,2188.0,353.0
18.0,-325.0,-106.0,-1255.0,2136.0,125.0
-2.0,-394.0,-72.0,-1346.0,2145.0,-64.0
1.0,-459.0,-40.0,-1323.0,2196.0,-190.0
20.0,-513.0,-30.0,-1186.0,2286.0,-283.0
8.0,-533.0,-34.0,-949.0,2430.0,-341.0
-2.0,-535.0,-59.0,-633.0,2605.0,-308.0
-9.0,-517.0,-84.0,-309.0,2747.0,-214.0
-31.0,-479.0,-101.0,-31.0,2817.0,-113.0
-35.0,-436.0,-110.0,147.0,2798.0,-25.0
-30.0,-389.0,-85.0,205.0,2719.0,35.0
-37.0,-351.0,-67.0,219.0,2613.0,82.0
-42.0,-311.0,-29.0,210.0,2481.0,126.0
-31.0,-275.0,2.0,222.0,2377.0,169.0
-28.0,-249.0,13.0,284.0,2311.0,202.0
-24.0,-242.0,20.0,397.0,2257.0,243.0
-17.0,-240.0,17.0,542.0,2227.0,299.0
-3.0,-252.0,0.0,664.0,2235.0,365.0
-4.0,-264.0,-21.0,700.0,2295.0,411.0
-13.0,-293.0,-42.0,615.0,2368.0,442.0
-20.0,-328.0,-49.0,402.0,2412.0,467.0
-19.0,-360.0,-40.0,89.0,2402.0,477.0
-20.0,-406.0,-27.0,-271.0,2362.0,493.0
-17.0,-455.0,0.0,-628.0,2315.0,526.0
-8.0,-505.0,34.0,-904.0,2275.0,567.0
1.0,-543.0,58.0,-1048.0,2253.0,606.0
17.0,-566.0,58.0,-1021.0,2256.0,647.0
29.0,-575.0,50.0,-853.0,2277.0,680.0
20.0,-568.0,39.0,-568.0,2325.0,703.0
18.0,-545.0,28.0,-262.0,2357.0,737.0
21.0,-525.0,8.0,-10.0,2354.0,763.0
20.0,-499.0,-10.0,142.0,2350.0,788.0
11.0,-474.0,-30.0,188.0,2351.0,812.0
-3.0,-459.0,-34.0,118.0,2356.0,824.0
-17.0,-450.0,-24.0,-48.0,2343.0,845.0
-33.0,-436.0,-22.0,-254.0,2307.0,847.0
-22.0,-431.0,-8.0,-455.0,2262.0,858.0
8.0,-434.0,-3.0,-603.0,2219.0,848.0
8.0,-424.0,4.0,-690.0,2233.0,814.0
-26.0,-407.0,3.0,-720.0,2293.0,752.0
-43.0,-406.0,-15.0,-718.0,2305.0,722.0
-27.0,-401.0,-38.0,-710.0,2265.0,735.0
-44.0,-388.0,-72.0,-673.0,2270.0,740.0
5.0,-388.0,-78.0,-642.0,2275.0,754.0
6.0,-366.0,-92.0,-571.0,2308.0,718.0
-1.0,-347.0,-89.0,-488.0,2358.0,665.0
-8.0,-326.0,-88.0,-444.0,2387.0,649.0
-33.0,-309.0,-69.0,-425.0,2411.0,603.0
-35.0,-292.0,-53.0,-365.0,2425.0,530.0
-21.0,-262.0,-47.0,-228.0,2347.0,424.0
-8.0,-228.0,-42.0,-40.0,2203.0,294.0
-27.0,-178.0,-47.0,141.0,2052.0,160.0
-83.0,-138.0,-70.0,214.0,1917.0,91.0
-122.0,-114.0,-100.0,165.0,1748.0,105.0
-92.0,-113.0,-90.0,56.0,1541.0,193.0
-66.0,-94.0,-93.0,-15.0,1360.0,255.0
-58.0,-77.0,-82.0,8.0,1280.0,252.0
-59.0,-59.0,-58.0,95.0,1277.0,234.0
-67.0,-43.0,-41.0,178.0,1316.0,231.0
-45.0,-45.0,-7.0,219.0,1344.0,260.0
-35.0,-55.0,17.0,280.0,1344.0,255.0
-22.0,-69.0,34.0,397.0,1352.0,231.0
3.0,-87.0,52.0,572.0,1369.0,211.0
26.0,-103.0,55.0,798.0,1390.0,179.0
42.0,-104.0,44.0,1041.0,1398.0,131.0
45.0,-98.0,24.0,1269.0,1407.0,86.0
59.0,-75.0,-8.0,1437.0,1390.0,47.0
61.0,-52.0,-47.0,1505.0,1346.0,17.0
75.0,-24.0,-73.0,1454.0,1283.0,6.0
89.0,-6.0,-78.0,1298.0,1270.0,-17.0
84.0,0.0,-67.0,1074.0,1329.0,-50.0
85.0,-3.0,-38.0,824.0,1427.0,-75.0
71.0,-19.0,-2.0,608.0,1540.0,-116.0
52.0,-43.0,24.0,467.0,1641.0,-166.0
29.0,-50.0,41.0,415.0,1731.0,-219.0
23.0,-47.0,41.0,441.0,1792.0,-255.0
23.0,-46.0,38.0,480.0,1823.0,-270.0
12.0,-45.0,37.0,473.0,1845.0,-277.0
16.0,-42.0,60.0,442.0,1872.0,-270.0
-4.0,-43.0,62.0,436.0,1926.0,-265.0
-3.0,-41.0,43.0,513.0,1986.0,-300.0
-16.0,-24.0,12.0,626.0,2006.0,-348.0
3.0,-30.0,-41.0,654.0,2008.0,-374.0
19.0,-39.0,-85.0,545.0,2009.0,-403.0
26.0,-43.0,-113.0,322.0,2039.0,-414.0
7.0,-57.0,-141.0,28.0,2062.0,-376.0
-23.0,-74.0,-151.0,-295.0,2030.0,-302.0
-48.0,-107.0,-159.0,-608.0,1922.0,-184.0
-71.0,-159.0,-160.0,-913.0,1769.0,-34.0
-95.0,-210.0,-155.0,-1213.0,1620.0,151.0
-131.0,-290.0,-126.0,-1477.0,1507.0,355.0
-160.0,-372.0,-71.0,-1630.0,1416.0,524.0
-161.0,-432.0,-21.0,-1584.0,1321.0,625.0
-135.0,-458.0,4.0,-1365.0,1200.0,653.0
-94.0,-461.0,7.0,-1096.0,1094.0,608.0
-30.0,-459.0,0.0,-881.0,1063.0,493.0
27.0,-466.0,-8.0,-744.0,1081.0,330.0
71.0,-466.0,-9.0,-633.0,1096.0,146.0
118.0,-463.0,-20.0,-495.0,1113.0,-36.0
137.0,-456.0,-14.0,-335.0,1141.0,-217.0
147.0,-447.0,-8.0,-124.0,1175.0,-373.0
146.0,-419.0,-22.0,136.0,1215.0,-495.0
131.0,-390.0,-36.0,354.0,1260.0,-592.0
93.0,-352.0,-48.0,503.0,1298.0,-654.0
59.0,-336.0,-61.0,570.0,1316.0,-660.0
21.0,-324.0,-78.0,525.0,1298.0,-629.0
-13.0,-322.0,-76.0,376.0,1247.0,-589.0
-21.0,-326.0,-63.0,205.0,1169.0,-528.0
-13.0,-323.0,-40.0,72.0,1090.0,-462.0
-21.0,-330.0,-42.0,-14.0,1027.0,-400.0
-26.0,-328.0,-33.0,-72.0,994.0,-342.0
-25.0,-330.0,-23.0,-108.0,989.0,-276.0
-27.0,-330.0,-19.0,-123.0,997.0,-222.0
-21.0,-326.0,-18.0,-111.0,1016.0,-183.0
-11.0,-325.0,-14.0,-72.0,1038.0,-157.0
0.0,-318.0,-18.0,-5.0,1060.0,-144.0
14.0,-307.0,-22.0,84.0,1074.0,-138.0
23.0,-292.0,-25.0,179.0,1084.0,-145.0
42.0,-275.0,-24.0,263.0,1091.0,-159.0
50.0,-269.0,-27.0,326.0,1109.0,-184.0
67.0,-257.0,-32.0,358.0,1139.0,-206.0
64.0,-250.0,-37.0,363.0,1184.0,-238.0
67.0,-243.0,-36.0,354.0,1226.0,-251.0
72.0,-245.0,-38.0,347.0,1272.0,-265.0
76.0,-241.0,-39.0,352.0,1322.0,-276.0
74.0,-236.0,-45.0,375.0,1373.0,-287.0
73.0,-227.0,-47.0,404.0,1420.0,-294.0
70.0,-222.0,-47.0,435.0,1463.0,-309.0
66.0,-211.0,-50.0,470.0,1505.0,-327.0
63.0,-201.0,-52.0,499.0,1543.0,-345.0
61.0,-195.0,-58.0,504.0,1583.0,-356.0
51.0,-186.0,-57.0,484.0,1613.0,-362.0
48.0,-184.0,-63.0,439.0,1631.0,-357.0
42.0,-181.0,-70.0,377.0,1640.0,-340.0
46.0,-184.0,-67.0,306.0,1648.0,-311.0
41.0,-189.0,-66.0,239.0,1670.0,-287.0
24.0,-186.0,-59.0,175.0,1699.0,-267.0
15.0,-189.0,-55.0,120.0,1712.0,-246.0
11.0,-187.0,-42.0,71.0,1707.0,-224.0
7.0,-189.0,-39.0,34.0,1695.0,-203.0
5.0,-181.0,-33.0,8.0,1683.0,-177.0
6.0,-180.0,-35.0,-16.0,1678.0,-152.0
8.0,-177.0,-30.0,-36.0,1677.0,-129.0
7.0,-176.0,-29.0,-50.0,1684.0,-105.0
10.0,-176.0,-28.0,-56.0,1685.0,-86.0
13.0,-179.0,-32.0,-61.0,1685.0,-68.0
5.0,-176.0,-30.0,-66.0,1687.0,-47.0
6.0,-177.0,-30.0,-77.0,1686.0,-24.0
2.0,-176.0,-26.0,-97.0,1682.0,-2.0
2.0,-177.0,-26.0,-125.0,1679.0,23.0
0.0,-181.0,-24.0,-148.0,1677.0,43.0
2.0,-187.0,-21.0,-159.0,1673.0,63.0
3.0,-187.0,-19.0,-153.0,1673.0,83.0
2.0,-190.0,-25.0,-127.0,1680.0,99.0
2.0,-195.0,-33.0,-115.0,1687.0,122.0
6.0,-197.0,-36.0,-111.0,1697.0,143.0
10.0,-200.0,-40.0,-94.0,1713.0,163.0
14.0,-204.0,-41.0,-79.0,1721.0,178.0
10.0,-204.0,-46.0,-77.0,1717.0,193.0
17.0,-208.0,-46.0,-98.0,1712.0,208.0
22.0,-212.0,-39.0,-128.0,1716.0,223.0
27.0,-223.0,-38.0,-152.0,1732.0,236.0
43.0,-233.0,-24.0,-166.0,1746.0,248.0
32.0,-236.0,-29.0,-168.0,1755.0,258.0
35.0,-240.0,-32.0,-161.0,1756.0,260.0
34.0,-246.0,-30.0,-146.0,1751.0,265.0
33.0,-244.0,-27.0,-128.0,1746.0,271.0
38.0,-249.0,-26.0,-108.0,1745.0,277.0
36.0,-251.0,-32.0,-85.0,1754.0,280.0
38.0,-249.0,-32.0,-58.0,1774.0,283.0
32.0,-252.0,-30.0,-31.0,1794.0,289.0
28.0,-250.0,-32.0,-11.0,1807.0,297.0
23.0,-248.0,-37.0,8.0,1810.0,305.0
28.0,-252.0,-37.0,22.0,1806.0,312.0
24.0,-252.0,-40.0,33.0,1804.0,318.0
22.0,-256.0,-39.0,42.0,1803.0,323.0
20.0,-253.0,-38.0,51.0,1803.0,328.0
16.0,-253.0,-40.0,62.0,1804.0,330.0
18.0,-252.0,-33.0,76.0,1801.0,331.0
19.0,-249.0,-38.0,90.0,1799.0,331.0
21.0,-241.0,-35.0,100.0,1798.0,333.0
23.0,-246.0,-35.0,112.0,1799.0,334.0
19.0,-241.0,-36.0,123.0,1795.0,333.0
19.0,-239.0,-41.0,135.0,1786.0,331.0
23.0,-235.0,-37.0,147.0,1774.0,329.0
18.0,-230.0,-33.0,151.0,1758.0,325.0
16.0,-227.0,-34.0,145.0,1738.0,322.0
12.0,-230.0,-27.0,132.0,1717.0,319.0
7.0,-227.0,-28.0,109.0,1690.0,314.0
3.0,-228.0,-21.0,76.0,1656.0,315.0
-1.0,-232.0,-19.0,39.0,1622.0,321.0
-6.0,-239.0,-20.0,10.0,1592.0,332.0
-7.0,-243.0,-21.0,-12.0,1566.0,347.0
-1.0,-251.0,-17.0,-21.0,1536.0,364.0
-8.0,-256.0,-18.0,-21.0,1509.0,376.0
-2.0,-262.0,-16.0,-4.0,1485.0,382.0
-4.0,-261.0,-16.0,31.0,1464.0,380.0
-1.0,-264.0,-16.0,67.0,1444.0,372.0
1.0,-262.0,-22.0,105.0,1428.0,357.0
2.0,-260.0,-23.0,135.0,1423.0,343.0
2.0,-262.0,-29.0,157.0,1430.0,334.0
3.0,-262.0,-28.0,174.0,1438.0,326.0
4.0,-259.0,-27.0,183.0,1442.0,317.0
1.0,-260.0,-29.0,186.0,1445.0,308.0
1.0,-260.0,-27.0,186.0,1440.0,296.0
5.0,-261.0,-27.0,180.0,1428.0,280.0
11.0,-255.0,-26.0,167.0,1414.0,269.0
15.0,-258.0,-29.0,142.0,1402.0,258.0
17.0,-259.0,-39.0,113.0,1399.0,242.0
18.0,-265.0,-51.0,74.0,1409.0,220.0
18.0,-275.0,-55.0,24.0,1421.0,194.0
19.0,-286.0,-53.0,-16.0,1425.0,167.0
19.0,-291.0,-54.0,-38.0,1422.0,142.0
15.0,-299.0,-46.0,-48.0,1417.0,118.0
15.0,-311.0,-44.0,-51.0,1411.0,93.0
12.0,-314.0,-32.0,-35.0,1404.0,65.0
10.0,-310.0,-32.0,6.0,1390.0,36.0
3.0,-305.0,-22.0,71.0,1371.0,0.0
1.0,-296.0,-17.0,152.0,1353.0,-34.0
-2.0,-288.0,-14.0,239.0,1333.0,-61.0
-19.0,-271.0,-9.0,322.0,1313.0,-79.0
-32.0,-260.0,-14.0,398.0,1295.0,-92.0
-43.0,-249.0,-11.0,468.0,1270.0,-96.0
-57.0,-229.0,-8.0,519.0,1243.0,-87.0
-63.0,-209.0,-11.0,536.0,1208.0,-75.0
-61.0,-198.0,-16.0,514.0,1166.0,-57.0
-63.0,-181.0,-23.0,463.0,1121.0,-35.0
-63.0,-181.0,-19.0,404.0,1066.0,-13.0
-60.0,-179.0,-28.0,342.0,1015.0,4.0
-56.0,-178.0,-31.0,279.0,968.0,21.0
-46.0,-178.0,-36.0,216.0,925.0,35.0
-46.0,-181.0,-36.0,143.0,893.0,48.0
-44.0,-193.0,-38.0,59.0,862.0,62.0
-32.0,-205.0,-35.0,-39.0,828.0,77.0
-22.0,-222.0,-30.0,-130.0,797.0,90.0
-10.0,-244.0,-24.0,-197.0,780.0,97.0
-6.0,-259.0,-14.0,-233.0,770.0,103.0
-1.0,-267.0,-10.0,-245.0,761.0,108.0
0.0,-280.0,-5.0,-241.0,746.0,110.0
-1.0,-289.0,0.0,-226.0,724.0,112.0
-11.0,-290.0,2.0,-199.0,693.0,114.0
-18.0,-293.0,5.0,-158.0,661.0,115.0
-24.0,-290.0,5.0,-108.0,629.0,119.0
-33.0,-287.0,5.0,-51.0,600.0,118.0
-45.0,-281.0,2.0,2.0,567.0,115.0
-59.0,-274.0,-2.0,45.0,532.0,114.0
-65.0,-265.0,-3.0,76.0,490.0,117.0
-71.0,-261.0,-5.0,97.0,442.0,122.0
-73.0,-255.0,-7.0,113.0,389.0,130.0
-78.0,-251.0,-9.0,123.0,340.0,137.0
-74.0,-251.0,-12.0,126.0,291.0,146.0
-76.0,-247.0,-10.0,127.0,247.0,155.0
-72.0,-246.0,-12.0,125.0,206.0,163.0
-67.0,-244.0,-11.0,122.0,169.0,174.0
-63.0,-247.0,-9.0,122.0,136.0,179.0
-56.0,-247.0,-8.0,124.0,109.0,188.0
-58.0,-247.0,-8.0,124.0,82.0,195.0
-48.0,-248.0,-12.0,124.0,56.0,201.0
-42.0,-248.0,-7.0,122.0,32.0,203.0
-35.0,-254.0,-4.0,119.0,12.0,203.0
-24.0,-254.0,-2.0,118.0,-6.0,205.0
-17.0,-257.0,-4.0,121.0,-18.0,206.0
-9.0,-257.0,-1.0,129.0,-19.0,198.0
-2.0,-259.0,0.0,143.0,-12.0,190.0
2.0,-260.0,2.0,154.0,-8.0,183.0
1.0,-258.0,5.0,164.0,-8.0,173.0
8.0,-258.0,6.0,177.0,-8.0,165.0
12.0,-253.0,4.0,200.0,2.0,156.0
12.0,-246.0,3.0,227.0,24.0,142.0
20.0,-243.0,-6.0,247.0,48.0,132.0
26.0,-240.0,-7.0,253.0,72.0,119.0
21.0,-237.0,-7.0,243.0,93.0,104.0
20.0,-231.0,-3.0,227.0,108.0,91.0
18.0,-232.0,-6.0,216.0,121.0,74.0
15.0,-230.0,-12.0,196.0,135.0,60.0
12.0,-229.0,-13.0,166.0,157.0,53.0
12.0,-234.0,-14.0,130.0,184.0,43.0
9.0,-239.0,-13.0,102.0,210.0,34.0
10.0,-243.0,-15.0,85.0,235.0,22.0
7.0,-245.0,-11.0,75.0,260.0,9.0
3.0,-253.0,-4.0,75.0,289.0,0.0
2.0,-251.0,-13.0,79.0,315.0,-8.0
0.0,-248.0,-12.0,86.0,336.0,-12.0
-4.0,-248.0,-14.0,87.0,352.0,-13.0
-8.0,-249.0,-12.0,83.0,360.0,-9.0
-12.0,-250.0,-15.0,68.0,363.0,-3.0
-14.0,-249.0,-16.0,44.0,363.0,8.0
-15.0,-257.0,-16.0,18.0,364.0,20.0
-19.0,-257.0,-14.0,-3.0,367.0,32.0
-19.0,-261.0,-16.0,-13.0,370.0,43.0
-21.0,-261.0,-10.0,-15.0,373.0,50.0
-19.0,-262.0,-9.0,-9.0,373.0,59.0
-21.0,-260.0,-8.0,-1.0,369.0,65.0
-18.0,-266.0,-4.0,9.0,366.0,67.0
-19.0,-268.0,0.0,23.0,362.0,66.0
-21.0,-269.0,2.0,47.0,357.0,62.0
-23.0,-267.0,1.0,73.0,349.0,55.0
-26.0,-261.0,5.0,102.0,339.0,51.0
-27.0,-259.0,4.0,132.0,327.0,49.0
-30.0,-260.0,1.0,154.0,313.0,51.0
-35.0,-254.0,1.0,166.0,296.0,52.0
-36.0,-251.0,2.0,168.0,281.0,52.0
-39.0,-249.0,-5.0,159.0,269.0,52.0
-44.0,-247.0,-4.0,149.0,257.0,54.0
-47.0,-246.0,-9.0,148.0,242.0,55.0
-50.0,-245.0,-11.0,155.0,228.0,58.0
-47.0,-245.0,-18.0,164.0,212.0,58.0
-51.0,-246.0,-14.0,172.0,195.0,56.0
-50.0,-245.0,-11.0,177.0,179.0,54.0
