27.0,-273.0,-76.0,-222.0,39.0,27.0
34.0,-279.0,-84.0,-326.0,92.0,38.0
38.0,-287.0,-88.0,-431.0,155.0,49.0
36.0,-290.0,-93.0,-523.0,228.0,52.0
42.0,-294.0,-100.0,-592.0,304.0,43.0
46.0,-293.0,-111.0,-637.0,397.0,25.0
51.0,-285.0,-123.0,-659.0,517.0,8.0
62.0,-278.0,-130.0,-665.0,667.0,4.0
74.0,-262.0,-136.0,-643.0,840.0,14.0
90.0,-254.0,-144.0,-593.0,1017.0,23.0
106.0,-235.0,-144.0,-515.0,1186.0,34.0
133.0,-220.0,-133.0,-412.0,1337.0,45.0
155.0,-199.0,-123.0,-285.0,1448.0,46.0
163.0,-178.0,-115.0,-133.0,1490.0,39.0
167.0,-158.0,-94.0,6.0,1448.0,33.0
153.0,-137.0,-73.0,117.0,1321.0,44.0
138.0,-132.0,-48.0,186.0,1133.0,59.0
110.0,-135.0,-23.0,212.0,909.0,64.0
69.0,-148.0,0.0,197.0,660.0,57.0
37.0,-168.0,-2.0,146.0,404.0,42.0
9.0,-184.0,-1.0,55.0,179.0,26.0
-15.0,-201.0,-39.0,-74.0,16.0,24.0
-30.0,-216.0,-70.0,-250.0,-83.0,45.0
-46.0,-237.0,-106.0,-478.0,-139.0,77.0
-59.0,-258.0,-126.0,-748.0,-183.0,110.0
-70.0,-284.0,-136.0,-998.0,-230.0,133.0
-77.0,-317.0,-126.0,-1146.0,-264.0,151.0
-81.0,-354.0,-114.0,-1136.0,-284.0,173.0
-67.0,-386.0,-96.0,-973.0,-286.0,186.0
-45.0,-411.0,-91.0,-713.0,-276.0,168.0
-17.0,-420.0,-83.0,-433.0,-252.0,112.0
12.0,-409.0,-81.0,-194.0,-221.0,22.0
42.0,-393.0,-78.0,-20.0,-194.0,-88.0
67.0,-362.0,-78.0,92.0,-172.0,-198.0
79.0,-319.0,-77.0,152.0,-148.0,-282.0
98.0,-281.0,-86.0,174.0,-125.0,-305.0
115.0,-242.0,-92.0,153.0,-96.0,-267.0
122.0,-218.0,-100.0,83.0,-59.0,-198.0
111.0,-196.0,-102.0,-43.0,-31.0,-141.0
98.0,-179.0,-95.0,-209.0,-33.0,-97.0
82.0,-175.0,-86.0,-387.0,-68.0,-46.0
68.0,-173.0,-77.0,-550.0,-137.0,20.0
59.0,-188.0,-75.0,-688.0,-239.0,88.0
58.0,-214.0,-76.0,-803.0,-355.0,145.0
64.0,-249.0,-79.0,-910.0,-470.0,161.0
73.0,-285.0,-87.0,-1023.0,-565.0,112.0
73.0,-318.0,-85.0,-1127.0,-625.0,5.0
69.0,-345.0,-79.0,-1185.0,-639.0,-120.0
59.0,-365.0,-79.0,-1178.0,-603.0,-239.0
49.0,-379.0,-79.0,-1094.0,-519.0,-333.0
44.0,-382.0,-81.0,-947.0,-391.0,-400.0
37.0,-378.0,-86.0,-749.0,-230.0,-441.0
32.0,-372.0,-82.0,-537.0,-55.0,-468.0
30.0,-360.0,-81.0,-334.0,111.0,-486.0
32.0,-342.0,-83.0,-160.0,251.0,-490.0
40.0,-325.0,-82.0,-29.0,356.0,-480.0
45.0,-301.0,-83.0,50.0,419.0,-465.0
47.0,-282.0,-84.0,73.0,446.0,-443.0
43.0,-261.0,-91.0,51.0,440.0,-410.0
41.0,-248.0,-95.0,-8.0,410.0,-362.0
42.0,-243.0,-96.0,-91.0,363.0,-307.0
44.0,-245.0,-98.0,-183.0,305.0,-253.0
46.0,-250.0,-98.0,-277.0,237.0,-212.0
46.0,-262.0,-95.0,-364.0,171.0,-194.0
43.0,-279.0,-92.0,-444.0,109.0,-192.0
39.0,-295.0,-98.0,-507.0,51.0,-190.0
31.0,-309.0,-100.0,-559.0,0.0,-182.0
26.0,-315.0,-103.0,-602.0,-39.0,-176.0
18.0,-322.0,-106.0,-637.0,-72.0,-174.0
13.0,-329.0,-100.0,-659.0,-94.0,-168.0
8.0,-333.0,-94.0,-657.0,-105.0,-155.0
12.0,-340.0,-79.0,-623.0,-94.0,-136.0
20.0,-348.0,-63.0,-556.0,-69.0,-122.0
27.0,-351.0,-51.0,-451.0,-31.0,-105.0
31.0,-348.0,-40.0,-309.0,5.0,-85.0
40.0,-342.0,-34.0,-138.0,38.0,-73.0
47.0,-331.0,-28.0,40.0,70.0,-66.0
56.0,-320.0,-31.0,204.0,104.0,-69.0
59.0,-306.0,-34.0,334.0,141.0,-80.0
59.0,-283.0,-41.0,414.0,177.0,-97.0
61.0,-260.0,-44.0,449.0,208.0,-109.0
57.0,-243.0,-42.0,442.0,225.0,-116.0
50.0,-230.0,-40.0,415.0,218.0,-114.0
45.0,-221.0,-36.0,375.0,180.0,-109.0
33.0,-215.0,-36.0,332.0,111.0,-101.0
25.0,-214.0,-30.0,288.0,18.0,-89.0
17.0,-209.0,-31.0,246.0,-95.0,-71.0
7.0,-210.0,-29.0,204.0,-213.0,-51.0
-1.0,-207.0,-38.0,166.0,-326.0,-37.0
-9.0,-201.0,-41.0,134.0,-425.0,-24.0
-18.0,-197.0,-44.0,115.0,-511.0,-14.0
-31.0,-186.0,-56.0,107.0,-580.0,-1.0
-34.0,-178.0,-69.0,102.0,-630.0,9.0
-38.0,-161.0,-91.0,83.0,-656.0,20.0
-30.0,-153.0,-114.0,43.0,-662.0,37.0
-22.0,-138.0,-140.0,-21.0,-648.0,45.0
-14.0,-132.0,-169.0,-116.0,-613.0,48.0
2.0,-120.0,-191.0,-232.0,-561.0,49.0
23.0,-114.0,-207.0,-345.0,-499.0,56.0
39.0,-119.0,-215.0,-442.0,-437.0,66.0
62.0,-120.0,-213.0,-524.0,-389.0,69.0
92.0,-127.0,-213.0,-582.0,-361.0,60.0
125.0,-138.0,-211.0,-615.0,-341.0,40.0
143.0,-142.0,-200.0,-626.0,-321.0,-3.0
156.0,-151.0,-191.0,-611.0,-294.0,-70.0
141.0,-155.0,-177.0,-562.0,-256.0,-132.0
111.0,-156.0,-156.0,-479.0,-200.0,-164.0
60.0,-154.0,-139.0,-379.0,-128.0,-156.0
19.0,-170.0,-117.0,-274.0,-65.0,-113.0
-14.0,-182.0,-109.0,-167.0,-35.0,-56.0
-41.0,-186.0,-95.0,-41.0,-53.0,-15.0
-74.0,-188.0,-97.0,97.0,-105.0,12.0
-94.0,-188.0,-96.0,227.0,-136.0,45.0
-107.0,-190.0,-94.0,343.0,-101.0,80.0
-117.0,-193.0,-95.0,425.0,8.0,108.0
-110.0,-201.0,-96.0,459.0,151.0,116.0
-96.0,-204.0,-105.0,434.0,290.0,105.0
-75.0,-206.0,-118.0,329.0,406.0,73.0
-43.0,-202.0,-135.0,131.0,492.0,45.0
-13.0,-204.0,-159.0,-160.0,556.0,37.0
25.0,-206.0,-176.0,-523.0,603.0,38.0
55.0,-216.0,-176.0,-878.0,619.0,45.0
78.0,-233.0,-178.0,-1158.0,598.0,66.0
93.0,-251.0,-179.0,-1324.0,537.0,99.0
104.0,-281.0,-174.0,-1359.0,470.0,152.0
105.0,-310.0,-170.0,-1277.0,422.0,216.0
106.0,-340.0,-164.0,-1115.0,402.0,283.0
104.0,-371.0,-151.0,-912.0,404.0,343.0
100.0,-407.0,-140.0,-699.0,428.0,393.0
95.0,-439.0,-129.0,-505.0,469.0,429.0
92.0,-469.0,-124.0,-359.0,531.0,438.0
82.0,-502.0,-125.0,-284.0,605.0,421.0
74.0,-536.0,-125.0,-286.0,687.0,383.0
59.0,-570.0,-131.0,-351.0,763.0,324.0
41.0,-608.0,-132.0,-440.0,801.0,257.0
14.0,-635.0,-137.0,-516.0,800.0,191.0
-6.0,-664.0,-140.0,-557.0,755.0,152.0
-22.0,-689.0,-141.0,-553.0,662.0,130.0
-32.0,-700.0,-135.0,-505.0,534.0,119.0
-39.0,-699.0,-130.0,-415.0,366.0,103.0
-51.0,-686.0,-129.0,-288.0,173.0,91.0
-64.0,-656.0,-122.0,-137.0,-17.0,90.0
-75.0,-619.0,-122.0,35.0,-185.0,118.0
-87.0,-574.0,-123.0,215.0,-336.0,158.0
-87.0,-532.0,-136.0,379.0,-473.0,189.0
-91.0,-489.0,-141.0,501.0,-603.0,211.0
-92.0,-445.0,-146.0,583.0,-728.0,225.0
-87.0,-408.0,-148.0,634.0,-836.0,236.0
-85.0,-376.0,-133.0,659.0,-925.0,250.0
-78.0,-347.0,-123.0,663.0,-993.0,264.0
-65.0,-314.0,-123.0,652.0,-1042.0,278.0
-42.0,-279.0,-123.0,625.0,-1074.0,288.0
-17.0,-242.0,-140.0,581.0,-1095.0,290.0
10.0,-198.0,-154.0,504.0,-1098.0,291.0
37.0,-169.0,-161.0,375.0,-1086.0,280.0
64.0,-134.0,-157.0,185.0,-1085.0,237.0
82.0,-110.0,-146.0,-62.0,-1101.0,163.0
96.0,-84.0,-146.0,-313.0,-1098.0,80.0
101.0,-67.0,-140.0,-527.0,-1040.0,-2.0
102.0,-50.0,-144.0,-677.0,-867.0,-74.0
103.0,-28.0,-159.0,-762.0,-544.0,-134.0
107.0,-2.0,-184.0,-802.0,-101.0,-168.0
112.0,26.0,-198.0,-816.0,405.0,-169.0
125.0,51.0,-209.0,-794.0,907.0,-137.0
127.0,73.0,-182.0,-689.0,1339.0,-106.0
127.0,85.0,-124.0,-475.0,1634.0,-85.0
134.0,90.0,-55.0,-158.0,1767.0,-58.0
136.0,88.0,19.0,223.0,1778.0,-37.0
120.0,81.0,59.0,604.0,1697.0,-34.0
102.0,73.0,78.0,877.0,1550.0,-27.0
85.0,70.0,90.0,994.0,1363.0,-21.0
60.0,69.0,87.0,982.0,1153.0,-27.0
30.0,78.0,74.0,876.0,926.0,-35.0
-1.0,95.0,48.0,713.0,696.0,-20.0
-36.0,112.0,-2.0,502.0,454.0,8.0
-82.0,128.0,-74.0,200.0,215.0,34.0
-135.0,125.0,-145.0,-208.0,-2.0,52.0
-184.0,94.0,-209.0,-667.0,-239.0,60.0
-222.0,37.0,-259.0,-1093.0,-506.0,51.0
-245.0,-29.0,-299.0,-1412.0,-767.0,34.0
-235.0,-91.0,-314.0,-1575.0,-937.0,23.0
-194.0,-150.0,-296.0,-1577.0,-935.0,14.0
-147.0,-207.0,-255.0,-1470.0,-790.0,-19.0
-110.0,-256.0,-209.0,-1325.0,-657.0,-98.0
-77.0,-289.0,-181.0,-1182.0,-662.0,-219.0
-42.0,-320.0,-156.0,-1048.0,-792.0,-361.0
-7.0,-352.0,-139.0,-910.0,-942.0,-485.0
25.0,-383.0,-118.0,-747.0,-1016.0,-562.0
52.0,-410.0,-100.0,-574.0,-1010.0,-583.0
78.0,-442.0,-95.0,-432.0,-974.0,-530.0
116.0,-478.0,-108.0,-367.0,-938.0,-427.0
160.0,-519.0,-115.0,-392.0,-881.0,-291.0
205.0,-568.0,-119.0,-467.0,-770.0,-147.0
242.0,-625.0,-131.0,-542.0,-623.0,-27.0
261.0,-663.0,-177.0,-607.0,-472.0,43.0
252.0,-695.0,-246.0,-695.0,-337.0,54.0
220.0,-711.0,-298.0,-804.0,-205.0,35.0
165.0,-719.0,-309.0,-869.0,-52.0,37.0
130.0,-719.0,-297.0,-829.0,135.0,90.0
114.0,-719.0,-271.0,-657.0,370.0,172.0
114.0,-705.0,-232.0,-373.0,626.0,227.0
121.0,-683.0,-207.0,-53.0,842.0,239.0
122.0,-646.0,-184.0,218.0,994.0,207.0
114.0,-602.0,-162.0,409.0,1096.0,140.0
110.0,-554.0,-128.0,544.0,1167.0,80.0
109.0,-506.0,-106.0,672.0,1219.0,34.0
110.0,-453.0,-92.0,831.0,1274.0,1.0
114.0,-395.0,-114.0,996.0,1326.0,-17.0
112.0,-333.0,-153.0,1120.0,1351.0,-16.0
99.0,-262.0,-200.0,1150.0,1336.0,-6.0
80.0,-195.0,-234.0,1077.0,1305.0,16.0
46.0,-131.0,-248.0,937.0,1270.0,43.0
10.0,-78.0,-246.0,775.0,1242.0,88.0
-14.0,-53.0,-234.0,573.0,1223.0,135.0
-30.0,-33.0,-203.0,329.0,1208.0,153.0
-51.0,-36.0,-170.0,90.0,1185.0,144.0
-68.0,-39.0,-139.0,-93.0,1122.0,150.0
-72.0,-41.0,-124.0,-203.0,978.0,181.0
-74.0,-38.0,-117.0,-228.0,751.0,210.0
-77.0,-20.0,-114.0,-177.0,484.0,208.0
-90.0,8.0,-112.0,-62.0,211.0,178.0
-102.0,38.0,-99.0,94.0,-41.0,141.0
-108.0,70.0,-90.0,269.0,-261.0,109.0
-104.0,98.0,-79.0,442.0,-436.0,91.0
-99.0,123.0,-77.0,602.0,-568.0,80.0
-90.0,138.0,-70.0,710.0,-652.0,69.0
-83.0,149.0,-66.0,739.0,-689.0,56.0
-75.0,153.0,-51.0,714.0,-696.0,38.0
-65.0,151.0,-24.0,678.0,-680.0,9.0
-53.0,140.0,2.0,658.0,-647.0,-27.0
-42.0,126.0,20.0,678.0,-612.0,-56.0
-31.0,111.0,12.0,726.0,-576.0,-77.0
-15.0,102.0,-17.0,740.0,-512.0,-90.0
12.0,103.0,-52.0,664.0,-392.0,-96.0
43.0,100.0,-80.0,513.0,-231.0,-113.0
66.0,89.0,-103.0,307.0,-81.0,-142.0
101.0,70.0,-141.0,74.0,5.0,-178.0
147.0,26.0,-180.0,-166.0,23.0,-222.0
182.0,-16.0,-227.0,-420.0,33.0,-251.0
198.0,-62.0,-261.0,-691.0,85.0,-272.0
178.0,-108.0,-274.0,-952.0,173.0,-276.0
144.0,-165.0,-260.0,-1161.0,222.0,-262.0
112.0,-220.0,-233.0,-1282.0,209.0,-231.0
89.0,-273.0,-209.0,-1307.0,203.0,-171.0
73.0,-321.0,-196.0,-1241.0,270.0,-67.0
59.0,-372.0,-182.0,-1119.0,416.0,66.0
42.0,-417.0,-156.0,-966.0,576.0,190.0
27.0,-470.0,-136.0,-791.0,666.0,272.0
9.0,-513.0,-118.0,-624.0,661.0,308.0
-15.0,-551.0,-122.0,-508.0,611.0,297.0
-42.0,-584.0,-117.0,-453.0,537.0,240.0
-63.0,-624.0,-115.0,-423.0,399.0,148.0
-76.0,-663.0,-136.0,-401.0,180.0,38.0
-78.0,-681.0,-166.0,-386.0,-93.0,-73.0
-76.0,-680.0,-204.0,-368.0,-372.0,-176.0
-68.0,-665.0,-236.0,-322.0,-598.0,-245.0
-63.0,-637.0,-251.0,-256.0,-741.0,-281.0
-42.0,-619.0,-253.0,-164.0,-793.0,-284.0
-27.0,-606.0,-252.0,-58.0,-791.0,-265.0
-16.0,-590.0,-233.0,40.0,-784.0,-236.0
-8.0,-569.0,-219.0,136.0,-798.0,-198.0
-5.0,-547.0,-204.0,221.0,-838.0,-140.0
1.0,-526.0,-180.0,317.0,-888.0,-66.0
5.0,-499.0,-155.0,436.0,-952.0,15.0
2.0,-461.0,-145.0,552.0,-1035.0,112.0
11.0,-419.0,-144.0,662.0,-1099.0,204.0
27.0,-364.0,-159.0,766.0,-1110.0,261.0
48.0,-302.0,-160.0,849.0,-1062.0,260.0
66.0,-247.0,-174.0,913.0,-950.0,196.0
67.0,-193.0,-171.0,937.0,-795.0,105.0
81.0,-157.0,-168.0,915.0,-614.0,22.0
88.0,-124.0,-156.0,827.0,-467.0,-62.0
89.0,-98.0,-152.0,682.0,-379.0,-154.0
109.0,-75.0,-144.0,491.0,-343.0,-220.0
111.0,-53.0,-127.0,285.0,-313.0,-279.0
103.0,-34.0,-110.0,101.0,-234.0,-330.0
89.0,-12.0,-94.0,-36.0,-92.0,-374.0
76.0,8.0,-87.0,-127.0,111.0,-398.0
67.0,35.0,-90.0,-178.0,369.0,-412.0
66.0,54.0,-95.0,-210.0,673.0,-416.0
61.0,81.0,-86.0,-205.0,971.0,-401.0
57.0,92.0,-64.0,-151.0,1208.0,-355.0
49.0,110.0,-41.0,-32.0,1351.0,-284.0
44.0,117.0,-17.0,144.0,1396.0,-197.0
30.0,125.0,-3.0,344.0,1362.0,-119.0
15.0,133.0,2.0,512.0,1266.0,-51.0
-2.0,136.0,6.0,605.0,1118.0,-6.0
-11.0,137.0,10.0,625.0,934.0,11.0
-26.0,141.0,22.0,582.0,734.0,22.0
-44.0,134.0,31.0,502.0,540.0,57.0
-51.0,124.0,41.0,406.0,355.0,113.0
-46.0,111.0,29.0,308.0,177.0,158.0
-43.0,94.0,8.0,217.0,12.0,170.0
-39.0,93.0,-27.0,115.0,-127.0,141.0
-48.0,85.0,-67.0,-31.0,-236.0,82.0
-73.0,71.0,-109.0,-269.0,-333.0,12.0
-98.0,51.0,-167.0,-635.0,-460.0,-46.0
-117.0,12.0,-230.0,-1112.0,-639.0,-89.0
-129.0,-26.0,-296.0,-1601.0,-861.0,-130.0
-136.0,-81.0,-338.0,-1978.0,-1078.0,-164.0
-129.0,-141.0,-341.0,-2154.0,-1185.0,-183.0
-113.0,-211.0,-310.0,-2120.0,-1128.0,-191.0
-89.0,-286.0,-264.0,-1938.0,-999.0,-202.0
-58.0,-359.0,-224.0,-1712.0,-935.0,-237.0
-18.0,-429.0,-196.0,-1509.0,-970.0,-289.0
37.0,-498.0,-175.0,-1310.0,-1039.0,-333.0
103.0,-571.0,-175.0,-1082.0,-1064.0,-325.0
167.0,-626.0,-185.0,-835.0,-1029.0,-302.0
212.0,-670.0,-200.0,-626.0,-936.0,-320.0
244.0,-717.0,-212.0,-513.0,-772.0,-353.0
262.0,-777.0,-217.0,-533.0,-549.0,-368.0
255.0,-835.0,-213.0,-645.0,-322.0,-341.0
257.0,-883.0,-213.0,-764.0,-138.0,-263.0
243.0,-897.0,-247.0,-842.0,-3.0,-201.0
219.0,-872.0,-263.0,-880.0,130.0,-159.0
187.0,-828.0,-272.0,-828.0,305.0,-99.0
161.0,-775.0,-273.0,-658.0,513.0,1.0
141.0,-721.0,-264.0,-387.0,700.0,95.0
130.0,-675.0,-246.0,-87.0,828.0,134.0
125.0,-633.0,-225.0,174.0,913.0,102.0
121.0,-592.0,-197.0,363.0,979.0,26.0
117.0,-553.0,-177.0,485.0,1042.0,-55.0
119.0,-517.0,-157.0,587.0,1099.0,-128.0
112.0,-482.0,-153.0,722.0,1156.0,-185.0
108.0,-440.0,-149.0,891.0,1211.0,-203.0
100.0,-385.0,-162.0,1051.0,1235.0,-192.0
98.0,-324.0,-190.0,1149.0,1191.0,-161.0
77.0,-252.0,-205.0,1169.0,1099.0,-114.0
52.0,-179.0,-210.0,1123.0,1045.0,-37.0
27.0,-121.0,-202.0,1047.0,1072.0,60.0
-14.0,-74.0,-196.0,958.0,1140.0,160.0
-44.0,-37.0,-198.0,830.0,1167.0,249.0
-67.0,-4.0,-191.0,657.0,1117.0,302.0
-83.0,17.0,-177.0,466.0,1003.0,335.0
-107.0,39.0,-169.0,290.0,824.0,371.0
-122.0,49.0,-164.0,160.0,573.0,417.0
-130.0,44.0,-147.0,73.0,283.0,460.0
-132.0,39.0,-130.0,49.0,-6.0,484.0
-142.0,38.0,-111.0,103.0,-298.0,485.0
-152.0,40.0,-97.0,246.0,-590.0,472.0
-145.0,47.0,-92.0,453.0,-840.0,451.0
-130.0,59.0,-91.0,671.0,-1003.0,435.0
-102.0,73.0,-80.0,851.0,-1063.0,432.0
-66.0,87.0,-59.0,977.0,-1045.0,420.0
-33.0,95.0,-35.0,1054.0,-999.0,376.0
-14.0,107.0,-10.0,1099.0,-951.0,303.0
5.0,111.0,10.0,1109.0,-898.0,215.0
18.0,114.0,30.0,1080.0,-819.0,121.0
24.0,113.0,47.0,1015.0,-703.0,33.0
39.0,105.0,51.0,922.0,-545.0,-41.0
46.0,99.0,48.0,800.0,-346.0,-98.0
57.0,101.0,15.0,629.0,-115.0,-129.0
81.0,101.0,-40.0,363.0,124.0,-148.0
112.0,77.0,-99.0,-8.0,341.0,-181.0
147.0,62.0,-193.0,-466.0,520.0,-245.0
180.0,9.0,-264.0,-983.0,669.0,-336.0
202.0,-48.0,-321.0,-1490.0,786.0,-416.0
187.0,-135.0,-349.0,-1898.0,861.0,-455.0
149.0,-227.0,-326.0,-2108.0,829.0,-451.0
108.0,-318.0,-274.0,-2073.0,635.0,-390.0
81.0,-414.0,-223.0,-1805.0,373.0,-261.0
63.0,-511.0,-172.0,-1376.0,208.0,-78.0
51.0,-593.0,-146.0,-876.0,215.0,128.0
35.0,-645.0,-128.0,-427.0,291.0,291.0
16.0,-661.0,-141.0,-95.0,315.0,349.0
-24.0,-701.0,-126.0,100.0,261.0,303.0
-68.0,-720.0,-128.0,156.0,163.0,222.0
-107.0,-743.0,-127.0,114.0,39.0,139.0
-126.0,-761.0,-117.0,41.0,-107.0,57.0
-91.0,-766.0,-124.0,26.0,-269.0,-33.0
-77.0,-726.0,-166.0,98.0,-424.0,-164.0
-57.0,-653.0,-213.0,199.0,-543.0,-261.0
-30.0,-576.0,-247.0,282.0,-611.0,-278.0
-5.0,-508.0,-264.0,343.0,-641.0,-260.0
16.0,-455.0,-268.0,390.0,-687.0,-250.0
29.0,-406.0,-278.0,418.0,-775.0,-245.0
20.0,-379.0,-240.0,423.0,-889.0,-220.0
8.0,-361.0,-211.0,409.0,-1005.0,-157.0
-2.0,-347.0,-182.0,402.0,-1104.0,-54.0
-14.0,-324.0,-152.0,426.0,-1184.0,55.0
-11.0,-308.0,-144.0,461.0,-1244.0,167.0
7.0,-287.0,-153.0,478.0,-1261.0,270.0
19.0,-253.0,-164.0,475.0,-1211.0,336.0
38.0,-222.0,-162.0,486.0,-1074.0,355.0
53.0,-190.0,-157.0,534.0,-896.0,320.0
69.0,-156.0,-178.0,611.0,-727.0,257.0
100.0,-140.0,-170.0,679.0,-572.0,168.0
115.0,-110.0,-161.0,696.0,-405.0,57.0
130.0,-75.0,-137.0,662.0,-243.0,-65.0
120.0,-51.0,-116.0,591.0,-132.0,-187.0
97.0,-27.0,-88.0,484.0,-75.0,-275.0
72.0,4.0,-76.0,362.0,-28.0,-321.0
57.0,28.0,-74.0,244.0,58.0,-344.0
51.0,54.0,-79.0,139.0,209.0,-363.0
55.0,83.0,-90.0,52.0,433.0,-383.0
60.0,114.0,-94.0,2.0,725.0,-398.0
62.0,135.0,-67.0,-1.0,1047.0,-391.0
60.0,155.0,-64.0,48.0,1337.0,-353.0
47.0,171.0,-40.0,139.0,1539.0,-278.0
34.0,179.0,-25.0,243.0,1628.0,-179.0
23.0,171.0,-21.0,330.0,1603.0,-72.0
5.0,153.0,-8.0,372.0,1490.0,37.0
-16.0,136.0,5.0,369.0,1334.0,135.0
-25.0,114.0,10.0,338.0,1170.0,213.0
-36.0,85.0,14.0,294.0,1021.0,265.0
-42.0,65.0,18.0,244.0,879.0,287.0
-48.0,46.0,22.0,192.0,719.0,271.0
-50.0,27.0,12.0,144.0,536.0,231.0
-53.0,15.0,-1.0,76.0,336.0,171.0
-58.0,6.0,-33.0,-47.0,144.0,105.0
-63.0,-6.0,-81.0,-245.0,-11.0,49.0
-64.0,-27.0,-138.0,-519.0,-113.0,22.0
-68.0,-61.0,-203.0,-855.0,-178.0,28.0
-79.0,-108.0,-266.0,-1232.0,-249.0,47.0
-82.0,-167.0,-314.0,-1567.0,-342.0,76.0
-52.0,-226.0,-335.0,-1767.0,-390.0,111.0
-8.0,-292.0,-318.0,-1770.0,-295.0,128.0
27.0,-354.0,-281.0,-1560.0,-82.0,89.0
41.0,-410.0,-249.0,-1207.0,88.0,-5.0
50.0,-449.0,-231.0,-845.0,112.0,-110.0
76.0,-494.0,-210.0,-587.0,57.0,-168.0
109.0,-551.0,-181.0,-490.0,70.0,-147.0
151.0,-631.0,-145.0,-503.0,212.0,-73.0
197.0,-723.0,-121.0,-572.0,419.0,-3.0
205.0,-797.0,-113.0,-665.0,587.0,18.0
193.0,-850.0,-111.0,-757.0,679.0,30.0
190.0,-883.0,-127.0,-775.0,712.0,75.0
176.0,-889.0,-183.0,-668.0,685.0,127.0
145.0,-850.0,-266.0,-519.0,602.0,175.0
97.0,-793.0,-319.0,-413.0,506.0,239.0
78.0,-729.0,-347.0,-329.0,458.0,340.0
77.0,-670.0,-338.0,-216.0,511.0,391.0
65.0,-621.0,-288.0,-54.0,676.0,388.0
63.0,-581.0,-238.0,154.0,901.0,353.0
68.0,-535.0,-187.0,352.0,1103.0,303.0
74.0,-487.0,-154.0,521.0,1233.0,225.0
76.0,-433.0,-126.0,671.0,1300.0,123.0
90.0,-376.0,-106.0,784.0,1314.0,8.0
79.0,-313.0,-114.0,848.0,1307.0,-103.0
58.0,-251.0,-144.0,853.0,1301.0,-168.0
38.0,-197.0,-177.0,770.0,1283.0,-178.0
6.0,-150.0,-199.0,601.0,1249.0,-158.0
-15.0,-119.0,-194.0,398.0,1197.0,-109.0
-35.0,-97.0,-182.0,224.0,1128.0,-50.0
-50.0,-89.0,-164.0,132.0,1039.0,18.0
-58.0,-87.0,-140.0,132.0,915.0,89.0
-61.0,-91.0,-122.0,201.0,740.0,153.0
-63.0,-81.0,-113.0,302.0,493.0,200.0
-69.0,-67.0,-132.0,393.0,181.0,229.0
-74.0,-38.0,-145.0,427.0,-141.0,231.0
-82.0,-1.0,-150.0,396.0,-415.0,212.0
-93.0,36.0,-145.0,338.0,-639.0,187.0
-108.0,64.0,-126.0,317.0,-815.0,184.0
-111.0,81.0,-106.0,393.0,-937.0,214.0
-111.0,96.0,-78.0,558.0,-1008.0,254.0
-97.0,104.0,-55.0,774.0,-1040.0,292.0
-78.0,112.0,-38.0,983.0,-1044.0,316.0
-50.0,125.0,-26.0,1131.0,-1015.0,313.0
-23.0,136.0,-18.0,1186.0,-953.0,280.0
-4.0,153.0,-7.0,1143.0,-858.0,223.0
8.0,161.0,3.0,1046.0,-745.0,158.0
8.0,157.0,24.0,950.0,-641.0,93.0
10.0,156.0,37.0,877.0,-570.0,38.0
17.0,140.0,49.0,821.0,-543.0,-14.0
14.0,126.0,56.0,759.0,-559.0,-70.0
12.0,110.0,46.0,664.0,-602.0,-132.0
13.0,89.0,24.0,525.0,-659.0,-199.0
21.0,69.0,3.0,341.0,-717.0,-264.0
46.0,37.0,-43.0,122.0,-761.0,-325.0
71.0,7.0,-96.0,-145.0,-770.0,-395.0
95.0,-25.0,-163.0,-459.0,-709.0,-470.0
115.0,-66.0,-229.0,-803.0,-546.0,-533.0
129.0,-111.0,-277.0,-1113.0,-289.0,-565.0
110.0,-158.0,-307.0,-1323.0,-3.0,-572.0
67.0,-208.0,-313.0,-1398.0,211.0,-531.0
36.0,-263.0,-301.0,-1360.0,295.0,-419.0
41.0,-324.0,-272.0,-1237.0,320.0,-243.0
73.0,-397.0,-231.0,-1068.0,415.0,-49.0
104.0,-471.0,-167.0,-887.0,579.0,107.0
119.0,-552.0,-104.0,-698.0,683.0,197.0
128.0,-628.0,-61.0,-498.0,658.0,232.0
123.0,-695.0,-63.0,-326.0,529.0,218.0
110.0,-741.0,-88.0,-257.0,343.0,152.0
93.0,-781.0,-118.0,-301.0,139.0,43.0
64.0,-813.0,-141.0,-409.0,-65.0,-81.0
43.0,-825.0,-173.0,-501.0,-250.0,-171.0
27.0,-818.0,-208.0,-506.0,-413.0,-201.0
17.0,-787.0,-247.0,-411.0,-537.0,-194.0
16.0,-735.0,-273.0,-252.0,-598.0,-189.0
9.0,-680.0,-289.0,-67.0,-587.0,-193.0
1.0,-627.0,-276.0,108.0,-549.0,-181.0
-9.0,-574.0,-245.0,281.0,-528.0,-143.0
-19.0,-534.0,-206.0,436.0,-547.0,-77.0
-31.0,-490.0,-168.0,558.0,-603.0,39.0
-34.0,-452.0,-144.0,645.0,-677.0,202.0
-23.0,-415.0,-130.0,678.0,-770.0,365.0
-18.0,-379.0,-126.0,660.0,-876.0,473.0
-17.0,-345.0,-137.0,613.0,-977.0,531.0
-15.0,-304.0,-138.0,557.0,-1046.0,561.0
-3.0,-265.0,-153.0,516.0,-1065.0,562.0
10.0,-223.0,-152.0,479.0,-1033.0,538.0
23.0,-186.0,-150.0,444.0,-964.0,482.0
36.0,-152.0,-137.0,394.0,-881.0,409.0
49.0,-128.0,-123.0,325.0,-794.0,322.0
65.0,-109.0,-111.0,229.0,-708.0,223.0
80.0,-86.0,-99.0,129.0,-621.0,101.0
83.0,-68.0,-93.0,14.0,-533.0,-45.0
74.0,-55.0,-76.0,-117.0,-446.0,-187.0
59.0,-30.0,-63.0,-229.0,-351.0,-306.0
40.0,-5.0,-53.0,-298.0,-240.0,-400.0
19.0,27.0,-50.0,-320.0,-107.0,-462.0
-2.0,62.0,-53.0,-301.0,61.0,-492.0
-15.0,96.0,-61.0,-261.0,269.0,-485.0
-19.0,125.0,-73.0,-217.0,507.0,-445.0
-16.0,145.0,-86.0,-176.0,750.0,-379.0
-11.0,157.0,-85.0,-142.0,968.0,-298.0
0.0,161.0,-70.0,-112.0,1125.0,-224.0
3.0,157.0,-49.0,-55.0,1197.0,-156.0
3.0,144.0,-18.0,44.0,1177.0,-81.0
6.0,131.0,-3.0,167.0,1079.0,4.0
4.0,117.0,12.0,284.0,939.0,88.0
12.0,98.0,24.0,376.0,792.0,167.0
17.0,81.0,25.0,424.0,654.0,232.0
30.0,69.0,30.0,432.0,535.0,273.0
41.0,52.0,24.0,399.0,432.0,282.0
50.0,33.0,7.0,318.0,349.0,259.0
68.0,18.0,-14.0,187.0,292.0,209.0
81.0,3.0,-53.0,2.0,266.0,143.0
83.0,-17.0,-98.0,-255.0,260.0,62.0
79.0,-45.0,-145.0,-598.0,243.0,-16.0
66.0,-72.0,-200.0,-1014.0,172.0,-87.0
53.0,-106.0,-248.0,-1467.0,34.0,-151.0
37.0,-151.0,-286.0,-1873.0,-140.0,-206.0
15.0,-205.0,-302.0,-2123.0,-290.0,-238.0
-8.0,-275.0,-293.0,-2124.0,-377.0,-240.0
-34.0,-354.0,-257.0,-1866.0,-417.0,-211.0
-52.0,-419.0,-204.0,-1428.0,-450.0,-170.0
-57.0,-468.0,-150.0,-888.0,-459.0,-148.0
-42.0,-505.0,-119.0,-354.0,-392.0,-137.0
-24.0,-533.0,-113.0,63.0,-243.0,-129.0
-10.0,-559.0,-120.0,275.0,-70.0,-118.0
-2.0,-590.0,-136.0,245.0,62.0,-121.0
12.0,-630.0,-141.0,24.0,140.0,-125.0
27.0,-666.0,-133.0,-261.0,167.0,-129.0
38.0,-695.0,-124.0,-475.0,156.0,-151.0
47.0,-713.0,-130.0,-556.0,128.0,-183.0
54.0,-717.0,-146.0,-515.0,100.0,-184.0
66.0,-700.0,-179.0,-438.0,66.0,-146.0
89.0,-675.0,-222.0,-406.0,10.0,-104.0
92.0,-635.0,-254.0,-449.0,-39.0,-56.0
110.0,-598.0,-257.0,-513.0,-36.0,28.0
136.0,-564.0,-244.0,-543.0,30.0,101.0
163.0,-536.0,-204.0,-524.0,168.0,131.0
181.0,-506.0,-173.0,-464.0,361.0,118.0
201.0,-479.0,-151.0,-375.0,564.0,83.0
218.0,-447.0,-135.0,-276.0,741.0,38.0
213.0,-416.0,-133.0,-177.0,880.0,-9.0
199.0,-385.0,-130.0,-86.0,982.0,-23.0
189.0,-363.0,-137.0,-5.0,1042.0,-13.0
166.0,-338.0,-146.0,74.0,1073.0,-4.0
145.0,-313.0,-166.0,141.0,1086.0,6.0
110.0,-280.0,-191.0,162.0,1076.0,-6.0
67.0,-245.0,-210.0,129.0,1050.0,-6.0
32.0,-218.0,-213.0,75.0,1009.0,19.0
-4.0,-191.0,-188.0,34.0,955.0,65.0
-30.0,-180.0,-152.0,54.0,907.0,122.0
-53.0,-162.0,-121.0,160.0,858.0,191.0
-71.0,-143.0,-103.0,322.0,777.0,257.0
-76.0,-118.0,-91.0,495.0,643.0,312.0
-75.0,-90.0,-86.0,629.0,469.0,352.0
-76.0,-55.0,-87.0,721.0,273.0,371.0
-72.0,-19.0,-88.0,779.0,67.0,375.0
-64.0,11.0,-87.0,827.0,-127.0,370.0
-65.0,45.0,-86.0,872.0,-283.0,359.0
-67.0,74.0,-75.0,914.0,-398.0,345.0
-61.0,95.0,-58.0,966.0,-467.0,327.0
-56.0,106.0,-40.0,1024.0,-495.0,305.0
-51.0,115.0,-22.0,1075.0,-484.0,276.0
-47.0,118.0,-10.0,1118.0,-453.0,236.0
-51.0,116.0,-6.0,1152.0,-427.0,191.0
-51.0,111.0,-4.0,1164.0,-427.0,144.0
-54.0,105.0,-20.0,1130.0,-453.0,98.0
-54.0,93.0,-30.0,1048.0,-480.0,63.0
-47.0,84.0,-43.0,920.0,-478.0,47.0
-25.0,73.0,-58.0,739.0,-422.0,50.0
11.0,67.0,-63.0,508.0,-321.0,54.0
42.0,54.0,-76.0,240.0,-202.0,46.0
69.0,36.0,-98.0,-37.0,-108.0,17.0
90.0,9.0,-131.0,-307.0,-63.0,-39.0
112.0,-23.0,-178.0,-547.0,-51.0,-106.0
135.0,-66.0,-235.0,-747.0,-39.0,-165.0
157.0,-119.0,-295.0,-886.0,34.0,-215.0
152.0,-174.0,-313.0,-945.0,170.0,-268.0
108.0,-225.0,-286.0,-898.0,258.0,-309.0
61.0,-271.0,-240.0,-742.0,164.0,-313.0
37.0,-313.0,-191.0,-510.0,-63.0,-261.0
26.0,-354.0,-160.0,-230.0,-243.0,-179.0
14.0,-386.0,-126.0,54.0,-237.0,-90.0
-9.0,-421.0,-95.0,303.0,-60.0,4.0
-36.0,-438.0,-76.0,519.0,171.0,121.0
-38.0,-442.0,-76.0,682.0,342.0,231.0
