11.0,-254.0,-1.0,-30.0,54.0,-5.0
12.0,-256.0,0.0,-30.0,56.0,-7.0
11.0,-257.0,-6.0,-31.0,58.0,-7.0
8.0,-254.0,-3.0,-30.0,59.0,-10.0
11.0,-256.0,-6.0,-32.0,62.0,-9.0
10.0,-255.0,-9.0,-32.0,64.0,-10.0
9.0,-257.0,-7.0,-31.0,68.0,-9.0
11.0,-256.0,-6.0,-30.0,70.0,-9.0
11.0,-257.0,-9.0,-28.0,72.0,-7.0
13.0,-254.0,-10.0,-25.0,73.0,-6.0
12.0,-256.0,-6.0,-23.0,74.0,-4.0
15.0,-254.0,-10.0,-21.0,72.0,-5.0
13.0,-253.0,-8.0,-23.0,73.0,-5.0
10.0,-252.0,-8.0,-21.0,72.0,-6.0
12.0,-251.0,-8.0,-24.0,69.0,-4.0
10.0,-256.0,-11.0,-25.0,66.0,-5.0
15.0,-258.0,-8.0,-25.0,63.0,-4.0
11.0,-255.0,-9.0,-27.0,61.0,-4.0
12.0,-253.0,-9.0,-28.0,57.0,-1.0
10.0,-255.0,-13.0,-30.0,54.0,-3.0
14.0,-256.0,-7.0,-29.0,52.0,-1.0
12.0,-257.0,-4.0,-29.0,52.0,-2.0
12.0,-257.0,-8.0,-29.0,51.0,-3.0
12.0,-255.0,-7.0,-29.0,53.0,-4.0
11.0,-253.0,-10.0,-28.0,55.0,-2.0
12.0,-252.0,-13.0,-28.0,57.0,-4.0
16.0,-256.0,-10.0,-27.0,57.0,-4.0
15.0,-253.0,-7.0,-27.0,61.0,-6.0
13.0,-253.0,-8.0,-26.0,62.0,-4.0
13.0,-254.0,-4.0,-27.0,61.0,-7.0
12.0,-248.0,-8.0,-29.0,62.0,-6.0
15.0,-254.0,-13.0,-31.0,60.0,-8.0
15.0,-253.0,-11.0,-37.0,62.0,-6.0
11.0,-253.0,-7.0,-41.0,64.0,-8.0
9.0,-255.0,-10.0,-42.0,63.0,-8.0
12.0,-255.0,-5.0,-43.0,62.0,-10.0
10.0,-252.0,-10.0,-40.0,62.0,-7.0
13.0,-258.0,-8.0,-36.0,61.0,-6.0
13.0,-257.0,-9.0,-34.0,61.0,-5.0
10.0,-253.0,-7.0,-31.0,62.0,-7.0
12.0,-253.0,-5.0,-29.0,62.0,-6.0
12.0,-256.0,-8.0,-28.0,62.0,-8.0
14.0,-259.0,-9.0,-27.0,61.0,-5.0
12.0,-258.0,-8.0,-28.0,61.0,-7.0
12.0,-256.0,-7.0,-26.0,58.0,-4.0
12.0,-255.0,-13.0,-25.0,58.0,-6.0
11.0,-253.0,-6.0,-24.0,57.0,-3.0
12.0,-256.0,-7.0,-24.0,57.0,-5.0
11.0,-256.0,-9.0,-25.0,54.0,-2.0
10.0,-254.0,-9.0,-24.0,53.0,-5.0
11.0,-257.0,-6.0,-23.0,54.0,-3.0
13.0,-255.0,-7.0,-24.0,54.0,-5.0
11.0,-256.0,-4.0,-24.0,56.0,-4.0
12.0,-257.0,-5.0,-25.0,58.0,-6.0
14.0,-254.0,-9.0,-26.0,61.0,-4.0
12.0,-253.0,-8.0,-28.0,60.0,-6.0
9.0,-257.0,-11.0,-28.0,61.0,-2.0
14.0,-255.0,-10.0,-30.0,62.0,-4.0
10.0,-253.0,-6.0,-30.0,63.0,-5.0
11.0,-252.0,-10.0,-29.0,63.0,-7.0
11.0,-253.0,-12.0,-30.0,64.0,-4.0
13.0,-253.0,-12.0,-32.0,64.0,-5.0
14.0,-254.0,-9.0,-34.0,63.0,-4.0
14.0,-251.0,-8.0,-38.0,61.0,-5.0
13.0,-253.0,-12.0,-43.0,60.0,-4.0
13.0,-255.0,-11.0,-47.0,60.0,-5.0
10.0,-250.0,-12.0,-51.0,59.0,-4.0
14.0,-255.0,-7.0,-54.0,59.0,-4.0
10.0,-253.0,-8.0,-54.0,58.0,-2.0
13.0,-257.0,-11.0,-56.0,56.0,-5.0
12.0,-256.0,-10.0,-55.0,57.0,-4.0
15.0,-254.0,-7.0,-55.0,56.0,-7.0
11.0,-257.0,-10.0,-55.0,55.0,-7.0
12.0,-255.0,-6.0,-54.0,52.0,-12.0
13.0,-256.0,-8.0,-53.0,51.0,-10.0
14.0,-256.0,-9.0,-52.0,50.0,-12.0
11.0,-255.0,-8.0,-54.0,48.0,-10.0
11.0,-255.0,-7.0,-53.0,49.0,-12.0
10.0,-255.0,-10.0,-55.0,51.0,-8.0
9.0,-253.0,-9.0,-55.0,50.0,-10.0
11.0,-257.0,-13.0,-54.0,51.0,-7.0
13.0,-254.0,-8.0,-57.0,50.0,-7.0
10.0,-254.0,-8.0,-57.0,49.0,-4.0
10.0,-256.0,-7.0,-58.0,48.0,-4.0
13.0,-256.0,-9.0,-59.0,49.0,-2.0
13.0,-256.0,-9.0,-58.0,51.0,-2.0
11.0,-257.0,-12.0,-58.0,54.0,1.0
16.0,-256.0,-9.0,-57.0,56.0,-1.0
14.0,-253.0,-9.0,-56.0,57.0,0.0
14.0,-255.0,-5.0,-55.0,56.0,-1.0
17.0,-253.0,-6.0,-56.0,55.0,1.0
15.0,-255.0,-9.0,-59.0,53.0,-3.0
13.0,-251.0,-10.0,-62.0,52.0,-3.0
14.0,-256.0,-8.0,-66.0,52.0,-6.0
13.0,-252.0,-5.0,-68.0,54.0,-6.0
15.0,-256.0,-10.0,-70.0,53.0,-8.0
15.0,-254.0,-10.0,-69.0,52.0,-5.0
15.0,-256.0,-10.0,-70.0,53.0,-9.0
14.0,-254.0,-9.0,-69.0,54.0,-6.0
13.0,-253.0,-7.0,-67.0,53.0,-7.0
13.0,-255.0,-9.0,-66.0,54.0,-3.0
14.0,-257.0,-5.0,-63.0,57.0,-6.0
15.0,-257.0,-7.0,-60.0,60.0,-5.0
14.0,-254.0,-6.0,-59.0,60.0,-7.0
13.0,-256.0,-9.0,-57.0,60.0,-7.0
9.0,-252.0,-9.0,-59.0,58.0,-11.0
9.0,-253.0,-12.0,-61.0,57.0,-12.0
11.0,-253.0,-9.0,-63.0,55.0,-16.0
9.0,-252.0,-11.0,-68.0,50.0,-16.0
9.0,-251.0,-11.0,-73.0,48.0,-20.0
10.0,-253.0,-12.0,-79.0,46.0,-19.0
10.0,-250.0,-13.0,-85.0,46.0,-24.0
8.0,-253.0,-9.0,-90.0,46.0,-21.0
8.0,-252.0,-16.0,-94.0,46.0,-24.0
4.0,-253.0,-13.0,-98.0,48.0,-22.0
8.0,-255.0,-15.0,-102.0,51.0,-23.0
9.0,-252.0,-16.0,-105.0,54.0,-20.0
6.0,-254.0,-15.0,-109.0,56.0,-21.0
11.0,-253.0,-14.0,-115.0,58.0,-17.0
9.0,-255.0,-17.0,-121.0,61.0,-20.0
12.0,-254.0,-15.0,-126.0,63.0,-18.0
11.0,-252.0,-12.0,-131.0,64.0,-20.0
14.0,-251.0,-13.0,-135.0,65.0,-17.0
14.0,-252.0,-11.0,-136.0,64.0,-23.0
16.0,-253.0,-17.0,-139.0,64.0,-20.0
14.0,-250.0,-15.0,-141.0,64.0,-24.0
14.0,-253.0,-9.0,-145.0,63.0,-24.0
11.0,-252.0,-9.0,-149.0,61.0,-27.0
14.0,-249.0,-12.0,-151.0,61.0,-26.0
14.0,-251.0,-16.0,-155.0,61.0,-29.0
14.0,-251.0,-13.0,-159.0,62.0,-29.0
13.0,-251.0,-12.0,-162.0,65.0,-30.0
11.0,-252.0,-12.0,-162.0,66.0,-27.0
15.0,-256.0,-18.0,-158.0,68.0,-27.0
13.0,-255.0,-14.0,-154.0,70.0,-22.0
15.0,-256.0,-22.0,-150.0,69.0,-23.0
16.0,-255.0,-20.0,-147.0,69.0,-18.0
15.0,-256.0,-14.0,-148.0,65.0,-19.0
13.0,-253.0,-19.0,-150.0,61.0,-16.0
14.0,-251.0,-16.0,-157.0,57.0,-19.0
16.0,-252.0,-20.0,-163.0,56.0,-16.0
17.0,-252.0,-17.0,-170.0,53.0,-19.0
13.0,-255.0,-12.0,-175.0,53.0,-16.0
12.0,-251.0,-19.0,-182.0,52.0,-20.0
10.0,-252.0,-12.0,-186.0,53.0,-18.0
13.0,-253.0,-16.0,-189.0,57.0,-22.0
12.0,-251.0,-14.0,-190.0,58.0,-21.0
15.0,-249.0,-15.0,-193.0,60.0,-23.0
14.0,-251.0,-15.0,-194.0,61.0,-23.0
12.0,-249.0,-16.0,-196.0,66.0,-28.0
16.0,-252.0,-15.0,-201.0,70.0,-28.0
14.0,-254.0,-15.0,-206.0,72.0,-31.0
15.0,-250.0,-13.0,-210.0,74.0,-29.0
13.0,-252.0,-18.0,-215.0,71.0,-33.0
16.0,-253.0,-15.0,-218.0,68.0,-33.0
14.0,-253.0,-16.0,-223.0,66.0,-37.0
17.0,-252.0,-16.0,-226.0,64.0,-37.0
13.0,-254.0,-20.0,-227.0,63.0,-38.0
16.0,-253.0,-21.0,-229.0,63.0,-33.0
13.0,-253.0,-23.0,-231.0,66.0,-33.0
12.0,-255.0,-20.0,-233.0,67.0,-26.0
13.0,-254.0,-22.0,-233.0,68.0,-25.0
13.0,-252.0,-23.0,-235.0,68.0,-19.0
12.0,-254.0,-22.0,-238.0,66.0,-21.0
13.0,-254.0,-24.0,-239.0,67.0,-19.0
15.0,-253.0,-26.0,-239.0,66.0,-21.0
14.0,-255.0,-25.0,-240.0,66.0,-18.0
16.0,-253.0,-25.0,-242.0,66.0,-17.0
14.0,-253.0,-25.0,-244.0,66.0,-14.0
14.0,-251.0,-25.0,-248.0,66.0,-15.0
13.0,-251.0,-29.0,-253.0,64.0,-13.0
18.0,-251.0,-22.0,-259.0,64.0,-15.0
17.0,-250.0,-27.0,-266.0,62.0,-15.0
13.0,-248.0,-28.0,-273.0,62.0,-19.0
15.0,-249.0,-27.0,-281.0,61.0,-18.0
15.0,-250.0,-27.0,-286.0,60.0,-22.0
12.0,-250.0,-28.0,-292.0,59.0,-25.0
11.0,-249.0,-31.0,-295.0,57.0,-28.0
14.0,-252.0,-27.0,-298.0,57.0,-28.0
13.0,-249.0,-27.0,-299.0,55.0,-33.0
13.0,-252.0,-29.0,-301.0,57.0,-34.0
11.0,-253.0,-32.0,-303.0,61.0,-36.0
13.0,-250.0,-31.0,-303.0,64.0,-33.0
12.0,-252.0,-33.0,-302.0,66.0,-34.0
12.0,-255.0,-33.0,-301.0,68.0,-31.0
12.0,-253.0,-32.0,-302.0,71.0,-30.0
16.0,-253.0,-34.0,-305.0,72.0,-24.0
15.0,-253.0,-31.0,-307.0,72.0,-22.0
15.0,-250.0,-36.0,-309.0,72.0,-19.0
17.0,-253.0,-35.0,-313.0,67.0,-21.0
19.0,-252.0,-39.0,-317.0,63.0,-19.0
19.0,-252.0,-40.0,-323.0,58.0,-20.0
19.0,-250.0,-38.0,-326.0,57.0,-17.0
21.0,-256.0,-37.0,-330.0,57.0,-20.0
19.0,-252.0,-38.0,-334.0,56.0,-18.0
16.0,-253.0,-38.0,-337.0,56.0,-21.0
17.0,-252.0,-35.0,-338.0,56.0,-19.0
16.0,-253.0,-35.0,-336.0,57.0,-22.0
15.0,-251.0,-43.0,-334.0,59.0,-22.0
20.0,-253.0,-39.0,-334.0,61.0,-26.0
16.0,-253.0,-44.0,-334.0,60.0,-25.0
14.0,-249.0,-39.0,-334.0,61.0,-30.0
15.0,-254.0,-41.0,-337.0,64.0,-27.0
15.0,-251.0,-41.0,-337.0,68.0,-32.0
15.0,-251.0,-40.0,-342.0,68.0,-29.0
12.0,-246.0,-46.0,-344.0,69.0,-31.0
12.0,-250.0,-43.0,-351.0,68.0,-29.0
11.0,-248.0,-48.0,-360.0,67.0,-30.0
15.0,-248.0,-45.0,-369.0,67.0,-27.0
12.0,-248.0,-46.0,-382.0,67.0,-26.0
11.0,-249.0,-43.0,-395.0,64.0,-23.0
9.0,-250.0,-46.0,-407.0,59.0,-25.0
11.0,-252.0,-44.0,-418.0,58.0,-24.0
12.0,-250.0,-46.0,-427.0,57.0,-26.0
12.0,-252.0,-46.0,-434.0,53.0,-26.0
12.0,-255.0,-45.0,-435.0,52.0,-29.0
14.0,-254.0,-44.0,-437.0,52.0,-29.0
8.0,-247.0,-46.0,-437.0,53.0,-31.0
12.0,-251.0,-49.0,-438.0,54.0,-30.0
12.0,-252.0,-53.0,-441.0,54.0,-34.0
13.0,-248.0,-53.0,-448.0,55.0,-34.0
12.0,-249.0,-54.0,-453.0,58.0,-36.0
17.0,-250.0,-54.0,-463.0,64.0,-34.0
17.0,-248.0,-52.0,-469.0,70.0,-37.0
16.0,-252.0,-56.0,-478.0,73.0,-33.0
17.0,-250.0,-55.0,-488.0,74.0,-36.0
17.0,-245.0,-57.0,-496.0,78.0,-35.0
16.0,-250.0,-56.0,-499.0,81.0,-38.0
14.0,-247.0,-53.0,-501.0,82.0,-36.0
16.0,-249.0,-55.0,-502.0,82.0,-37.0
16.0,-249.0,-57.0,-506.0,76.0,-36.0
15.0,-251.0,-57.0,-509.0,72.0,-37.0
13.0,-248.0,-57.0,-516.0,68.0,-34.0
13.0,-247.0,-58.0,-521.0,67.0,-36.0
13.0,-246.0,-61.0,-524.0,63.0,-33.0
15.0,-242.0,-65.0,-528.0,66.0,-36.0
12.0,-249.0,-61.0,-539.0,68.0,-33.0
12.0,-246.0,-66.0,-546.0,77.0,-36.0
15.0,-248.0,-64.0,-556.0,77.0,-33.0
15.0,-247.0,-62.0,-568.0,75.0,-36.0
17.0,-246.0,-62.0,-577.0,74.0,-37.0
15.0,-243.0,-64.0,-582.0,74.0,-39.0
15.0,-245.0,-68.0,-587.0,71.0,-39.0
19.0,-243.0,-65.0,-595.0,72.0,-41.0
20.0,-245.0,-68.0,-603.0,70.0,-40.0
17.0,-245.0,-73.0,-614.0,66.0,-43.0
16.0,-242.0,-73.0,-629.0,63.0,-44.0
18.0,-243.0,-78.0,-647.0,59.0,-48.0
18.0,-240.0,-77.0,-664.0,56.0,-53.0
17.0,-248.0,-72.0,-681.0,53.0,-61.0
18.0,-244.0,-74.0,-695.0,52.0,-64.0
17.0,-244.0,-80.0,-709.0,53.0,-68.0
16.0,-245.0,-81.0,-719.0,58.0,-69.0
14.0,-245.0,-76.0,-730.0,59.0,-72.0
13.0,-246.0,-85.0,-738.0,55.0,-68.0
15.0,-245.0,-82.0,-746.0,49.0,-69.0
11.0,-243.0,-85.0,-753.0,48.0,-66.0
11.0,-243.0,-84.0,-760.0,46.0,-64.0
13.0,-241.0,-82.0,-769.0,43.0,-60.0
12.0,-241.0,-79.0,-777.0,41.0,-62.0
13.0,-242.0,-88.0,-784.0,39.0,-59.0
16.0,-243.0,-83.0,-789.0,40.0,-60.0
20.0,-240.0,-87.0,-799.0,44.0,-60.0
21.0,-240.0,-83.0,-815.0,49.0,-64.0
22.0,-239.0,-82.0,-834.0,54.0,-66.0
20.0,-239.0,-88.0,-856.0,61.0,-72.0
29.0,-242.0,-88.0,-877.0,63.0,-77.0
26.0,-249.0,-87.0,-899.0,68.0,-88.0
29.0,-253.0,-88.0,-910.0,79.0,-93.0
28.0,-259.0,-93.0,-914.0,91.0,-97.0
30.0,-257.0,-91.0,-909.0,104.0,-98.0
27.0,-260.0,-88.0,-901.0,113.0,-97.0
26.0,-259.0,-90.0,-887.0,124.0,-91.0
26.0,-259.0,-88.0,-873.0,131.0,-80.0
25.0,-258.0,-94.0,-857.0,141.0,-67.0
22.0,-258.0,-100.0,-839.0,151.0,-49.0
17.0,-253.0,-95.0,-819.0,159.0,-30.0
21.0,-251.0,-106.0,-809.0,163.0,-16.0
14.0,-245.0,-109.0,-808.0,169.0,-1.0
18.0,-240.0,-110.0,-825.0,171.0,6.0
14.0,-237.0,-111.0,-851.0,174.0,16.0
16.0,-237.0,-109.0,-885.0,173.0,22.0
17.0,-236.0,-113.0,-924.0,169.0,28.0
18.0,-234.0,-115.0,-961.0,165.0,29.0
20.0,-228.0,-114.0,-999.0,172.0,29.0
22.0,-230.0,-117.0,-1033.0,178.0,23.0
25.0,-228.0,-116.0,-1063.0,183.0,16.0
24.0,-229.0,-115.0,-1108.0,186.0,8.0
30.0,-234.0,-114.0,-1153.0,189.0,1.0
33.0,-231.0,-111.0,-1198.0,198.0,-16.0
29.0,-228.0,-108.0,-1246.0,216.0,-28.0
24.0,-228.0,-105.0,-1289.0,238.0,-29.0
22.0,-225.0,-106.0,-1320.0,258.0,-12.0
27.0,-232.0,-113.0,-1353.0,271.0,0.0
23.0,-240.0,-116.0,-1390.0,287.0,6.0
24.0,-240.0,-117.0,-1426.0,299.0,3.0
16.0,-229.0,-117.0,-1463.0,310.0,-14.0
20.0,-226.0,-124.0,-1488.0,305.0,-20.0
20.0,-228.0,-132.0,-1497.0,297.0,-17.0
22.0,-228.0,-138.0,-1503.0,296.0,-27.0
18.0,-225.0,-140.0,-1508.0,288.0,-29.0
21.0,-228.0,-141.0,-1503.0,289.0,-30.0
26.0,-226.0,-147.0,-1500.0,287.0,-35.0
26.0,-228.0,-147.0,-1493.0,295.0,-44.0
21.0,-231.0,-159.0,-1488.0,299.0,-50.0
28.0,-221.0,-154.0,-1481.0,306.0,-59.0
34.0,-215.0,-165.0,-1463.0,308.0,-61.0
38.0,-218.0,-168.0,-1450.0,302.0,-72.0
32.0,-211.0,-175.0,-1431.0,301.0,-87.0
34.0,-206.0,-174.0,-1416.0,302.0,-102.0
26.0,-203.0,-177.0,-1406.0,302.0,-113.0
25.0,-211.0,-173.0,-1403.0,302.0,-127.0
13.0,-207.0,-178.0,-1398.0,307.0,-132.0
17.0,-205.0,-180.0,-1369.0,324.0,-106.0
22.0,-203.0,-187.0,-1342.0,341.0,-73.0
20.0,-200.0,-185.0,-1321.0,355.0,-44.0
27.0,-202.0,-185.0,-1301.0,356.0,-25.0
24.0,-202.0,-185.0,-1269.0,354.0,-20.0
24.0,-203.0,-182.0,-1230.0,337.0,-20.0
27.0,-204.0,-188.0,-1176.0,307.0,-27.0
22.0,-199.0,-190.0,-1129.0,285.0,-34.0
21.0,-199.0,-191.0,-1079.0,262.0,-42.0
19.0,-198.0,-188.0,-1020.0,244.0,-47.0
17.0,-200.0,-186.0,-950.0,231.0,-54.0
18.0,-199.0,-187.0,-876.0,225.0,-54.0
21.0,-197.0,-187.0,-808.0,231.0,-49.0
22.0,-196.0,-185.0,-747.0,238.0,-39.0
24.0,-197.0,-189.0,-692.0,239.0,-32.0
21.0,-196.0,-189.0,-642.0,244.0,-26.0
23.0,-197.0,-190.0,-599.0,244.0,-17.0
19.0,-196.0,-187.0,-561.0,233.0,-14.0
22.0,-196.0,-193.0,-537.0,220.0,-15.0
26.0,-197.0,-196.0,-513.0,203.0,-17.0
27.0,-197.0,-197.0,-497.0,189.0,-20.0
32.0,-196.0,-199.0,-478.0,176.0,-22.0
31.0,-194.0,-200.0,-454.0,165.0,-26.0
33.0,-191.0,-200.0,-424.0,150.0,-30.0
32.0,-194.0,-201.0,-394.0,137.0,-33.0
33.0,-190.0,-198.0,-365.0,127.0,-33.0
34.0,-191.0,-197.0,-340.0,121.0,-25.0
35.0,-181.0,-194.0,-325.0,120.0,-16.0
37.0,-185.0,-199.0,-319.0,128.0,-11.0
34.0,-183.0,-203.0,-322.0,133.0,-7.0
31.0,-184.0,-204.0,-330.0,133.0,-6.0
33.0,-184.0,-207.0,-334.0,129.0,-2.0
37.0,-187.0,-210.0,-335.0,126.0,1.0
35.0,-186.0,-209.0,-335.0,122.0,1.0
40.0,-188.0,-211.0,-334.0,117.0,2.0
35.0,-189.0,-213.0,-331.0,115.0,1.0
33.0,-186.0,-211.0,-326.0,118.0,2.0
31.0,-189.0,-216.0,-314.0,119.0,5.0
32.0,-188.0,-215.0,-307.0,122.0,8.0
29.0,-184.0,-212.0,-298.0,116.0,12.0
26.0,-178.0,-217.0,-291.0,107.0,12.0
28.0,-175.0,-216.0,-290.0,98.0,12.0
29.0,-180.0,-218.0,-288.0,94.0,17.0
31.0,-179.0,-219.0,-291.0,87.0,21.0
32.0,-175.0,-222.0,-293.0,84.0,24.0
34.0,-177.0,-224.0,-302.0,78.0,26.0
33.0,-180.0,-225.0,-314.0,70.0,28.0
37.0,-179.0,-221.0,-323.0,64.0,26.0
34.0,-183.0,-225.0,-331.0,52.0,23.0
31.0,-181.0,-219.0,-332.0,37.0,18.0
29.0,-178.0,-220.0,-329.0,18.0,15.0
29.0,-180.0,-221.0,-327.0,1.0,15.0
32.0,-182.0,-227.0,-316.0,-13.0,14.0
32.0,-181.0,-227.0,-294.0,-17.0,8.0
35.0,-172.0,-225.0,-272.0,-22.0,11.0
35.0,-180.0,-225.0,-262.0,-16.0,14.0
37.0,-186.0,-229.0,-261.0,-10.0,13.0
29.0,-189.0,-229.0,-239.0,7.0,2.0
29.0,-168.0,-223.0,-201.0,12.0,4.0
31.0,-166.0,-224.0,-188.0,19.0,7.0
38.0,-166.0,-227.0,-206.0,13.0,9.0
39.0,-166.0,-229.0,-247.0,5.0,6.0
42.0,-178.0,-225.0,-279.0,-3.0,3.0
39.0,-183.0,-225.0,-310.0,-16.0,-2.0
39.0,-183.0,-226.0,-334.0,-28.0,-8.0
40.0,-185.0,-230.0,-341.0,-36.0,-16.0
38.0,-185.0,-232.0,-335.0,-46.0,-21.0
38.0,-183.0,-225.0,-320.0,-52.0,-25.0
37.0,-181.0,-228.0,-302.0,-55.0,-24.0
32.0,-179.0,-224.0,-282.0,-60.0,-24.0
30.0,-173.0,-221.0,-273.0,-64.0,-18.0
28.0,-172.0,-224.0,-267.0,-72.0,-11.0
28.0,-169.0,-219.0,-267.0,-84.0,-4.0
30.0,-170.0,-218.0,-268.0,-96.0,-3.0
31.0,-168.0,-219.0,-267.0,-109.0,2.0
31.0,-172.0,-215.0,-265.0,-122.0,6.0
36.0,-176.0,-218.0,-259.0,-132.0,12.0
36.0,-174.0,-220.0,-247.0,-134.0,16.0
37.0,-177.0,-221.0,-231.0,-135.0,20.0
37.0,-176.0,-221.0,-216.0,-134.0,19.0
37.0,-176.0,-217.0,-202.0,-132.0,20.0
41.0,-176.0,-221.0,-189.0,-129.0,18.0
39.0,-177.0,-220.0,-170.0,-124.0,20.0
41.0,-175.0,-222.0,-149.0,-123.0,20.0
34.0,-166.0,-222.0,-128.0,-122.0,16.0
34.0,-170.0,-216.0,-120.0,-128.0,16.0
34.0,-166.0,-210.0,-116.0,-131.0,14.0
30.0,-167.0,-215.0,-106.0,-134.0,12.0
27.0,-164.0,-208.0,-91.0,-140.0,15.0
26.0,-169.0,-212.0,-68.0,-143.0,17.0
27.0,-169.0,-205.0,-43.0,-141.0,22.0
29.0,-169.0,-204.0,-16.0,-138.0,20.0
29.0,-169.0,-202.0,11.0,-133.0,22.0
28.0,-169.0,-203.0,41.0,-123.0,17.0
32.0,-170.0,-202.0,67.0,-118.0,20.0
27.0,-165.0,-198.0,90.0,-116.0,15.0
29.0,-165.0,-201.0,112.0,-122.0,14.0
26.0,-162.0,-198.0,137.0,-127.0,7.0
27.0,-161.0,-202.0,159.0,-136.0,7.0
23.0,-159.0,-204.0,181.0,-141.0,7.0
23.0,-156.0,-208.0,199.0,-149.0,9.0
23.0,-158.0,-208.0,210.0,-151.0,5.0
22.0,-157.0,-201.0,213.0,-146.0,3.0
22.0,-157.0,-201.0,212.0,-140.0,-3.0
22.0,-156.0,-200.0,205.0,-131.0,-9.0
25.0,-158.0,-198.0,193.0,-121.0,-12.0
24.0,-154.0,-199.0,183.0,-100.0,-15.0
25.0,-157.0,-196.0,172.0,-83.0,-15.0
16.0,-152.0,-225.0,166.0,-70.0,-20.0
25.0,-157.0,-205.0,165.0,-73.0,-23.0
17.0,-154.0,-191.0,165.0,-64.0,-27.0
19.0,-160.0,-195.0,164.0,-62.0,-24.0
21.0,-162.0,-197.0,166.0,-66.0,-16.0
18.0,-164.0,-199.0,171.0,-74.0,-9.0
19.0,-170.0,-198.0,183.0,-91.0,5.0
18.0,-169.0,-202.0,201.0,-102.0,17.0
21.0,-165.0,-201.0,226.0,-109.0,29.0
23.0,-166.0,-199.0,243.0,-112.0,34.0
20.0,-164.0,-200.0,255.0,-113.0,38.0
22.0,-162.0,-200.0,260.0,-108.0,34.0
24.0,-161.0,-201.0,258.0,-96.0,32.0
16.0,-159.0,-201.0,249.0,-81.0,28.0
18.0,-161.0,-199.0,228.0,-68.0,28.0
15.0,-160.0,-200.0,212.0,-61.0,21.0
15.0,-160.0,-197.0,203.0,-53.0,15.0
15.0,-161.0,-197.0,196.0,-44.0,12.0
15.0,-160.0,-204.0,194.0,-39.0,13.0
16.0,-159.0,-201.0,184.0,-36.0,12.0
20.0,-159.0,-197.0,174.0,-37.0,16.0
21.0,-159.0,-201.0,163.0,-36.0,20.0
19.0,-162.0,-199.0,151.0,-33.0,27.0
16.0,-164.0,-199.0,142.0,-26.0,30.0
13.0,-170.0,-204.0,138.0,-18.0,35.0
12.0,-174.0,-200.0,132.0,-7.0,42.0
12.0,-174.0,-203.0,131.0,3.0,53.0
5.0,-172.0,-200.0,144.0,5.0,55.0
11.0,-173.0,-200.0,171.0,0.0,62.0
11.0,-173.0,-208.0,195.0,-8.0,63.0
8.0,-171.0,-208.0,213.0,-21.0,64.0
12.0,-172.0,-206.0,216.0,-28.0,65.0
14.0,-171.0,-203.0,215.0,-32.0,71.0
16.0,-170.0,-205.0,212.0,-34.0,74.0
14.0,-169.0,-202.0,206.0,-33.0,77.0
16.0,-170.0,-201.0,204.0,-32.0,72.0
11.0,-173.0,-197.0,209.0,-30.0,72.0
13.0,-175.0,-198.0,213.0,-29.0,70.0
13.0,-175.0,-196.0,209.0,-31.0,73.0
11.0,-177.0,-197.0,209.0,-37.0,72.0
11.0,-176.0,-198.0,212.0,-46.0,74.0
9.0,-176.0,-201.0,220.0,-61.0,74.0
10.0,-176.0,-201.0,227.0,-70.0,77.0
13.0,-173.0,-201.0,233.0,-74.0,73.0
12.0,-177.0,-201.0,235.0,-72.0,69.0
12.0,-175.0,-199.0,239.0,-68.0,63.0
14.0,-176.0,-199.0,244.0,-64.0,63.0
11.0,-177.0,-200.0,248.0,-62.0,62.0
11.0,-177.0,-196.0,253.0,-58.0,63.0
9.0,-177.0,-193.0,255.0,-54.0,60.0
10.0,-174.0,-193.0,261.0,-49.0,64.0
7.0,-179.0,-194.0,269.0,-44.0,63.0
14.0,-175.0,-192.0,286.0,-40.0,66.0
11.0,-175.0,-191.0,298.0,-36.0,67.0
12.0,-173.0,-191.0,306.0,-30.0,72.0
16.0,-175.0,-188.0,311.0,-27.0,72.0
14.0,-171.0,-194.0,315.0,-23.0,72.0
13.0,-170.0,-194.0,317.0,-17.0,65.0
11.0,-173.0,-193.0,317.0,-10.0,63.0
12.0,-173.0,-191.0,314.0,-6.0,56.0
12.0,-174.0,-191.0,311.0,-6.0,57.0
14.0,-176.0,-193.0,308.0,-5.0,53.0
9.0,-174.0,-191.0,304.0,-6.0,53.0
10.0,-173.0,-191.0,297.0,-5.0,48.0
12.0,-172.0,-188.0,289.0,-6.0,47.0
10.0,-174.0,-185.0,282.0,-6.0,44.0
8.0,-177.0,-188.0,275.0,-4.0,41.0
7.0,-180.0,-182.0,272.0,-1.0,38.0
4.0,-182.0,-190.0,273.0,3.0,37.0
4.0,-181.0,-187.0,276.0,10.0,34.0
2.0,-184.0,-190.0,284.0,18.0,35.0
5.0,-185.0,-186.0,287.0,25.0,33.0
2.0,-185.0,-186.0,294.0,36.0,34.0
-2.0,-184.0,-183.0,301.0,46.0,29.0
1.0,-184.0,-182.0,312.0,43.0,32.0
4.0,-185.0,-179.0,320.0,38.0,32.0
4.0,-185.0,-186.0,328.0,34.0,30.0
8.0,-183.0,-186.0,335.0,31.0,28.0
9.0,-178.0,-188.0,340.0,27.0,27.0
11.0,-179.0,-183.0,340.0,26.0,25.0
13.0,-178.0,-183.0,340.0,25.0,28.0
14.0,-178.0,-185.0,339.0,24.0,23.0
15.0,-179.0,-185.0,339.0,29.0,24.0
13.0,-176.0,-183.0,339.0,35.0,19.0
12.0,-175.0,-185.0,337.0,40.0,17.0
11.0,-177.0,-181.0,333.0,45.0,11.0
10.0,-176.0,-182.0,330.0,45.0,11.0
11.0,-175.0,-182.0,321.0,45.0,7.0
9.0,-177.0,-180.0,313.0,46.0,6.0
9.0,-177.0,-179.0,301.0,52.0,0.0
7.0,-181.0,-177.0,289.0,56.0,-1.0
4.0,-182.0,-179.0,283.0,59.0,-4.0
7.0,-183.0,-178.0,280.0,62.0,0.0
2.0,-180.0,-179.0,282.0,66.0,-4.0
5.0,-184.0,-178.0,284.0,68.0,-3.0
2.0,-185.0,-180.0,287.0,70.0,-3.0
4.0,-185.0,-176.0,290.0,68.0,-1.0
4.0,-182.0,-177.0,291.0,66.0,-5.0
-4.0,-184.0,-176.0,294.0,59.0,-3.0
2.0,-184.0,-172.0,299.0,51.0,-6.0
4.0,-187.0,-172.0,302.0,38.0,-3.0
5.0,-187.0,-175.0,305.0,25.0,-7.0
8.0,-191.0,-177.0,315.0,15.0,-6.0
7.0,-189.0,-174.0,323.0,13.0,-10.0
7.0,-187.0,-176.0,332.0,12.0,-7.0
11.0,-190.0,-173.0,338.0,10.0,-7.0
11.0,-190.0,-177.0,343.0,13.0,-3.0
9.0,-190.0,-174.0,351.0,19.0,-7.0
10.0,-189.0,-175.0,356.0,20.0,-4.0
8.0,-189.0,-173.0,354.0,18.0,-6.0
10.0,-191.0,-170.0,354.0,16.0,1.0
10.0,-188.0,-169.0,355.0,18.0,3.0
10.0,-188.0,-171.0,356.0,24.0,8.0
8.0,-190.0,-170.0,356.0,34.0,5.0
10.0,-188.0,-170.0,356.0,47.0,6.0
10.0,-191.0,-166.0,355.0,60.0,1.0
9.0,-187.0,-170.0,352.0,74.0,-1.0
10.0,-187.0,-169.0,344.0,88.0,-7.0
9.0,-191.0,-168.0,336.0,99.0,-4.0
8.0,-190.0,-168.0,327.0,109.0,-3.0
7.0,-191.0,-165.0,325.0,109.0,-1.0
12.0,-196.0,-166.0,324.0,108.0,-6.0
9.0,-194.0,-167.0,329.0,102.0,-3.0
7.0,-196.0,-168.0,333.0,96.0,-3.0
8.0,-199.0,-167.0,342.0,88.0,2.0
9.0,-205.0,-166.0,350.0,83.0,2.0
6.0,-201.0,-170.0,356.0,78.0,7.0
4.0,-203.0,-171.0,360.0,76.0,9.0
7.0,-202.0,-169.0,365.0,80.0,16.0
5.0,-204.0,-170.0,366.0,82.0,20.0
8.0,-202.0,-165.0,363.0,84.0,28.0
8.0,-203.0,-170.0,358.0,81.0,26.0
9.0,-204.0,-171.0,355.0,81.0,29.0
6.0,-204.0,-170.0,362.0,78.0,24.0
10.0,-205.0,-166.0,367.0,73.0,24.0
6.0,-201.0,-172.0,368.0,69.0,19.0
5.0,-203.0,-170.0,367.0,65.0,18.0
11.0,-207.0,-166.0,363.0,63.0,13.0
8.0,-204.0,-162.0,360.0,63.0,10.0
7.0,-204.0,-163.0,356.0,68.0,6.0
8.0,-203.0,-160.0,353.0,71.0,9.0
8.0,-202.0,-169.0,350.0,79.0,6.0
4.0,-205.0,-164.0,349.0,85.0,5.0
5.0,-204.0,-160.0,346.0,89.0,1.0
6.0,-204.0,-159.0,346.0,86.0,4.0
7.0,-205.0,-160.0,349.0,82.0,1.0
11.0,-206.0,-161.0,354.0,79.0,1.0
8.0,-204.0,-162.0,356.0,75.0,0.0
10.0,-205.0,-163.0,356.0,72.0,3.0
2.0,-206.0,-160.0,366.0,72.0,-10.0
7.0,-207.0,-164.0,391.0,74.0,-9.0
7.0,-207.0,-163.0,396.0,69.0,-6.0
6.0,-204.0,-164.0,391.0,63.0,-3.0
9.0,-205.0,-159.0,380.0,59.0,-6.0
6.0,-201.0,-158.0,373.0,56.0,-3.0
9.0,-205.0,-157.0,368.0,52.0,-1.0
10.0,-206.0,-157.0,370.0,48.0,4.0
5.0,-206.0,-154.0,376.0,43.0,-1.0
8.0,-204.0,-151.0,386.0,42.0,1.0
10.0,-207.0,-154.0,386.0,32.0,3.0
10.0,-207.0,-157.0,378.0,27.0,4.0
11.0,-207.0,-152.0,376.0,33.0,-4.0
3.0,-206.0,-153.0,377.0,36.0,-7.0
4.0,-207.0,-148.0,377.0,36.0,-12.0
6.0,-206.0,-148.0,373.0,36.0,-8.0
4.0,-210.0,-147.0,367.0,37.0,-9.0
5.0,-212.0,-149.0,365.0,36.0,-6.0
5.0,-210.0,-145.0,365.0,36.0,-11.0
3.0,-208.0,-142.0,369.0,33.0,-10.0
6.0,-211.0,-139.0,371.0,35.0,-13.0
7.0,-209.0,-143.0,374.0,43.0,-12.0
5.0,-213.0,-142.0,377.0,52.0,-15.0
4.0,-213.0,-141.0,385.0,60.0,-16.0
2.0,-214.0,-142.0,390.0,64.0,-19.0
7.0,-213.0,-141.0,379.0,59.0,-12.0
7.0,-216.0,-136.0,368.0,55.0,-18.0
9.0,-216.0,-140.0,366.0,54.0,-21.0
4.0,-216.0,-136.0,377.0,52.0,-27.0
4.0,-218.0,-141.0,389.0,48.0,-27.0
5.0,-218.0,-138.0,394.0,45.0,-26.0
