12.0,-254.0,-27.0,-42.0,14.0,-10.0
12.0,-251.0,-29.0,-38.0,17.0,-12.0
11.0,-253.0,-31.0,-36.0,22.0,-9.0
13.0,-251.0,-27.0,-40.0,24.0,-10.0
14.0,-255.0,-29.0,-39.0,27.0,-10.0
11.0,-252.0,-29.0,-41.0,26.0,-9.0
10.0,-253.0,-27.0,-42.0,25.0,-9.0
12.0,-250.0,-26.0,-41.0,23.0,-9.0
10.0,-255.0,-29.0,-45.0,20.0,-7.0
9.0,-249.0,-28.0,-47.0,18.0,-6.0
10.0,-251.0,-28.0,-48.0,16.0,-6.0
13.0,-254.0,-29.0,-50.0,14.0,-6.0
13.0,-253.0,-27.0,-49.0,13.0,-7.0
11.0,-251.0,-30.0,-47.0,15.0,-7.0
11.0,-252.0,-28.0,-46.0,15.0,-8.0
11.0,-255.0,-26.0,-45.0,16.0,-10.0
14.0,-251.0,-33.0,-47.0,19.0,-9.0
11.0,-252.0,-32.0,-48.0,19.0,-10.0
10.0,-253.0,-26.0,-52.0,20.0,-10.0
12.0,-255.0,-25.0,-55.0,19.0,-10.0
15.0,-256.0,-29.0,-57.0,20.0,-10.0
12.0,-251.0,-30.0,-56.0,18.0,-9.0
9.0,-251.0,-27.0,-57.0,17.0,-8.0
12.0,-252.0,-27.0,-59.0,16.0,-7.0
12.0,-252.0,-26.0,-60.0,12.0,-7.0
12.0,-251.0,-27.0,-61.0,9.0,-6.0
12.0,-250.0,-29.0,-63.0,6.0,-8.0
13.0,-252.0,-25.0,-64.0,4.0,-9.0
14.0,-254.0,-29.0,-69.0,1.0,-9.0
11.0,-255.0,-32.0,-73.0,1.0,-9.0
11.0,-252.0,-27.0,-78.0,1.0,-10.0
18.0,-261.0,-23.0,-82.0,1.0,-10.0
15.0,-253.0,-28.0,-83.0,2.0,-11.0
11.0,-254.0,-29.0,-87.0,5.0,-11.0
10.0,-252.0,-23.0,-93.0,7.0,-12.0
9.0,-251.0,-28.0,-95.0,10.0,-11.0
10.0,-252.0,-29.0,-99.0,9.0,-10.0
10.0,-253.0,-31.0,-103.0,9.0,-9.0
12.0,-254.0,-34.0,-104.0,8.0,-8.0
12.0,-252.0,-33.0,-108.0,8.0,-8.0
8.0,-252.0,-32.0,-109.0,10.0,-10.0
13.0,-255.0,-32.0,-108.0,11.0,-10.0
23.0,-252.0,-48.0,-104.0,15.0,-11.0
12.0,-255.0,-33.0,-97.0,18.0,-13.0
11.0,-255.0,-30.0,-89.0,19.0,-15.0
9.0,-254.0,-27.0,-85.0,20.0,-17.0
12.0,-250.0,-28.0,-79.0,20.0,-17.0
9.0,-251.0,-26.0,-76.0,20.0,-18.0
14.0,-252.0,-27.0,-76.0,19.0,-18.0
9.0,-251.0,-28.0,-77.0,20.0,-17.0
12.0,-251.0,-29.0,-77.0,18.0,-15.0
14.0,-253.0,-28.0,-77.0,19.0,-13.0
21.0,-249.0,-28.0,-77.0,19.0,-10.0
14.0,-251.0,-29.0,-76.0,21.0,-8.0
10.0,-254.0,-33.0,-73.0,24.0,-8.0
7.0,-253.0,-27.0,-69.0,25.0,-6.0
14.0,-254.0,-34.0,-69.0,25.0,-8.0
12.0,-256.0,-30.0,-68.0,25.0,-8.0
14.0,-254.0,-31.0,-71.0,24.0,-9.0
11.0,-254.0,-32.0,-75.0,23.0,-12.0
13.0,-251.0,-31.0,-80.0,22.0,-15.0
13.0,-251.0,-28.0,-87.0,21.0,-14.0
12.0,-249.0,-31.0,-95.0,21.0,-15.0
12.0,-252.0,-28.0,-99.0,20.0,-11.0
13.0,-252.0,-31.0,-110.0,18.0,-12.0
17.0,-252.0,-30.0,-117.0,17.0,-13.0
9.0,-250.0,-26.0,-118.0,17.0,-12.0
12.0,-254.0,-33.0,-116.0,18.0,-11.0
11.0,-252.0,-36.0,-112.0,21.0,-11.0
9.0,-251.0,-27.0,-107.0,23.0,-10.0
12.0,-255.0,-34.0,-100.0,24.0,-8.0
9.0,-254.0,-29.0,-92.0,23.0,-9.0
12.0,-252.0,-32.0,-85.0,21.0,-8.0
11.0,-255.0,-33.0,-77.0,19.0,-10.0
11.0,-256.0,-31.0,-70.0,18.0,-8.0
11.0,-254.0,-31.0,-63.0,18.0,-9.0
12.0,-254.0,-33.0,-61.0,19.0,-10.0
13.0,-255.0,-33.0,-58.0,17.0,-11.0
13.0,-253.0,-31.0,-57.0,17.0,-9.0
12.0,-251.0,-34.0,-59.0,15.0,-10.0
13.0,-251.0,-34.0,-60.0,13.0,-7.0
10.0,-248.0,-36.0,-65.0,11.0,-6.0
15.0,-252.0,-28.0,-73.0,12.0,-6.0
11.0,-250.0,-31.0,-81.0,14.0,-5.0
12.0,-251.0,-35.0,-90.0,17.0,-4.0
13.0,-252.0,-32.0,-98.0,18.0,-5.0
15.0,-253.0,-29.0,-104.0,19.0,-6.0
11.0,-253.0,-33.0,-110.0,18.0,-8.0
12.0,-251.0,-33.0,-111.0,19.0,-6.0
13.0,-251.0,-33.0,-113.0,18.0,-6.0
15.0,-252.0,-36.0,-113.0,20.0,-7.0
14.0,-253.0,-30.0,-112.0,21.0,-7.0
14.0,-256.0,-33.0,-105.0,24.0,-5.0
15.0,-255.0,-32.0,-100.0,26.0,-3.0
14.0,-257.0,-33.0,-92.0,27.0,-3.0
14.0,-254.0,-32.0,-82.0,26.0,-1.0
15.0,-255.0,-31.0,-73.0,24.0,-1.0
12.0,-254.0,-34.0,-64.0,24.0,0.0
15.0,-255.0,-34.0,-55.0,22.0,1.0
13.0,-253.0,-31.0,-48.0,24.0,0.0
13.0,-252.0,-32.0,-44.0,25.0,0.0
14.0,-255.0,-36.0,-42.0,26.0,-1.0
13.0,-253.0,-32.0,-43.0,27.0,-1.0
8.0,-251.0,-32.0,-44.0,27.0,-4.0
9.0,-252.0,-32.0,-48.0,26.0,-5.0
10.0,-252.0,-35.0,-55.0,27.0,-8.0
12.0,-249.0,-32.0,-63.0,27.0,-9.0
13.0,-251.0,-33.0,-73.0,28.0,-11.0
13.0,-253.0,-33.0,-83.0,28.0,-12.0
10.0,-252.0,-35.0,-91.0,31.0,-13.0
10.0,-252.0,-30.0,-94.0,32.0,-14.0
10.0,-252.0,-36.0,-96.0,33.0,-13.0
12.0,-255.0,-34.0,-97.0,33.0,-15.0
8.0,-254.0,-36.0,-97.0,32.0,-16.0
8.0,-253.0,-32.0,-93.0,34.0,-15.0
14.0,-255.0,-36.0,-90.0,34.0,-12.0
10.0,-253.0,-34.0,-86.0,32.0,-11.0
10.0,-253.0,-33.0,-81.0,29.0,-8.0
10.0,-254.0,-36.0,-78.0,25.0,-7.0
13.0,-256.0,-33.0,-73.0,22.0,-5.0
7.0,-253.0,-32.0,-70.0,22.0,-4.0
13.0,-254.0,-34.0,-66.0,24.0,-4.0
14.0,-254.0,-34.0,-63.0,27.0,-3.0
14.0,-254.0,-34.0,-64.0,27.0,-2.0
12.0,-254.0,-36.0,-63.0,26.0,-4.0
11.0,-254.0,-34.0,-64.0,22.0,-3.0
10.0,-253.0,-32.0,-65.0,18.0,0.0
10.0,-251.0,-32.0,-69.0,14.0,2.0
9.0,-252.0,-35.0,-72.0,10.0,3.0
12.0,-253.0,-36.0,-74.0,5.0,2.0
11.0,-251.0,-41.0,-76.0,2.0,3.0
12.0,-252.0,-37.0,-79.0,-1.0,4.0
14.0,-251.0,-38.0,-85.0,-4.0,4.0
11.0,-250.0,-41.0,-90.0,-5.0,4.0
14.0,-254.0,-40.0,-98.0,-2.0,4.0
11.0,-252.0,-41.0,-107.0,1.0,4.0
12.0,-253.0,-46.0,-120.0,7.0,6.0
17.0,-255.0,-40.0,-133.0,13.0,5.0
10.0,-252.0,-39.0,-140.0,19.0,5.0
11.0,-255.0,-35.0,-143.0,23.0,6.0
11.0,-254.0,-37.0,-139.0,26.0,4.0
10.0,-254.0,-36.0,-130.0,29.0,4.0
12.0,-256.0,-33.0,-115.0,32.0,4.0
11.0,-255.0,-36.0,-96.0,30.0,5.0
15.0,-257.0,-34.0,-78.0,29.0,5.0
15.0,-257.0,-34.0,-62.0,26.0,3.0
14.0,-257.0,-38.0,-52.0,23.0,1.0
15.0,-255.0,-35.0,-45.0,20.0,1.0
10.0,-252.0,-36.0,-37.0,19.0,2.0
13.0,-253.0,-37.0,-27.0,19.0,1.0
13.0,-250.0,-35.0,-19.0,19.0,1.0
13.0,-251.0,-36.0,-15.0,19.0,1.0
14.0,-251.0,-40.0,-12.0,19.0,2.0
11.0,-251.0,-37.0,-12.0,18.0,5.0
12.0,-253.0,-39.0,-13.0,15.0,7.0
12.0,-253.0,-35.0,-14.0,13.0,9.0
14.0,-251.0,-36.0,-16.0,11.0,9.0
12.0,-251.0,-38.0,-22.0,8.0,11.0
15.0,-252.0,-36.0,-32.0,7.0,12.0
13.0,-252.0,-38.0,-40.0,6.0,12.0
14.0,-254.0,-38.0,-48.0,6.0,13.0
14.0,-250.0,-34.0,-53.0,8.0,15.0
13.0,-252.0,-38.0,-56.0,11.0,15.0
13.0,-253.0,-34.0,-56.0,12.0,15.0
13.0,-255.0,-38.0,-57.0,13.0,15.0
15.0,-253.0,-40.0,-53.0,12.0,15.0
14.0,-254.0,-38.0,-49.0,10.0,14.0
12.0,-255.0,-38.0,-42.0,9.0,13.0
11.0,-256.0,-42.0,-34.0,7.0,11.0
12.0,-252.0,-43.0,-30.0,5.0,12.0
13.0,-252.0,-40.0,-25.0,2.0,12.0
10.0,-252.0,-42.0,-20.0,0.0,11.0
10.0,-254.0,-40.0,-18.0,-2.0,9.0
13.0,-256.0,-41.0,-12.0,-4.0,10.0
9.0,-252.0,-42.0,-3.0,-5.0,11.0
13.0,-255.0,-36.0,7.0,-6.0,12.0
14.0,-256.0,-36.0,18.0,-6.0,16.0
14.0,-255.0,-41.0,28.0,-5.0,20.0
11.0,-255.0,-37.0,39.0,-6.0,25.0
13.0,-257.0,-35.0,50.0,-11.0,32.0
13.0,-257.0,-37.0,61.0,-20.0,37.0
14.0,-256.0,-42.0,72.0,-28.0,44.0
10.0,-253.0,-37.0,80.0,-39.0,46.0
10.0,-256.0,-39.0,84.0,-46.0,45.0
8.0,-254.0,-39.0,83.0,-48.0,42.0
9.0,-255.0,-40.0,83.0,-49.0,38.0
10.0,-254.0,-40.0,82.0,-43.0,32.0
6.0,-251.0,-38.0,78.0,-36.0,24.0
6.0,-254.0,-39.0,75.0,-23.0,14.0
6.0,-250.0,-35.0,72.0,-7.0,5.0
6.0,-251.0,-35.0,65.0,14.0,-3.0
3.0,-249.0,-31.0,54.0,35.0,-6.0
5.0,-250.0,-32.0,43.0,53.0,-7.0
4.0,-248.0,-30.0,30.0,70.0,-4.0
3.0,-250.0,-27.0,18.0,82.0,-1.0
9.0,-251.0,-28.0,9.0,89.0,4.0
8.0,-251.0,-23.0,2.0,93.0,6.0
5.0,-250.0,-25.0,-6.0,90.0,10.0
7.0,-251.0,-22.0,-13.0,85.0,9.0
7.0,-252.0,-23.0,-21.0,73.0,7.0
8.0,-251.0,-23.0,-29.0,60.0,5.0
8.0,-249.0,-27.0,-37.0,46.0,2.0
12.0,-250.0,-23.0,-45.0,31.0,0.0
10.0,-249.0,-24.0,-52.0,18.0,-3.0
9.0,-251.0,-29.0,-55.0,8.0,-6.0
9.0,-250.0,-26.0,-54.0,-1.0,-7.0
9.0,-251.0,-27.0,-49.0,-8.0,-9.0
12.0,-251.0,-33.0,-42.0,-11.0,-10.0
10.0,-252.0,-32.0,-35.0,-13.0,-11.0
7.0,-250.0,-25.0,-30.0,-14.0,-11.0
9.0,-251.0,-31.0,-29.0,-13.0,-10.0
11.0,-251.0,-30.0,-28.0,-13.0,-10.0
10.0,-250.0,-27.0,-27.0,-12.0,-7.0
9.0,-247.0,-28.0,-29.0,-11.0,-8.0
12.0,-248.0,-28.0,-35.0,-7.0,-7.0
10.0,-248.0,-26.0,-45.0,-5.0,-7.0
11.0,-247.0,-28.0,-61.0,-2.0,-7.0
10.0,-249.0,-25.0,-78.0,2.0,-10.0
9.0,-247.0,-29.0,-99.0,6.0,-12.0
11.0,-249.0,-29.0,-118.0,12.0,-14.0
12.0,-249.0,-23.0,-136.0,15.0,-15.0
11.0,-248.0,-26.0,-155.0,20.0,-16.0
12.0,-248.0,-24.0,-170.0,24.0,-18.0
13.0,-248.0,-28.0,-184.0,25.0,-18.0
13.0,-244.0,-27.0,-196.0,27.0,-19.0
14.0,-247.0,-23.0,-206.0,25.0,-18.0
13.0,-245.0,-25.0,-216.0,19.0,-14.0
15.0,-247.0,-23.0,-230.0,9.0,-10.0
15.0,-248.0,-22.0,-249.0,-1.0,-5.0
15.0,-248.0,-24.0,-270.0,-12.0,0.0
12.0,-243.0,-29.0,-296.0,-24.0,5.0
18.0,-239.0,-28.0,-327.0,-35.0,10.0
12.0,-246.0,-29.0,-360.0,-45.0,10.0
16.0,-249.0,-32.0,-393.0,-51.0,19.0
15.0,-248.0,-35.0,-418.0,-54.0,25.0
15.0,-250.0,-35.0,-432.0,-56.0,24.0
12.0,-249.0,-37.0,-437.0,-52.0,20.0
9.0,-250.0,-34.0,-439.0,-47.0,20.0
8.0,-251.0,-31.0,-437.0,-42.0,19.0
6.0,-251.0,-37.0,-432.0,-36.0,17.0
3.0,-253.0,-40.0,-425.0,-35.0,13.0
7.0,-252.0,-43.0,-420.0,-31.0,11.0
1.0,-248.0,-42.0,-416.0,-31.0,12.0
-1.0,-247.0,-42.0,-418.0,-31.0,12.0
0.0,-249.0,-39.0,-416.0,-38.0,11.0
2.0,-248.0,-43.0,-417.0,-46.0,8.0
3.0,-246.0,-44.0,-423.0,-57.0,6.0
1.0,-244.0,-42.0,-429.0,-62.0,6.0
3.0,-244.0,-42.0,-442.0,-61.0,5.0
2.0,-243.0,-40.0,-457.0,-53.0,5.0
3.0,-245.0,-42.0,-478.0,-44.0,8.0
2.0,-244.0,-42.0,-498.0,-37.0,11.0
7.0,-245.0,-39.0,-520.0,-32.0,15.0
4.0,-239.0,-46.0,-542.0,-30.0,23.0
7.0,-241.0,-44.0,-566.0,-29.0,33.0
6.0,-242.0,-43.0,-588.0,-29.0,43.0
9.0,-247.0,-41.0,-610.0,-30.0,52.0
7.0,-247.0,-45.0,-628.0,-29.0,63.0
8.0,-247.0,-48.0,-642.0,-30.0,73.0
3.0,-260.0,-52.0,-657.0,-30.0,83.0
4.0,-246.0,-52.0,-679.0,-30.0,96.0
3.0,-245.0,-49.0,-707.0,-31.0,107.0
3.0,-244.0,-48.0,-739.0,-30.0,113.0
2.0,-240.0,-55.0,-767.0,-29.0,115.0
1.0,-240.0,-55.0,-799.0,-27.0,117.0
3.0,-233.0,-53.0,-826.0,-24.0,116.0
4.0,-235.0,-53.0,-847.0,-18.0,107.0
10.0,-236.0,-48.0,-868.0,-11.0,94.0
4.0,-236.0,-49.0,-889.0,-7.0,71.0
1.0,-230.0,-47.0,-904.0,-5.0,42.0
11.0,-225.0,-38.0,-912.0,-10.0,23.0
-1.0,-225.0,-43.0,-919.0,-19.0,9.0
-5.0,-224.0,-40.0,-947.0,-29.0,-2.0
2.0,-227.0,-44.0,-991.0,-37.0,-19.0
1.0,-230.0,-46.0,-1041.0,-37.0,-35.0
2.0,-229.0,-49.0,-1097.0,-30.0,-43.0
1.0,-234.0,-49.0,-1153.0,-17.0,-50.0
4.0,-238.0,-54.0,-1204.0,0.0,-56.0
9.0,-240.0,-56.0,-1256.0,21.0,-59.0
12.0,-249.0,-59.0,-1309.0,47.0,-60.0
16.0,-253.0,-55.0,-1350.0,76.0,-62.0
19.0,-253.0,-61.0,-1372.0,102.0,-68.0
7.0,-259.0,-57.0,-1372.0,119.0,-61.0
13.0,-264.0,-56.0,-1360.0,118.0,-53.0
11.0,-266.0,-59.0,-1351.0,99.0,-40.0
11.0,-266.0,-58.0,-1350.0,61.0,-26.0
11.0,-262.0,-62.0,-1370.0,22.0,-24.0
10.0,-260.0,-64.0,-1395.0,-20.0,-17.0
12.0,-258.0,-69.0,-1439.0,-40.0,4.0
8.0,-262.0,-76.0,-1502.0,-37.0,24.0
10.0,-266.0,-85.0,-1575.0,-21.0,37.0
9.0,-274.0,-87.0,-1647.0,-3.0,48.0
7.0,-270.0,-99.0,-1715.0,7.0,58.0
4.0,-280.0,-117.0,-1773.0,-1.0,63.0
-1.0,-282.0,-128.0,-1824.0,-19.0,73.0
-7.0,-283.0,-135.0,-1873.0,-48.0,91.0
-6.0,-287.0,-145.0,-1922.0,-81.0,113.0
-2.0,-289.0,-147.0,-1971.0,-113.0,139.0
3.0,-301.0,-150.0,-2008.0,-144.0,161.0
17.0,-311.0,-154.0,-2039.0,-167.0,181.0
21.0,-317.0,-151.0,-2056.0,-178.0,182.0
34.0,-325.0,-150.0,-2044.0,-181.0,173.0
39.0,-331.0,-151.0,-2003.0,-180.0,141.0
36.0,-326.0,-150.0,-1931.0,-173.0,110.0
32.0,-329.0,-153.0,-1842.0,-167.0,86.0
22.0,-322.0,-155.0,-1742.0,-171.0,71.0
19.0,-319.0,-161.0,-1632.0,-186.0,60.0
8.0,-314.0,-172.0,-1521.0,-212.0,57.0
6.0,-311.0,-180.0,-1415.0,-236.0,69.0
1.0,-309.0,-181.0,-1315.0,-242.0,91.0
-8.0,-305.0,-184.0,-1216.0,-229.0,120.0
-11.0,-302.0,-184.0,-1122.0,-202.0,151.0
-13.0,-300.0,-185.0,-1030.0,-173.0,175.0
-13.0,-299.0,-179.0,-945.0,-143.0,190.0
-12.0,-297.0,-175.0,-850.0,-125.0,191.0
-9.0,-290.0,-174.0,-747.0,-115.0,181.0
-4.0,-285.0,-175.0,-654.0,-113.0,162.0
-7.0,-280.0,-171.0,-574.0,-121.0,135.0
8.0,-271.0,-176.0,-504.0,-130.0,105.0
11.0,-263.0,-177.0,-445.0,-139.0,74.0
14.0,-257.0,-180.0,-408.0,-153.0,47.0
20.0,-253.0,-184.0,-397.0,-164.0,25.0
18.0,-245.0,-186.0,-402.0,-163.0,6.0
15.0,-244.0,-186.0,-432.0,-149.0,-2.0
15.0,-247.0,-188.0,-476.0,-126.0,1.0
13.0,-245.0,-187.0,-529.0,-94.0,17.0
9.0,-249.0,-184.0,-579.0,-64.0,35.0
3.0,-253.0,-184.0,-611.0,-44.0,51.0
1.0,-258.0,-182.0,-624.0,-36.0,71.0
-2.0,-261.0,-184.0,-617.0,-42.0,81.0
-6.0,-265.0,-186.0,-593.0,-61.0,88.0
-11.0,-263.0,-189.0,-560.0,-85.0,94.0
-11.0,-267.0,-194.0,-526.0,-109.0,96.0
-14.0,-266.0,-195.0,-496.0,-131.0,96.0
-16.0,-263.0,-201.0,-467.0,-146.0,92.0
-15.0,-259.0,-206.0,-435.0,-150.0,90.0
-16.0,-263.0,-197.0,-399.0,-145.0,82.0
-14.0,-262.0,-201.0,-359.0,-126.0,72.0
-17.0,-262.0,-204.0,-317.0,-102.0,56.0
-16.0,-261.0,-198.0,-276.0,-73.0,37.0
-13.0,-259.0,-197.0,-233.0,-46.0,20.0
-9.0,-259.0,-198.0,-196.0,-26.0,1.0
-6.0,-250.0,-197.0,-162.0,-8.0,-17.0
-1.0,-251.0,-192.0,-132.0,7.0,-34.0
0.0,-244.0,-192.0,-112.0,18.0,-48.0
9.0,-243.0,-189.0,-104.0,29.0,-57.0
4.0,-238.0,-187.0,-106.0,42.0,-65.0
8.0,-240.0,-189.0,-116.0,54.0,-70.0
6.0,-236.0,-185.0,-133.0,63.0,-74.0
4.0,-235.0,-184.0,-157.0,68.0,-73.0
2.0,-234.0,-190.0,-179.0,68.0,-70.0
0.0,-233.0,-185.0,-203.0,61.0,-64.0
-3.0,-235.0,-184.0,-222.0,48.0,-55.0
-2.0,-234.0,-186.0,-237.0,29.0,-48.0
-7.0,-234.0,-183.0,-245.0,7.0,-40.0
-7.0,-234.0,-189.0,-247.0,-14.0,-34.0
-11.0,-233.0,-185.0,-244.0,-31.0,-30.0
-11.0,-228.0,-185.0,-237.0,-42.0,-29.0
-10.0,-230.0,-187.0,-231.0,-44.0,-30.0
-12.0,-226.0,-188.0,-226.0,-39.0,-35.0
-13.0,-223.0,-186.0,-230.0,-32.0,-43.0
-10.0,-223.0,-185.0,-233.0,-22.0,-50.0
-13.0,-218.0,-187.0,-240.0,-13.0,-57.0
-15.0,-216.0,-185.0,-247.0,-8.0,-61.0
-9.0,-212.0,-187.0,-258.0,-4.0,-62.0
-9.0,-211.0,-186.0,-270.0,-2.0,-63.0
-10.0,-214.0,-186.0,-280.0,-3.0,-63.0
-6.0,-209.0,-185.0,-290.0,0.0,-64.0
-9.0,-211.0,-181.0,-292.0,7.0,-64.0
-7.0,-212.0,-182.0,-283.0,19.0,-64.0
-6.0,-214.0,-180.0,-267.0,30.0,-60.0
-6.0,-212.0,-177.0,-241.0,45.0,-57.0
-6.0,-211.0,-178.0,-208.0,56.0,-54.0
-5.0,-212.0,-182.0,-174.0,60.0,-53.0
-4.0,-212.0,-177.0,-127.0,62.0,-54.0
-3.0,-210.0,-178.0,-88.0,66.0,-55.0
-5.0,-209.0,-177.0,-53.0,71.0,-55.0
-3.0,-202.0,-176.0,-23.0,74.0,-53.0
-5.0,-202.0,-171.0,3.0,74.0,-49.0
-2.0,-200.0,-175.0,24.0,68.0,-44.0
-3.0,-198.0,-172.0,43.0,59.0,-37.0
-1.0,-197.0,-167.0,60.0,45.0,-29.0
2.0,-194.0,-168.0,77.0,31.0,-25.0
3.0,-192.0,-166.0,97.0,12.0,-25.0
2.0,-194.0,-169.0,119.0,-11.0,-27.0
3.0,-190.0,-170.0,141.0,-36.0,-26.0
7.0,-192.0,-173.0,159.0,-64.0,-25.0
8.0,-192.0,-170.0,177.0,-86.0,-24.0
8.0,-190.0,-171.0,198.0,-103.0,-24.0
6.0,-189.0,-172.0,221.0,-112.0,-27.0
7.0,-191.0,-171.0,243.0,-113.0,-32.0
5.0,-189.0,-169.0,265.0,-114.0,-35.0
7.0,-189.0,-170.0,282.0,-113.0,-42.0
2.0,-188.0,-163.0,298.0,-112.0,-49.0
-2.0,-187.0,-165.0,315.0,-111.0,-55.0
-4.0,-183.0,-163.0,323.0,-112.0,-58.0
0.0,-186.0,-161.0,336.0,-115.0,-61.0
-3.0,-184.0,-159.0,348.0,-117.0,-63.0
-4.0,-179.0,-159.0,354.0,-119.0,-67.0
-5.0,-177.0,-164.0,355.0,-116.0,-68.0
-5.0,-179.0,-161.0,350.0,-110.0,-68.0
-4.0,-175.0,-163.0,346.0,-101.0,-66.0
-3.0,-178.0,-165.0,342.0,-87.0,-64.0
-1.0,-178.0,-162.0,346.0,-73.0,-63.0
-2.0,-175.0,-159.0,353.0,-58.0,-60.0
-1.0,-177.0,-161.0,362.0,-45.0,-61.0
2.0,-184.0,-158.0,372.0,-30.0,-64.0
3.0,-183.0,-156.0,382.0,-17.0,-65.0
2.0,-186.0,-156.0,391.0,-5.0,-63.0
3.0,-187.0,-155.0,403.0,8.0,-63.0
2.0,-188.0,-150.0,417.0,24.0,-64.0
3.0,-193.0,-152.0,432.0,37.0,-69.0
-2.0,-191.0,-153.0,442.0,43.0,-72.0
-1.0,-194.0,-159.0,448.0,45.0,-73.0
-4.0,-195.0,-159.0,445.0,45.0,-75.0
-1.0,-197.0,-160.0,439.0,43.0,-76.0
-1.0,-198.0,-162.0,430.0,40.0,-79.0
-3.0,-198.0,-166.0,422.0,37.0,-79.0
1.0,-201.0,-168.0,412.0,37.0,-79.0
-2.0,-200.0,-168.0,405.0,41.0,-79.0
-1.0,-199.0,-169.0,405.0,52.0,-81.0
4.0,-204.0,-166.0,407.0,68.0,-82.0
4.0,-206.0,-166.0,415.0,84.0,-82.0
8.0,-205.0,-163.0,420.0,99.0,-85.0
6.0,-206.0,-157.0,429.0,107.0,-87.0
7.0,-205.0,-150.0,438.0,114.0,-89.0
7.0,-203.0,-152.0,441.0,121.0,-92.0
10.0,-206.0,-152.0,435.0,128.0,-93.0
9.0,-203.0,-146.0,421.0,135.0,-97.0
8.0,-201.0,-143.0,407.0,140.0,-96.0
9.0,-204.0,-147.0,396.0,143.0,-96.0
10.0,-205.0,-144.0,388.0,144.0,-99.0
8.0,-208.0,-148.0,382.0,141.0,-98.0
9.0,-208.0,-142.0,374.0,139.0,-99.0
8.0,-213.0,-143.0,366.0,139.0,-102.0
7.0,-214.0,-147.0,364.0,136.0,-103.0
6.0,-222.0,-140.0,372.0,136.0,-108.0
4.0,-222.0,-138.0,389.0,132.0,-112.0
4.0,-225.0,-143.0,408.0,124.0,-114.0
0.0,-224.0,-146.0,422.0,110.0,-116.0
-2.0,-229.0,-143.0,430.0,90.0,-117.0
-6.0,-229.0,-143.0,441.0,68.0,-113.0
-6.0,-230.0,-148.0,457.0,44.0,-109.0
-7.0,-230.0,-145.0,483.0,22.0,-103.0
-10.0,-228.0,-147.0,516.0,4.0,-100.0
-6.0,-229.0,-145.0,550.0,-13.0,-97.0
-9.0,-227.0,-147.0,580.0,-29.0,-100.0
-9.0,-223.0,-142.0,602.0,-39.0,-98.0
-4.0,-221.0,-141.0,615.0,-49.0,-97.0
-4.0,-218.0,-138.0,620.0,-55.0,-99.0
-2.0,-215.0,-132.0,622.0,-61.0,-97.0
-1.0,-210.0,-133.0,616.0,-65.0,-95.0
2.0,-210.0,-128.0,602.0,-64.0,-97.0
4.0,-211.0,-123.0,579.0,-62.0,-100.0
2.0,-212.0,-121.0,557.0,-62.0,-103.0
5.0,-212.0,-118.0,536.0,-63.0,-105.0
3.0,-212.0,-118.0,516.0,-67.0,-106.0
5.0,-215.0,-120.0,500.0,-76.0,-106.0
7.0,-216.0,-120.0,482.0,-91.0,-100.0
7.0,-218.0,-118.0,465.0,-106.0,-94.0
4.0,-219.0,-122.0,456.0,-118.0,-92.0
7.0,-222.0,-117.0,460.0,-123.0,-94.0
6.0,-222.0,-120.0,478.0,-121.0,-96.0
10.0,-225.0,-126.0,503.0,-111.0,-95.0
11.0,-230.0,-126.0,529.0,-91.0,-96.0
12.0,-232.0,-124.0,555.0,-68.0,-100.0
13.0,-232.0,-124.0,580.0,-41.0,-104.0
17.0,-234.0,-126.0,604.0,-16.0,-112.0
20.0,-230.0,-124.0,625.0,4.0,-121.0
17.0,-227.0,-127.0,642.0,23.0,-130.0
18.0,-225.0,-118.0,646.0,41.0,-136.0
18.0,-224.0,-127.0,645.0,55.0,-140.0
16.0,-223.0,-126.0,636.0,67.0,-143.0
12.0,-221.0,-121.0,619.0,71.0,-142.0
12.0,-219.0,-120.0,603.0,72.0,-140.0
9.0,-217.0,-114.0,589.0,68.0,-139.0
8.0,-216.0,-117.0,581.0,62.0,-138.0
5.0,-217.0,-113.0,577.0,54.0,-137.0
4.0,-219.0,-109.0,580.0,44.0,-132.0
0.0,-218.0,-113.0,586.0,35.0,-127.0
0.0,-221.0,-110.0,598.0,27.0,-124.0
-1.0,-226.0,-110.0,615.0,22.0,-118.0
0.0,-229.0,-112.0,632.0,16.0,-109.0
-1.0,-229.0,-109.0,649.0,9.0,-103.0
-5.0,-229.0,-114.0,664.0,1.0,-100.0
0.0,-230.0,-116.0,679.0,-10.0,-96.0
1.0,-235.0,-108.0,693.0,-18.0,-90.0
2.0,-223.0,-111.0,700.0,-18.0,-89.0
7.0,-220.0,-114.0,705.0,-11.0,-90.0
8.0,-218.0,-109.0,709.0,0.0,-96.0
12.0,-213.0,-106.0,720.0,19.0,-99.0
17.0,-220.0,-104.0,726.0,44.0,-103.0
15.0,-217.0,-106.0,713.0,75.0,-111.0
16.0,-216.0,-112.0,676.0,108.0,-116.0
18.0,-218.0,-109.0,627.0,136.0,-123.0
20.0,-220.0,-106.0,579.0,156.0,-132.0
19.0,-223.0,-104.0,545.0,169.0,-139.0
28.0,-221.0,-114.0,533.0,180.0,-143.0
13.0,-224.0,-95.0,536.0,187.0,-145.0
8.0,-226.0,-88.0,549.0,189.0,-143.0
11.0,-231.0,-101.0,563.0,186.0,-142.0
9.0,-230.0,-104.0,570.0,179.0,-142.0
6.0,-228.0,-108.0,561.0,169.0,-142.0
6.0,-224.0,-110.0,542.0,154.0,-139.0
3.0,-223.0,-106.0,516.0,139.0,-133.0
4.0,-222.0,-105.0,492.0,124.0,-124.0
6.0,-220.0,-102.0,470.0,109.0,-119.0
3.0,-219.0,-98.0,445.0,94.0,-113.0
-2.0,-218.0,-102.0,427.0,80.0,-106.0
5.0,-222.0,-97.0,410.0,72.0,-101.0
3.0,-220.0,-94.0,399.0,68.0,-98.0
6.0,-223.0,-91.0,392.0,65.0,-95.0
9.0,-223.0,-89.0,382.0,65.0,-91.0
7.0,-223.0,-89.0,365.0,67.0,-85.0
9.0,-226.0,-87.0,346.0,70.0,-78.0
8.0,-226.0,-87.0,329.0,71.0,-73.0
11.0,-227.0,-87.0,318.0,75.0,-68.0
15.0,-225.0,-87.0,317.0,78.0,-69.0
14.0,-227.0,-87.0,318.0,84.0,-70.0
4.0,-230.0,-89.0,318.0,89.0,-62.0
15.0,-232.0,-88.0,317.0,93.0,-60.0
14.0,-233.0,-87.0,315.0,95.0,-58.0
13.0,-231.0,-88.0,309.0,99.0,-53.0
13.0,-234.0,-92.0,306.0,104.0,-45.0
13.0,-234.0,-94.0,299.0,113.0,-44.0
11.0,-235.0,-99.0,290.0,123.0,-51.0
12.0,-232.0,-94.0,272.0,132.0,-57.0
13.0,-231.0,-94.0,250.0,138.0,-56.0
10.0,-229.0,-96.0,228.0,142.0,-51.0
11.0,-231.0,-97.0,208.0,143.0,-51.0
11.0,-225.0,-110.0,192.0,137.0,-56.0
9.0,-229.0,-89.0,181.0,130.0,-59.0
10.0,-231.0,-95.0,169.0,120.0,-59.0
12.0,-233.0,-90.0,162.0,110.0,-63.0
12.0,-235.0,-90.0,158.0,100.0,-71.0
6.0,-235.0,-93.0,157.0,90.0,-77.0
11.0,-234.0,-88.0,157.0,81.0,-75.0
13.0,-234.0,-92.0,159.0,77.0,-71.0
15.0,-234.0,-88.0,159.0,74.0,-71.0
16.0,-234.0,-94.0,156.0,76.0,-69.0
16.0,-239.0,-89.0,149.0,84.0,-64.0
17.0,-244.0,-86.0,138.0,96.0,-62.0
20.0,-245.0,-87.0,127.0,108.0,-58.0
19.0,-245.0,-84.0,121.0,121.0,-54.0
22.0,-245.0,-80.0,127.0,133.0,-59.0
23.0,-243.0,-79.0,139.0,146.0,-61.0
26.0,-246.0,-75.0,152.0,155.0,-61.0
28.0,-247.0,-76.0,167.0,162.0,-60.0
27.0,-247.0,-77.0,171.0,172.0,-57.0
24.0,-248.0,-70.0,172.0,176.0,-49.0
19.0,-246.0,-73.0,170.0,167.0,-45.0
15.0,-248.0,-63.0,173.0,145.0,-39.0
15.0,-247.0,-66.0,175.0,119.0,-35.0
13.0,-248.0,-69.0,177.0,93.0,-31.0
12.0,-247.0,-73.0,169.0,73.0,-28.0
10.0,-241.0,-80.0,153.0,57.0,-23.0
9.0,-240.0,-84.0,131.0,49.0,-21.0
12.0,-237.0,-85.0,104.0,44.0,-17.0
11.0,-238.0,-82.0,80.0,45.0,-10.0
10.0,-244.0,-82.0,65.0,47.0,-5.0
14.0,-244.0,-82.0,62.0,53.0,-4.0
13.0,-245.0,-76.0,69.0,63.0,-2.0
17.0,-245.0,-73.0,86.0,75.0,-1.0
20.0,-247.0,-80.0,102.0,88.0,3.0
19.0,-246.0,-79.0,116.0,100.0,7.0
17.0,-247.0,-79.0,116.0,109.0,12.0
21.0,-248.0,-81.0,103.0,116.0,18.0
17.0,-247.0,-80.0,79.0,123.0,21.0
23.0,-248.0,-82.0,53.0,127.0,27.0
18.0,-244.0,-78.0,29.0,129.0,33.0
22.0,-245.0,-82.0,11.0,131.0,37.0
19.0,-245.0,-75.0,3.0,135.0,41.0
24.0,-248.0,-75.0,3.0,139.0,44.0
21.0,-247.0,-76.0,6.0,139.0,45.0
22.0,-244.0,-76.0,13.0,135.0,45.0
20.0,-247.0,-77.0,21.0,129.0,45.0
18.0,-249.0,-76.0,28.0,121.0,43.0
19.0,-249.0,-72.0,30.0,111.0,37.0
19.0,-250.0,-68.0,31.0,104.0,36.0
18.0,-248.0,-63.0,32.0,100.0,35.0
15.0,-250.0,-59.0,33.0,95.0,33.0
14.0,-251.0,-59.0,33.0,90.0,33.0
13.0,-251.0,-62.0,31.0,82.0,30.0
13.0,-251.0,-59.0,27.0,76.0,30.0
14.0,-254.0,-64.0,21.0,69.0,29.0
8.0,-252.0,-58.0,14.0,59.0,30.0
10.0,-257.0,-65.0,10.0,47.0,31.0
10.0,-259.0,-74.0,10.0,34.0,32.0
8.0,-256.0,-74.0,10.0,19.0,31.0
12.0,-255.0,-70.0,7.0,7.0,30.0
12.0,-254.0,-78.0,3.0,-1.0,29.0
15.0,-255.0,-81.0,-9.0,-8.0,26.0
13.0,-252.0,-75.0,-23.0,-7.0,25.0
18.0,-253.0,-74.0,-38.0,-4.0,25.0
19.0,-251.0,-74.0,-52.0,0.0,26.0
20.0,-251.0,-74.0,-61.0,2.0,26.0
20.0,-250.0,-73.0,-61.0,3.0,26.0
20.0,-252.0,-70.0,-57.0,1.0,26.0
21.0,-249.0,-67.0,-51.0,1.0,26.0
21.0,-251.0,-61.0,-43.0,-3.0,25.0
21.0,-250.0,-69.0,-36.0,-7.0,25.0
