-4.0,-229.0,115.0,-8.0,70.0,-4.0
-5.0,-231.0,112.0,-6.0,69.0,-4.0
4.0,-224.0,122.0,-6.0,69.0,-3.0
-26.0,-228.0,86.0,-4.0,69.0,-3.0
-4.0,-230.0,115.0,-3.0,67.0,-1.0
-8.0,-224.0,95.0,0.0,67.0,-2.0
-9.0,-232.0,110.0,1.0,65.0,0.0
-7.0,-232.0,116.0,1.0,64.0,-1.0
-6.0,-215.0,111.0,0.0,66.0,-1.0
-6.0,-219.0,113.0,1.0,67.0,-1.0
2.0,-224.0,120.0,-2.0,65.0,-3.0
-6.0,-230.0,107.0,-5.0,67.0,-2.0
-2.0,-218.0,108.0,-4.0,68.0,-4.0
-6.0,-225.0,114.0,-6.0,68.0,-3.0
-4.0,-226.0,112.0,-9.0,68.0,-4.0
-6.0,-228.0,113.0,-10.0,69.0,-4.0
-7.0,-224.0,109.0,-12.0,68.0,-2.0
3.0,-223.0,118.0,-13.0,67.0,-3.0
-11.0,-231.0,118.0,-12.0,67.0,-3.0
-2.0,-225.0,118.0,-11.0,68.0,-3.0
-2.0,-233.0,120.0,-11.0,69.0,-2.0
-6.0,-222.0,110.0,-11.0,70.0,-3.0
-2.0,-220.0,114.0,-12.0,68.0,-5.0
-6.0,-226.0,111.0,-13.0,67.0,-3.0
-5.0,-229.0,111.0,-13.0,68.0,-2.0
-9.0,-223.0,111.0,-14.0,68.0,-2.0
-3.0,-230.0,111.0,-14.0,67.0,-1.0
-5.0,-220.0,121.0,-15.0,69.0,-2.0
-7.0,-224.0,108.0,-14.0,67.0,-4.0
-6.0,-222.0,114.0,-15.0,68.0,-4.0
-8.0,-225.0,111.0,-17.0,69.0,-4.0
-8.0,-226.0,110.0,-18.0,69.0,-4.0
2.0,-226.0,118.0,-18.0,70.0,-3.0
-11.0,-222.0,113.0,-19.0,70.0,-3.0
-6.0,-226.0,115.0,-20.0,68.0,-3.0
-4.0,-226.0,109.0,-20.0,69.0,-2.0
-6.0,-229.0,113.0,-20.0,68.0,-2.0
-5.0,-228.0,112.0,-16.0,66.0,-2.0
-6.0,-228.0,111.0,-16.0,66.0,-2.0
-1.0,-229.0,113.0,-14.0,67.0,0.0
-7.0,-225.0,109.0,-14.0,68.0,1.0
-5.0,-235.0,124.0,-14.0,68.0,1.0
-4.0,-224.0,112.0,-15.0,69.0,1.0
-5.0,-224.0,113.0,-13.0,69.0,1.0
-7.0,-223.0,113.0,-13.0,68.0,-1.0
-9.0,-225.0,110.0,-13.0,66.0,-1.0
-7.0,-225.0,115.0,-13.0,67.0,-1.0
-6.0,-225.0,112.0,-14.0,66.0,-1.0
-4.0,-225.0,109.0,-15.0,67.0,-1.0
-5.0,-225.0,112.0,-17.0,66.0,0.0
-6.0,-228.0,113.0,-18.0,66.0,-2.0
-2.0,-227.0,110.0,-18.0,66.0,-2.0
-6.0,-228.0,111.0,-19.0,65.0,0.0
-6.0,-227.0,111.0,-19.0,65.0,1.0
-7.0,-224.0,110.0,-20.0,65.0,-2.0
-5.0,-224.0,110.0,-20.0,66.0,-3.0
-7.0,-227.0,111.0,-21.0,66.0,-1.0
4.0,-224.0,121.0,-23.0,65.0,-2.0
-3.0,-223.0,110.0,-23.0,64.0,0.0
-7.0,-225.0,111.0,-23.0,64.0,0.0
-7.0,-226.0,111.0,-24.0,65.0,0.0
-7.0,-225.0,109.0,-26.0,66.0,1.0
-8.0,-224.0,110.0,-27.0,65.0,0.0
-7.0,-226.0,113.0,-27.0,67.0,1.0
-6.0,-227.0,109.0,-27.0,66.0,1.0
-7.0,-226.0,111.0,-27.0,67.0,1.0
-6.0,-226.0,112.0,-28.0,68.0,0.0
-10.0,-225.0,115.0,-29.0,68.0,0.0
-7.0,-225.0,111.0,-29.0,67.0,0.0
-4.0,-227.0,109.0,-29.0,68.0,-1.0
-6.0,-225.0,112.0,-29.0,67.0,-1.0
-6.0,-223.0,110.0,-28.0,69.0,-1.0
-6.0,-225.0,109.0,-27.0,69.0,-2.0
-4.0,-226.0,110.0,-26.0,71.0,-4.0
-7.0,-227.0,114.0,-24.0,71.0,-3.0
-3.0,-229.0,111.0,-24.0,72.0,-4.0
-3.0,-230.0,111.0,-24.0,72.0,-4.0
-7.0,-226.0,111.0,-23.0,72.0,-3.0
-4.0,-226.0,112.0,-25.0,70.0,-1.0
-6.0,-223.0,112.0,-26.0,68.0,-1.0
-5.0,-227.0,112.0,-27.0,66.0,0.0
-4.0,-226.0,109.0,-30.0,65.0,-1.0
-6.0,-225.0,110.0,-32.0,65.0,-1.0
-7.0,-224.0,115.0,-35.0,64.0,-2.0
-7.0,-224.0,112.0,-36.0,66.0,-2.0
-5.0,-223.0,113.0,-39.0,68.0,-1.0
-7.0,-228.0,115.0,-41.0,66.0,-2.0
-6.0,-226.0,113.0,-41.0,66.0,-1.0
-6.0,-229.0,112.0,-38.0,64.0,-1.0
-5.0,-227.0,112.0,-34.0,64.0,-2.0
-8.0,-229.0,111.0,-33.0,63.0,-3.0
-7.0,-228.0,108.0,-32.0,62.0,-3.0
-7.0,-225.0,105.0,-32.0,65.0,-5.0
-7.0,-227.0,109.0,-32.0,66.0,-4.0
-7.0,-224.0,109.0,-31.0,69.0,-3.0
-8.0,-225.0,109.0,-29.0,70.0,-1.0
-9.0,-225.0,108.0,-25.0,71.0,-2.0
-7.0,-228.0,108.0,-23.0,71.0,-1.0
-6.0,-225.0,112.0,-20.0,70.0,-2.0
-6.0,-227.0,112.0,-18.0,68.0,-1.0
-8.0,-224.0,115.0,-18.0,70.0,-3.0
-4.0,-232.0,115.0,-17.0,68.0,-2.0
-7.0,-225.0,114.0,-18.0,69.0,-4.0
-7.0,-228.0,115.0,-18.0,68.0,-3.0
-8.0,-226.0,111.0,-21.0,68.0,-3.0
-5.0,-224.0,112.0,-21.0,68.0,-3.0
-6.0,-223.0,111.0,-22.0,68.0,-4.0
-3.0,-223.0,111.0,-23.0,69.0,-4.0
-9.0,-225.0,110.0,-25.0,68.0,-4.0
-3.0,-226.0,110.0,-26.0,67.0,-2.0
-10.0,-232.0,109.0,-26.0,67.0,-2.0
-5.0,-228.0,108.0,-27.0,66.0,-1.0
-3.0,-228.0,107.0,-27.0,65.0,-1.0
-6.0,-228.0,110.0,-26.0,64.0,0.0
-5.0,-226.0,110.0,-25.0,64.0,1.0
-4.0,-230.0,109.0,-23.0,63.0,-1.0
-4.0,-228.0,113.0,-21.0,65.0,-2.0
-7.0,-228.0,109.0,-20.0,64.0,-3.0
-8.0,-229.0,107.0,-19.0,66.0,-3.0
-10.0,-228.0,110.0,-19.0,68.0,0.0
-7.0,-225.0,111.0,-19.0,67.0,-1.0
-6.0,-229.0,108.0,-21.0,66.0,0.0
-9.0,-227.0,108.0,-21.0,67.0,-2.0
-7.0,-227.0,109.0,-22.0,68.0,-1.0
-8.0,-226.0,108.0,-24.0,68.0,0.0
-8.0,-227.0,111.0,-24.0,67.0,-2.0
-3.0,-229.0,109.0,-24.0,68.0,-1.0
-6.0,-225.0,111.0,-23.0,69.0,-1.0
-5.0,-226.0,112.0,-23.0,68.0,-1.0
-8.0,-226.0,111.0,-23.0,68.0,-2.0
-8.0,-225.0,109.0,-23.0,67.0,-2.0
-4.0,-228.0,113.0,-22.0,67.0,-1.0
-6.0,-225.0,111.0,-21.0,66.0,-1.0
-5.0,-227.0,111.0,-20.0,67.0,-1.0
-8.0,-227.0,112.0,-20.0,66.0,0.0
-5.0,-227.0,115.0,-22.0,67.0,0.0
-6.0,-229.0,108.0,-24.0,67.0,-1.0
-2.0,-226.0,109.0,-26.0,68.0,-2.0
-4.0,-224.0,109.0,-28.0,67.0,-3.0
-5.0,-228.0,112.0,-30.0,69.0,-2.0
-7.0,-228.0,109.0,-29.0,70.0,-2.0
-5.0,-230.0,109.0,-30.0,69.0,-3.0
-10.0,-228.0,110.0,-30.0,72.0,-4.0
-5.0,-227.0,113.0,-27.0,70.0,-3.0
-5.0,-224.0,117.0,-24.0,70.0,-1.0
-7.0,-227.0,110.0,-21.0,70.0,-2.0
-8.0,-230.0,111.0,-17.0,69.0,-2.0
-7.0,-226.0,110.0,-17.0,69.0,-2.0
-8.0,-227.0,109.0,-16.0,68.0,-2.0
-7.0,-229.0,109.0,-16.0,67.0,-2.0
-6.0,-227.0,110.0,-16.0,67.0,-1.0
-5.0,-225.0,111.0,-17.0,68.0,-2.0
-8.0,-226.0,111.0,-17.0,67.0,-2.0
-7.0,-223.0,110.0,-18.0,68.0,-3.0
-6.0,-226.0,110.0,-20.0,68.0,-3.0
-6.0,-226.0,108.0,-22.0,69.0,-2.0
-5.0,-225.0,107.0,-24.0,70.0,-2.0
-8.0,-228.0,109.0,-24.0,69.0,-2.0
-7.0,-227.0,108.0,-24.0,69.0,-1.0
-7.0,-230.0,113.0,-25.0,67.0,-1.0
-9.0,-226.0,111.0,-26.0,66.0,-1.0
-6.0,-224.0,110.0,-27.0,67.0,-1.0
-9.0,-228.0,110.0,-27.0,68.0,-2.0
-5.0,-225.0,110.0,-29.0,67.0,-1.0
-10.0,-227.0,111.0,-30.0,67.0,0.0
-8.0,-226.0,110.0,-31.0,68.0,0.0
-6.0,-227.0,106.0,-32.0,67.0,0.0
-8.0,-229.0,108.0,-34.0,67.0,-1.0
-8.0,-226.0,109.0,-36.0,68.0,0.0
-7.0,-227.0,106.0,-39.0,68.0,0.0
-3.0,-227.0,109.0,-41.0,69.0,-2.0
-4.0,-227.0,107.0,-44.0,69.0,-2.0
-7.0,-228.0,108.0,-45.0,69.0,-2.0
-7.0,-225.0,109.0,-49.0,68.0,-1.0
-6.0,-227.0,109.0,-54.0,68.0,1.0
-4.0,-224.0,110.0,-59.0,69.0,0.0
-8.0,-223.0,106.0,-65.0,70.0,0.0
-7.0,-225.0,108.0,-73.0,71.0,0.0
-7.0,-224.0,108.0,-82.0,72.0,2.0
-5.0,-225.0,106.0,-96.0,74.0,5.0
-9.0,-226.0,104.0,-116.0,76.0,4.0
-9.0,-225.0,105.0,-138.0,77.0,5.0
-4.0,-227.0,106.0,-160.0,74.0,5.0
-4.0,-223.0,102.0,-182.0,70.0,4.0
-7.0,-226.0,103.0,-204.0,68.0,3.0
-8.0,-226.0,107.0,-225.0,69.0,0.0
-7.0,-226.0,106.0,-237.0,71.0,3.0
-7.0,-226.0,111.0,-245.0,71.0,3.0
-7.0,-227.0,106.0,-252.0,74.0,4.0
-3.0,-224.0,109.0,-257.0,74.0,5.0
-7.0,-226.0,108.0,-259.0,69.0,4.0
-7.0,-227.0,110.0,-256.0,70.0,3.0
-6.0,-229.0,111.0,-250.0,70.0,5.0
-4.0,-229.0,110.0,-239.0,71.0,7.0
-6.0,-229.0,110.0,-226.0,70.0,8.0
-6.0,-230.0,110.0,-215.0,69.0,9.0
-8.0,-226.0,109.0,-206.0,70.0,11.0
-5.0,-227.0,106.0,-203.0,73.0,12.0
-9.0,-222.0,105.0,-207.0,75.0,11.0
-4.0,-223.0,105.0,-215.0,76.0,9.0
-6.0,-221.0,108.0,-224.0,75.0,7.0
-8.0,-223.0,108.0,-235.0,75.0,7.0
-7.0,-221.0,101.0,-244.0,74.0,7.0
-2.0,-222.0,108.0,-252.0,74.0,7.0
-5.0,-223.0,110.0,-255.0,74.0,6.0
-2.0,-223.0,110.0,-259.0,76.0,3.0
-7.0,-224.0,109.0,-258.0,77.0,5.0
-2.0,-227.0,106.0,-255.0,77.0,5.0
-1.0,-226.0,111.0,-250.0,75.0,5.0
-6.0,-222.0,113.0,-246.0,76.0,5.0
-3.0,-228.0,108.0,-244.0,76.0,7.0
-6.0,-224.0,107.0,-243.0,77.0,6.0
-3.0,-227.0,109.0,-240.0,75.0,6.0
-4.0,-227.0,105.0,-240.0,73.0,7.0
-5.0,-228.0,109.0,-243.0,73.0,5.0
-4.0,-227.0,106.0,-244.0,73.0,5.0
-4.0,-227.0,105.0,-245.0,71.0,3.0
-7.0,-228.0,107.0,-245.0,71.0,2.0
-8.0,-227.0,104.0,-243.0,74.0,0.0
-5.0,-229.0,104.0,-242.0,76.0,0.0
-5.0,-230.0,102.0,-243.0,77.0,0.0
-6.0,-227.0,104.0,-245.0,80.0,-1.0
-10.0,-228.0,102.0,-250.0,82.0,0.0
-4.0,-229.0,100.0,-258.0,85.0,1.0
-3.0,-229.0,98.0,-266.0,86.0,1.0
-10.0,-228.0,94.0,-279.0,90.0,3.0
-4.0,-231.0,93.0,-294.0,92.0,4.0
-5.0,-231.0,96.0,-310.0,93.0,6.0
-6.0,-227.0,92.0,-324.0,96.0,5.0
-4.0,-233.0,91.0,-337.0,96.0,8.0
-4.0,-231.0,92.0,-348.0,95.0,10.0
-1.0,-236.0,87.0,-357.0,94.0,11.0
-5.0,-236.0,85.0,-364.0,93.0,11.0
-5.0,-236.0,86.0,-369.0,93.0,11.0
-8.0,-236.0,87.0,-373.0,91.0,11.0
-4.0,-240.0,88.0,-375.0,89.0,11.0
-3.0,-237.0,87.0,-374.0,90.0,7.0
-6.0,-240.0,87.0,-374.0,91.0,7.0
-6.0,-239.0,86.0,-373.0,90.0,6.0
-7.0,-240.0,83.0,-376.0,89.0,4.0
-9.0,-236.0,83.0,-379.0,91.0,4.0
-7.0,-233.0,86.0,-385.0,92.0,0.0
-8.0,-235.0,86.0,-389.0,94.0,-4.0
-7.0,-232.0,86.0,-395.0,95.0,-5.0
-6.0,-231.0,86.0,-400.0,99.0,-8.0
-7.0,-235.0,84.0,-407.0,100.0,-9.0
-4.0,-231.0,84.0,-417.0,103.0,-10.0
-7.0,-235.0,91.0,-428.0,111.0,-13.0
-8.0,-232.0,88.0,-431.0,113.0,-12.0
-7.0,-235.0,85.0,-437.0,114.0,-7.0
-9.0,-232.0,90.0,-442.0,117.0,-3.0
-11.0,-231.0,91.0,-450.0,118.0,1.0
-11.0,-228.0,90.0,-457.0,120.0,2.0
-6.0,-228.0,95.0,-468.0,122.0,5.0
-8.0,-232.0,94.0,-476.0,123.0,5.0
-10.0,-231.0,96.0,-485.0,121.0,5.0
-12.0,-230.0,90.0,-492.0,118.0,5.0
-16.0,-228.0,91.0,-500.0,116.0,4.0
-13.0,-235.0,91.0,-507.0,115.0,3.0
-14.0,-228.0,89.0,-514.0,113.0,1.0
-14.0,-228.0,86.0,-523.0,112.0,-1.0
-12.0,-225.0,84.0,-535.0,111.0,-3.0
-14.0,-224.0,83.0,-552.0,114.0,-5.0
-15.0,-222.0,85.0,-573.0,121.0,-6.0
-8.0,-222.0,86.0,-596.0,128.0,-8.0
-9.0,-224.0,88.0,-621.0,134.0,-7.0
-9.0,-221.0,86.0,-643.0,137.0,-6.0
-8.0,-229.0,86.0,-665.0,144.0,-6.0
-10.0,-226.0,85.0,-683.0,147.0,-6.0
-9.0,-227.0,82.0,-696.0,150.0,-8.0
-5.0,-235.0,83.0,-716.0,154.0,-10.0
-7.0,-234.0,82.0,-734.0,157.0,-9.0
-7.0,-237.0,78.0,-749.0,161.0,-11.0
-7.0,-237.0,78.0,-760.0,164.0,-12.0
-5.0,-238.0,77.0,-773.0,170.0,-11.0
-2.0,-234.0,69.0,-784.0,172.0,-7.0
-8.0,-239.0,75.0,-795.0,172.0,-6.0
-2.0,-235.0,66.0,-808.0,170.0,-8.0
-9.0,-240.0,73.0,-834.0,167.0,-15.0
-8.0,-239.0,73.0,-856.0,163.0,-16.0
-10.0,-240.0,68.0,-883.0,159.0,-16.0
-10.0,-245.0,63.0,-922.0,161.0,-11.0
-9.0,-245.0,56.0,-964.0,162.0,-5.0
-10.0,-246.0,56.0,-1014.0,169.0,0.0
-7.0,-252.0,51.0,-1067.0,174.0,8.0
-8.0,-256.0,51.0,-1124.0,176.0,19.0
-7.0,-262.0,51.0,-1190.0,176.0,28.0
-11.0,-267.0,46.0,-1251.0,170.0,34.0
-15.0,-277.0,46.0,-1310.0,156.0,31.0
-18.0,-283.0,45.0,-1365.0,143.0,25.0
-21.0,-285.0,43.0,-1411.0,128.0,15.0
-24.0,-289.0,40.0,-1446.0,118.0,-7.0
-20.0,-283.0,34.0,-1461.0,114.0,-32.0
-16.0,-293.0,34.0,-1478.0,121.0,-63.0
-7.0,-291.0,32.0,-1507.0,136.0,-98.0
-1.0,-296.0,32.0,-1548.0,152.0,-135.0
0.0,-297.0,21.0,-1599.0,157.0,-174.0
0.0,-297.0,17.0,-1655.0,160.0,-206.0
-4.0,-304.0,21.0,-1701.0,160.0,-230.0
-12.0,-303.0,21.0,-1727.0,156.0,-247.0
-15.0,-305.0,19.0,-1736.0,150.0,-254.0
-19.0,-309.0,19.0,-1732.0,145.0,-250.0
-18.0,-310.0,13.0,-1712.0,146.0,-236.0
-13.0,-311.0,12.0,-1682.0,152.0,-211.0
-3.0,-315.0,15.0,-1635.0,160.0,-182.0
-2.0,-320.0,21.0,-1572.0,166.0,-155.0
0.0,-318.0,23.0,-1490.0,163.0,-126.0
-3.0,-318.0,26.0,-1394.0,151.0,-106.0
0.0,-318.0,30.0,-1290.0,132.0,-90.0
0.0,-314.0,31.0,-1191.0,107.0,-79.0
0.0,-311.0,31.0,-1102.0,82.0,-72.0
-2.0,-310.0,27.0,-1023.0,64.0,-69.0
-6.0,-302.0,25.0,-947.0,50.0,-68.0
-10.0,-302.0,21.0,-869.0,37.0,-71.0
-13.0,-297.0,18.0,-798.0,25.0,-76.0
-11.0,-286.0,12.0,-735.0,15.0,-82.0
-14.0,-282.0,6.0,-687.0,9.0,-86.0
-17.0,-276.0,-1.0,-659.0,8.0,-88.0
-10.0,-275.0,-4.0,-649.0,13.0,-89.0
-10.0,-273.0,-12.0,-662.0,18.0,-83.0
-8.0,-273.0,-15.0,-688.0,25.0,-73.0
-1.0,-280.0,-20.0,-713.0,32.0,-61.0
-3.0,-277.0,-19.0,-729.0,40.0,-49.0
-6.0,-276.0,-20.0,-726.0,43.0,-32.0
-8.0,-275.0,-18.0,-694.0,40.0,-22.0
-9.0,-281.0,-20.0,-644.0,37.0,-13.0
-9.0,-285.0,-20.0,-588.0,33.0,-7.0
-9.0,-280.0,-18.0,-537.0,29.0,-6.0
-5.0,-280.0,-19.0,-491.0,25.0,-6.0
-1.0,-272.0,-14.0,-452.0,19.0,-9.0
0.0,-269.0,-19.0,-419.0,18.0,-12.0
0.0,-258.0,-18.0,-394.0,23.0,-15.0
2.0,-254.0,-19.0,-376.0,31.0,-20.0
0.0,-255.0,-22.0,-372.0,43.0,-26.0
0.0,-257.0,-22.0,-378.0,53.0,-30.0
-8.0,-258.0,-21.0,-387.0,64.0,-31.0
-11.0,-254.0,-28.0,-396.0,72.0,-34.0
-14.0,-259.0,-21.0,-403.0,77.0,-33.0
-12.0,-259.0,-25.0,-408.0,78.0,-31.0
-15.0,-262.0,-29.0,-412.0,79.0,-31.0
-10.0,-264.0,-35.0,-418.0,77.0,-30.0
-7.0,-267.0,-42.0,-424.0,80.0,-29.0
-10.0,-273.0,-43.0,-424.0,80.0,-28.0
-11.0,-271.0,-45.0,-425.0,80.0,-27.0
-7.0,-275.0,-43.0,-421.0,78.0,-25.0
-9.0,-273.0,-50.0,-410.0,74.0,-25.0
-8.0,-275.0,-48.0,-389.0,69.0,-24.0
-8.0,-271.0,-51.0,-362.0,63.0,-24.0
-12.0,-273.0,-51.0,-331.0,59.0,-22.0
-8.0,-270.0,-48.0,-298.0,56.0,-25.0
-7.0,-271.0,-47.0,-269.0,54.0,-24.0
-6.0,-271.0,-46.0,-243.0,56.0,-25.0
-8.0,-268.0,-44.0,-222.0,58.0,-26.0
-9.0,-268.0,-45.0,-205.0,58.0,-21.0
-1.0,-272.0,-45.0,-192.0,59.0,-18.0
-1.0,-269.0,-45.0,-182.0,64.0,-14.0
-2.0,-270.0,-40.0,-172.0,68.0,-11.0
-3.0,-270.0,-46.0,-159.0,75.0,-8.0
-3.0,-272.0,-42.0,-142.0,80.0,-7.0
-1.0,-272.0,-40.0,-124.0,84.0,-8.0
-1.0,-263.0,-46.0,-107.0,83.0,-8.0
-3.0,-270.0,-40.0,-86.0,81.0,-9.0
-8.0,-270.0,-39.0,-69.0,77.0,-10.0
-4.0,-273.0,-42.0,-54.0,72.0,-14.0
-5.0,-272.0,-42.0,-41.0,69.0,-21.0
-7.0,-268.0,-45.0,-28.0,67.0,-25.0
-4.0,-269.0,-46.0,-14.0,66.0,-23.0
-8.0,-269.0,-45.0,3.0,73.0,-20.0
-6.0,-266.0,-47.0,20.0,78.0,-19.0
-10.0,-264.0,-46.0,35.0,80.0,-17.0
-10.0,-262.0,-49.0,51.0,76.0,-12.0
-8.0,-262.0,-45.0,66.0,71.0,-10.0
-3.0,-260.0,-43.0,76.0,63.0,-8.0
-5.0,-260.0,-46.0,86.0,60.0,-8.0
-6.0,-260.0,-44.0,95.0,60.0,-6.0
-8.0,-263.0,-43.0,104.0,59.0,-4.0
-7.0,-258.0,-39.0,110.0,57.0,-4.0
-8.0,-262.0,-39.0,116.0,53.0,-5.0
-5.0,-262.0,-40.0,125.0,50.0,-1.0
-6.0,-262.0,-33.0,136.0,47.0,4.0
-5.0,-262.0,-36.0,151.0,43.0,10.0
-5.0,-262.0,-32.0,165.0,36.0,18.0
-8.0,-257.0,-34.0,175.0,30.0,24.0
-7.0,-259.0,-33.0,182.0,28.0,32.0
-7.0,-263.0,-31.0,189.0,27.0,37.0
-3.0,-262.0,-30.0,200.0,23.0,45.0
-3.0,-262.0,-35.0,209.0,23.0,50.0
-5.0,-262.0,-30.0,216.0,21.0,54.0
-1.0,-262.0,-34.0,227.0,18.0,58.0
-4.0,-265.0,-29.0,237.0,15.0,62.0
-3.0,-261.0,-31.0,251.0,13.0,63.0
-1.0,-261.0,-35.0,264.0,15.0,62.0
-3.0,-262.0,-31.0,276.0,21.0,60.0
-3.0,-261.0,-33.0,289.0,31.0,60.0
-5.0,-258.0,-37.0,300.0,41.0,62.0
-2.0,-259.0,-33.0,307.0,50.0,63.0
-2.0,-256.0,-30.0,312.0,60.0,64.0
2.0,-255.0,-32.0,314.0,72.0,66.0
-1.0,-255.0,-33.0,317.0,80.0,65.0
0.0,-252.0,-29.0,318.0,85.0,64.0
-1.0,-252.0,-31.0,316.0,91.0,66.0
0.0,-253.0,-34.0,317.0,95.0,69.0
-1.0,-254.0,-30.0,320.0,98.0,71.0
0.0,-257.0,-25.0,326.0,99.0,70.0
0.0,-254.0,-33.0,331.0,100.0,68.0
0.0,-253.0,-28.0,334.0,99.0,66.0
0.0,-254.0,-28.0,336.0,101.0,62.0
-1.0,-253.0,-31.0,341.0,106.0,59.0
-5.0,-251.0,-31.0,345.0,106.0,55.0
-3.0,-252.0,-29.0,348.0,105.0,53.0
-3.0,-250.0,-33.0,345.0,107.0,53.0
0.0,-252.0,-28.0,339.0,113.0,50.0
-1.0,-251.0,-28.0,336.0,122.0,46.0
0.0,-250.0,-27.0,334.0,131.0,44.0
-4.0,-251.0,-26.0,334.0,135.0,43.0
-7.0,-252.0,-20.0,334.0,136.0,43.0
-10.0,-252.0,-18.0,336.0,134.0,44.0
-7.0,-253.0,-16.0,347.0,129.0,47.0
-6.0,-256.0,-17.0,357.0,125.0,52.0
-4.0,-256.0,-18.0,369.0,118.0,58.0
-2.0,-257.0,-16.0,381.0,114.0,62.0
-4.0,-254.0,-15.0,400.0,106.0,66.0
-7.0,-257.0,-13.0,420.0,101.0,67.0
-3.0,-260.0,-15.0,437.0,95.0,71.0
-6.0,-253.0,-24.0,450.0,88.0,72.0
-3.0,-257.0,-19.0,457.0,86.0,71.0
-3.0,-252.0,-17.0,454.0,88.0,70.0
-1.0,-251.0,-19.0,445.0,90.0,69.0
0.0,-251.0,-17.0,436.0,93.0,69.0
0.0,-250.0,-18.0,427.0,101.0,64.0
0.0,-248.0,-19.0,420.0,110.0,61.0
0.0,-250.0,-16.0,414.0,115.0,52.0
0.0,-253.0,-19.0,405.0,116.0,46.0
1.0,-254.0,-18.0,395.0,114.0,39.0
-1.0,-254.0,-19.0,390.0,110.0,34.0
0.0,-257.0,-16.0,392.0,108.0,30.0
-3.0,-258.0,-17.0,399.0,106.0,28.0
-5.0,-259.0,-15.0,408.0,104.0,27.0
-1.0,-260.0,-15.0,423.0,98.0,28.0
-1.0,-260.0,-13.0,438.0,94.0,26.0
-10.0,-260.0,-11.0,458.0,88.0,23.0
-9.0,-264.0,-9.0,489.0,83.0,27.0
-9.0,-256.0,-12.0,521.0,77.0,29.0
-8.0,-256.0,-14.0,535.0,73.0,29.0
-13.0,-249.0,-11.0,527.0,70.0,28.0
-6.0,-251.0,-14.0,506.0,67.0,28.0
-7.0,-248.0,-11.0,483.0,67.0,29.0
-7.0,-249.0,-7.0,461.0,64.0,29.0
-7.0,-246.0,-7.0,444.0,59.0,30.0
-7.0,-247.0,-8.0,430.0,51.0,30.0
-5.0,-249.0,-10.0,417.0,42.0,34.0
-5.0,-250.0,-9.0,401.0,37.0,38.0
-5.0,-251.0,-7.0,390.0,31.0,43.0
-11.0,-249.0,-6.0,384.0,30.0,47.0
-13.0,-251.0,-3.0,377.0,29.0,53.0
-17.0,-252.0,-6.0,371.0,24.0,57.0
-13.0,-257.0,-7.0,360.0,18.0,63.0
-10.0,-258.0,-8.0,348.0,10.0,62.0
-5.0,-259.0,-6.0,344.0,7.0,63.0
-1.0,-259.0,-3.0,346.0,6.0,61.0
-2.0,-261.0,0.0,360.0,9.0,59.0
-3.0,-261.0,2.0,373.0,13.0,58.0
-2.0,-257.0,0.0,380.0,14.0,60.0
-6.0,-255.0,3.0,384.0,10.0,60.0
-1.0,-255.0,1.0,390.0,12.0,57.0
-2.0,-257.0,2.0,387.0,16.0,55.0
-3.0,-254.0,0.0,376.0,21.0,49.0
-4.0,-253.0,-2.0,363.0,30.0,47.0
-5.0,-255.0,0.0,353.0,37.0,44.0
-7.0,-257.0,1.0,347.0,40.0,42.0
-7.0,-255.0,7.0,348.0,41.0,42.0
-10.0,-255.0,0.0,357.0,43.0,45.0
-9.0,-256.0,3.0,362.0,49.0,49.0
-9.0,-253.0,1.0,358.0,55.0,55.0
-9.0,-250.0,5.0,349.0,62.0,63.0
-7.0,-252.0,5.0,338.0,69.0,70.0
0.0,-251.0,3.0,329.0,73.0,76.0
-5.0,-248.0,-2.0,323.0,75.0,76.0
-1.0,-248.0,0.0,313.0,79.0,78.0
1.0,-253.0,2.0,300.0,82.0,79.0
1.0,-249.0,2.0,286.0,87.0,81.0
1.0,-253.0,7.0,280.0,96.0,80.0
-3.0,-250.0,9.0,272.0,103.0,75.0
-6.0,-249.0,3.0,265.0,111.0,69.0
-11.0,-246.0,2.0,257.0,118.0,60.0
-11.0,-247.0,6.0,244.0,122.0,50.0
-13.0,-249.0,3.0,230.0,124.0,45.0
-16.0,-248.0,7.0,222.0,123.0,45.0
-17.0,-250.0,3.0,216.0,122.0,45.0
-20.0,-250.0,10.0,212.0,118.0,48.0
-23.0,-250.0,7.0,207.0,110.0,48.0
-25.0,-251.0,4.0,208.0,106.0,49.0
-21.0,-251.0,8.0,210.0,99.0,58.0
-25.0,-250.0,7.0,202.0,92.0,63.0
-20.0,-253.0,14.0,189.0,90.0,67.0
-18.0,-253.0,7.0,185.0,90.0,69.0
-20.0,-250.0,14.0,185.0,88.0,70.0
-15.0,-252.0,15.0,186.0,89.0,73.0
-11.0,-250.0,7.0,181.0,92.0,71.0
-11.0,-249.0,9.0,173.0,98.0,72.0
-8.0,-255.0,15.0,164.0,104.0,72.0
-6.0,-253.0,12.0,159.0,109.0,71.0
-5.0,-250.0,9.0,153.0,114.0,68.0
-2.0,-251.0,12.0,141.0,116.0,63.0
-3.0,-250.0,8.0,130.0,118.0,58.0
0.0,-250.0,12.0,127.0,120.0,52.0
0.0,-247.0,8.0,136.0,124.0,45.0
-5.0,-249.0,13.0,151.0,131.0,39.0
-9.0,-243.0,12.0,165.0,130.0,35.0
-4.0,-241.0,13.0,174.0,127.0,29.0
-2.0,-241.0,11.0,181.0,123.0,24.0
-6.0,-243.0,7.0,181.0,123.0,17.0
0.0,-239.0,12.0,180.0,123.0,8.0
0.0,-239.0,12.0,178.0,120.0,-1.0
-3.0,-238.0,16.0,180.0,119.0,-8.0
1.0,-242.0,11.0,189.0,115.0,-17.0
-1.0,-236.0,11.0,198.0,108.0,-25.0
0.0,-238.0,14.0,202.0,94.0,-34.0
-5.0,-235.0,15.0,205.0,84.0,-46.0
-8.0,-232.0,17.0,203.0,74.0,-53.0
-10.0,-227.0,14.0,199.0,62.0,-62.0
-10.0,-226.0,9.0,198.0,52.0,-73.0
-9.0,-219.0,7.0,198.0,40.0,-87.0
-12.0,-217.0,5.0,198.0,28.0,-100.0
-16.0,-212.0,5.0,194.0,16.0,-112.0
-21.0,-215.0,4.0,183.0,4.0,-122.0
-28.0,-216.0,5.0,175.0,-7.0,-130.0
-28.0,-221.0,7.0,165.0,-18.0,-136.0
-35.0,-226.0,10.0,155.0,-30.0,-139.0
-40.0,-231.0,9.0,147.0,-47.0,-139.0
-35.0,-238.0,15.0,140.0,-63.0,-135.0
-34.0,-247.0,16.0,133.0,-73.0,-130.0
-27.0,-248.0,16.0,132.0,-80.0,-130.0
-17.0,-248.0,15.0,139.0,-81.0,-134.0
-13.0,-243.0,23.0,152.0,-75.0,-137.0
-5.0,-237.0,23.0,163.0,-58.0,-135.0
-6.0,-229.0,27.0,169.0,-37.0,-127.0
-3.0,-225.0,19.0,169.0,-17.0,-111.0
-5.0,-224.0,23.0,160.0,-3.0,-93.0
-11.0,-223.0,24.0,137.0,0.0,-76.0
-9.0,-230.0,24.0,109.0,-2.0,-61.0
-11.0,-232.0,23.0,82.0,-14.0,-45.0
-6.0,-239.0,23.0,60.0,-28.0,-33.0
-6.0,-244.0,21.0,43.0,-44.0,-24.0
-6.0,-249.0,19.0,35.0,-57.0,-16.0
-8.0,-253.0,21.0,28.0,-62.0,-11.0
-5.0,-256.0,18.0,23.0,-64.0,-9.0
-3.0,-258.0,18.0,21.0,-64.0,-7.0
-5.0,-259.0,17.0,28.0,-62.0,-7.0
-4.0,-259.0,17.0,43.0,-54.0,-6.0
-7.0,-259.0,19.0,60.0,-43.0,-2.0
-8.0,-262.0,22.0,80.0,-32.0,0.0
-5.0,-259.0,29.0,99.0,-20.0,2.0
-13.0,-258.0,32.0,115.0,-9.0,5.0
-10.0,-253.0,31.0,128.0,2.0,7.0
-15.0,-251.0,27.0,134.0,4.0,7.0
-11.0,-250.0,31.0,127.0,5.0,11.0
-10.0,-249.0,32.0,116.0,7.0,16.0
-4.0,-249.0,28.0,102.0,8.0,23.0
-2.0,-250.0,32.0,85.0,12.0,31.0
-6.0,-250.0,31.0,74.0,15.0,39.0
-5.0,-252.0,30.0,71.0,20.0,48.0
-12.0,-254.0,25.0,72.0,26.0,57.0
-13.0,-258.0,31.0,77.0,31.0,66.0
-20.0,-255.0,27.0,88.0,36.0,75.0
-19.0,-251.0,24.0,105.0,32.0,78.0
-21.0,-246.0,28.0,125.0,21.0,78.0
-18.0,-247.0,32.0,132.0,10.0,75.0
-16.0,-242.0,31.0,128.0,10.0,73.0
-17.0,-237.0,29.0,119.0,14.0,73.0
-16.0,-236.0,36.0,110.0,20.0,72.0
-12.0,-240.0,31.0,101.0,21.0,66.0
-15.0,-237.0,29.0,85.0,23.0,64.0
-11.0,-235.0,26.0,63.0,25.0,63.0
-12.0,-237.0,23.0,40.0,31.0,62.0
-14.0,-248.0,26.0,14.0,39.0,62.0
-9.0,-249.0,25.0,-8.0,41.0,62.0
-8.0,-248.0,28.0,-21.0,43.0,61.0
-8.0,-249.0,28.0,-22.0,44.0,59.0
-12.0,-249.0,27.0,-12.0,43.0,57.0
-7.0,-247.0,30.0,-3.0,41.0,56.0
-9.0,-241.0,30.0,6.0,40.0,55.0
-8.0,-240.0,28.0,14.0,43.0,57.0
-12.0,-239.0,28.0,16.0,45.0,60.0
-15.0,-237.0,27.0,13.0,45.0,62.0
-9.0,-237.0,25.0,6.0,43.0,64.0
-12.0,-235.0,28.0,-5.0,44.0,62.0
-12.0,-235.0,31.0,-14.0,45.0,60.0
-11.0,-241.0,35.0,-25.0,42.0,60.0
-8.0,-245.0,33.0,-38.0,36.0,58.0
-6.0,-251.0,35.0,-58.0,31.0,55.0
-11.0,-255.0,34.0,-75.0,33.0,54.0
-10.0,-258.0,37.0,-83.0,35.0,52.0
-18.0,-259.0,34.0,-83.0,38.0,49.0
-19.0,-257.0,37.0,-73.0,36.0,47.0
-22.0,-258.0,35.0,-60.0,32.0,43.0
-22.0,-250.0,36.0,-46.0,29.0,37.0
-24.0,-246.0,31.0,-32.0,26.0,35.0
-20.0,-249.0,30.0,-21.0,25.0,34.0
-15.0,-246.0,31.0,-18.0,26.0,31.0
-16.0,-249.0,34.0,-22.0,29.0,29.0
