10.0,-233.0,-72.0,-566.0,33.0,13.0
12.0,-230.0,-68.0,-585.0,44.0,10.0
15.0,-229.0,-71.0,-602.0,48.0,12.0
15.0,-226.0,-70.0,-610.0,52.0,14.0
14.0,-224.0,-74.0,-618.0,58.0,23.0
7.0,-227.0,-70.0,-629.0,61.0,28.0
11.0,-219.0,-73.0,-646.0,64.0,34.0
14.0,-222.0,-74.0,-664.0,66.0,33.0
15.0,-218.0,-76.0,-687.0,69.0,30.0
13.0,-219.0,-76.0,-716.0,72.0,27.0
13.0,-224.0,-72.0,-742.0,75.0,30.0
12.0,-222.0,-71.0,-764.0,74.0,29.0
10.0,-224.0,-70.0,-779.0,73.0,33.0
12.0,-223.0,-72.0,-780.0,64.0,33.0
5.0,-227.0,-72.0,-781.0,50.0,39.0
3.0,-233.0,-72.0,-784.0,35.0,41.0
-7.0,-238.0,-68.0,-791.0,20.0,50.0
-1.0,-232.0,-71.0,-794.0,7.0,51.0
1.0,-233.0,-71.0,-791.0,-4.0,58.0
-2.0,-239.0,-70.0,-783.0,-14.0,63.0
-5.0,-241.0,-71.0,-782.0,-22.0,70.0
-7.0,-240.0,-72.0,-784.0,-29.0,68.0
-5.0,-237.0,-76.0,-786.0,-35.0,73.0
-5.0,-239.0,-79.0,-791.0,-45.0,70.0
-2.0,-238.0,-80.0,-794.0,-57.0,74.0
-2.0,-239.0,-83.0,-793.0,-70.0,72.0
-5.0,-239.0,-78.0,-791.0,-86.0,75.0
-10.0,-240.0,-75.0,-794.0,-102.0,71.0
-3.0,-241.0,-84.0,-804.0,-116.0,70.0
5.0,-243.0,-80.0,-808.0,-127.0,61.0
5.0,-245.0,-86.0,-802.0,-130.0,61.0
4.0,-246.0,-82.0,-804.0,-131.0,56.0
8.0,-246.0,-80.0,-798.0,-134.0,55.0
7.0,-246.0,-86.0,-776.0,-134.0,48.0
9.0,-245.0,-85.0,-749.0,-134.0,51.0
9.0,-243.0,-89.0,-733.0,-132.0,49.0
9.0,-243.0,-90.0,-727.0,-129.0,53.0
9.0,-243.0,-86.0,-731.0,-121.0,53.0
13.0,-250.0,-78.0,-731.0,-114.0,57.0
7.0,-238.0,-87.0,-724.0,-108.0,55.0
7.0,-236.0,-92.0,-716.0,-102.0,50.0
5.0,-235.0,-89.0,-705.0,-96.0,45.0
7.0,-234.0,-87.0,-695.0,-90.0,45.0
4.0,-232.0,-92.0,-685.0,-83.0,42.0
2.0,-228.0,-91.0,-684.0,-79.0,44.0
1.0,-231.0,-91.0,-684.0,-77.0,42.0
-1.0,-229.0,-95.0,-693.0,-75.0,41.0
-2.0,-229.0,-96.0,-708.0,-76.0,37.0
-3.0,-235.0,-95.0,-731.0,-76.0,30.0
11.0,-262.0,-86.0,-748.0,-78.0,21.0
-7.0,-238.0,-96.0,-756.0,-79.0,16.0
-3.0,-240.0,-96.0,-772.0,-84.0,12.0
-4.0,-242.0,-95.0,-781.0,-91.0,12.0
-8.0,-245.0,-97.0,-783.0,-99.0,8.0
-5.0,-240.0,-98.0,-785.0,-108.0,9.0
-4.0,-240.0,-100.0,-769.0,-119.0,6.0
-3.0,-236.0,-102.0,-748.0,-126.0,7.0
-3.0,-241.0,-103.0,-735.0,-134.0,0.0
-2.0,-235.0,-104.0,-725.0,-138.0,-5.0
-6.0,-241.0,-98.0,-715.0,-139.0,-13.0
-1.0,-236.0,-107.0,-713.0,-138.0,-17.0
3.0,-233.0,-108.0,-712.0,-139.0,-18.0
-1.0,-230.0,-115.0,-705.0,-138.0,-14.0
2.0,-225.0,-113.0,-710.0,-136.0,-22.0
4.0,-228.0,-114.0,-723.0,-134.0,-26.0
3.0,-225.0,-111.0,-730.0,-140.0,-21.0
3.0,-222.0,-120.0,-726.0,-146.0,-10.0
3.0,-228.0,-118.0,-729.0,-153.0,-9.0
-3.0,-224.0,-116.0,-738.0,-161.0,-14.0
2.0,-222.0,-118.0,-740.0,-169.0,-17.0
-11.0,-217.0,-125.0,-736.0,-175.0,-13.0
-1.0,-223.0,-119.0,-727.0,-182.0,-7.0
5.0,-224.0,-123.0,-720.0,-187.0,7.0
2.0,-224.0,-123.0,-724.0,-191.0,8.0
-2.0,-231.0,-123.0,-740.0,-189.0,12.0
2.0,-228.0,-124.0,-745.0,-184.0,11.0
4.0,-228.0,-123.0,-739.0,-175.0,12.0
3.0,-232.0,-127.0,-729.0,-167.0,10.0
5.0,-223.0,-132.0,-728.0,-158.0,13.0
3.0,-226.0,-125.0,-722.0,-146.0,10.0
7.0,-219.0,-129.0,-711.0,-133.0,15.0
6.0,-228.0,-117.0,-694.0,-120.0,14.0
8.0,-213.0,-130.0,-679.0,-105.0,7.0
8.0,-210.0,-131.0,-673.0,-87.0,2.0
7.0,-205.0,-131.0,-670.0,-75.0,1.0
7.0,-205.0,-129.0,-668.0,-63.0,3.0
3.0,-204.0,-131.0,-667.0,-58.0,1.0
5.0,-203.0,-128.0,-668.0,-53.0,1.0
0.0,-200.0,-133.0,-670.0,-50.0,5.0
-2.0,-198.0,-129.0,-670.0,-51.0,1.0
-6.0,-198.0,-129.0,-673.0,-54.0,6.0
-3.0,-195.0,-130.0,-679.0,-58.0,6.0
-6.0,-209.0,-136.0,-692.0,-58.0,9.0
-5.0,-199.0,-141.0,-723.0,-54.0,3.0
-7.0,-203.0,-139.0,-750.0,-48.0,8.0
-5.0,-203.0,-143.0,-768.0,-42.0,12.0
-3.0,-206.0,-142.0,-777.0,-32.0,16.0
-5.0,-204.0,-144.0,-780.0,-21.0,9.0
-8.0,-202.0,-145.0,-776.0,-18.0,1.0
-9.0,-200.0,-149.0,-773.0,-14.0,1.0
-12.0,-200.0,-142.0,-757.0,-15.0,9.0
-9.0,-201.0,-147.0,-722.0,-20.0,13.0
-13.0,-205.0,-143.0,-695.0,-29.0,26.0
-33.0,-196.0,-151.0,-674.0,-44.0,34.0
-14.0,-195.0,-149.0,-649.0,-55.0,37.0
-14.0,-196.0,-144.0,-622.0,-63.0,39.0
-15.0,-192.0,-145.0,-603.0,-70.0,48.0
-17.0,-190.0,-149.0,-605.0,-82.0,55.0
-17.0,-186.0,-144.0,-609.0,-102.0,66.0
-21.0,-184.0,-146.0,-606.0,-123.0,68.0
-22.0,-182.0,-146.0,-616.0,-144.0,78.0
-24.0,-179.0,-148.0,-628.0,-161.0,81.0
-19.0,-177.0,-147.0,-632.0,-176.0,94.0
-23.0,-183.0,-148.0,-640.0,-189.0,99.0
-9.0,-183.0,-162.0,-650.0,-197.0,102.0
-18.0,-184.0,-158.0,-666.0,-196.0,95.0
-20.0,-179.0,-159.0,-682.0,-194.0,92.0
-15.0,-182.0,-160.0,-689.0,-192.0,99.0
-16.0,-186.0,-164.0,-700.0,-199.0,102.0
-15.0,-185.0,-160.0,-710.0,-206.0,89.0
-13.0,-189.0,-164.0,-711.0,-213.0,87.0
-16.0,-190.0,-161.0,-701.0,-221.0,84.0
-15.0,-187.0,-163.0,-691.0,-230.0,89.0
-19.0,-186.0,-163.0,-686.0,-249.0,95.0
-18.0,-188.0,-158.0,-669.0,-272.0,110.0
-12.0,-179.0,-177.0,-651.0,-294.0,113.0
-16.0,-188.0,-166.0,-636.0,-308.0,117.0
-15.0,-189.0,-162.0,-630.0,-309.0,118.0
-11.0,-182.0,-164.0,-622.0,-298.0,122.0
-14.0,-183.0,-167.0,-614.0,-282.0,117.0
-15.0,-182.0,-167.0,-610.0,-271.0,114.0
-12.0,-185.0,-170.0,-611.0,-262.0,110.0
-15.0,-184.0,-164.0,-617.0,-259.0,116.0
-12.0,-181.0,-170.0,-636.0,-262.0,118.0
-8.0,-188.0,-176.0,-652.0,-264.0,122.0
-14.0,-186.0,-173.0,-664.0,-263.0,115.0
-12.0,-190.0,-169.0,-666.0,-260.0,116.0
-11.0,-190.0,-180.0,-668.0,-256.0,118.0
-13.0,-191.0,-182.0,-671.0,-248.0,120.0
-15.0,-183.0,-177.0,-661.0,-237.0,109.0
-13.0,-190.0,-179.0,-639.0,-229.0,109.0
-12.0,-194.0,-181.0,-626.0,-217.0,101.0
-7.0,-195.0,-183.0,-629.0,-200.0,93.0
-7.0,-197.0,-181.0,-623.0,-175.0,76.0
-9.0,-194.0,-191.0,-608.0,-149.0,66.0
-8.0,-196.0,-185.0,-592.0,-119.0,56.0
-7.0,-196.0,-187.0,-572.0,-90.0,45.0
-9.0,-200.0,-183.0,-557.0,-62.0,26.0
-8.0,-184.0,-199.0,-547.0,-29.0,17.0
-3.0,-193.0,-195.0,-536.0,14.0,2.0
-1.0,-193.0,-193.0,-524.0,45.0,-10.0
-6.0,-189.0,-190.0,-507.0,60.0,-22.0
-13.0,-191.0,-192.0,-470.0,64.0,-19.0
-14.0,-190.0,-194.0,-440.0,53.0,-15.0
-15.0,-185.0,-194.0,-427.0,35.0,-6.0
-16.0,-189.0,-191.0,-417.0,24.0,-1.0
-21.0,-183.0,-194.0,-415.0,7.0,11.0
-41.0,-178.0,-191.0,-425.0,-4.0,13.0
-29.0,-186.0,-201.0,-425.0,-6.0,14.0
-33.0,-184.0,-203.0,-433.0,-1.0,17.0
-30.0,-184.0,-199.0,-447.0,9.0,16.0
-30.0,-187.0,-205.0,-456.0,29.0,16.0
-31.0,-184.0,-200.0,-474.0,48.0,31.0
-22.0,-187.0,-209.0,-489.0,73.0,37.0
-24.0,-178.0,-205.0,-499.0,91.0,42.0
-18.0,-179.0,-208.0,-507.0,100.0,40.0
-16.0,-187.0,-214.0,-514.0,113.0,52.0
-8.0,-191.0,-214.0,-526.0,124.0,49.0
-13.0,-171.0,-212.0,-536.0,141.0,50.0
-11.0,-186.0,-217.0,-540.0,159.0,36.0
-10.0,-189.0,-215.0,-534.0,180.0,44.0
-7.0,-189.0,-211.0,-508.0,187.0,38.0
-11.0,-188.0,-213.0,-468.0,196.0,34.0
-14.0,-189.0,-211.0,-435.0,200.0,21.0
-12.0,-188.0,-211.0,-408.0,207.0,18.0
-25.0,-180.0,-209.0,-386.0,208.0,15.0
-25.0,-184.0,-216.0,-366.0,199.0,21.0
-30.0,-179.0,-214.0,-362.0,185.0,23.0
-33.0,-178.0,-211.0,-358.0,171.0,27.0
-32.0,-176.0,-205.0,-362.0,155.0,20.0
-37.0,-174.0,-218.0,-361.0,139.0,21.0
-42.0,-176.0,-219.0,-375.0,130.0,27.0
-37.0,-176.0,-218.0,-393.0,121.0,41.0
-38.0,-179.0,-217.0,-390.0,120.0,44.0
-35.0,-175.0,-217.0,-384.0,125.0,52.0
-30.0,-173.0,-218.0,-370.0,135.0,54.0
-27.0,-173.0,-217.0,-350.0,151.0,59.0
-21.0,-178.0,-208.0,-334.0,160.0,61.0
-16.0,-170.0,-215.0,-316.0,169.0,63.0
-16.0,-168.0,-215.0,-296.0,176.0,58.0
-15.0,-157.0,-251.0,-278.0,181.0,63.0
-9.0,-165.0,-212.0,-264.0,194.0,63.0
-8.0,-162.0,-208.0,-256.0,203.0,66.0
-9.0,-158.0,-202.0,-243.0,208.0,67.0
-15.0,-158.0,-201.0,-237.0,205.0,75.0
-15.0,-158.0,-200.0,-237.0,194.0,77.0
-22.0,-163.0,-196.0,-244.0,178.0,81.0
-16.0,-160.0,-197.0,-255.0,161.0,77.0
-19.0,-157.0,-196.0,-264.0,149.0,78.0
-26.0,-161.0,-194.0,-267.0,140.0,70.0
-24.0,-158.0,-195.0,-274.0,135.0,66.0
-27.0,-164.0,-196.0,-275.0,130.0,61.0
-25.0,-163.0,-204.0,-272.0,122.0,64.0
-27.0,-166.0,-205.0,-263.0,119.0,62.0
-26.0,-173.0,-210.0,-250.0,121.0,72.0
-23.0,-172.0,-209.0,-236.0,126.0,77.0
-20.0,-170.0,-208.0,-213.0,138.0,86.0
-16.0,-174.0,-217.0,-184.0,149.0,95.0
-16.0,-174.0,-212.0,-146.0,157.0,99.0
-16.0,-174.0,-214.0,-112.0,164.0,94.0
-12.0,-167.0,-213.0,-80.0,176.0,92.0
-13.0,-168.0,-211.0,-48.0,187.0,81.0
-22.0,-173.0,-203.0,-17.0,196.0,77.0
-15.0,-167.0,-211.0,20.0,207.0,64.0
-16.0,-164.0,-208.0,49.0,205.0,59.0
-20.0,-161.0,-207.0,77.0,200.0,46.0
-31.0,-156.0,-211.0,98.0,184.0,41.0
-31.0,-156.0,-215.0,107.0,164.0,33.0
-36.0,-155.0,-213.0,112.0,144.0,31.0
-38.0,-154.0,-213.0,107.0,128.0,17.0
-40.0,-157.0,-213.0,98.0,111.0,7.0
-35.0,-160.0,-221.0,88.0,94.0,0.0
-33.0,-163.0,-224.0,75.0,82.0,-3.0
-46.0,-162.0,-226.0,64.0,70.0,-11.0
-25.0,-169.0,-222.0,59.0,70.0,-7.0
-19.0,-170.0,-226.0,60.0,78.0,-3.0
-15.0,-172.0,-226.0,73.0,91.0,12.0
-10.0,-178.0,-226.0,92.0,99.0,16.0
-7.0,-184.0,-225.0,107.0,102.0,14.0
-12.0,-184.0,-227.0,132.0,109.0,4.0
-12.0,-187.0,-225.0,168.0,114.0,2.0
-15.0,-180.0,-218.0,211.0,116.0,-4.0
-15.0,-182.0,-217.0,254.0,114.0,-8.0
-23.0,-185.0,-217.0,292.0,108.0,-19.0
-18.0,-201.0,-210.0,327.0,95.0,-29.0
-22.0,-177.0,-221.0,346.0,84.0,-42.0
-21.0,-177.0,-218.0,355.0,72.0,-48.0
-25.0,-177.0,-222.0,364.0,65.0,-62.0
-21.0,-176.0,-220.0,369.0,60.0,-70.0
-22.0,-176.0,-220.0,370.0,57.0,-78.0
-24.0,-172.0,-225.0,370.0,58.0,-80.0
-16.0,-173.0,-226.0,371.0,61.0,-84.0
-18.0,-169.0,-226.0,373.0,63.0,-81.0
-14.0,-176.0,-226.0,372.0,75.0,-81.0
-8.0,-176.0,-228.0,370.0,103.0,-82.0
-3.0,-153.0,-242.0,365.0,135.0,-87.0
-14.0,-178.0,-229.0,362.0,156.0,-87.0
-13.0,-179.0,-226.0,363.0,163.0,-83.0
-15.0,-179.0,-217.0,369.0,164.0,-76.0
-17.0,-179.0,-215.0,385.0,161.0,-65.0
-24.0,-179.0,-212.0,410.0,156.0,-46.0
-22.0,-183.0,-212.0,436.0,148.0,-36.0
-26.0,-181.0,-210.0,456.0,138.0,-39.0
-26.0,-179.0,-207.0,477.0,131.0,-43.0
-30.0,-187.0,-212.0,510.0,125.0,-39.0
-26.0,-186.0,-217.0,561.0,123.0,-42.0
-25.0,-189.0,-234.0,609.0,125.0,-44.0
-28.0,-192.0,-222.0,654.0,130.0,-52.0
-26.0,-191.0,-220.0,695.0,134.0,-54.0
-25.0,-187.0,-224.0,729.0,139.0,-53.0
-23.0,-188.0,-222.0,757.0,142.0,-48.0
-18.0,-188.0,-223.0,778.0,146.0,-43.0
-20.0,-190.0,-223.0,790.0,145.0,-33.0
-17.0,-192.0,-216.0,789.0,141.0,-28.0
-22.0,-192.0,-216.0,782.0,133.0,-22.0
-18.0,-192.0,-214.0,768.0,118.0,-20.0
-34.0,-194.0,-221.0,747.0,106.0,-18.0
-19.0,-203.0,-209.0,734.0,97.0,-21.0
-19.0,-205.0,-204.0,722.0,87.0,-23.0
-20.0,-210.0,-204.0,724.0,81.0,-30.0
-16.0,-219.0,-199.0,735.0,80.0,-36.0
-16.0,-219.0,-194.0,757.0,79.0,-44.0
-14.0,-221.0,-194.0,785.0,77.0,-51.0
-12.0,-220.0,-193.0,819.0,77.0,-57.0
-11.0,-226.0,-191.0,854.0,75.0,-59.0
-13.0,-226.0,-188.0,887.0,76.0,-67.0
-8.0,-228.0,-187.0,927.0,74.0,-70.0
-3.0,-239.0,-179.0,959.0,74.0,-77.0
-12.0,-235.0,-181.0,987.0,75.0,-81.0
-11.0,-238.0,-183.0,1014.0,70.0,-89.0
-15.0,-237.0,-178.0,1035.0,66.0,-94.0
-14.0,-239.0,-175.0,1057.0,59.0,-103.0
-16.0,-240.0,-171.0,1074.0,54.0,-107.0
-12.0,-242.0,-171.0,1089.0,49.0,-114.0
-14.0,-243.0,-172.0,1101.0,44.0,-119.0
-10.0,-245.0,-172.0,1109.0,40.0,-125.0
-12.0,-246.0,-169.0,1114.0,32.0,-129.0
-13.0,-244.0,-169.0,1114.0,24.0,-136.0
-23.0,-239.0,-175.0,1110.0,19.0,-138.0
-12.0,-248.0,-168.0,1106.0,13.0,-142.0
-11.0,-248.0,-166.0,1102.0,13.0,-139.0
-10.0,-249.0,-163.0,1100.0,11.0,-139.0
-12.0,-248.0,-164.0,1099.0,9.0,-135.0
-12.0,-251.0,-166.0,1101.0,8.0,-135.0
-10.0,-252.0,-166.0,1107.0,11.0,-132.0
-11.0,-253.0,-162.0,1116.0,18.0,-134.0
-12.0,-253.0,-163.0,1124.0,25.0,-136.0
-12.0,-252.0,-162.0,1132.0,32.0,-145.0
-9.0,-254.0,-158.0,1137.0,39.0,-148.0
-20.0,-247.0,-149.0,1141.0,47.0,-157.0
-13.0,-253.0,-159.0,1142.0,54.0,-160.0
-9.0,-252.0,-156.0,1142.0,64.0,-165.0
-11.0,-252.0,-157.0,1138.0,76.0,-165.0
-9.0,-249.0,-155.0,1135.0,87.0,-166.0
-14.0,-250.0,-148.0,1131.0,95.0,-161.0
-12.0,-246.0,-145.0,1127.0,101.0,-158.0
-16.0,-241.0,-143.0,1123.0,104.0,-152.0
-17.0,-241.0,-141.0,1121.0,105.0,-145.0
-11.0,-241.0,-132.0,1121.0,105.0,-136.0
-10.0,-237.0,-130.0,1118.0,109.0,-131.0
-13.0,-233.0,-127.0,1118.0,115.0,-119.0
-11.0,-231.0,-127.0,1119.0,119.0,-114.0
-12.0,-230.0,-124.0,1121.0,124.0,-104.0
-11.0,-227.0,-120.0,1123.0,127.0,-102.0
-10.0,-224.0,-120.0,1123.0,128.0,-97.0
-8.0,-224.0,-113.0,1121.0,127.0,-97.0
-7.0,-222.0,-115.0,1118.0,127.0,-93.0
-6.0,-221.0,-112.0,1113.0,130.0,-95.0
-9.0,-221.0,-106.0,1102.0,134.0,-95.0
-7.0,-220.0,-103.0,1092.0,141.0,-96.0
-8.0,-220.0,-102.0,1083.0,148.0,-95.0
-18.0,-215.0,-108.0,1077.0,153.0,-99.0
-9.0,-219.0,-98.0,1068.0,158.0,-100.0
-8.0,-219.0,-97.0,1059.0,158.0,-104.0
-7.0,-223.0,-98.0,1048.0,155.0,-104.0
-5.0,-223.0,-98.0,1039.0,152.0,-110.0
-8.0,-221.0,-98.0,1028.0,147.0,-109.0
-7.0,-223.0,-99.0,1014.0,141.0,-111.0
-8.0,-225.0,-93.0,999.0,134.0,-112.0
-3.0,-220.0,-95.0,979.0,126.0,-118.0
-5.0,-226.0,-96.0,966.0,120.0,-120.0
-4.0,-229.0,-95.0,950.0,119.0,-122.0
-6.0,-225.0,-94.0,934.0,117.0,-122.0
-6.0,-234.0,-96.0,917.0,116.0,-128.0
-4.0,-231.0,-99.0,900.0,115.0,-128.0
-5.0,-231.0,-96.0,886.0,116.0,-131.0
-5.0,-233.0,-95.0,872.0,116.0,-131.0
0.0,-236.0,-95.0,859.0,115.0,-132.0
0.0,-239.0,-89.0,844.0,112.0,-132.0
-2.0,-237.0,-94.0,835.0,108.0,-137.0
1.0,-239.0,-88.0,832.0,104.0,-138.0
-2.0,-244.0,-94.0,828.0,100.0,-142.0
5.0,-245.0,-89.0,826.0,97.0,-142.0
13.0,-254.0,-75.0,827.0,94.0,-147.0
-2.0,-246.0,-85.0,829.0,92.0,-149.0
2.0,-248.0,-82.0,837.0,91.0,-154.0
-2.0,-244.0,-83.0,843.0,90.0,-157.0
-1.0,-247.0,-78.0,848.0,92.0,-162.0
4.0,-248.0,-79.0,850.0,96.0,-164.0
5.0,-249.0,-72.0,853.0,101.0,-172.0
5.0,-248.0,-73.0,856.0,107.0,-173.0
1.0,-249.0,-72.0,856.0,113.0,-178.0
0.0,-251.0,-68.0,852.0,116.0,-179.0
2.0,-251.0,-62.0,846.0,118.0,-182.0
14.0,-251.0,-71.0,839.0,118.0,-182.0
5.0,-254.0,-61.0,833.0,119.0,-184.0
7.0,-252.0,-57.0,829.0,119.0,-185.0
7.0,-252.0,-60.0,825.0,122.0,-188.0
8.0,-256.0,-55.0,820.0,125.0,-186.0
10.0,-255.0,-56.0,816.0,126.0,-191.0
8.0,-255.0,-50.0,811.0,128.0,-193.0
16.0,-255.0,-49.0,807.0,133.0,-202.0
12.0,-256.0,-49.0,804.0,139.0,-205.0
13.0,-252.0,-50.0,799.0,147.0,-212.0
25.0,-258.0,-44.0,794.0,154.0,-215.0
13.0,-254.0,-45.0,788.0,163.0,-219.0
11.0,-250.0,-39.0,785.0,167.0,-217.0
12.0,-252.0,-43.0,780.0,175.0,-213.0
9.0,-251.0,-39.0,774.0,180.0,-205.0
8.0,-252.0,-39.0,767.0,185.0,-195.0
5.0,-249.0,-36.0,759.0,187.0,-176.0
4.0,-248.0,-37.0,750.0,185.0,-163.0
2.0,-248.0,-37.0,740.0,177.0,-144.0
3.0,-246.0,-34.0,723.0,163.0,-127.0
0.0,-243.0,-38.0,707.0,151.0,-109.0
-2.0,-239.0,-42.0,688.0,136.0,-96.0
1.0,-245.0,-35.0,667.0,121.0,-85.0
2.0,-248.0,-34.0,649.0,106.0,-79.0
0.0,-249.0,-33.0,631.0,90.0,-73.0
2.0,-251.0,-34.0,618.0,77.0,-70.0
5.0,-252.0,-33.0,610.0,63.0,-65.0
3.0,-254.0,-31.0,608.0,46.0,-63.0
4.0,-249.0,-33.0,609.0,33.0,-55.0
3.0,-252.0,-39.0,611.0,22.0,-54.0
1.0,-253.0,-34.0,614.0,13.0,-47.0
3.0,-252.0,-35.0,614.0,5.0,-47.0
17.0,-255.0,-35.0,610.0,-5.0,-43.0
5.0,-251.0,-38.0,605.0,-12.0,-45.0
7.0,-250.0,-36.0,599.0,-20.0,-45.0
4.0,-254.0,-34.0,592.0,-28.0,-52.0
7.0,-253.0,-35.0,587.0,-33.0,-54.0
11.0,-255.0,-34.0,587.0,-40.0,-57.0
6.0,-253.0,-37.0,588.0,-47.0,-55.0
9.0,-251.0,-31.0,591.0,-52.0,-55.0
11.0,-255.0,-30.0,599.0,-56.0,-49.0
16.0,-254.0,-28.0,603.0,-58.0,-46.0
16.0,-254.0,-25.0,608.0,-62.0,-40.0
23.0,-250.0,-12.0,610.0,-67.0,-38.0
17.0,-249.0,-24.0,608.0,-71.0,-32.0
18.0,-248.0,-29.0,600.0,-79.0,-30.0
16.0,-247.0,-22.0,589.0,-91.0,-24.0
17.0,-247.0,-21.0,575.0,-99.0,-24.0
17.0,-246.0,-20.0,556.0,-107.0,-25.0
21.0,-245.0,-18.0,541.0,-108.0,-28.0
16.0,-245.0,-15.0,530.0,-110.0,-28.0
21.0,-247.0,-17.0,521.0,-104.0,-35.0
25.0,-245.0,-16.0,512.0,-98.0,-37.0
21.0,-249.0,-12.0,508.0,-90.0,-44.0
28.0,-246.0,-19.0,503.0,-80.0,-45.0
23.0,-247.0,-12.0,499.0,-68.0,-47.0
21.0,-246.0,-14.0,494.0,-54.0,-47.0
23.0,-249.0,-14.0,484.0,-40.0,-49.0
21.0,-247.0,-10.0,477.0,-23.0,-47.0
21.0,-248.0,-11.0,467.0,-10.0,-50.0
21.0,-248.0,-9.0,455.0,4.0,-48.0
25.0,-248.0,-4.0,446.0,15.0,-49.0
21.0,-248.0,-4.0,438.0,22.0,-47.0
18.0,-249.0,-8.0,436.0,30.0,-48.0
17.0,-250.0,-3.0,434.0,37.0,-45.0
20.0,-231.0,-3.0,433.0,42.0,-45.0
17.0,-248.0,-3.0,433.0,47.0,-43.0
16.0,-247.0,-2.0,433.0,50.0,-42.0
15.0,-247.0,-2.0,431.0,55.0,-37.0
13.0,-247.0,2.0,425.0,58.0,-34.0
14.0,-246.0,2.0,421.0,60.0,-29.0
11.0,-247.0,2.0,417.0,62.0,-27.0
9.0,-247.0,1.0,413.0,63.0,-20.0
14.0,-246.0,0.0,408.0,66.0,-19.0
11.0,-243.0,1.0,400.0,68.0,-13.0
12.0,-243.0,6.0,392.0,67.0,-11.0
13.0,-251.0,15.0,381.0,66.0,-8.0
11.0,-247.0,7.0,373.0,64.0,-7.0
11.0,-244.0,7.0,366.0,63.0,-4.0
11.0,-245.0,6.0,354.0,60.0,-3.0
10.0,-247.0,9.0,346.0,58.0,0.0
12.0,-247.0,8.0,338.0,52.0,-2.0
13.0,-245.0,11.0,331.0,47.0,0.0
13.0,-250.0,12.0,324.0,43.0,-5.0
18.0,-246.0,16.0,317.0,42.0,-3.0
16.0,-248.0,19.0,317.0,38.0,-5.0
16.0,-248.0,14.0,319.0,39.0,-2.0
25.0,-262.0,32.0,323.0,42.0,-2.0
19.0,-247.0,15.0,330.0,45.0,3.0
15.0,-245.0,15.0,336.0,52.0,4.0
19.0,-242.0,15.0,339.0,56.0,10.0
20.0,-240.0,14.0,337.0,57.0,11.0
18.0,-242.0,12.0,329.0,59.0,19.0
21.0,-243.0,11.0,313.0,56.0,22.0
17.0,-241.0,15.0,297.0,51.0,30.0
19.0,-245.0,10.0,282.0,45.0,34.0
18.0,-246.0,12.0,268.0,38.0,42.0
14.0,-243.0,13.0,256.0,32.0,47.0
12.0,-241.0,18.0,248.0,26.0,54.0
10.0,-248.0,11.0,241.0,20.0,59.0
9.0,-249.0,15.0,238.0,15.0,65.0
12.0,-253.0,15.0,240.0,15.0,68.0
10.0,-250.0,14.0,246.0,16.0,72.0
10.0,-249.0,13.0,254.0,20.0,73.0
11.0,-249.0,9.0,265.0,26.0,76.0
12.0,-252.0,11.0,279.0,32.0,75.0
10.0,-253.0,9.0,294.0,37.0,76.0
11.0,-251.0,13.0,307.0,44.0,73.0
13.0,-252.0,9.0,317.0,47.0,74.0
12.0,-246.0,5.0,322.0,52.0,74.0
23.0,-244.0,16.0,327.0,59.0,72.0
22.0,-250.0,27.0,324.0,62.0,67.0
31.0,-242.0,3.0,317.0,66.0,66.0
21.0,-242.0,11.0,307.0,69.0,61.0
22.0,-268.0,32.0,299.0,71.0,60.0
15.0,-234.0,35.0,290.0,71.0,52.0
11.0,-234.0,10.0,280.0,69.0,50.0
34.0,-232.0,2.0,268.0,69.0,45.0
13.0,-252.0,33.0,255.0,68.0,45.0
22.0,-231.0,23.0,238.0,66.0,40.0
10.0,-232.0,14.0,223.0,67.0,39.0
9.0,-243.0,29.0,207.0,67.0,38.0
7.0,-239.0,28.0,194.0,68.0,39.0
3.0,-234.0,29.0,182.0,68.0,35.0
13.0,-223.0,16.0,171.0,68.0,37.0
13.0,-241.0,31.0,159.0,68.0,35.0
8.0,-238.0,28.0,143.0,70.0,36.0
0.0,-236.0,27.0,126.0,72.0,32.0
10.0,-237.0,33.0,114.0,75.0,31.0
9.0,-241.0,34.0,103.0,77.0,27.0
6.0,-242.0,31.0,90.0,83.0,25.0
9.0,-246.0,35.0,80.0,89.0,21.0
9.0,-240.0,32.0,68.0,93.0,19.0
8.0,-244.0,32.0,58.0,100.0,12.0
7.0,-248.0,34.0,50.0,103.0,10.0
8.0,-243.0,36.0,43.0,105.0,4.0
-1.0,-247.0,36.0,41.0,105.0,3.0
6.0,-248.0,37.0,44.0,104.0,1.0
7.0,-250.0,36.0,52.0,102.0,3.0
4.0,-247.0,36.0,64.0,96.0,4.0
8.0,-245.0,35.0,73.0,91.0,8.0
18.0,-255.0,45.0,76.0,88.0,10.0
8.0,-244.0,32.0,76.0,89.0,16.0
7.0,-242.0,36.0,73.0,89.0,17.0
7.0,-239.0,40.0,71.0,90.0,23.0
7.0,-239.0,39.0,69.0,95.0,26.0
5.0,-241.0,39.0,67.0,100.0,30.0
9.0,-240.0,42.0,68.0,107.0,30.0
5.0,-240.0,42.0,68.0,115.0,35.0
6.0,-242.0,48.0,66.0,121.0,36.0
4.0,-239.0,37.0,59.0,128.0,37.0
6.0,-237.0,38.0,51.0,131.0,35.0
20.0,-234.0,64.0,39.0,134.0,35.0
3.0,-231.0,37.0,21.0,133.0,32.0
2.0,-237.0,36.0,5.0,129.0,34.0
5.0,-236.0,34.0,-14.0,122.0,32.0
0.0,-236.0,33.0,-35.0,114.0,33.0
2.0,-238.0,32.0,-57.0,106.0,30.0
2.0,-240.0,35.0,-79.0,96.0,32.0
4.0,-245.0,31.0,-98.0,84.0,30.0
2.0,-242.0,27.0,-114.0,74.0,31.0
4.0,-245.0,28.0,-125.0,66.0,29.0
6.0,-248.0,28.0,-131.0,59.0,28.0
2.0,-244.0,25.0,-129.0,57.0,21.0
7.0,-249.0,26.0,-124.0,56.0,20.0
9.0,-253.0,29.0,-119.0,60.0,15.0
7.0,-249.0,27.0,-111.0,66.0,14.0
10.0,-251.0,24.0,-104.0,73.0,8.0
10.0,-251.0,29.0,-97.0,79.0,9.0
10.0,-250.0,26.0,-91.0,83.0,6.0
9.0,-248.0,29.0,-82.0,87.0,7.0
7.0,-246.0,24.0,-76.0,89.0,6.0
4.0,-244.0,19.0,-71.0,87.0,8.0
-2.0,-246.0,23.0,-68.0,85.0,8.0
13.0,-247.0,34.0,-67.0,80.0,12.0
0.0,-243.0,20.0,-69.0,74.0,11.0
-2.0,-242.0,18.0,-75.0,67.0,15.0
-4.0,-241.0,18.0,-83.0,59.0,15.0
-4.0,-242.0,18.0,-93.0,53.0,17.0
-3.0,-240.0,21.0,-103.0,46.0,17.0
-4.0,-242.0,13.0,-114.0,39.0,21.0
-5.0,-239.0,15.0,-125.0,34.0,22.0
-2.0,-244.0,11.0,-137.0,28.0,26.0
1.0,-244.0,10.0,-149.0,23.0,29.0
2.0,-249.0,13.0,-163.0,21.0,33.0
-1.0,-241.0,9.0,-172.0,25.0,36.0
1.0,-249.0,11.0,-178.0,28.0,39.0
6.0,-251.0,11.0,-178.0,33.0,37.0
3.0,-252.0,13.0,-175.0,39.0,39.0
5.0,-249.0,16.0,-167.0,42.0,35.0
5.0,-253.0,11.0,-154.0,45.0,36.0
5.0,-252.0,15.0,-136.0,46.0,34.0
5.0,-252.0,14.0,-119.0,45.0,34.0
6.0,-252.0,15.0,-100.0,46.0,32.0
7.0,-248.0,21.0,-81.0,44.0,36.0
2.0,-251.0,22.0,-68.0,41.0,34.0
13.0,-263.0,33.0,-59.0,38.0,38.0
8.0,-245.0,27.0,-56.0,34.0,38.0
7.0,-245.0,18.0,-55.0,31.0,42.0
10.0,-243.0,21.0,-59.0,25.0,43.0
11.0,-241.0,23.0,-67.0,25.0,45.0
10.0,-244.0,21.0,-75.0,26.0,44.0
8.0,-242.0,21.0,-85.0,28.0,45.0
9.0,-241.0,28.0,-93.0,29.0,43.0
10.0,-242.0,29.0,-104.0,32.0,42.0
6.0,-241.0,20.0,-121.0,37.0,37.0
8.0,-242.0,20.0,-136.0,40.0,37.0
7.0,-251.0,26.0,-156.0,45.0,34.0
7.0,-240.0,20.0,-176.0,51.0,31.0
8.0,-242.0,23.0,-197.0,56.0,27.0
12.0,-249.0,25.0,-217.0,58.0,26.0
9.0,-247.0,23.0,-236.0,60.0,24.0
10.0,-251.0,25.0,-248.0,60.0,24.0
10.0,-254.0,24.0,-251.0,60.0,22.0
8.0,-255.0,24.0,-242.0,59.0,22.0
9.0,-256.0,25.0,-219.0,60.0,19.0
7.0,-263.0,23.0,-189.0,60.0,18.0
11.0,-259.0,16.0,-151.0,61.0,14.0
4.0,-261.0,23.0,-110.0,64.0,13.0
4.0,-259.0,23.0,-70.0,67.0,8.0
1.0,-257.0,20.0,-34.0,68.0,6.0
1.0,-256.0,17.0,-6.0,69.0,4.0
1.0,-254.0,16.0,14.0,70.0,5.0
2.0,-253.0,20.0,26.0,69.0,2.0
2.0,-248.0,17.0,28.0,65.0,5.0
-1.0,-244.0,13.0,24.0,57.0,5.0
3.0,-242.0,17.0,9.0,53.0,9.0
0.0,-239.0,21.0,-6.0,46.0,8.0
8.0,-220.0,12.0,-24.0,41.0,11.0
3.0,-239.0,20.0,-43.0,33.0,12.0
0.0,-237.0,22.0,-62.0,25.0,13.0
3.0,-241.0,22.0,-78.0,18.0,12.0
1.0,-241.0,21.0,-92.0,10.0,13.0
3.0,-245.0,18.0,-102.0,4.0,13.0
1.0,-247.0,23.0,-109.0,2.0,13.0
2.0,-249.0,19.0,-114.0,-4.0,8.0
2.0,-254.0,19.0,-113.0,-8.0,8.0
3.0,-251.0,12.0,-105.0,-8.0,4.0
0.0,-256.0,15.0,-91.0,-11.0,3.0
5.0,-255.0,25.0,-75.0,-9.0,-3.0
1.0,-256.0,15.0,-58.0,-8.0,-3.0
3.0,-257.0,10.0,-39.0,-4.0,-6.0
4.0,-257.0,11.0,-22.0,1.0,-4.0
3.0,-255.0,9.0,-10.0,7.0,-6.0
-1.0,-254.0,6.0,1.0,13.0,-4.0
3.0,-256.0,10.0,7.0,16.0,-6.0
5.0,-253.0,14.0,15.0,17.0,-2.0
