-4.0,-252.0,1.0,45.0,6.0,-5.0
-3.0,-250.0,1.0,44.0,5.0,-4.0
-3.0,-252.0,0.0,44.0,5.0,-3.0
-5.0,-252.0,1.0,44.0,4.0,-3.0
-3.0,-250.0,1.0,43.0,2.0,-5.0
-4.0,-253.0,4.0,44.0,3.0,-5.0
-6.0,-253.0,-1.0,43.0,4.0,-5.0
-1.0,-256.0,1.0,43.0,4.0,-5.0
-4.0,-253.0,1.0,44.0,5.0,-3.0
-7.0,-254.0,2.0,44.0,2.0,-4.0
-5.0,-254.0,0.0,43.0,2.0,-4.0
-5.0,-256.0,4.0,43.0,0.0,-3.0
-3.0,-253.0,-1.0,43.0,-3.0,-2.0
-4.0,-253.0,-2.0,46.0,-5.0,-1.0
-3.0,-254.0,1.0,47.0,-7.0,-1.0
-3.0,-251.0,0.0,50.0,-9.0,0.0
-4.0,-254.0,1.0,50.0,-11.0,-2.0
-4.0,-251.0,1.0,49.0,-12.0,0.0
-4.0,-250.0,-3.0,48.0,-13.0,0.0
-4.0,-254.0,3.0,47.0,-14.0,0.0
-5.0,-253.0,-2.0,44.0,-12.0,-2.0
-3.0,-255.0,0.0,40.0,-13.0,-3.0
-1.0,-254.0,-3.0,38.0,-14.0,-5.0
-5.0,-257.0,0.0,37.0,-14.0,-4.0
-8.0,-253.0,-3.0,40.0,-16.0,-5.0
-4.0,-254.0,0.0,42.0,-16.0,-6.0
-4.0,-254.0,0.0,48.0,-16.0,-4.0
-6.0,-253.0,1.0,51.0,-16.0,-5.0
-10.0,-251.0,0.0,53.0,-17.0,-4.0
-5.0,-253.0,0.0,56.0,-17.0,-3.0
-8.0,-250.0,0.0,56.0,-18.0,-4.0
-6.0,-250.0,2.0,55.0,-19.0,-3.0
-4.0,-251.0,0.0,54.0,-18.0,-3.0
-6.0,-254.0,1.0,54.0,-18.0,-3.0
-4.0,-249.0,3.0,53.0,-18.0,-3.0
-4.0,-250.0,0.0,52.0,-18.0,-4.0
-4.0,-252.0,0.0,51.0,-18.0,-5.0
-2.0,-250.0,0.0,50.0,-18.0,-5.0
-1.0,-252.0,1.0,51.0,-19.0,-6.0
-6.0,-253.0,0.0,49.0,-17.0,-7.0
-4.0,-254.0,2.0,48.0,-15.0,-8.0
-5.0,-250.0,-1.0,47.0,-14.0,-6.0
-2.0,-253.0,6.0,47.0,-14.0,-7.0
-6.0,-255.0,3.0,49.0,-14.0,-7.0
-4.0,-250.0,1.0,50.0,-16.0,-5.0
-3.0,-255.0,1.0,51.0,-15.0,-5.0
-4.0,-252.0,4.0,52.0,-16.0,-5.0
-3.0,-251.0,3.0,53.0,-15.0,-5.0
-6.0,-249.0,1.0,51.0,-14.0,-6.0
-5.0,-254.0,2.0,48.0,-15.0,-4.0
-6.0,-254.0,0.0,47.0,-15.0,-5.0
-1.0,-253.0,1.0,46.0,-16.0,-4.0
-4.0,-251.0,0.0,44.0,-16.0,-4.0
-5.0,-252.0,2.0,42.0,-15.0,-2.0
-4.0,-253.0,0.0,42.0,-15.0,-3.0
-3.0,-253.0,-1.0,42.0,-16.0,-6.0
-6.0,-252.0,0.0,40.0,-15.0,-8.0
-4.0,-253.0,-3.0,39.0,-15.0,-9.0
-5.0,-252.0,0.0,42.0,-13.0,-7.0
-2.0,-251.0,-1.0,43.0,-12.0,-8.0
-4.0,-255.0,-2.0,45.0,-11.0,-7.0
-6.0,-253.0,1.0,46.0,-10.0,-5.0
-5.0,-256.0,-2.0,48.0,-9.0,-4.0
-1.0,-252.0,0.0,50.0,-10.0,-6.0
-2.0,-250.0,0.0,52.0,-10.0,-8.0
-3.0,-254.0,-2.0,51.0,-9.0,-7.0
-2.0,-256.0,-2.0,51.0,-9.0,-7.0
0.0,-256.0,-1.0,53.0,-8.0,-9.0
-2.0,-252.0,0.0,54.0,-7.0,-9.0
-8.0,-253.0,0.0,55.0,-6.0,-7.0
-5.0,-250.0,1.0,56.0,-6.0,-8.0
-2.0,-252.0,-3.0,57.0,-7.0,-8.0
-1.0,-251.0,3.0,60.0,-6.0,-8.0
-2.0,-251.0,-1.0,63.0,-7.0,-8.0
-2.0,-254.0,-2.0,63.0,-6.0,-8.0
-5.0,-255.0,-2.0,63.0,-7.0,-8.0
-3.0,-254.0,-1.0,62.0,-5.0,-7.0
-7.0,-255.0,-6.0,62.0,-6.0,-9.0
-5.0,-256.0,-4.0,62.0,-6.0,-11.0
-1.0,-259.0,-3.0,62.0,-4.0,-11.0
-6.0,-257.0,0.0,64.0,-4.0,-10.0
-5.0,-257.0,-4.0,66.0,-4.0,-9.0
-4.0,-255.0,-2.0,71.0,-6.0,-9.0
-1.0,-256.0,-6.0,77.0,-6.0,-12.0
-3.0,-252.0,-2.0,84.0,-5.0,-10.0
0.0,-253.0,-2.0,88.0,-5.0,-12.0
-3.0,-255.0,0.0,90.0,-6.0,-14.0
-3.0,-254.0,-5.0,94.0,-6.0,-13.0
-3.0,-249.0,-6.0,94.0,-5.0,-14.0
-5.0,-251.0,-5.0,94.0,-3.0,-16.0
-1.0,-250.0,-4.0,93.0,-3.0,-15.0
-3.0,-254.0,-9.0,90.0,-2.0,-16.0
-6.0,-251.0,-2.0,88.0,-3.0,-16.0
-5.0,-255.0,-9.0,88.0,-2.0,-16.0
-8.0,-254.0,-1.0,90.0,-2.0,-17.0
-4.0,-252.0,-7.0,92.0,-1.0,-17.0
-2.0,-254.0,-4.0,95.0,1.0,-17.0
-5.0,-254.0,-6.0,99.0,1.0,-19.0
-8.0,-250.0,-4.0,101.0,3.0,-19.0
-4.0,-251.0,-7.0,101.0,4.0,-21.0
-8.0,-253.0,-5.0,99.0,6.0,-22.0
-4.0,-250.0,-6.0,97.0,8.0,-23.0
-2.0,-252.0,-9.0,92.0,10.0,-25.0
-6.0,-250.0,-5.0,88.0,10.0,-26.0
-4.0,-259.0,-13.0,84.0,11.0,-24.0
-6.0,-255.0,-8.0,82.0,11.0,-25.0
-2.0,-253.0,-7.0,82.0,10.0,-23.0
-4.0,-253.0,-8.0,82.0,9.0,-23.0
-3.0,-255.0,-9.0,84.0,9.0,-23.0
-3.0,-253.0,-8.0,86.0,9.0,-19.0
-4.0,-251.0,-9.0,88.0,8.0,-19.0
-8.0,-251.0,-9.0,89.0,6.0,-18.0
-3.0,-249.0,-9.0,92.0,7.0,-18.0
-5.0,-251.0,-12.0,90.0,3.0,-17.0
-12.0,-248.0,-11.0,87.0,3.0,-16.0
-7.0,-246.0,-14.0,83.0,3.0,-16.0
-8.0,-246.0,-14.0,80.0,2.0,-17.0
-7.0,-252.0,-16.0,73.0,2.0,-15.0
-5.0,-259.0,-16.0,67.0,2.0,-15.0
-10.0,-248.0,-20.0,60.0,-1.0,-12.0
-7.0,-249.0,-18.0,54.0,-2.0,-9.0
-9.0,-249.0,-21.0,46.0,-7.0,-9.0
-10.0,-251.0,-17.0,42.0,-10.0,-8.0
-5.0,-252.0,-18.0,39.0,-13.0,-7.0
-4.0,-252.0,-15.0,36.0,-16.0,-8.0
-7.0,-248.0,-13.0,36.0,-18.0,-7.0
-1.0,-253.0,-15.0,36.0,-22.0,-7.0
-3.0,-251.0,-13.0,37.0,-23.0,-7.0
-7.0,-254.0,-16.0,35.0,-24.0,-8.0
-8.0,-253.0,-18.0,33.0,-25.0,-10.0
-11.0,-252.0,-15.0,33.0,-26.0,-9.0
-11.0,-248.0,-20.0,35.0,-27.0,-8.0
-9.0,-251.0,-18.0,33.0,-31.0,-6.0
-12.0,-249.0,-19.0,32.0,-36.0,-4.0
-10.0,-246.0,-22.0,33.0,-41.0,-2.0
-10.0,-245.0,-20.0,30.0,-44.0,3.0
-10.0,-247.0,-22.0,28.0,-43.0,6.0
-8.0,-244.0,-23.0,22.0,-43.0,9.0
-8.0,-246.0,-25.0,16.0,-42.0,12.0
-9.0,-241.0,-24.0,10.0,-40.0,15.0
-12.0,-243.0,-31.0,4.0,-39.0,14.0
-5.0,-247.0,-29.0,-3.0,-40.0,13.0
-9.0,-241.0,-31.0,-9.0,-39.0,11.0
-8.0,-247.0,-24.0,-15.0,-40.0,9.0
-11.0,-242.0,-27.0,-17.0,-40.0,7.0
-6.0,-241.0,-19.0,-16.0,-40.0,6.0
-4.0,-246.0,-21.0,-12.0,-41.0,7.0
-3.0,-248.0,-23.0,-6.0,-38.0,9.0
-1.0,-247.0,-20.0,1.0,-32.0,14.0
-3.0,-247.0,-21.0,9.0,-23.0,17.0
-2.0,-250.0,-19.0,19.0,-10.0,23.0
-3.0,-249.0,-20.0,32.0,1.0,32.0
-2.0,-246.0,-19.0,42.0,12.0,38.0
1.0,-248.0,-23.0,53.0,21.0,41.0
0.0,-248.0,-20.0,60.0,29.0,45.0
1.0,-245.0,-22.0,68.0,36.0,48.0
1.0,-249.0,-22.0,78.0,41.0,50.0
0.0,-244.0,-17.0,87.0,45.0,51.0
0.0,-245.0,-19.0,91.0,48.0,51.0
-1.0,-245.0,-14.0,92.0,50.0,51.0
-1.0,-244.0,-20.0,94.0,55.0,56.0
0.0,-245.0,-17.0,96.0,61.0,56.0
-2.0,-246.0,-18.0,102.0,68.0,59.0
-2.0,-247.0,-18.0,110.0,75.0,64.0
-3.0,-244.0,-17.0,120.0,79.0,69.0
1.0,-249.0,-23.0,125.0,84.0,70.0
0.0,-249.0,-23.0,128.0,87.0,70.0
-2.0,-248.0,-26.0,131.0,93.0,69.0
-1.0,-247.0,-25.0,133.0,100.0,67.0
-3.0,-243.0,-27.0,133.0,108.0,67.0
0.0,-238.0,-32.0,129.0,116.0,66.0
-1.0,-237.0,-32.0,117.0,122.0,65.0
-3.0,-232.0,-30.0,100.0,130.0,68.0
0.0,-229.0,-29.0,77.0,138.0,69.0
0.0,-225.0,-27.0,52.0,144.0,67.0
1.0,-223.0,-24.0,30.0,151.0,66.0
-2.0,-219.0,-21.0,8.0,158.0,65.0
-5.0,-216.0,-16.0,-15.0,161.0,61.0
-4.0,-216.0,-18.0,-37.0,160.0,58.0
-6.0,-220.0,-19.0,-59.0,158.0,52.0
-8.0,-218.0,-19.0,-80.0,153.0,50.0
-10.0,-217.0,-23.0,-109.0,146.0,48.0
-13.0,-221.0,-25.0,-139.0,139.0,47.0
-16.0,-224.0,-26.0,-164.0,133.0,45.0
-15.0,-229.0,-23.0,-183.0,128.0,46.0
-16.0,-229.0,-23.0,-195.0,122.0,47.0
-16.0,-230.0,-18.0,-209.0,113.0,48.0
-17.0,-234.0,-19.0,-221.0,105.0,48.0
-19.0,-236.0,-17.0,-231.0,97.0,52.0
-20.0,-229.0,-20.0,-241.0,92.0,52.0
-17.0,-235.0,-17.0,-252.0,86.0,54.0
-17.0,-236.0,-15.0,-265.0,81.0,55.0
-17.0,-234.0,-13.0,-276.0,74.0,50.0
-18.0,-231.0,-15.0,-284.0,66.0,44.0
-21.0,-225.0,-13.0,-288.0,57.0,41.0
-21.0,-220.0,-10.0,-290.0,45.0,37.0
-24.0,-221.0,-10.0,-298.0,30.0,30.0
-30.0,-214.0,-14.0,-308.0,14.0,28.0
-28.0,-212.0,-9.0,-328.0,-2.0,27.0
-27.0,-208.0,-8.0,-355.0,-18.0,26.0
-23.0,-206.0,-7.0,-388.0,-27.0,30.0
-14.0,-210.0,-9.0,-424.0,-29.0,33.0
-13.0,-217.0,-6.0,-458.0,-26.0,43.0
-4.0,-217.0,-6.0,-488.0,-18.0,52.0
-4.0,-220.0,-1.0,-511.0,-9.0,60.0
-2.0,-225.0,1.0,-521.0,1.0,62.0
-5.0,-231.0,-2.0,-526.0,3.0,63.0
0.0,-233.0,-1.0,-530.0,-17.0,65.0
6.0,-241.0,2.0,-543.0,-36.0,54.0
0.0,-244.0,1.0,-540.0,-42.0,35.0
-6.0,-243.0,0.0,-526.0,-54.0,26.0
-5.0,-250.0,2.0,-502.0,-68.0,21.0
-10.0,-252.0,4.0,-462.0,-78.0,23.0
-14.0,-253.0,2.0,-415.0,-90.0,26.0
-12.0,-250.0,1.0,-374.0,-104.0,27.0
-7.0,-246.0,2.0,-341.0,-112.0,21.0
-7.0,-244.0,6.0,-314.0,-113.0,16.0
-9.0,-237.0,10.0,-289.0,-111.0,11.0
-17.0,-234.0,7.0,-264.0,-102.0,4.0
-20.0,-230.0,7.0,-244.0,-101.0,-5.0
-21.0,-233.0,6.0,-228.0,-105.0,-10.0
-22.0,-227.0,4.0,-209.0,-111.0,-12.0
-20.0,-224.0,2.0,-187.0,-117.0,-19.0
-15.0,-223.0,4.0,-164.0,-120.0,-21.0
-13.0,-226.0,1.0,-142.0,-122.0,-22.0
-15.0,-218.0,-6.0,-124.0,-127.0,-23.0
-9.0,-222.0,-1.0,-109.0,-133.0,-23.0
-5.0,-224.0,-4.0,-94.0,-140.0,-25.0
-8.0,-224.0,-7.0,-91.0,-146.0,-21.0
-12.0,-225.0,-5.0,-90.0,-150.0,-19.0
-7.0,-228.0,-8.0,-90.0,-155.0,-16.0
-14.0,-228.0,-7.0,-91.0,-161.0,-18.0
-17.0,-230.0,-6.0,-88.0,-167.0,-22.0
-19.0,-234.0,-2.0,-77.0,-170.0,-28.0
-16.0,-241.0,-5.0,-63.0,-173.0,-32.0
-12.0,-242.0,1.0,-33.0,-166.0,-40.0
-10.0,-245.0,3.0,18.0,-148.0,-50.0
-14.0,-242.0,3.0,83.0,-136.0,-57.0
-14.0,-239.0,4.0,144.0,-134.0,-61.0
-11.0,-233.0,2.0,193.0,-138.0,-64.0
-13.0,-224.0,-4.0,231.0,-141.0,-65.0
-13.0,-222.0,-6.0,255.0,-144.0,-65.0
-11.0,-219.0,-12.0,272.0,-146.0,-62.0
-7.0,-218.0,-12.0,287.0,-147.0,-57.0
0.0,-217.0,-16.0,303.0,-146.0,-54.0
7.0,-213.0,-11.0,320.0,-144.0,-52.0
13.0,-217.0,-3.0,337.0,-143.0,-56.0
2.0,-218.0,-6.0,367.0,-139.0,-71.0
1.0,-219.0,-7.0,402.0,-140.0,-79.0
1.0,-222.0,-9.0,419.0,-142.0,-86.0
0.0,-222.0,-9.0,419.0,-142.0,-96.0
-3.0,-225.0,-10.0,412.0,-142.0,-110.0
-1.0,-229.0,-12.0,408.0,-144.0,-127.0
-3.0,-230.0,-11.0,400.0,-141.0,-143.0
-6.0,-228.0,-13.0,383.0,-133.0,-155.0
0.0,-231.0,-13.0,359.0,-123.0,-160.0
0.0,-234.0,-5.0,340.0,-117.0,-160.0
11.0,-245.0,8.0,331.0,-108.0,-163.0
0.0,-245.0,2.0,344.0,-97.0,-169.0
-8.0,-246.0,15.0,368.0,-94.0,-175.0
-9.0,-251.0,8.0,395.0,-94.0,-177.0
-14.0,-255.0,15.0,425.0,-98.0,-177.0
-13.0,-254.0,25.0,467.0,-105.0,-177.0
-13.0,-253.0,20.0,519.0,-108.0,-177.0
-9.0,-257.0,17.0,576.0,-102.0,-176.0
-5.0,-253.0,16.0,633.0,-82.0,-171.0
-10.0,-250.0,5.0,683.0,-62.0,-168.0
-13.0,-249.0,0.0,724.0,-47.0,-166.0
-19.0,-244.0,1.0,751.0,-50.0,-162.0
-16.0,-242.0,-1.0,770.0,-60.0,-153.0
-15.0,-239.0,-3.0,775.0,-80.0,-141.0
-10.0,-240.0,-3.0,771.0,-101.0,-131.0
-6.0,-236.0,0.0,758.0,-115.0,-133.0
-5.0,-238.0,7.0,753.0,-124.0,-121.0
-5.0,-241.0,7.0,749.0,-126.0,-113.0
-5.0,-242.0,14.0,748.0,-124.0,-103.0
-4.0,-244.0,18.0,753.0,-119.0,-92.0
0.0,-242.0,25.0,767.0,-119.0,-79.0
14.0,-248.0,18.0,792.0,-110.0,-70.0
3.0,-245.0,23.0,809.0,-65.0,-76.0
6.0,-240.0,29.0,822.0,-45.0,-87.0
6.0,-241.0,27.0,850.0,-45.0,-71.0
4.0,-240.0,24.0,871.0,-48.0,-66.0
9.0,-245.0,23.0,885.0,-51.0,-65.0
9.0,-243.0,26.0,897.0,-49.0,-72.0
3.0,-240.0,35.0,908.0,-40.0,-84.0
2.0,-234.0,34.0,921.0,-30.0,-94.0
-4.0,-243.0,34.0,933.0,-19.0,-111.0
4.0,-228.0,37.0,940.0,-13.0,-141.0
1.0,-235.0,31.0,968.0,-15.0,-140.0
7.0,-237.0,34.0,978.0,-16.0,-146.0
1.0,-235.0,33.0,979.0,-20.0,-157.0
1.0,-236.0,30.0,980.0,-20.0,-165.0
0.0,-235.0,33.0,978.0,-28.0,-173.0
-1.0,-238.0,35.0,972.0,-35.0,-175.0
0.0,-240.0,49.0,966.0,-36.0,-181.0
2.0,-241.0,48.0,985.0,-40.0,-180.0
4.0,-243.0,50.0,1007.0,-42.0,-177.0
3.0,-240.0,57.0,1021.0,-38.0,-173.0
0.0,-243.0,55.0,1032.0,-29.0,-170.0
9.0,-244.0,54.0,1034.0,-19.0,-160.0
5.0,-246.0,56.0,1029.0,-11.0,-149.0
8.0,-250.0,52.0,1028.0,4.0,-135.0
10.0,-253.0,54.0,1023.0,13.0,-118.0
10.0,-252.0,49.0,1012.0,16.0,-99.0
21.0,-246.0,64.0,992.0,25.0,-89.0
11.0,-254.0,57.0,1006.0,15.0,-69.0
17.0,-254.0,56.0,1014.0,9.0,-56.0
13.0,-258.0,62.0,1014.0,-1.0,-51.0
10.0,-261.0,61.0,1016.0,-9.0,-51.0
7.0,-263.0,63.0,1011.0,-22.0,-55.0
0.0,-263.0,63.0,1005.0,-32.0,-61.0
-4.0,-262.0,60.0,998.0,-40.0,-73.0
-5.0,-260.0,58.0,981.0,-53.0,-84.0
-8.0,-264.0,56.0,959.0,-63.0,-95.0
-14.0,-269.0,56.0,943.0,-74.0,-106.0
-9.0,-271.0,57.0,925.0,-85.0,-118.0
-13.0,-276.0,56.0,906.0,-95.0,-127.0
-14.0,-278.0,57.0,893.0,-101.0,-135.0
-12.0,-283.0,57.0,883.0,-105.0,-140.0
-16.0,-284.0,64.0,873.0,-112.0,-141.0
-10.0,-286.0,67.0,874.0,-118.0,-143.0
-10.0,-285.0,69.0,879.0,-122.0,-141.0
0.0,-289.0,70.0,884.0,-128.0,-135.0
1.0,-289.0,72.0,885.0,-136.0,-131.0
5.0,-283.0,73.0,884.0,-142.0,-126.0
11.0,-283.0,64.0,875.0,-150.0,-118.0
10.0,-281.0,64.0,859.0,-155.0,-112.0
15.0,-282.0,67.0,827.0,-159.0,-106.0
12.0,-279.0,66.0,802.0,-155.0,-105.0
12.0,-285.0,67.0,780.0,-152.0,-103.0
4.0,-283.0,70.0,766.0,-150.0,-100.0
10.0,-274.0,76.0,760.0,-153.0,-97.0
6.0,-273.0,84.0,761.0,-157.0,-92.0
-6.0,-283.0,87.0,756.0,-155.0,-89.0
-12.0,-285.0,89.0,736.0,-156.0,-88.0
-12.0,-284.0,88.0,712.0,-158.0,-84.0
-14.0,-291.0,97.0,690.0,-161.0,-78.0
-8.0,-292.0,100.0,682.0,-160.0,-70.0
2.0,-293.0,90.0,693.0,-149.0,-59.0
13.0,-293.0,88.0,682.0,-153.0,-62.0
9.0,-288.0,96.0,661.0,-147.0,-64.0
18.0,-289.0,94.0,682.0,-133.0,-59.0
17.0,-287.0,86.0,715.0,-117.0,-62.0
11.0,-285.0,81.0,727.0,-100.0,-69.0
11.0,-287.0,85.0,715.0,-94.0,-78.0
6.0,-281.0,92.0,690.0,-94.0,-86.0
5.0,-283.0,95.0,672.0,-97.0,-93.0
1.0,-277.0,100.0,665.0,-97.0,-97.0
1.0,-277.0,104.0,666.0,-97.0,-100.0
0.0,-273.0,110.0,668.0,-98.0,-105.0
0.0,-270.0,109.0,668.0,-98.0,-112.0
1.0,-265.0,112.0,674.0,-99.0,-114.0
3.0,-264.0,117.0,687.0,-98.0,-118.0
2.0,-259.0,122.0,706.0,-95.0,-119.0
1.0,-252.0,122.0,729.0,-95.0,-118.0
1.0,-253.0,121.0,749.0,-95.0,-116.0
-1.0,-248.0,121.0,759.0,-97.0,-114.0
-1.0,-249.0,125.0,757.0,-100.0,-111.0
-1.0,-249.0,121.0,751.0,-102.0,-115.0
1.0,-251.0,128.0,742.0,-106.0,-117.0
4.0,-255.0,132.0,735.0,-107.0,-121.0
2.0,-259.0,136.0,720.0,-107.0,-124.0
2.0,-262.0,136.0,699.0,-104.0,-123.0
0.0,-260.0,137.0,677.0,-98.0,-124.0
0.0,-263.0,137.0,661.0,-92.0,-123.0
-2.0,-262.0,133.0,657.0,-85.0,-120.0
-7.0,-263.0,133.0,649.0,-81.0,-118.0
-6.0,-265.0,127.0,641.0,-74.0,-114.0
-7.0,-261.0,126.0,634.0,-67.0,-113.0
-7.0,-258.0,128.0,632.0,-58.0,-108.0
-5.0,-252.0,126.0,634.0,-47.0,-103.0
-7.0,-250.0,128.0,636.0,-38.0,-97.0
-5.0,-242.0,132.0,636.0,-33.0,-88.0
0.0,-234.0,131.0,632.0,-34.0,-82.0
12.0,-231.0,133.0,628.0,-42.0,-80.0
5.0,-235.0,137.0,620.0,-50.0,-81.0
13.0,-229.0,133.0,611.0,-53.0,-84.0
16.0,-226.0,130.0,605.0,-47.0,-85.0
18.0,-220.0,128.0,604.0,-34.0,-85.0
22.0,-221.0,129.0,603.0,-20.0,-84.0
24.0,-211.0,130.0,604.0,-9.0,-82.0
25.0,-204.0,129.0,605.0,-5.0,-79.0
24.0,-201.0,130.0,601.0,-6.0,-77.0
25.0,-199.0,129.0,595.0,-12.0,-73.0
25.0,-198.0,131.0,589.0,-19.0,-67.0
33.0,-204.0,134.0,579.0,-29.0,-61.0
35.0,-201.0,125.0,564.0,-41.0,-63.0
35.0,-199.0,126.0,548.0,-50.0,-67.0
36.0,-203.0,124.0,529.0,-51.0,-74.0
40.0,-202.0,122.0,508.0,-43.0,-82.0
41.0,-206.0,125.0,483.0,-29.0,-94.0
40.0,-208.0,124.0,461.0,-14.0,-107.0
37.0,-210.0,127.0,445.0,-7.0,-116.0
36.0,-209.0,132.0,441.0,-11.0,-127.0
36.0,-212.0,129.0,448.0,-15.0,-131.0
33.0,-211.0,131.0,467.0,-10.0,-136.0
31.0,-216.0,137.0,490.0,-4.0,-141.0
37.0,-217.0,134.0,513.0,1.0,-145.0
32.0,-217.0,132.0,528.0,8.0,-153.0
37.0,-218.0,131.0,546.0,20.0,-159.0
38.0,-215.0,126.0,566.0,32.0,-164.0
35.0,-214.0,127.0,589.0,40.0,-172.0
36.0,-214.0,129.0,608.0,47.0,-174.0
32.0,-213.0,131.0,619.0,50.0,-177.0
34.0,-210.0,129.0,623.0,50.0,-179.0
37.0,-207.0,129.0,619.0,48.0,-179.0
37.0,-210.0,128.0,613.0,51.0,-175.0
32.0,-207.0,125.0,600.0,58.0,-172.0
37.0,-205.0,127.0,582.0,60.0,-173.0
38.0,-206.0,129.0,553.0,62.0,-172.0
38.0,-206.0,131.0,512.0,66.0,-170.0
39.0,-206.0,140.0,463.0,73.0,-166.0
36.0,-207.0,145.0,411.0,85.0,-160.0
38.0,-213.0,149.0,360.0,91.0,-151.0
32.0,-215.0,149.0,317.0,90.0,-142.0
35.0,-221.0,155.0,284.0,85.0,-131.0
36.0,-221.0,159.0,264.0,83.0,-118.0
32.0,-217.0,156.0,247.0,80.0,-107.0
23.0,-222.0,154.0,231.0,81.0,-95.0
26.0,-216.0,150.0,212.0,86.0,-85.0
27.0,-216.0,152.0,196.0,95.0,-73.0
23.0,-214.0,149.0,188.0,100.0,-63.0
22.0,-211.0,140.0,187.0,96.0,-55.0
21.0,-208.0,138.0,190.0,86.0,-51.0
16.0,-203.0,137.0,197.0,74.0,-46.0
17.0,-203.0,134.0,201.0,67.0,-43.0
16.0,-201.0,134.0,201.0,63.0,-36.0
14.0,-194.0,137.0,198.0,63.0,-35.0
14.0,-196.0,132.0,190.0,64.0,-34.0
11.0,-196.0,134.0,179.0,64.0,-33.0
6.0,-199.0,140.0,172.0,59.0,-32.0
8.0,-200.0,145.0,168.0,47.0,-28.0
4.0,-197.0,148.0,170.0,35.0,-26.0
7.0,-202.0,147.0,178.0,27.0,-23.0
6.0,-202.0,147.0,192.0,21.0,-21.0
3.0,-201.0,146.0,207.0,17.0,-20.0
9.0,-205.0,147.0,218.0,13.0,-18.0
5.0,-198.0,150.0,224.0,9.0,-16.0
4.0,-199.0,150.0,224.0,5.0,-11.0
8.0,-201.0,149.0,216.0,2.0,-1.0
6.0,-199.0,146.0,204.0,0.0,7.0
4.0,-200.0,147.0,190.0,-4.0,14.0
8.0,-199.0,147.0,176.0,-8.0,21.0
9.0,-201.0,149.0,165.0,-12.0,26.0
11.0,-199.0,153.0,157.0,-18.0,29.0
17.0,-203.0,150.0,154.0,-23.0,29.0
17.0,-204.0,147.0,156.0,-27.0,26.0
18.0,-205.0,148.0,164.0,-27.0,24.0
25.0,-206.0,144.0,171.0,-24.0,21.0
20.0,-206.0,145.0,178.0,-21.0,16.0
22.0,-202.0,144.0,186.0,-14.0,10.0
19.0,-201.0,145.0,197.0,-8.0,6.0
21.0,-199.0,151.0,213.0,-3.0,2.0
18.0,-198.0,148.0,226.0,0.0,1.0
20.0,-196.0,151.0,232.0,0.0,3.0
18.0,-194.0,145.0,229.0,1.0,9.0
20.0,-189.0,147.0,214.0,-4.0,17.0
23.0,-192.0,146.0,204.0,-3.0,14.0
19.0,-195.0,144.0,195.0,-2.0,18.0
22.0,-196.0,149.0,188.0,-3.0,17.0
21.0,-196.0,148.0,181.0,-3.0,17.0
22.0,-195.0,150.0,173.0,-2.0,14.0
23.0,-194.0,147.0,159.0,-4.0,9.0
21.0,-195.0,150.0,146.0,-3.0,6.0
21.0,-195.0,149.0,131.0,-3.0,0.0
19.0,-194.0,148.0,106.0,-3.0,-5.0
19.0,-193.0,148.0,74.0,-1.0,-10.0
16.0,-194.0,146.0,38.0,0.0,-14.0
18.0,-196.0,146.0,1.0,-1.0,-22.0
19.0,-199.0,145.0,-34.0,-4.0,-29.0
24.0,-200.0,140.0,-69.0,-7.0,-35.0
27.0,-205.0,139.0,-104.0,-10.0,-44.0
15.0,-202.0,155.0,-132.0,-19.0,-50.0
21.0,-209.0,146.0,-136.0,-21.0,-59.0
19.0,-208.0,140.0,-133.0,-17.0,-64.0
20.0,-207.0,143.0,-116.0,-10.0,-64.0
17.0,-207.0,140.0,-95.0,2.0,-62.0
22.0,-207.0,141.0,-79.0,14.0,-61.0
16.0,-205.0,140.0,-70.0,23.0,-62.0
14.0,-208.0,145.0,-74.0,19.0,-67.0
13.0,-212.0,148.0,-84.0,0.0,-74.0
13.0,-206.0,156.0,-100.0,-28.0,-77.0
11.0,-207.0,152.0,-101.0,-51.0,-78.0
15.0,-205.0,153.0,-84.0,-64.0,-71.0
17.0,-204.0,152.0,-54.0,-67.0,-63.0
18.0,-203.0,154.0,-19.0,-67.0,-56.0
19.0,-204.0,154.0,13.0,-66.0,-53.0
25.0,-207.0,148.0,41.0,-69.0,-46.0
18.0,-203.0,150.0,69.0,-75.0,-42.0
19.0,-199.0,148.0,100.0,-79.0,-34.0
20.0,-198.0,148.0,121.0,-85.0,-24.0
17.0,-198.0,154.0,130.0,-91.0,-16.0
18.0,-199.0,152.0,129.0,-98.0,-6.0
19.0,-198.0,152.0,132.0,-106.0,6.0
18.0,-198.0,151.0,142.0,-110.0,17.0
20.0,-202.0,148.0,155.0,-112.0,31.0
17.0,-199.0,147.0,173.0,-115.0,35.0
19.0,-197.0,146.0,200.0,-113.0,44.0
23.0,-196.0,147.0,221.0,-110.0,58.0
22.0,-190.0,143.0,232.0,-110.0,61.0
21.0,-189.0,145.0,237.0,-105.0,66.0
23.0,-187.0,142.0,233.0,-98.0,72.0
23.0,-189.0,147.0,219.0,-94.0,74.0
25.0,-188.0,144.0,204.0,-87.0,81.0
19.0,-188.0,139.0,186.0,-82.0,89.0
22.0,-188.0,141.0,162.0,-77.0,96.0
22.0,-188.0,148.0,140.0,-72.0,103.0
24.0,-193.0,146.0,117.0,-63.0,113.0
25.0,-200.0,150.0,102.0,-57.0,121.0
25.0,-202.0,159.0,95.0,-50.0,131.0
23.0,-204.0,158.0,106.0,-49.0,132.0
31.0,-204.0,158.0,127.0,-53.0,130.0
35.0,-202.0,159.0,144.0,-61.0,118.0
38.0,-202.0,149.0,153.0,-66.0,101.0
38.0,-201.0,145.0,144.0,-69.0,88.0
30.0,-203.0,137.0,128.0,-70.0,78.0
31.0,-219.0,139.0,112.0,-70.0,69.0
29.0,-209.0,137.0,104.0,-66.0,59.0
25.0,-211.0,140.0,102.0,-60.0,46.0
25.0,-214.0,142.0,103.0,-51.0,32.0
24.0,-210.0,148.0,105.0,-46.0,18.0
21.0,-207.0,149.0,108.0,-43.0,6.0
19.0,-202.0,149.0,108.0,-39.0,-4.0
20.0,-203.0,148.0,107.0,-35.0,-10.0
21.0,-200.0,147.0,106.0,-30.0,-16.0
17.0,-197.0,137.0,103.0,-23.0,-18.0
18.0,-196.0,140.0,93.0,-17.0,-16.0
22.0,-196.0,139.0,84.0,-10.0,-15.0
17.0,-196.0,143.0,76.0,-5.0,-13.0
16.0,-197.0,141.0,73.0,2.0,-10.0
16.0,-199.0,148.0,72.0,7.0,-6.0
13.0,-199.0,148.0,72.0,11.0,-3.0
15.0,-199.0,147.0,77.0,17.0,0.0
18.0,-198.0,149.0,88.0,22.0,3.0
18.0,-200.0,147.0,98.0,23.0,5.0
19.0,-197.0,148.0,101.0,24.0,7.0
18.0,-197.0,147.0,101.0,25.0,8.0
19.0,-194.0,154.0,98.0,25.0,12.0
20.0,-194.0,154.0,93.0,26.0,14.0
22.0,-195.0,153.0,88.0,30.0,17.0
18.0,-194.0,149.0,81.0,33.0,18.0
15.0,-191.0,152.0,70.0,37.0,18.0
20.0,-194.0,155.0,61.0,34.0,20.0
20.0,-197.0,154.0,54.0,30.0,21.0
20.0,-196.0,151.0,50.0,25.0,19.0
22.0,-196.0,152.0,44.0,20.0,19.0
22.0,-197.0,155.0,43.0,14.0,16.0
24.0,-201.0,155.0,45.0,10.0,14.0
24.0,-201.0,150.0,48.0,5.0,10.0
26.0,-202.0,155.0,54.0,0.0,5.0
20.0,-200.0,152.0,59.0,-2.0,-1.0
23.0,-199.0,162.0,66.0,-3.0,-5.0
21.0,-201.0,151.0,77.0,-2.0,-9.0
24.0,-198.0,150.0,82.0,0.0,-13.0
23.0,-196.0,155.0,84.0,3.0,-16.0
23.0,-194.0,148.0,83.0,6.0,-18.0
22.0,-196.0,153.0,79.0,7.0,-21.0
21.0,-192.0,148.0,73.0,7.0,-22.0
23.0,-196.0,154.0,66.0,10.0,-23.0
22.0,-194.0,149.0,59.0,14.0,-21.0
25.0,-195.0,148.0,54.0,15.0,-22.0
22.0,-197.0,149.0,51.0,15.0,-22.0
21.0,-199.0,150.0,51.0,16.0,-20.0
22.0,-200.0,153.0,55.0,17.0,-18.0
21.0,-197.0,151.0,59.0,16.0,-17.0
20.0,-197.0,145.0,62.0,17.0,-14.0
21.0,-198.0,149.0,67.0,17.0,-13.0
19.0,-197.0,150.0,68.0,19.0,-12.0
18.0,-197.0,150.0,67.0,18.0,-11.0
21.0,-200.0,151.0,65.0,14.0,-8.0
22.0,-201.0,147.0,67.0,12.0,-7.0
21.0,-204.0,147.0,73.0,10.0,-9.0
21.0,-204.0,147.0,81.0,9.0,-9.0
23.0,-203.0,146.0,91.0,11.0,-11.0
21.0,-206.0,151.0,101.0,13.0,-14.0
22.0,-208.0,146.0,110.0,12.0,-16.0
18.0,-202.0,152.0,116.0,13.0,-18.0
21.0,-200.0,146.0,122.0,12.0,-21.0
18.0,-200.0,150.0,126.0,12.0,-23.0
15.0,-201.0,148.0,130.0,12.0,-25.0
18.0,-201.0,153.0,133.0,11.0,-26.0
17.0,-200.0,150.0,131.0,10.0,-26.0
20.0,-196.0,150.0,127.0,9.0,-28.0
23.0,-197.0,148.0,117.0,10.0,-28.0
18.0,-195.0,149.0,110.0,9.0,-30.0
22.0,-197.0,150.0,102.0,8.0,-30.0
21.0,-196.0,150.0,96.0,7.0,-28.0
23.0,-199.0,149.0,95.0,6.0,-26.0
24.0,-197.0,148.0,94.0,7.0,-22.0
23.0,-198.0,148.0,92.0,8.0,-21.0
25.0,-198.0,149.0,91.0,8.0,-19.0
24.0,-198.0,154.0,90.0,9.0,-19.0
25.0,-195.0,148.0,90.0,11.0,-21.0
22.0,-198.0,150.0,89.0,12.0,-20.0
21.0,-196.0,148.0,86.0,14.0,-21.0
22.0,-193.0,151.0,81.0,16.0,-19.0
22.0,-198.0,152.0,76.0,19.0,-20.0
24.0,-196.0,151.0,74.0,21.0,-21.0
22.0,-198.0,151.0,71.0,23.0,-18.0
21.0,-199.0,152.0,71.0,26.0,-19.0
