0.0,-254.0,-4.0,49.0,11.0,-8.0
-1.0,-254.0,-3.0,43.0,11.0,-9.0
-1.0,-255.0,-7.0,38.0,12.0,-7.0
0.0,-253.0,-3.0,37.0,12.0,-7.0
-1.0,-254.0,-7.0,37.0,11.0,-7.0
-5.0,-253.0,-3.0,37.0,9.0,-8.0
-1.0,-255.0,-4.0,38.0,9.0,-10.0
-1.0,-251.0,-2.0,40.0,8.0,-12.0
-3.0,-251.0,-6.0,44.0,7.0,-12.0
-3.0,-255.0,-3.0,48.0,6.0,-12.0
-1.0,-255.0,-7.0,53.0,6.0,-13.0
0.0,-249.0,-7.0,58.0,7.0,-12.0
-3.0,-250.0,-6.0,59.0,8.0,-12.0
-3.0,-251.0,-8.0,56.0,9.0,-12.0
-2.0,-251.0,-4.0,52.0,9.0,-12.0
-2.0,-252.0,-3.0,48.0,9.0,-11.0
-2.0,-252.0,-7.0,43.0,7.0,-11.0
-3.0,-252.0,-7.0,41.0,7.0,-11.0
-3.0,-255.0,0.0,42.0,7.0,-10.0
-3.0,-255.0,-5.0,46.0,8.0,-9.0
-2.0,-254.0,-5.0,50.0,9.0,-9.0
-1.0,-251.0,-9.0,55.0,9.0,-9.0
-1.0,-251.0,-6.0,59.0,9.0,-9.0
-4.0,-253.0,-9.0,59.0,9.0,-9.0
-4.0,-249.0,-5.0,54.0,6.0,-9.0
0.0,-254.0,-8.0,50.0,6.0,-12.0
-2.0,-254.0,-8.0,48.0,6.0,-10.0
0.0,-254.0,-5.0,47.0,8.0,-10.0
-1.0,-252.0,-3.0,47.0,8.0,-10.0
-1.0,-252.0,-5.0,48.0,8.0,-10.0
-2.0,-252.0,-8.0,49.0,9.0,-9.0
-1.0,-251.0,-7.0,51.0,9.0,-10.0
-1.0,-253.0,-7.0,53.0,9.0,-10.0
-3.0,-254.0,-7.0,53.0,10.0,-9.0
-3.0,-253.0,-2.0,54.0,10.0,-11.0
-2.0,-251.0,-8.0,53.0,11.0,-10.0
-1.0,-251.0,-2.0,50.0,11.0,-10.0
-3.0,-253.0,-4.0,48.0,11.0,-12.0
-3.0,-252.0,-8.0,45.0,8.0,-11.0
-3.0,-254.0,-9.0,44.0,7.0,-10.0
-6.0,-256.0,-7.0,44.0,7.0,-12.0
-4.0,-252.0,-7.0,44.0,6.0,-11.0
13.0,-247.0,-17.0,46.0,6.0,-10.0
-2.0,-255.0,-8.0,46.0,7.0,-10.0
0.0,-253.0,-5.0,46.0,8.0,-11.0
-2.0,-254.0,-4.0,48.0,9.0,-11.0
-2.0,-254.0,-7.0,48.0,11.0,-11.0
0.0,-251.0,-7.0,49.0,12.0,-10.0
-1.0,-249.0,-5.0,49.0,11.0,-12.0
-4.0,-249.0,-9.0,50.0,12.0,-12.0
-3.0,-253.0,-3.0,48.0,11.0,-12.0
-1.0,-254.0,-11.0,47.0,12.0,-12.0
2.0,-248.0,-4.0,47.0,11.0,-12.0
0.0,-251.0,-10.0,47.0,10.0,-12.0
-4.0,-254.0,-7.0,48.0,10.0,-12.0
0.0,-253.0,-2.0,48.0,10.0,-10.0
-1.0,-253.0,-6.0,47.0,11.0,-11.0
-5.0,-253.0,-4.0,44.0,11.0,-11.0
-2.0,-251.0,-5.0,42.0,11.0,-11.0
-5.0,-252.0,-1.0,40.0,11.0,-9.0
-2.0,-253.0,-7.0,38.0,12.0,-10.0
-3.0,-255.0,-4.0,38.0,12.0,-11.0
-2.0,-250.0,-1.0,39.0,14.0,-9.0
-2.0,-254.0,-4.0,40.0,15.0,-10.0
-4.0,-251.0,-3.0,40.0,15.0,-9.0
-5.0,-251.0,-4.0,40.0,15.0,-8.0
-1.0,-251.0,-1.0,39.0,15.0,-8.0
-4.0,-250.0,-8.0,37.0,15.0,-9.0
-2.0,-252.0,-5.0,36.0,14.0,-10.0
-4.0,-253.0,-6.0,35.0,16.0,-10.0
-2.0,-251.0,-6.0,35.0,17.0,-9.0
-8.0,-257.0,-8.0,35.0,18.0,-10.0
-2.0,-251.0,-9.0,35.0,18.0,-10.0
0.0,-252.0,-7.0,35.0,18.0,-11.0
-2.0,-252.0,-11.0,36.0,17.0,-11.0
-2.0,-253.0,-6.0,37.0,19.0,-14.0
-6.0,-252.0,-11.0,37.0,19.0,-12.0
-2.0,-256.0,-2.0,37.0,19.0,-11.0
-5.0,-255.0,-9.0,38.0,19.0,-10.0
-3.0,-254.0,-5.0,39.0,22.0,-8.0
-3.0,-250.0,-4.0,41.0,23.0,-8.0
0.0,-253.0,-1.0,41.0,24.0,-9.0
-4.0,-251.0,-7.0,42.0,24.0,-10.0
0.0,-248.0,-4.0,42.0,24.0,-9.0
-1.0,-253.0,-8.0,40.0,25.0,-9.0
0.0,-250.0,-7.0,39.0,26.0,-10.0
-3.0,-254.0,-8.0,37.0,25.0,-12.0
-1.0,-252.0,-6.0,35.0,26.0,-10.0
-2.0,-253.0,-4.0,34.0,25.0,-9.0
-2.0,-254.0,-8.0,34.0,27.0,-10.0
0.0,-254.0,-9.0,32.0,25.0,-9.0
-3.0,-256.0,-7.0,32.0,25.0,-10.0
-4.0,-252.0,-2.0,33.0,24.0,-11.0
-3.0,-251.0,-4.0,34.0,24.0,-13.0
-2.0,-252.0,-7.0,36.0,22.0,-12.0
-4.0,-251.0,-10.0,39.0,21.0,-11.0
-5.0,-250.0,-7.0,42.0,19.0,-15.0
-2.0,-250.0,-7.0,43.0,19.0,-15.0
-1.0,-253.0,-4.0,43.0,18.0,-14.0
-7.0,-253.0,-6.0,43.0,18.0,-14.0
-2.0,-253.0,-9.0,42.0,16.0,-13.0
-1.0,-254.0,-8.0,43.0,17.0,-12.0
0.0,-253.0,-7.0,46.0,17.0,-12.0
-1.0,-255.0,-8.0,50.0,15.0,-12.0
-2.0,-255.0,-6.0,53.0,16.0,-12.0
-1.0,-256.0,-8.0,57.0,16.0,-12.0
-1.0,-255.0,-6.0,60.0,16.0,-14.0
-3.0,-254.0,-8.0,60.0,16.0,-16.0
-4.0,-249.0,-6.0,59.0,15.0,-15.0
-6.0,-253.0,-7.0,57.0,16.0,-15.0
-6.0,-250.0,-10.0,57.0,13.0,-14.0
-5.0,-255.0,-8.0,55.0,10.0,-13.0
-6.0,-254.0,-5.0,52.0,8.0,-12.0
-8.0,-249.0,-2.0,51.0,5.0,-12.0
-5.0,-252.0,-7.0,51.0,3.0,-12.0
-5.0,-253.0,-3.0,52.0,1.0,-13.0
-6.0,-254.0,-8.0,53.0,-2.0,-13.0
-6.0,-253.0,-6.0,53.0,-4.0,-11.0
-6.0,-255.0,-9.0,56.0,-6.0,-14.0
-6.0,-254.0,-8.0,56.0,-6.0,-13.0
-1.0,-257.0,-7.0,57.0,-10.0,-14.0
-2.0,-253.0,-7.0,60.0,-8.0,-12.0
-6.0,-254.0,-7.0,63.0,-9.0,-11.0
-1.0,-254.0,-8.0,66.0,-10.0,-11.0
-3.0,-251.0,-5.0,67.0,-10.0,-12.0
-3.0,-253.0,-7.0,67.0,-13.0,-13.0
-6.0,-253.0,-9.0,64.0,-13.0,-14.0
-3.0,-251.0,-7.0,61.0,-13.0,-14.0
-4.0,-251.0,-12.0,58.0,-13.0,-14.0
-3.0,-249.0,-6.0,56.0,-15.0,-12.0
-4.0,-251.0,-4.0,56.0,-14.0,-12.0
-5.0,-253.0,-5.0,56.0,-14.0,-13.0
-4.0,-256.0,-8.0,57.0,-13.0,-11.0
-2.0,-254.0,-10.0,58.0,-12.0,-10.0
0.0,-253.0,-10.0,61.0,-11.0,-11.0
-2.0,-250.0,-5.0,62.0,-9.0,-10.0
0.0,-254.0,-8.0,66.0,-10.0,-11.0
-3.0,-252.0,-9.0,68.0,-9.0,-10.0
-1.0,-253.0,-11.0,69.0,-7.0,-12.0
0.0,-248.0,-12.0,67.0,-6.0,-13.0
0.0,-253.0,-9.0,64.0,-3.0,-14.0
-6.0,-250.0,-1.0,59.0,-2.0,-14.0
1.0,-251.0,-5.0,53.0,0.0,-14.0
-2.0,-254.0,-10.0,48.0,1.0,-15.0
-2.0,-253.0,-6.0,44.0,3.0,-13.0
-3.0,-250.0,-10.0,41.0,4.0,-14.0
-2.0,-258.0,-10.0,43.0,5.0,-15.0
-1.0,-253.0,-9.0,46.0,5.0,-12.0
-1.0,-254.0,-11.0,51.0,4.0,-13.0
-1.0,-254.0,-10.0,57.0,5.0,-14.0
-1.0,-254.0,-12.0,61.0,6.0,-15.0
-2.0,-251.0,-14.0,63.0,6.0,-14.0
-1.0,-252.0,-13.0,64.0,7.0,-17.0
-1.0,-246.0,-9.0,63.0,8.0,-17.0
-1.0,-250.0,-10.0,60.0,11.0,-19.0
-1.0,-249.0,-15.0,53.0,12.0,-19.0
-1.0,-251.0,-16.0,46.0,13.0,-19.0
1.0,-253.0,-14.0,38.0,14.0,-19.0
-2.0,-252.0,-11.0,33.0,16.0,-18.0
0.0,-254.0,-13.0,28.0,16.0,-17.0
-2.0,-257.0,-11.0,27.0,17.0,-20.0
-3.0,-257.0,-17.0,28.0,20.0,-18.0
0.0,-258.0,-17.0,32.0,21.0,-19.0
-2.0,-258.0,-19.0,37.0,22.0,-19.0
0.0,-262.0,-17.0,42.0,26.0,-17.0
0.0,-261.0,-19.0,47.0,28.0,-16.0
-6.0,-258.0,-23.0,50.0,28.0,-16.0
-5.0,-260.0,-20.0,52.0,30.0,-16.0
-5.0,-260.0,-22.0,54.0,28.0,-15.0
-3.0,-258.0,-19.0,57.0,28.0,-14.0
-7.0,-255.0,-22.0,63.0,29.0,-12.0
-4.0,-256.0,-23.0,69.0,28.0,-14.0
0.0,-259.0,-23.0,72.0,28.0,-16.0
-1.0,-257.0,-29.0,74.0,27.0,-18.0
-3.0,-257.0,-29.0,74.0,25.0,-20.0
-2.0,-258.0,-27.0,72.0,24.0,-22.0
0.0,-261.0,-26.0,73.0,26.0,-25.0
0.0,-259.0,-26.0,73.0,28.0,-27.0
-1.0,-260.0,-28.0,73.0,31.0,-27.0
-2.0,-261.0,-29.0,76.0,35.0,-31.0
0.0,-264.0,-28.0,80.0,38.0,-32.0
-3.0,-263.0,-31.0,85.0,41.0,-34.0
-3.0,-264.0,-32.0,93.0,43.0,-35.0
0.0,-261.0,-34.0,103.0,45.0,-38.0
-2.0,-258.0,-38.0,118.0,46.0,-39.0
-2.0,-256.0,-38.0,135.0,48.0,-38.0
-1.0,-252.0,-41.0,151.0,50.0,-39.0
0.0,-248.0,-40.0,167.0,51.0,-41.0
-4.0,-242.0,-41.0,177.0,53.0,-41.0
-2.0,-243.0,-39.0,179.0,51.0,-40.0
-1.0,-241.0,-40.0,174.0,52.0,-40.0
-4.0,-235.0,-39.0,163.0,53.0,-37.0
-2.0,-237.0,-35.0,147.0,54.0,-35.0
-2.0,-237.0,-42.0,129.0,55.0,-31.0
-1.0,-238.0,-43.0,110.0,55.0,-30.0
-1.0,-238.0,-43.0,89.0,56.0,-31.0
-3.0,-235.0,-44.0,74.0,56.0,-33.0
-1.0,-237.0,-42.0,62.0,58.0,-37.0
-2.0,-243.0,-50.0,55.0,57.0,-43.0
0.0,-237.0,-52.0,49.0,53.0,-50.0
0.0,-238.0,-56.0,47.0,50.0,-58.0
1.0,-238.0,-56.0,42.0,44.0,-66.0
2.0,-244.0,-75.0,39.0,40.0,-75.0
1.0,-236.0,-60.0,38.0,36.0,-80.0
-1.0,-236.0,-63.0,34.0,32.0,-84.0
1.0,-236.0,-61.0,30.0,31.0,-83.0
-4.0,-232.0,-65.0,26.0,30.0,-83.0
0.0,-234.0,-67.0,23.0,29.0,-81.0
-2.0,-233.0,-67.0,18.0,28.0,-77.0
-1.0,-229.0,-72.0,15.0,27.0,-78.0
1.0,-233.0,-77.0,13.0,28.0,-76.0
-3.0,-232.0,-82.0,16.0,33.0,-78.0
-3.0,-233.0,-86.0,29.0,40.0,-82.0
0.0,-230.0,-84.0,49.0,41.0,-89.0
-5.0,-223.0,-84.0,71.0,38.0,-98.0
-4.0,-218.0,-82.0,92.0,28.0,-102.0
-3.0,-211.0,-85.0,112.0,12.0,-102.0
0.0,-209.0,-88.0,131.0,-3.0,-101.0
0.0,-199.0,-89.0,153.0,-16.0,-99.0
-3.0,-195.0,-92.0,178.0,-26.0,-98.0
-5.0,-185.0,-98.0,207.0,-28.0,-97.0
-8.0,-177.0,-99.0,238.0,-26.0,-96.0
-8.0,-166.0,-102.0,271.0,-20.0,-92.0
-9.0,-160.0,-102.0,299.0,-11.0,-87.0
-6.0,-154.0,-104.0,321.0,3.0,-89.0
-8.0,-143.0,-94.0,341.0,20.0,-91.0
-6.0,-132.0,-90.0,369.0,38.0,-98.0
-10.0,-126.0,-89.0,401.0,50.0,-104.0
-16.0,-112.0,-83.0,439.0,59.0,-105.0
-16.0,-99.0,-76.0,474.0,62.0,-110.0
-15.0,-88.0,-71.0,499.0,59.0,-115.0
-18.0,-75.0,-61.0,520.0,50.0,-116.0
-15.0,-68.0,-57.0,538.0,41.0,-114.0
-8.0,-63.0,-49.0,556.0,27.0,-109.0
-5.0,-57.0,-42.0,570.0,18.0,-104.0
-4.0,-45.0,-38.0,578.0,22.0,-98.0
-5.0,-42.0,-39.0,578.0,35.0,-89.0
0.0,-38.0,-32.0,562.0,45.0,-82.0
3.0,-30.0,-34.0,537.0,52.0,-78.0
4.0,-30.0,-17.0,498.0,62.0,-85.0
0.0,-30.0,-13.0,454.0,72.0,-86.0
2.0,-29.0,-6.0,404.0,66.0,-85.0
5.0,-33.0,0.0,346.0,55.0,-92.0
1.0,-37.0,1.0,295.0,54.0,-100.0
1.0,-40.0,5.0,249.0,51.0,-103.0
17.0,-33.0,3.0,198.0,41.0,-98.0
4.0,-44.0,3.0,139.0,37.0,-91.0
0.0,-45.0,10.0,74.0,41.0,-83.0
5.0,-44.0,8.0,1.0,57.0,-60.0
-8.0,-40.0,7.0,-64.0,86.0,-13.0
3.0,-48.0,15.0,-164.0,109.0,63.0
11.0,-65.0,29.0,-252.0,126.0,116.0
14.0,-75.0,39.0,-287.0,158.0,138.0
22.0,-101.0,46.0,-258.0,197.0,140.0
29.0,-124.0,38.0,-175.0,253.0,116.0
22.0,-132.0,31.0,-82.0,320.0,57.0
16.0,-143.0,31.0,-9.0,367.0,-14.0
5.0,-155.0,15.0,46.0,368.0,-124.0
9.0,-185.0,6.0,82.0,330.0,-211.0
21.0,-213.0,12.0,139.0,287.0,-268.0
13.0,-248.0,17.0,229.0,254.0,-308.0
11.0,-268.0,32.0,326.0,216.0,-338.0
-8.0,-309.0,52.0,420.0,166.0,-357.0
-36.0,-324.0,62.0,511.0,99.0,-339.0
-62.0,-325.0,63.0,530.0,14.0,-285.0
-67.0,-329.0,61.0,440.0,-59.0,-211.0
-70.0,-344.0,73.0,317.0,-123.0,-137.0
-40.0,-381.0,89.0,290.0,-150.0,-93.0
-22.0,-400.0,96.0,438.0,-99.0,-100.0
-13.0,-405.0,90.0,736.0,-8.0,-114.0
-11.0,-401.0,80.0,1086.0,73.0,-127.0
-10.0,-394.0,63.0,1399.0,125.0,-135.0
-4.0,-378.0,49.0,1623.0,148.0,-141.0
10.0,-369.0,43.0,1749.0,155.0,-145.0
8.0,-356.0,35.0,1790.0,157.0,-148.0
3.0,-347.0,29.0,1753.0,147.0,-146.0
11.0,-337.0,26.0,1682.0,118.0,-146.0
17.0,-339.0,35.0,1625.0,93.0,-140.0
19.0,-334.0,48.0,1613.0,73.0,-136.0
23.0,-327.0,58.0,1654.0,52.0,-136.0
26.0,-321.0,59.0,1721.0,38.0,-155.0
34.0,-317.0,61.0,1780.0,42.0,-177.0
40.0,-313.0,64.0,1819.0,68.0,-208.0
36.0,-321.0,80.0,1823.0,103.0,-238.0
25.0,-327.0,97.0,1817.0,128.0,-270.0
14.0,-331.0,105.0,1815.0,137.0,-295.0
2.0,-338.0,117.0,1826.0,132.0,-303.0
-3.0,-335.0,116.0,1847.0,118.0,-295.0
-6.0,-326.0,124.0,1863.0,100.0,-268.0
9.0,-316.0,140.0,1857.0,68.0,-219.0
-26.0,-320.0,131.0,1850.0,34.0,-170.0
-5.0,-341.0,111.0,1827.0,25.0,-148.0
7.0,-351.0,133.0,1705.0,1.0,-142.0
17.0,-372.0,163.0,1678.0,12.0,-135.0
25.0,-382.0,172.0,1800.0,30.0,-138.0
10.0,-398.0,193.0,1987.0,38.0,-160.0
-20.0,-429.0,225.0,2199.0,19.0,-204.0
-19.0,-449.0,307.0,2419.0,-64.0,-234.0
21.0,-518.0,400.0,2647.0,-219.0,-241.0
65.0,-566.0,468.0,2856.0,-376.0,-276.0
55.0,-665.0,521.0,2972.0,-486.0,-358.0
27.0,-708.0,457.0,2901.0,-517.0,-464.0
10.0,-702.0,379.0,2476.0,-464.0,-552.0
-11.0,-683.0,297.0,1865.0,-378.0,-567.0
-31.0,-655.0,211.0,1330.0,-253.0,-501.0
-18.0,-605.0,123.0,1028.0,-166.0,-409.0
2.0,-562.0,70.0,1009.0,-157.0,-328.0
2.0,-503.0,62.0,1135.0,-145.0,-277.0
17.0,-401.0,97.0,1230.0,-97.0,-213.0
22.0,-310.0,138.0,1254.0,-64.0,-124.0
3.0,-179.0,154.0,1245.0,-56.0,-44.0
0.0,-69.0,127.0,1208.0,-35.0,37.0
5.0,13.0,92.0,1116.0,51.0,124.0
28.0,56.0,70.0,965.0,175.0,190.0
23.0,79.0,71.0,770.0,253.0,186.0
40.0,87.0,78.0,569.0,270.0,165.0
78.0,62.0,67.0,386.0,195.0,126.0
46.0,14.0,48.0,174.0,72.0,33.0
70.0,-45.0,47.0,-74.0,-23.0,43.0
73.0,-85.0,68.0,-292.0,-57.0,57.0
73.0,-144.0,128.0,-411.0,-54.0,39.0
72.0,-179.0,191.0,-370.0,-41.0,30.0
66.0,-183.0,233.0,-184.0,-7.0,22.0
62.0,-172.0,245.0,78.0,26.0,9.0
47.0,-152.0,240.0,333.0,55.0,-9.0
42.0,-145.0,232.0,517.0,82.0,-28.0
38.0,-147.0,226.0,591.0,98.0,-56.0
45.0,-158.0,231.0,562.0,95.0,-85.0
58.0,-159.0,240.0,481.0,67.0,-106.0
76.0,-162.0,237.0,422.0,34.0,-119.0
73.0,-156.0,229.0,407.0,17.0,-129.0
64.0,-157.0,216.0,430.0,6.0,-140.0
61.0,-164.0,201.0,465.0,-11.0,-151.0
53.0,-167.0,191.0,485.0,-38.0,-168.0
48.0,-172.0,180.0,481.0,-72.0,-177.0
41.0,-174.0,172.0,439.0,-105.0,-183.0
38.0,-177.0,164.0,354.0,-144.0,-184.0
39.0,-179.0,157.0,230.0,-182.0,-179.0
36.0,-188.0,157.0,66.0,-213.0,-160.0
39.0,-199.0,157.0,-108.0,-236.0,-133.0
36.0,-228.0,156.0,-252.0,-248.0,-106.0
35.0,-255.0,151.0,-330.0,-252.0,-81.0
51.0,-278.0,144.0,-330.0,-248.0,-56.0
43.0,-282.0,136.0,-261.0,-227.0,-35.0
47.0,-277.0,129.0,-145.0,-200.0,-20.0
44.0,-273.0,125.0,-16.0,-177.0,-9.0
46.0,-266.0,127.0,117.0,-170.0,0.0
49.0,-249.0,109.0,249.0,-160.0,11.0
46.0,-239.0,101.0,319.0,-133.0,22.0
49.0,-226.0,95.0,329.0,-106.0,39.0
49.0,-222.0,95.0,310.0,-82.0,47.0
44.0,-222.0,98.0,276.0,-64.0,52.0
42.0,-226.0,100.0,251.0,-47.0,52.0
37.0,-225.0,102.0,235.0,-27.0,50.0
31.0,-232.0,105.0,238.0,-9.0,41.0
20.0,-239.0,109.0,271.0,-2.0,36.0
14.0,-243.0,110.0,323.0,-11.0,31.0
9.0,-243.0,114.0,391.0,-21.0,25.0
6.0,-238.0,121.0,467.0,-32.0,23.0
2.0,-223.0,111.0,530.0,-35.0,20.0
4.0,-205.0,105.0,550.0,-29.0,24.0
7.0,-197.0,107.0,533.0,-15.0,23.0
11.0,-192.0,111.0,496.0,10.0,19.0
18.0,-193.0,119.0,468.0,47.0,10.0
20.0,-195.0,118.0,449.0,82.0,-1.0
23.0,-191.0,120.0,422.0,115.0,-11.0
20.0,-195.0,128.0,386.0,143.0,-17.0
12.0,-200.0,136.0,363.0,151.0,-20.0
5.0,-199.0,144.0,351.0,142.0,-18.0
0.0,-196.0,150.0,336.0,119.0,-14.0
1.0,-200.0,154.0,331.0,93.0,-10.0
2.0,-203.0,154.0,329.0,61.0,-7.0
6.0,-205.0,158.0,324.0,30.0,-9.0
7.0,-206.0,153.0,318.0,5.0,-10.0
12.0,-206.0,145.0,315.0,-13.0,-9.0
12.0,-211.0,150.0,316.0,-24.0,-4.0
14.0,-207.0,144.0,321.0,-28.0,-1.0
17.0,-212.0,148.0,328.0,-27.0,3.0
14.0,-207.0,147.0,339.0,-25.0,2.0
18.0,-204.0,146.0,346.0,-22.0,-2.0
18.0,-199.0,152.0,347.0,-20.0,-5.0
24.0,-196.0,148.0,341.0,-14.0,-7.0
28.0,-196.0,147.0,333.0,-11.0,-8.0
30.0,-189.0,148.0,320.0,-8.0,-9.0
27.0,-188.0,144.0,305.0,-6.0,-9.0
28.0,-185.0,143.0,288.0,-5.0,-7.0
27.0,-188.0,145.0,268.0,-4.0,-2.0
29.0,-190.0,147.0,237.0,-1.0,2.0
30.0,-195.0,149.0,215.0,-3.0,9.0
26.0,-193.0,152.0,200.0,-5.0,13.0
29.0,-199.0,155.0,190.0,-6.0,16.0
29.0,-198.0,160.0,183.0,-7.0,19.0
28.0,-198.0,155.0,175.0,-8.0,21.0
25.0,-200.0,150.0,170.0,-10.0,16.0
25.0,-203.0,154.0,163.0,-12.0,13.0
25.0,-201.0,154.0,164.0,-12.0,10.0
22.0,-199.0,149.0,163.0,-8.0,6.0
23.0,-206.0,157.0,161.0,-5.0,6.0
21.0,-207.0,152.0,169.0,-4.0,7.0
26.0,-207.0,148.0,176.0,-4.0,6.0
22.0,-202.0,151.0,178.0,-1.0,4.0
21.0,-199.0,151.0,184.0,2.0,0.0
23.0,-194.0,145.0,184.0,5.0,-1.0
24.0,-191.0,146.0,175.0,8.0,2.0
21.0,-193.0,146.0,159.0,12.0,3.0
24.0,-194.0,143.0,144.0,16.0,6.0
28.0,-194.0,143.0,130.0,20.0,7.0
24.0,-196.0,143.0,116.0,23.0,7.0
21.0,-196.0,141.0,106.0,24.0,11.0
20.0,-197.0,140.0,95.0,24.0,14.0
21.0,-198.0,140.0,87.0,24.0,21.0
17.0,-198.0,138.0,75.0,25.0,25.0
18.0,-199.0,140.0,65.0,26.0,32.0
19.0,-200.0,141.0,58.0,26.0,34.0
20.0,-203.0,140.0,52.0,24.0,35.0
18.0,-202.0,141.0,51.0,21.0,34.0
15.0,-201.0,142.0,47.0,15.0,33.0
16.0,-206.0,135.0,45.0,9.0,34.0
17.0,-206.0,135.0,42.0,2.0,33.0
16.0,-205.0,140.0,39.0,1.0,32.0
14.0,-203.0,144.0,38.0,2.0,32.0
14.0,-206.0,137.0,39.0,5.0,32.0
18.0,-205.0,143.0,43.0,3.0,29.0
15.0,-200.0,142.0,47.0,3.0,28.0
17.0,-208.0,144.0,55.0,2.0,25.0
17.0,-206.0,144.0,60.0,2.0,23.0
20.0,-206.0,144.0,61.0,3.0,23.0
19.0,-209.0,143.0,57.0,3.0,20.0
21.0,-209.0,146.0,55.0,2.0,16.0
18.0,-208.0,141.0,54.0,1.0,10.0
19.0,-203.0,144.0,54.0,-1.0,6.0
19.0,-202.0,140.0,53.0,-2.0,3.0
25.0,-201.0,142.0,53.0,-3.0,-1.0
22.0,-199.0,138.0,52.0,-3.0,-4.0
20.0,-199.0,137.0,53.0,-8.0,-7.0
23.0,-199.0,142.0,55.0,-11.0,-8.0
25.0,-199.0,140.0,54.0,-14.0,-7.0
24.0,-200.0,142.0,55.0,-14.0,-9.0
26.0,-200.0,149.0,57.0,-13.0,-8.0
29.0,-201.0,146.0,63.0,-14.0,-8.0
29.0,-201.0,146.0,69.0,-13.0,-8.0
27.0,-202.0,144.0,76.0,-11.0,-6.0
23.0,-203.0,145.0,86.0,-8.0,-7.0
24.0,-203.0,144.0,96.0,-7.0,-5.0
24.0,-206.0,148.0,105.0,-4.0,-6.0
25.0,-207.0,149.0,116.0,2.0,-6.0
27.0,-201.0,149.0,126.0,8.0,-8.0
26.0,-200.0,153.0,134.0,13.0,-7.0
22.0,-204.0,150.0,138.0,14.0,-10.0
19.0,-199.0,148.0,137.0,14.0,-10.0
22.0,-199.0,146.0,133.0,14.0,-8.0
21.0,-199.0,151.0,130.0,16.0,-6.0
20.0,-197.0,155.0,129.0,22.0,-3.0
22.0,-194.0,156.0,128.0,24.0,2.0
14.0,-195.0,151.0,126.0,27.0,4.0
17.0,-196.0,151.0,120.0,27.0,7.0
18.0,-192.0,151.0,112.0,24.0,10.0
21.0,-194.0,152.0,101.0,21.0,14.0
20.0,-195.0,150.0,90.0,16.0,18.0
17.0,-193.0,153.0,79.0,12.0,20.0
19.0,-194.0,150.0,66.0,6.0,24.0
18.0,-198.0,154.0,51.0,1.0,24.0
28.0,-196.0,151.0,40.0,0.0,26.0
24.0,-198.0,149.0,31.0,-2.0,25.0
25.0,-199.0,150.0,22.0,-2.0,23.0
26.0,-200.0,146.0,14.0,-1.0,19.0
26.0,-201.0,147.0,6.0,0.0,13.0
24.0,-201.0,150.0,3.0,0.0,11.0
24.0,-203.0,149.0,0.0,0.0,8.0
25.0,-201.0,146.0,2.0,-2.0,9.0
24.0,-203.0,146.0,5.0,-1.0,11.0
24.0,-203.0,150.0,12.0,-1.0,12.0
18.0,-199.0,141.0,18.0,1.0,14.0
26.0,-206.0,147.0,23.0,1.0,16.0
26.0,-204.0,146.0,29.0,2.0,17.0
25.0,-203.0,146.0,34.0,3.0,18.0
26.0,-203.0,141.0,38.0,5.0,21.0
25.0,-202.0,140.0,41.0,8.0,23.0
28.0,-202.0,142.0,41.0,10.0,23.0
27.0,-202.0,143.0,38.0,11.0,24.0
26.0,-206.0,146.0,36.0,12.0,21.0
24.0,-206.0,140.0,33.0,11.0,20.0
24.0,-206.0,140.0,33.0,12.0,20.0
23.0,-201.0,142.0,30.0,14.0,17.0
26.0,-201.0,141.0,26.0,14.0,15.0
25.0,-205.0,137.0,23.0,16.0,14.0
21.0,-203.0,142.0,21.0,17.0,9.0
24.0,-204.0,142.0,20.0,20.0,6.0
24.0,-206.0,136.0,20.0,20.0,1.0
23.0,-205.0,139.0,25.0,24.0,-3.0
21.0,-205.0,140.0,29.0,26.0,-4.0
21.0,-207.0,137.0,36.0,26.0,-7.0
15.0,-206.0,136.0,43.0,26.0,-9.0
16.0,-209.0,140.0,53.0,26.0,-10.0
17.0,-201.0,141.0,60.0,24.0,-10.0
19.0,-203.0,136.0,64.0,22.0,-12.0
17.0,-207.0,144.0,69.0,20.0,-10.0
16.0,-204.0,139.0,76.0,17.0,-10.0
17.0,-203.0,138.0,80.0,16.0,-12.0
16.0,-203.0,140.0,85.0,15.0,-10.0
19.0,-206.0,140.0,88.0,12.0,-11.0
20.0,-204.0,142.0,91.0,12.0,-13.0
20.0,-205.0,141.0,93.0,11.0,-12.0
24.0,-201.0,139.0,94.0,9.0,-11.0
25.0,-202.0,143.0,92.0,11.0,-9.0
25.0,-199.0,143.0,88.0,11.0,-6.0
22.0,-198.0,140.0,80.0,13.0,-5.0
25.0,-200.0,146.0,68.0,14.0,-1.0
25.0,-199.0,145.0,54.0,15.0,4.0
22.0,-199.0,145.0,41.0,17.0,7.0
24.0,-202.0,146.0,33.0,18.0,11.0
25.0,-202.0,142.0,30.0,21.0,7.0
24.0,-202.0,143.0,32.0,21.0,8.0
27.0,-206.0,144.0,38.0,21.0,3.0
22.0,-205.0,137.0,43.0,21.0,0.0
23.0,-206.0,140.0,44.0,22.0,-4.0
22.0,-208.0,142.0,42.0,20.0,-9.0
19.0,-207.0,146.0,45.0,19.0,-13.0
18.0,-205.0,146.0,50.0,18.0,-15.0
21.0,-208.0,145.0,58.0,20.0,-16.0
23.0,-205.0,143.0,67.0,20.0,-16.0
21.0,-203.0,148.0,76.0,23.0,-16.0
20.0,-202.0,144.0,83.0,26.0,-13.0
22.0,-202.0,150.0,88.0,29.0,-10.0
24.0,-203.0,150.0,90.0,29.0,-5.0
20.0,-200.0,147.0,88.0,28.0,-1.0
22.0,-202.0,150.0,87.0,26.0,0.0
21.0,-203.0,146.0,85.0,22.0,1.0
21.0,-205.0,150.0,88.0,18.0,-1.0
22.0,-204.0,145.0,89.0,14.0,-1.0
23.0,-205.0,145.0,90.0,14.0,-2.0
23.0,-205.0,146.0,91.0,17.0,-3.0
22.0,-201.0,144.0,91.0,18.0,-5.0
25.0,-201.0,142.0,90.0,22.0,-6.0
22.0,-203.0,143.0,90.0,23.0,-8.0
21.0,-199.0,145.0,91.0,26.0,-8.0
22.0,-200.0,147.0,95.0,28.0,-7.0
21.0,-201.0,146.0,102.0,29.0,-9.0
15.0,-197.0,146.0,106.0,27.0,-14.0
19.0,-198.0,149.0,111.0,26.0,-15.0
20.0,-199.0,148.0,115.0,28.0,-19.0
15.0,-198.0,148.0,116.0,30.0,-20.0
19.0,-199.0,147.0,116.0,34.0,-21.0
15.0,-197.0,149.0,115.0,37.0,-21.0
15.0,-198.0,148.0,111.0,40.0,-22.0
18.0,-196.0,148.0,104.0,41.0,-20.0
15.0,-196.0,145.0,99.0,41.0,-22.0
16.0,-196.0,148.0,93.0,41.0,-22.0
19.0,-196.0,148.0,84.0,42.0,-19.0
12.0,-199.0,156.0,78.0,41.0,-19.0
23.0,-201.0,149.0,70.0,39.0,-17.0
20.0,-201.0,151.0,62.0,37.0,-15.0
20.0,-196.0,149.0,52.0,32.0,-15.0
24.0,-199.0,148.0,42.0,30.0,-14.0
23.0,-198.0,148.0,36.0,27.0,-15.0
25.0,-202.0,151.0,32.0,25.0,-13.0
23.0,-201.0,147.0,30.0,24.0,-10.0
22.0,-201.0,149.0,31.0,25.0,-8.0
22.0,-202.0,147.0,35.0,26.0,-7.0
21.0,-201.0,148.0,40.0,28.0,-5.0
26.0,-201.0,152.0,45.0,28.0,-5.0
23.0,-198.0,148.0,52.0,29.0,-5.0
23.0,-198.0,149.0,56.0,29.0,-8.0
22.0,-202.0,146.0,58.0,28.0,-12.0
21.0,-198.0,149.0,59.0,25.0,-16.0
22.0,-198.0,144.0,59.0,25.0,-17.0
19.0,-201.0,151.0,59.0,25.0,-18.0
20.0,-199.0,145.0,58.0,26.0,-17.0
17.0,-200.0,146.0,60.0,29.0,-17.0
20.0,-202.0,151.0,60.0,29.0,-19.0
18.0,-197.0,150.0,57.0,28.0,-17.0
18.0,-200.0,150.0,57.0,27.0,-16.0
20.0,-200.0,154.0,58.0,26.0,-17.0
19.0,-199.0,146.0,55.0,24.0,-16.0
18.0,-199.0,145.0,54.0,23.0,-17.0
21.0,-200.0,147.0,53.0,21.0,-18.0
19.0,-197.0,144.0,52.0,21.0,-19.0
22.0,-201.0,147.0,53.0,22.0,-18.0
19.0,-202.0,146.0,54.0,22.0,-18.0
18.0,-201.0,147.0,58.0,23.0,-18.0
18.0,-200.0,149.0,61.0,24.0,-19.0
20.0,-200.0,150.0,64.0,26.0,-19.0
19.0,-201.0,146.0,69.0,27.0,-20.0
16.0,-201.0,151.0,71.0,25.0,-23.0
17.0,-201.0,148.0,74.0,24.0,-24.0
18.0,-202.0,149.0,77.0,24.0,-24.0
16.0,-198.0,145.0,77.0,21.0,-24.0
22.0,-200.0,150.0,75.0,23.0,-24.0
21.0,-200.0,147.0,74.0,23.0,-24.0
19.0,-200.0,145.0,72.0,22.0,-23.0
22.0,-200.0,144.0,71.0,23.0,-24.0
21.0,-201.0,144.0,71.0,22.0,-25.0
20.0,-202.0,147.0,70.0,22.0,-24.0
22.0,-202.0,144.0,70.0,22.0,-21.0
21.0,-200.0,147.0,71.0,20.0,-19.0
19.0,-201.0,143.0,72.0,20.0,-18.0
20.0,-199.0,151.0,73.0,19.0,-19.0
22.0,-197.0,148.0,74.0,19.0,-16.0
22.0,-198.0,146.0,75.0,19.0,-16.0
25.0,-199.0,147.0,72.0,20.0,-14.0
25.0,-199.0,148.0,67.0,19.0,-12.0
