7.0,-249.0,28.0,-10.0,49.0,5.0
-7.0,-253.0,30.0,-6.0,50.0,5.0
8.0,-244.0,26.0,-2.0,49.0,4.0
8.0,-246.0,26.0,2.0,48.0,5.0
7.0,-248.0,26.0,3.0,47.0,3.0
3.0,-247.0,27.0,6.0,47.0,5.0
7.0,-245.0,25.0,6.0,46.0,3.0
6.0,-245.0,27.0,4.0,48.0,2.0
2.0,-241.0,29.0,2.0,50.0,-2.0
5.0,-244.0,27.0,0.0,53.0,-1.0
6.0,-242.0,25.0,-2.0,55.0,-3.0
6.0,-246.0,31.0,-1.0,55.0,-3.0
6.0,-251.0,44.0,-3.0,57.0,-3.0
7.0,-244.0,28.0,-1.0,59.0,-2.0
9.0,-243.0,28.0,1.0,60.0,-3.0
3.0,-242.0,28.0,1.0,61.0,-2.0
6.0,-247.0,31.0,2.0,62.0,-4.0
6.0,-242.0,28.0,3.0,61.0,-3.0
5.0,-245.0,28.0,4.0,58.0,-4.0
4.0,-249.0,28.0,5.0,55.0,-4.0
5.0,-248.0,32.0,4.0,54.0,-3.0
9.0,-247.0,29.0,4.0,52.0,-3.0
5.0,-248.0,26.0,2.0,50.0,-6.0
1.0,-250.0,44.0,0.0,52.0,-5.0
6.0,-244.0,26.0,0.0,54.0,-6.0
10.0,-244.0,35.0,1.0,54.0,-5.0
7.0,-245.0,29.0,0.0,57.0,-6.0
3.0,-246.0,28.0,0.0,57.0,-4.0
8.0,-244.0,28.0,-1.0,59.0,-6.0
1.0,-247.0,26.0,-3.0,60.0,-4.0
10.0,-246.0,31.0,-5.0,59.0,-5.0
4.0,-244.0,33.0,-5.0,59.0,-4.0
4.0,-247.0,32.0,-6.0,57.0,-5.0
5.0,-244.0,25.0,-6.0,56.0,-6.0
-2.0,-240.0,26.0,-7.0,58.0,-6.0
6.0,-246.0,25.0,-5.0,59.0,-6.0
8.0,-248.0,27.0,-5.0,59.0,-6.0
6.0,-247.0,28.0,-4.0,58.0,-5.0
5.0,-245.0,26.0,-1.0,60.0,-7.0
5.0,-245.0,29.0,1.0,60.0,-5.0
8.0,-249.0,28.0,3.0,60.0,-5.0
4.0,-247.0,29.0,4.0,60.0,-4.0
6.0,-247.0,32.0,5.0,58.0,-5.0
6.0,-245.0,27.0,5.0,58.0,-4.0
0.0,-249.0,28.0,3.0,57.0,-4.0
11.0,-235.0,19.0,0.0,57.0,-3.0
5.0,-247.0,29.0,-2.0,58.0,-2.0
8.0,-248.0,30.0,-9.0,58.0,-1.0
8.0,-246.0,28.0,-12.0,55.0,-4.0
4.0,-246.0,28.0,-14.0,53.0,-3.0
7.0,-246.0,23.0,-12.0,52.0,-2.0
6.0,-242.0,28.0,-8.0,52.0,0.0
5.0,-243.0,28.0,-4.0,49.0,-1.0
8.0,-244.0,30.0,1.0,49.0,-1.0
8.0,-244.0,29.0,3.0,49.0,-2.0
4.0,-247.0,23.0,3.0,48.0,-3.0
6.0,-247.0,29.0,3.0,48.0,-4.0
6.0,-247.0,28.0,-1.0,47.0,-3.0
7.0,-246.0,26.0,-6.0,47.0,-6.0
5.0,-246.0,31.0,-12.0,51.0,-6.0
10.0,-245.0,33.0,-15.0,53.0,-8.0
6.0,-243.0,27.0,-15.0,55.0,-7.0
5.0,-247.0,30.0,-10.0,55.0,-6.0
6.0,-247.0,26.0,0.0,52.0,-3.0
8.0,-249.0,32.0,12.0,51.0,-4.0
10.0,-249.0,27.0,26.0,48.0,-1.0
-5.0,-250.0,29.0,39.0,48.0,-3.0
7.0,-249.0,28.0,46.0,44.0,1.0
5.0,-242.0,26.0,50.0,42.0,0.0
6.0,-243.0,27.0,49.0,45.0,-2.0
7.0,-243.0,24.0,43.0,47.0,-2.0
5.0,-245.0,27.0,33.0,49.0,-4.0
5.0,-242.0,27.0,24.0,52.0,-3.0
7.0,-243.0,29.0,15.0,56.0,-2.0
10.0,-239.0,32.0,7.0,57.0,-1.0
8.0,-240.0,29.0,4.0,57.0,-1.0
10.0,-247.0,34.0,4.0,60.0,-1.0
2.0,-243.0,16.0,6.0,61.0,0.0
8.0,-246.0,33.0,9.0,62.0,-2.0
6.0,-245.0,29.0,13.0,61.0,-1.0
5.0,-244.0,31.0,18.0,60.0,-2.0
5.0,-245.0,29.0,19.0,60.0,-1.0
6.0,-247.0,31.0,18.0,59.0,-2.0
7.0,-247.0,27.0,17.0,59.0,-2.0
7.0,-242.0,27.0,16.0,58.0,-4.0
5.0,-247.0,28.0,16.0,56.0,-3.0
8.0,-242.0,26.0,17.0,54.0,-3.0
9.0,-244.0,33.0,19.0,52.0,-1.0
0.0,-234.0,20.0,21.0,52.0,2.0
7.0,-243.0,29.0,19.0,50.0,1.0
6.0,-245.0,29.0,17.0,50.0,2.0
4.0,-244.0,33.0,14.0,50.0,4.0
6.0,-246.0,28.0,11.0,51.0,4.0
5.0,-244.0,29.0,9.0,52.0,3.0
6.0,-245.0,26.0,5.0,52.0,3.0
4.0,-248.0,32.0,3.0,53.0,2.0
4.0,-250.0,33.0,2.0,52.0,3.0
8.0,-243.0,31.0,4.0,52.0,3.0
1.0,-243.0,32.0,5.0,52.0,3.0
4.0,-239.0,24.0,7.0,50.0,1.0
7.0,-245.0,29.0,8.0,51.0,0.0
8.0,-245.0,28.0,9.0,52.0,0.0
5.0,-244.0,29.0,9.0,53.0,-3.0
8.0,-246.0,29.0,7.0,55.0,-2.0
6.0,-245.0,31.0,5.0,57.0,-1.0
8.0,-246.0,28.0,3.0,57.0,0.0
7.0,-248.0,34.0,2.0,59.0,-1.0
5.0,-242.0,28.0,-2.0,63.0,-1.0
4.0,-245.0,34.0,-2.0,64.0,-2.0
3.0,-247.0,32.0,-6.0,64.0,-2.0
6.0,-249.0,38.0,-7.0,64.0,-1.0
4.0,-243.0,29.0,-5.0,61.0,-1.0
6.0,-245.0,32.0,-1.0,59.0,-2.0
7.0,-246.0,27.0,3.0,58.0,-1.0
7.0,-247.0,30.0,6.0,57.0,-2.0
4.0,-243.0,30.0,8.0,54.0,-1.0
5.0,-245.0,32.0,7.0,50.0,-1.0
4.0,-244.0,30.0,4.0,49.0,-1.0
6.0,-245.0,31.0,2.0,49.0,1.0
4.0,-245.0,35.0,1.0,48.0,-1.0
12.0,-235.0,35.0,0.0,50.0,0.0
2.0,-252.0,47.0,0.0,54.0,0.0
4.0,-246.0,29.0,-1.0,57.0,0.0
6.0,-245.0,34.0,-1.0,59.0,-1.0
5.0,-247.0,32.0,-1.0,61.0,-2.0
7.0,-246.0,31.0,2.0,63.0,-3.0
4.0,-246.0,34.0,2.0,65.0,-5.0
5.0,-245.0,30.0,4.0,67.0,-5.0
7.0,-247.0,33.0,7.0,67.0,-6.0
7.0,-247.0,28.0,10.0,66.0,-7.0
6.0,-249.0,30.0,10.0,64.0,-6.0
6.0,-248.0,33.0,10.0,63.0,-6.0
6.0,-253.0,46.0,12.0,60.0,-5.0
5.0,-245.0,28.0,11.0,57.0,-4.0
5.0,-245.0,34.0,11.0,56.0,-4.0
7.0,-244.0,30.0,10.0,56.0,-4.0
5.0,-240.0,32.0,11.0,54.0,-3.0
7.0,-246.0,34.0,10.0,55.0,-2.0
5.0,-243.0,29.0,12.0,56.0,-1.0
6.0,-241.0,26.0,10.0,56.0,-3.0
7.0,-247.0,32.0,9.0,57.0,-4.0
7.0,-241.0,32.0,7.0,59.0,-4.0
5.0,-244.0,28.0,5.0,61.0,-3.0
10.0,-246.0,32.0,2.0,61.0,-4.0
4.0,-244.0,32.0,4.0,62.0,-4.0
5.0,-246.0,30.0,1.0,63.0,-4.0
4.0,-245.0,28.0,2.0,63.0,-4.0
4.0,-246.0,31.0,4.0,62.0,-3.0
7.0,-246.0,33.0,7.0,59.0,-3.0
4.0,-246.0,31.0,12.0,58.0,-4.0
4.0,-246.0,36.0,14.0,57.0,-3.0
4.0,-250.0,33.0,16.0,57.0,-3.0
10.0,-246.0,32.0,15.0,55.0,-4.0
9.0,-242.0,33.0,17.0,56.0,-5.0
7.0,-244.0,34.0,16.0,57.0,-5.0
7.0,-244.0,28.0,15.0,59.0,-5.0
7.0,-244.0,31.0,12.0,61.0,-4.0
7.0,-243.0,31.0,10.0,62.0,-4.0
7.0,-244.0,29.0,4.0,62.0,-4.0
9.0,-246.0,35.0,1.0,60.0,-3.0
7.0,-245.0,29.0,-3.0,58.0,-2.0
6.0,-245.0,31.0,-6.0,58.0,-2.0
6.0,-246.0,30.0,-7.0,57.0,-1.0
-1.0,-246.0,35.0,-7.0,57.0,0.0
7.0,-234.0,23.0,-6.0,56.0,1.0
3.0,-247.0,32.0,-5.0,56.0,1.0
3.0,-245.0,34.0,-2.0,54.0,1.0
5.0,-245.0,32.0,1.0,56.0,0.0
7.0,-246.0,34.0,6.0,56.0,1.0
7.0,-245.0,35.0,11.0,56.0,0.0
4.0,-244.0,33.0,13.0,57.0,0.0
4.0,-247.0,36.0,12.0,57.0,0.0
5.0,-246.0,32.0,10.0,57.0,1.0
4.0,-246.0,31.0,6.0,57.0,1.0
0.0,-246.0,34.0,1.0,56.0,2.0
1.0,-243.0,31.0,-7.0,56.0,1.0
8.0,-247.0,32.0,-13.0,57.0,1.0
6.0,-245.0,33.0,-16.0,55.0,-1.0
7.0,-246.0,33.0,-18.0,53.0,0.0
6.0,-242.0,34.0,-15.0,52.0,-2.0
5.0,-245.0,31.0,-11.0,53.0,1.0
6.0,-245.0,35.0,-6.0,52.0,0.0
9.0,-241.0,32.0,0.0,51.0,1.0
6.0,-241.0,38.0,2.0,52.0,-2.0
4.0,-241.0,30.0,2.0,53.0,-2.0
7.0,-245.0,33.0,-2.0,50.0,-2.0
20.0,-240.0,29.0,-9.0,50.0,-1.0
8.0,-249.0,31.0,-18.0,51.0,-3.0
6.0,-245.0,33.0,-28.0,54.0,-3.0
5.0,-246.0,34.0,-31.0,58.0,-4.0
4.0,-247.0,32.0,-30.0,58.0,-3.0
4.0,-247.0,34.0,-24.0,56.0,-2.0
7.0,-248.0,33.0,-13.0,55.0,1.0
9.0,-251.0,32.0,4.0,51.0,-1.0
5.0,-248.0,37.0,23.0,47.0,2.0
8.0,-244.0,27.0,40.0,44.0,1.0
8.0,-246.0,34.0,52.0,43.0,2.0
-1.0,-248.0,37.0,56.0,42.0,-1.0
6.0,-243.0,32.0,49.0,42.0,-2.0
3.0,-241.0,32.0,37.0,42.0,-3.0
4.0,-243.0,34.0,24.0,45.0,-1.0
4.0,-238.0,32.0,13.0,49.0,-4.0
9.0,-244.0,34.0,2.0,53.0,-2.0
3.0,-243.0,37.0,-3.0,55.0,-2.0
1.0,-244.0,30.0,-6.0,56.0,0.0
7.0,-246.0,35.0,-6.0,59.0,-1.0
3.0,-247.0,36.0,-4.0,60.0,2.0
4.0,-245.0,30.0,-2.0,56.0,1.0
7.0,-255.0,55.0,2.0,56.0,0.0
4.0,-248.0,35.0,2.0,54.0,-4.0
4.0,-249.0,30.0,1.0,54.0,-5.0
3.0,-248.0,31.0,-2.0,52.0,-9.0
4.0,-245.0,34.0,-2.0,53.0,-9.0
5.0,-247.0,31.0,-2.0,55.0,-13.0
5.0,-244.0,33.0,-1.0,58.0,-13.0
2.0,-242.0,35.0,0.0,59.0,-13.0
4.0,-246.0,32.0,2.0,58.0,-11.0
4.0,-246.0,37.0,1.0,56.0,-9.0
7.0,-237.0,40.0,-1.0,53.0,-5.0
5.0,-248.0,60.0,-6.0,50.0,-5.0
5.0,-243.0,37.0,-12.0,46.0,-4.0
5.0,-245.0,42.0,-17.0,41.0,-5.0
5.0,-242.0,45.0,-22.0,35.0,-4.0
8.0,-247.0,45.0,-31.0,35.0,-6.0
3.0,-241.0,45.0,-45.0,38.0,-7.0
4.0,-240.0,47.0,-65.0,45.0,-8.0
4.0,-239.0,44.0,-100.0,51.0,-8.0
7.0,-238.0,42.0,-146.0,58.0,-10.0
6.0,-230.0,31.0,-224.0,60.0,-10.0
3.0,-225.0,30.0,-302.0,63.0,-13.0
11.0,-228.0,35.0,-385.0,62.0,-14.0
5.0,-229.0,18.0,-461.0,60.0,-19.0
3.0,-234.0,19.0,-523.0,59.0,-21.0
4.0,-237.0,18.0,-562.0,63.0,-25.0
5.0,-242.0,17.0,-571.0,69.0,-24.0
6.0,-249.0,17.0,-556.0,76.0,-23.0
3.0,-247.0,15.0,-526.0,82.0,-22.0
0.0,-252.0,15.0,-485.0,87.0,-23.0
4.0,-257.0,16.0,-430.0,86.0,-17.0
9.0,-260.0,15.0,-379.0,82.0,-15.0
3.0,-262.0,20.0,-326.0,71.0,-5.0
3.0,-263.0,34.0,-268.0,64.0,1.0
5.0,-258.0,16.0,-216.0,54.0,10.0
7.0,-257.0,8.0,-179.0,41.0,18.0
9.0,-254.0,13.0,-158.0,28.0,28.0
12.0,-252.0,13.0,-145.0,15.0,36.0
13.0,-248.0,16.0,-138.0,1.0,48.0
14.0,-246.0,19.0,-130.0,-13.0,62.0
12.0,-242.0,12.0,-126.0,-24.0,73.0
17.0,-238.0,16.0,-123.0,-37.0,79.0
19.0,-231.0,16.0,-118.0,-51.0,89.0
0.0,-231.0,36.0,-115.0,-65.0,92.0
15.0,-230.0,25.0,-117.0,-77.0,99.0
12.0,-228.0,27.0,-130.0,-84.0,97.0
13.0,-222.0,27.0,-157.0,-80.0,94.0
10.0,-223.0,32.0,-196.0,-68.0,85.0
8.0,-224.0,32.0,-243.0,-50.0,76.0
9.0,-226.0,30.0,-304.0,-23.0,62.0
1.0,-230.0,32.0,-357.0,0.0,54.0
5.0,-228.0,32.0,-408.0,20.0,45.0
-3.0,-234.0,33.0,-453.0,36.0,42.0
1.0,-235.0,32.0,-488.0,50.0,36.0
4.0,-247.0,36.0,-515.0,58.0,38.0
-3.0,-239.0,30.0,-532.0,63.0,41.0
-2.0,-244.0,29.0,-545.0,64.0,50.0
2.0,-245.0,28.0,-555.0,59.0,56.0
1.0,-243.0,25.0,-565.0,52.0,67.0
0.0,-241.0,24.0,-587.0,44.0,74.0
3.0,-240.0,22.0,-612.0,37.0,84.0
2.0,-245.0,24.0,-641.0,30.0,88.0
4.0,-241.0,26.0,-671.0,23.0,99.0
5.0,-241.0,28.0,-700.0,14.0,105.0
11.0,-241.0,23.0,-730.0,9.0,115.0
1.0,-228.0,20.0,-764.0,9.0,118.0
11.0,-236.0,20.0,-798.0,12.0,123.0
9.0,-235.0,21.0,-835.0,18.0,122.0
13.0,-238.0,20.0,-877.0,23.0,125.0
12.0,-238.0,21.0,-932.0,31.0,122.0
13.0,-238.0,16.0,-983.0,34.0,123.0
8.0,-235.0,16.0,-1033.0,39.0,121.0
9.0,-237.0,14.0,-1085.0,43.0,124.0
8.0,-243.0,11.0,-1134.0,53.0,126.0
3.0,-239.0,10.0,-1180.0,66.0,133.0
3.0,-239.0,14.0,-1224.0,82.0,137.0
21.0,-237.0,2.0,-1263.0,97.0,147.0
5.0,-231.0,1.0,-1296.0,104.0,158.0
-4.0,-237.0,4.0,-1312.0,109.0,172.0
-6.0,-230.0,-2.0,-1305.0,107.0,176.0
-3.0,-222.0,2.0,-1276.0,96.0,176.0
-4.0,-211.0,5.0,-1240.0,74.0,176.0
-4.0,-202.0,11.0,-1216.0,39.0,172.0
-5.0,-190.0,22.0,-1214.0,-3.0,159.0
-2.0,-184.0,34.0,-1240.0,-34.0,163.0
-4.0,-186.0,44.0,-1306.0,-52.0,165.0
-1.0,-190.0,51.0,-1420.0,-55.0,182.0
1.0,-201.0,72.0,-1580.0,-36.0,196.0
-1.0,-210.0,56.0,-1763.0,0.0,212.0
7.0,-230.0,62.0,-1971.0,42.0,211.0
12.0,-250.0,69.0,-2100.0,76.0,199.0
18.0,-267.0,75.0,-2170.0,114.0,177.0
15.0,-285.0,84.0,-2178.0,148.0,156.0
8.0,-300.0,92.0,-2138.0,173.0,129.0
3.0,-303.0,83.0,-2068.0,180.0,112.0
2.0,-315.0,86.0,-1989.0,171.0,105.0
-7.0,-324.0,86.0,-1905.0,154.0,113.0
-4.0,-332.0,83.0,-1821.0,143.0,128.0
-10.0,-346.0,70.0,-1747.0,125.0,152.0
0.0,-353.0,48.0,-1684.0,116.0,159.0
10.0,-360.0,22.0,-1670.0,118.0,162.0
16.0,-368.0,-8.0,-1707.0,116.0,157.0
24.0,-383.0,-31.0,-1795.0,100.0,158.0
17.0,-409.0,-48.0,-1897.0,74.0,152.0
7.0,-444.0,-59.0,-1964.0,37.0,151.0
-1.0,-470.0,-65.0,-1958.0,-20.0,146.0
-14.0,-490.0,-76.0,-1860.0,-90.0,143.0
-20.0,-503.0,-93.0,-1680.0,-151.0,137.0
-17.0,-514.0,-92.0,-1442.0,-182.0,143.0
-28.0,-511.0,-110.0,-1125.0,-180.0,157.0
-29.0,-504.0,-110.0,-857.0,-159.0,171.0
-19.0,-495.0,-116.0,-610.0,-134.0,169.0
-10.0,-481.0,-117.0,-399.0,-108.0,155.0
-9.0,-469.0,-120.0,-238.0,-75.0,121.0
-9.0,-462.0,-121.0,-125.0,-40.0,87.0
-15.0,-450.0,-120.0,-57.0,-16.0,46.0
-19.0,-439.0,-129.0,-25.0,-16.0,12.0
-23.0,-420.0,-135.0,-41.0,-35.0,-20.0
-16.0,-408.0,-144.0,-105.0,-67.0,-43.0
0.0,-406.0,-156.0,-233.0,-88.0,-63.0
16.0,-403.0,-160.0,-355.0,-85.0,-77.0
23.0,-412.0,-162.0,-454.0,-65.0,-97.0
26.0,-425.0,-166.0,-502.0,-40.0,-111.0
18.0,-435.0,-158.0,-499.0,-17.0,-129.0
8.0,-445.0,-150.0,-442.0,-4.0,-134.0
0.0,-445.0,-145.0,-345.0,-8.0,-132.0
-10.0,-451.0,-136.0,-224.0,-26.0,-117.0
-15.0,-443.0,-135.0,-94.0,-52.0,-107.0
-16.0,-437.0,-131.0,24.0,-73.0,-95.0
-4.0,-432.0,-119.0,135.0,-71.0,-95.0
-3.0,-416.0,-126.0,203.0,-57.0,-97.0
0.0,-408.0,-125.0,254.0,-40.0,-108.0
4.0,-398.0,-120.0,292.0,-21.0,-117.0
3.0,-391.0,-122.0,320.0,-1.0,-130.0
3.0,-380.0,-124.0,342.0,23.0,-137.0
6.0,-372.0,-119.0,365.0,47.0,-147.0
5.0,-360.0,-118.0,398.0,70.0,-153.0
0.0,-344.0,-117.0,437.0,89.0,-159.0
3.0,-329.0,-121.0,479.0,112.0,-156.0
1.0,-320.0,-110.0,513.0,135.0,-157.0
3.0,-304.0,-113.0,531.0,159.0,-160.0
-4.0,-283.0,-110.0,534.0,179.0,-175.0
-2.0,-270.0,-100.0,519.0,184.0,-181.0
-3.0,-251.0,-87.0,492.0,182.0,-188.0
-9.0,-237.0,-80.0,477.0,181.0,-184.0
-6.0,-223.0,-74.0,446.0,173.0,-187.0
-4.0,-204.0,-65.0,419.0,165.0,-183.0
-14.0,-187.0,-62.0,392.0,160.0,-178.0
-12.0,-179.0,-61.0,375.0,163.0,-163.0
-13.0,-162.0,-51.0,350.0,160.0,-157.0
-13.0,-152.0,-46.0,323.0,161.0,-147.0
-10.0,-134.0,-40.0,293.0,161.0,-148.0
-10.0,-125.0,-40.0,278.0,165.0,-147.0
-9.0,-113.0,-40.0,264.0,171.0,-147.0
-8.0,-102.0,-34.0,260.0,178.0,-145.0
-5.0,-97.0,-36.0,271.0,195.0,-152.0
0.0,-94.0,-36.0,293.0,214.0,-153.0
6.0,-88.0,-32.0,306.0,240.0,-168.0
2.0,-71.0,-35.0,365.0,279.0,-179.0
9.0,-68.0,-38.0,427.0,314.0,-182.0
13.0,-63.0,-38.0,470.0,350.0,-189.0
16.0,-51.0,-36.0,529.0,395.0,-207.0
18.0,-39.0,-44.0,601.0,441.0,-208.0
17.0,-32.0,-69.0,653.0,482.0,-207.0
23.0,-38.0,-53.0,668.0,517.0,-193.0
19.0,-33.0,-42.0,650.0,540.0,-201.0
8.0,-26.0,-42.0,646.0,554.0,-208.0
1.0,-27.0,-44.0,630.0,559.0,-181.0
-7.0,-37.0,-50.0,571.0,554.0,-142.0
-8.0,-40.0,-50.0,496.0,542.0,-129.0
-10.0,-52.0,-51.0,417.0,536.0,-123.0
-16.0,-51.0,-52.0,350.0,545.0,-128.0
-20.0,-54.0,-51.0,322.0,567.0,-123.0
-29.0,-69.0,-59.0,317.0,586.0,-117.0
-31.0,-83.0,-63.0,336.0,591.0,-115.0
-31.0,-88.0,-65.0,376.0,584.0,-128.0
-31.0,-95.0,-68.0,438.0,563.0,-114.0
-32.0,-100.0,-73.0,506.0,529.0,-95.0
-28.0,-105.0,-86.0,591.0,471.0,-81.0
-29.0,-111.0,-91.0,657.0,412.0,-73.0
-29.0,-122.0,-101.0,751.0,337.0,-56.0
-15.0,-125.0,-107.0,801.0,248.0,-61.0
-24.0,-113.0,-119.0,859.0,163.0,-94.0
-13.0,-92.0,-140.0,907.0,89.0,-97.0
-16.0,-109.0,-157.0,895.0,18.0,-66.0
-16.0,-103.0,-150.0,792.0,-42.0,-53.0
-14.0,-97.0,-140.0,660.0,-86.0,-46.0
-13.0,-96.0,-148.0,562.0,-124.0,-31.0
-7.0,-99.0,-141.0,452.0,-136.0,-9.0
-2.0,-109.0,-138.0,358.0,-139.0,11.0
8.0,-122.0,-142.0,261.0,-129.0,32.0
19.0,-129.0,-138.0,157.0,-105.0,43.0
16.0,-136.0,-135.0,79.0,-62.0,40.0
15.0,-148.0,-132.0,26.0,-7.0,29.0
24.0,-165.0,-134.0,-3.0,44.0,37.0
17.0,-179.0,-130.0,-10.0,86.0,43.0
12.0,-195.0,-128.0,-4.0,117.0,58.0
10.0,-210.0,-126.0,3.0,145.0,73.0
9.0,-224.0,-128.0,10.0,165.0,86.0
8.0,-239.0,-132.0,14.0,187.0,96.0
10.0,-254.0,-134.0,-7.0,213.0,106.0
7.0,-262.0,-143.0,-52.0,242.0,108.0
11.0,-272.0,-137.0,-101.0,271.0,112.0
14.0,-286.0,-138.0,-144.0,303.0,112.0
14.0,-288.0,-135.0,-172.0,341.0,109.0
32.0,-295.0,-134.0,-162.0,380.0,100.0
23.0,-296.0,-121.0,-116.0,418.0,93.0
23.0,-293.0,-116.0,-43.0,466.0,76.0
28.0,-289.0,-110.0,63.0,508.0,64.0
28.0,-278.0,-110.0,144.0,546.0,47.0
23.0,-267.0,-103.0,200.0,575.0,35.0
21.0,-260.0,-102.0,232.0,582.0,16.0
16.0,-248.0,-106.0,229.0,573.0,6.0
10.0,-246.0,-105.0,194.0,562.0,-6.0
4.0,-242.0,-101.0,130.0,547.0,-13.0
-8.0,-233.0,-104.0,58.0,539.0,-20.0
1.0,-245.0,-78.0,-3.0,530.0,-21.0
-15.0,-243.0,-92.0,-64.0,515.0,-29.0
-19.0,-242.0,-83.0,-95.0,499.0,-30.0
-24.0,-244.0,-84.0,-102.0,482.0,-36.0
-30.0,-242.0,-75.0,-90.0,462.0,-31.0
-31.0,-241.0,-70.0,-69.0,437.0,-27.0
-35.0,-236.0,-72.0,-51.0,406.0,-23.0
-34.0,-233.0,-76.0,-38.0,369.0,-21.0
-40.0,-231.0,-72.0,-37.0,324.0,-12.0
-30.0,-232.0,-71.0,-40.0,275.0,-8.0
-37.0,-231.0,-60.0,-47.0,229.0,-2.0
-40.0,-227.0,-83.0,-52.0,183.0,-1.0
-28.0,-236.0,-64.0,-53.0,152.0,3.0
-24.0,-243.0,-64.0,-48.0,123.0,-2.0
-21.0,-247.0,-66.0,-45.0,95.0,-4.0
-16.0,-249.0,-59.0,-46.0,68.0,-16.0
-12.0,-252.0,-63.0,-40.0,46.0,-25.0
-2.0,-254.0,-64.0,-34.0,36.0,-38.0
8.0,-260.0,-68.0,-30.0,37.0,-49.0
8.0,-256.0,-67.0,-24.0,45.0,-63.0
9.0,-257.0,-65.0,-10.0,55.0,-73.0
3.0,-257.0,-69.0,11.0,62.0,-81.0
17.0,-258.0,-75.0,31.0,61.0,-82.0
17.0,-256.0,-68.0,52.0,56.0,-79.0
14.0,-253.0,-67.0,67.0,48.0,-71.0
16.0,-251.0,-69.0,83.0,39.0,-60.0
16.0,-249.0,-65.0,92.0,31.0,-45.0
13.0,-245.0,-68.0,97.0,23.0,-36.0
11.0,-247.0,-68.0,91.0,18.0,-23.0
10.0,-245.0,-66.0,80.0,17.0,-18.0
10.0,-246.0,-68.0,64.0,19.0,-9.0
11.0,-249.0,-69.0,46.0,19.0,-6.0
7.0,-253.0,-56.0,32.0,20.0,-1.0
4.0,-248.0,-67.0,22.0,17.0,-2.0
2.0,-250.0,-67.0,14.0,17.0,1.0
5.0,-250.0,-66.0,9.0,15.0,-5.0
1.0,-252.0,-72.0,8.0,15.0,-9.0
4.0,-252.0,-73.0,9.0,16.0,-20.0
4.0,-254.0,-71.0,6.0,14.0,-28.0
3.0,-255.0,-73.0,-1.0,14.0,-38.0
4.0,-254.0,-68.0,-9.0,14.0,-46.0
2.0,-254.0,-69.0,-14.0,9.0,-53.0
1.0,-253.0,-69.0,-12.0,-1.0,-56.0
5.0,-255.0,-67.0,-7.0,-9.0,-61.0
0.0,-253.0,-69.0,3.0,-19.0,-59.0
-3.0,-251.0,-68.0,17.0,-27.0,-61.0
-3.0,-246.0,-66.0,33.0,-36.0,-59.0
-1.0,-244.0,-63.0,47.0,-45.0,-59.0
2.0,-244.0,-64.0,57.0,-52.0,-54.0
4.0,-244.0,-66.0,63.0,-60.0,-51.0
0.0,-243.0,-67.0,66.0,-68.0,-46.0
1.0,-241.0,-64.0,59.0,-74.0,-47.0
7.0,-242.0,-60.0,53.0,-79.0,-42.0
6.0,-244.0,-64.0,49.0,-82.0,-44.0
6.0,-243.0,-60.0,41.0,-84.0,-39.0
8.0,-249.0,-59.0,36.0,-85.0,-40.0
7.0,-249.0,-60.0,32.0,-85.0,-38.0
9.0,-249.0,-62.0,33.0,-87.0,-38.0
10.0,-254.0,-63.0,37.0,-87.0,-34.0
8.0,-248.0,-63.0,35.0,-86.0,-33.0
11.0,-251.0,-61.0,31.0,-86.0,-30.0
9.0,-248.0,-60.0,31.0,-86.0,-28.0
9.0,-255.0,-60.0,32.0,-85.0,-24.0
12.0,-255.0,-55.0,40.0,-85.0,-23.0
10.0,-254.0,-63.0,51.0,-88.0,-19.0
6.0,-235.0,-71.0,65.0,-91.0,-18.0
11.0,-251.0,-63.0,82.0,-92.0,-11.0
14.0,-249.0,-63.0,91.0,-92.0,-9.0
14.0,-251.0,-67.0,98.0,-89.0,-7.0
12.0,-249.0,-64.0,99.0,-85.0,-6.0
16.0,-247.0,-62.0,97.0,-76.0,-3.0
12.0,-249.0,-64.0,93.0,-68.0,-3.0
16.0,-250.0,-64.0,90.0,-61.0,-1.0
16.0,-251.0,-60.0,91.0,-49.0,-2.0
11.0,-253.0,-61.0,100.0,-35.0,0.0
7.0,-253.0,-56.0,110.0,-23.0,-4.0
16.0,-251.0,-68.0,115.0,-11.0,-5.0
14.0,-253.0,-61.0,115.0,1.0,-9.0
9.0,-253.0,-61.0,107.0,8.0,-9.0
9.0,-251.0,-63.0,95.0,12.0,-11.0
8.0,-250.0,-63.0,84.0,14.0,-7.0
9.0,-252.0,-61.0,71.0,15.0,-6.0
6.0,-249.0,-61.0,65.0,17.0,-3.0
9.0,-251.0,-60.0,63.0,19.0,-6.0
8.0,-248.0,-60.0,67.0,20.0,-4.0
7.0,-250.0,-58.0,72.0,22.0,-7.0
12.0,-252.0,-55.0,80.0,25.0,-10.0
13.0,-251.0,-42.0,89.0,27.0,-15.0
10.0,-253.0,-55.0,93.0,32.0,-19.0
11.0,-253.0,-52.0,95.0,35.0,-23.0
12.0,-253.0,-54.0,95.0,42.0,-25.0
10.0,-252.0,-54.0,95.0,49.0,-29.0
11.0,-251.0,-54.0,94.0,57.0,-30.0
10.0,-255.0,-53.0,94.0,61.0,-31.0
9.0,-254.0,-60.0,98.0,65.0,-31.0
8.0,-254.0,-57.0,102.0,69.0,-31.0
7.0,-254.0,-56.0,106.0,73.0,-29.0
7.0,-248.0,-53.0,107.0,74.0,-32.0
19.0,-238.0,-82.0,110.0,77.0,-31.0
5.0,-251.0,-55.0,105.0,80.0,-34.0
4.0,-247.0,-55.0,104.0,84.0,-35.0
4.0,-249.0,-55.0,107.0,86.0,-30.0
2.0,-250.0,-55.0,106.0,82.0,-27.0
2.0,-249.0,-53.0,99.0,82.0,-26.0
7.0,-252.0,-53.0,94.0,80.0,-24.0
3.0,-253.0,-56.0,89.0,79.0,-22.0
5.0,-248.0,-54.0,92.0,75.0,-16.0
3.0,-252.0,-50.0,95.0,68.0,-13.0
2.0,-253.0,-44.0,102.0,60.0,-6.0
2.0,-256.0,-32.0,107.0,49.0,-2.0
3.0,-247.0,-50.0,110.0,40.0,3.0
5.0,-245.0,-51.0,109.0,30.0,7.0
9.0,-248.0,-48.0,102.0,25.0,12.0
7.0,-250.0,-49.0,94.0,18.0,14.0
5.0,-250.0,-52.0,85.0,10.0,19.0
10.0,-246.0,-46.0,77.0,0.0,19.0
10.0,-246.0,-50.0,69.0,-9.0,21.0
9.0,-248.0,-48.0,59.0,-16.0,19.0
7.0,-247.0,-49.0,52.0,-26.0,19.0
1.0,-253.0,-48.0,46.0,-38.0,18.0
4.0,-247.0,-54.0,39.0,-51.0,18.0
4.0,-247.0,-49.0,32.0,-58.0,16.0
2.0,-248.0,-50.0,28.0,-65.0,14.0
2.0,-248.0,-45.0,25.0,-72.0,11.0
2.0,-249.0,-51.0,25.0,-79.0,9.0
3.0,-250.0,-48.0,25.0,-87.0,6.0
2.0,-251.0,-48.0,26.0,-96.0,2.0
4.0,-262.0,-58.0,25.0,-102.0,-5.0
9.0,-256.0,-38.0,1.0,-108.0,-13.0
3.0,-251.0,-45.0,11.0,-110.0,-25.0
4.0,-252.0,-36.0,45.0,-114.0,-25.0
4.0,-251.0,-47.0,53.0,-120.0,-24.0
1.0,-252.0,-47.0,48.0,-128.0,-24.0
1.0,-254.0,-41.0,39.0,-132.0,-29.0
3.0,-254.0,-46.0,33.0,-137.0,-32.0
4.0,-254.0,-46.0,29.0,-141.0,-36.0
5.0,-251.0,-44.0,32.0,-142.0,-39.0
5.0,-251.0,-45.0,38.0,-143.0,-41.0
6.0,-248.0,-50.0,43.0,-143.0,-41.0
6.0,-247.0,-49.0,47.0,-143.0,-44.0
10.0,-250.0,-48.0,51.0,-145.0,-45.0
15.0,-252.0,-44.0,51.0,-148.0,-44.0
11.0,-252.0,-46.0,53.0,-150.0,-42.0
16.0,-249.0,-47.0,54.0,-150.0,-39.0
13.0,-251.0,-46.0,55.0,-151.0,-35.0
13.0,-248.0,-43.0,55.0,-149.0,-31.0
16.0,-249.0,-42.0,56.0,-148.0,-26.0
18.0,-249.0,-40.0,56.0,-148.0,-22.0
22.0,-241.0,-41.0,57.0,-148.0,-16.0
20.0,-249.0,-46.0,57.0,-146.0,-13.0
17.0,-246.0,-36.0,54.0,-141.0,-8.0
21.0,-246.0,-41.0,49.0,-136.0,-3.0
18.0,-252.0,-36.0,43.0,-129.0,1.0
20.0,-248.0,-41.0,37.0,-120.0,4.0
19.0,-248.0,-43.0,30.0,-110.0,6.0
21.0,-249.0,-45.0,23.0,-102.0,9.0
21.0,-252.0,-41.0,17.0,-91.0,12.0
20.0,-252.0,-38.0,13.0,-80.0,13.0
18.0,-250.0,-43.0,10.0,-68.0,14.0
20.0,-252.0,-42.0,9.0,-54.0,12.0
16.0,-251.0,-39.0,8.0,-43.0,11.0
11.0,-250.0,-36.0,7.0,-34.0,9.0
15.0,-251.0,-35.0,8.0,-26.0,8.0
14.0,-246.0,-49.0,9.0,-18.0,6.0
17.0,-248.0,-38.0,8.0,-10.0,6.0
17.0,-249.0,-37.0,12.0,-2.0,5.0
18.0,-250.0,-36.0,12.0,7.0,5.0
15.0,-250.0,-39.0,12.0,16.0,5.0
18.0,-248.0,-39.0,13.0,26.0,6.0
19.0,-248.0,-39.0,14.0,36.0,7.0
18.0,-250.0,-38.0,14.0,44.0,7.0
13.0,-250.0,-35.0,14.0,50.0,7.0
18.0,-249.0,-36.0,11.0,58.0,8.0
18.0,-248.0,-42.0,10.0,66.0,7.0
17.0,-255.0,-26.0,12.0,75.0,8.0
16.0,-253.0,-36.0,17.0,85.0,5.0
13.0,-253.0,-38.0,20.0,91.0,4.0
