-6.0,-262.0,-15.0,-468.0,101.0,66.0
-9.0,-260.0,-18.0,-437.0,94.0,51.0
-12.0,-255.0,-21.0,-403.0,86.0,44.0
-16.0,-244.0,-26.0,-382.0,75.0,42.0
-10.0,-228.0,-31.0,-388.0,70.0,38.0
-10.0,-214.0,-29.0,-415.0,72.0,32.0
-9.0,-203.0,-33.0,-455.0,80.0,21.0
-8.0,-194.0,-34.0,-498.0,92.0,9.0
-3.0,-188.0,-36.0,-545.0,114.0,1.0
0.0,-184.0,-38.0,-597.0,141.0,-6.0
3.0,-185.0,-40.0,-651.0,173.0,-14.0
5.0,-191.0,-39.0,-705.0,212.0,-25.0
7.0,-199.0,-31.0,-751.0,256.0,-24.0
7.0,-214.0,-23.0,-781.0,295.0,-9.0
5.0,-227.0,-16.0,-788.0,325.0,13.0
4.0,-236.0,-16.0,-773.0,343.0,38.0
2.0,-247.0,-9.0,-744.0,344.0,60.0
4.0,-253.0,-8.0,-708.0,341.0,72.0
3.0,-256.0,-9.0,-663.0,341.0,76.0
1.0,-251.0,-9.0,-614.0,340.0,78.0
-11.0,-245.0,-10.0,-567.0,331.0,87.0
-16.0,-228.0,-15.0,-532.0,308.0,105.0
-25.0,-214.0,-24.0,-523.0,262.0,128.0
-25.0,-204.0,-29.0,-537.0,200.0,145.0
-27.0,-189.0,-28.0,-569.0,145.0,156.0
-29.0,-188.0,-36.0,-610.0,121.0,153.0
-29.0,-190.0,-37.0,-667.0,120.0,142.0
-31.0,-192.0,-37.0,-741.0,136.0,128.0
-29.0,-207.0,-36.0,-822.0,159.0,112.0
-22.0,-221.0,-28.0,-902.0,181.0,93.0
-32.0,-235.0,-20.0,-969.0,204.0,70.0
-36.0,-254.0,-12.0,-1009.0,220.0,50.0
-35.0,-270.0,-4.0,-1016.0,223.0,29.0
-32.0,-282.0,5.0,-995.0,221.0,14.0
-29.0,-285.0,1.0,-948.0,217.0,4.0
-25.0,-284.0,5.0,-884.0,221.0,-1.0
-20.0,-278.0,2.0,-817.0,231.0,1.0
-10.0,-272.0,-6.0,-756.0,233.0,6.0
0.0,-266.0,-12.0,-705.0,223.0,11.0
-1.0,-261.0,-17.0,-668.0,206.0,13.0
0.0,-256.0,-18.0,-643.0,184.0,8.0
7.0,-256.0,-22.0,-622.0,161.0,3.0
12.0,-253.0,-32.0,-608.0,146.0,-1.0
16.0,-255.0,-38.0,-599.0,137.0,-6.0
15.0,-254.0,-42.0,-599.0,139.0,-13.0
6.0,-250.0,-51.0,-608.0,147.0,-24.0
0.0,-251.0,-47.0,-622.0,156.0,-33.0
-12.0,-250.0,-44.0,-628.0,161.0,-36.0
-13.0,-255.0,-47.0,-627.0,162.0,-39.0
-16.0,-256.0,-46.0,-618.0,165.0,-38.0
-9.0,-260.0,-41.0,-606.0,176.0,-35.0
-11.0,-261.0,-34.0,-595.0,186.0,-34.0
-6.0,-265.0,-34.0,-574.0,196.0,-37.0
-2.0,-264.0,-31.0,-549.0,206.0,-47.0
-6.0,-260.0,-31.0,-522.0,220.0,-58.0
-9.0,-260.0,-31.0,-493.0,230.0,-64.0
-12.0,-252.0,-29.0,-460.0,232.0,-65.0
-14.0,-248.0,-25.0,-429.0,223.0,-63.0
-13.0,-245.0,-29.0,-396.0,199.0,-59.0
-14.0,-243.0,-33.0,-366.0,168.0,-57.0
-13.0,-242.0,-33.0,-339.0,137.0,-53.0
-16.0,-241.0,-37.0,-319.0,112.0,-54.0
-21.0,-244.0,-39.0,-315.0,96.0,-57.0
-27.0,-246.0,-40.0,-322.0,86.0,-57.0
-36.0,-248.0,-37.0,-331.0,82.0,-45.0
-39.0,-248.0,-43.0,-331.0,82.0,-30.0
-42.0,-250.0,-47.0,-329.0,83.0,-12.0
-43.0,-247.0,-45.0,-324.0,81.0,9.0
-37.0,-247.0,-47.0,-316.0,75.0,28.0
-39.0,-247.0,-46.0,-297.0,69.0,45.0
-28.0,-248.0,-40.0,-279.0,65.0,61.0
-26.0,-245.0,-40.0,-248.0,61.0,72.0
-13.0,-246.0,-40.0,-216.0,60.0,85.0
-10.0,-241.0,-47.0,-190.0,63.0,94.0
-3.0,-241.0,-41.0,-165.0,67.0,107.0
0.0,-230.0,-42.0,-146.0,68.0,114.0
4.0,-229.0,-46.0,-137.0,63.0,111.0
3.0,-229.0,-45.0,-142.0,54.0,103.0
4.0,-223.0,-50.0,-153.0,45.0,88.0
6.0,-224.0,-53.0,-168.0,47.0,65.0
0.0,-229.0,-53.0,-185.0,56.0,50.0
-5.0,-231.0,-46.0,-202.0,66.0,40.0
-16.0,-234.0,-50.0,-215.0,69.0,35.0
-19.0,-237.0,-45.0,-230.0,66.0,39.0
-21.0,-240.0,-48.0,-241.0,52.0,40.0
-25.0,-245.0,-43.0,-251.0,37.0,44.0
-24.0,-245.0,-48.0,-256.0,21.0,44.0
-22.0,-256.0,-49.0,-259.0,15.0,50.0
-12.0,-257.0,-56.0,-268.0,11.0,54.0
-14.0,-266.0,-45.0,-274.0,18.0,38.0
-14.0,-263.0,-52.0,-251.0,29.0,13.0
-12.0,-263.0,-52.0,-217.0,47.0,-6.0
-15.0,-263.0,-51.0,-181.0,61.0,-19.0
-19.0,-252.0,-56.0,-123.0,70.0,-32.0
-23.0,-243.0,-64.0,-76.0,80.0,-27.0
-10.0,-246.0,-81.0,-50.0,95.0,16.0
-21.0,-252.0,-53.0,-56.0,112.0,19.0
-31.0,-244.0,-69.0,-25.0,117.0,-8.0
-26.0,-242.0,-67.0,-38.0,106.0,0.0
-18.0,-241.0,-71.0,-67.0,84.0,16.0
-11.0,-234.0,-78.0,-109.0,88.0,13.0
-5.0,-245.0,-74.0,-165.0,118.0,26.0
1.0,-245.0,-74.0,-199.0,144.0,42.0
-8.0,-250.0,-60.0,-225.0,152.0,41.0
-7.0,-251.0,-51.0,-200.0,128.0,29.0
-10.0,-246.0,-53.0,-144.0,97.0,-2.0
-11.0,-251.0,-60.0,-92.0,77.0,-22.0
-2.0,-249.0,-64.0,-44.0,73.0,-22.0
-4.0,-243.0,-65.0,-22.0,80.0,-32.0
2.0,-250.0,-69.0,-31.0,98.0,-43.0
-10.0,-253.0,-66.0,-43.0,119.0,-78.0
-13.0,-248.0,-72.0,-58.0,143.0,-76.0
-11.0,-244.0,-66.0,-75.0,163.0,-62.0
-21.0,-251.0,-61.0,-90.0,182.0,-48.0
4.0,-250.0,-70.0,-79.0,201.0,-22.0
4.0,-252.0,-74.0,-102.0,218.0,-12.0
4.0,-259.0,-64.0,-140.0,234.0,-6.0
0.0,-261.0,-66.0,-154.0,250.0,4.0
-8.0,-265.0,-66.0,-181.0,260.0,16.0
-12.0,-269.0,-76.0,-205.0,260.0,42.0
-19.0,-271.0,-64.0,-229.0,251.0,75.0
-20.0,-276.0,-66.0,-244.0,221.0,103.0
-14.0,-279.0,-62.0,-243.0,181.0,126.0
-17.0,-273.0,-63.0,-216.0,140.0,141.0
-20.0,-267.0,-64.0,-169.0,93.0,142.0
-20.0,-261.0,-70.0,-108.0,61.0,132.0
-18.0,-253.0,-73.0,-69.0,48.0,120.0
-15.0,-245.0,-79.0,-48.0,42.0,86.0
-38.0,-244.0,-69.0,-48.0,97.0,83.0
-38.0,-248.0,-72.0,-63.0,98.0,92.0
-37.0,-247.0,-65.0,-57.0,84.0,92.0
-37.0,-245.0,-66.0,-40.0,90.0,92.0
-36.0,-245.0,-66.0,-22.0,98.0,91.0
-34.0,-230.0,-71.0,-14.0,95.0,96.0
-37.0,-235.0,-64.0,-19.0,79.0,95.0
-35.0,-235.0,-72.0,-35.0,52.0,95.0
-36.0,-235.0,-65.0,-54.0,17.0,95.0
-29.0,-245.0,-62.0,-60.0,-25.0,94.0
-28.0,-249.0,-57.0,-49.0,-61.0,81.0
-28.0,-252.0,-47.0,-19.0,-83.0,70.0
-28.0,-250.0,-49.0,15.0,-113.0,58.0
-25.0,-246.0,-51.0,45.0,-143.0,48.0
-21.0,-241.0,-59.0,69.0,-162.0,33.0
-12.0,-239.0,-63.0,83.0,-167.0,14.0
-4.0,-238.0,-67.0,93.0,-160.0,-9.0
-2.0,-234.0,-69.0,95.0,-144.0,-35.0
0.0,-236.0,-68.0,93.0,-120.0,-62.0
0.0,-237.0,-62.0,79.0,-93.0,-85.0
2.0,-243.0,-67.0,80.0,-70.0,-106.0
5.0,-239.0,-65.0,79.0,-43.0,-121.0
7.0,-239.0,-57.0,79.0,-12.0,-135.0
2.0,-237.0,-56.0,87.0,13.0,-145.0
2.0,-242.0,-54.0,86.0,26.0,-151.0
1.0,-244.0,-56.0,90.0,30.0,-165.0
-3.0,-236.0,-62.0,112.0,38.0,-175.0
-5.0,-239.0,-60.0,144.0,43.0,-175.0
-15.0,-236.0,-61.0,183.0,52.0,-168.0
-16.0,-238.0,-62.0,220.0,59.0,-158.0
-26.0,-233.0,-66.0,242.0,66.0,-147.0
-29.0,-233.0,-58.0,254.0,69.0,-137.0
-26.0,-230.0,-61.0,255.0,66.0,-125.0
-28.0,-230.0,-56.0,249.0,71.0,-116.0
-24.0,-225.0,-58.0,242.0,75.0,-105.0
-8.0,-225.0,-54.0,229.0,82.0,-91.0
-3.0,-222.0,-60.0,219.0,96.0,-83.0
0.0,-219.0,-58.0,218.0,113.0,-80.0
0.0,-226.0,-61.0,221.0,137.0,-79.0
-4.0,-220.0,-64.0,223.0,156.0,-84.0
0.0,-219.0,-72.0,221.0,160.0,-85.0
-5.0,-216.0,-78.0,211.0,181.0,-96.0
-12.0,-214.0,-74.0,195.0,201.0,-111.0
-10.0,-215.0,-71.0,184.0,215.0,-128.0
-11.0,-207.0,-72.0,173.0,233.0,-141.0
-13.0,-203.0,-70.0,157.0,252.0,-154.0
-18.0,-201.0,-69.0,137.0,276.0,-166.0
-16.0,-205.0,-65.0,106.0,290.0,-167.0
-14.0,-212.0,-69.0,76.0,300.0,-163.0
-20.0,-209.0,-71.0,54.0,305.0,-160.0
-18.0,-218.0,-66.0,34.0,308.0,-161.0
-21.0,-224.0,-65.0,26.0,297.0,-171.0
-20.0,-224.0,-64.0,17.0,283.0,-180.0
-24.0,-226.0,-67.0,10.0,264.0,-182.0
-22.0,-229.0,-66.0,12.0,248.0,-190.0
-23.0,-235.0,-63.0,28.0,225.0,-191.0
-26.0,-240.0,-62.0,58.0,208.0,-185.0
-23.0,-244.0,-55.0,95.0,188.0,-170.0
-22.0,-241.0,-55.0,130.0,168.0,-154.0
-18.0,-248.0,-55.0,160.0,143.0,-135.0
-18.0,-251.0,-53.0,193.0,120.0,-110.0
-18.0,-253.0,-52.0,230.0,94.0,-85.0
-15.0,-253.0,-46.0,276.0,66.0,-59.0
-12.0,-256.0,-47.0,329.0,40.0,-38.0
-11.0,-257.0,-44.0,384.0,21.0,-24.0
-12.0,-256.0,-41.0,441.0,3.0,-12.0
-16.0,-258.0,-41.0,496.0,-9.0,-4.0
-14.0,-255.0,-37.0,544.0,-14.0,-5.0
-10.0,-257.0,-36.0,585.0,-15.0,-6.0
-13.0,-254.0,-38.0,624.0,-10.0,-10.0
-6.0,-252.0,-35.0,662.0,3.0,-17.0
-1.0,-251.0,-36.0,695.0,12.0,-26.0
0.0,-251.0,-34.0,719.0,22.0,-35.0
0.0,-249.0,-35.0,740.0,31.0,-41.0
-8.0,-247.0,-36.0,756.0,36.0,-40.0
-9.0,-252.0,-38.0,767.0,39.0,-37.0
-11.0,-249.0,-35.0,783.0,35.0,-36.0
-15.0,-250.0,-36.0,802.0,24.0,-32.0
-16.0,-251.0,-35.0,821.0,12.0,-29.0
-17.0,-251.0,-40.0,841.0,0.0,-22.0
-18.0,-254.0,-47.0,852.0,-6.0,-17.0
-13.0,-250.0,-46.0,857.0,-12.0,-10.0
-14.0,-249.0,-46.0,860.0,-14.0,-5.0
-17.0,-245.0,-44.0,860.0,-15.0,5.0
-16.0,-244.0,-51.0,853.0,-20.0,17.0
-17.0,-246.0,-51.0,841.0,-26.0,26.0
-12.0,-251.0,-47.0,828.0,-29.0,32.0
-7.0,-253.0,-43.0,814.0,-32.0,38.0
-8.0,-256.0,-40.0,807.0,-34.0,36.0
-13.0,-256.0,-39.0,811.0,-37.0,32.0
-4.0,-264.0,-34.0,828.0,-32.0,28.0
-1.0,-266.0,-39.0,848.0,-23.0,21.0
-4.0,-257.0,-30.0,867.0,-12.0,7.0
-3.0,-262.0,-46.0,885.0,5.0,3.0
0.0,-259.0,-36.0,897.0,20.0,-1.0
-5.0,-260.0,-44.0,903.0,31.0,-4.0
-12.0,-264.0,-42.0,896.0,35.0,-2.0
-12.0,-265.0,-41.0,886.0,37.0,0.0
-12.0,-267.0,-37.0,876.0,35.0,3.0
-7.0,-268.0,-36.0,874.0,29.0,9.0
-3.0,-269.0,-38.0,873.0,25.0,15.0
0.0,-270.0,-40.0,872.0,23.0,21.0
3.0,-272.0,-38.0,858.0,27.0,23.0
0.0,-272.0,-39.0,838.0,32.0,24.0
-2.0,-276.0,-38.0,813.0,32.0,25.0
0.0,-280.0,-35.0,791.0,32.0,26.0
0.0,-286.0,-36.0,770.0,37.0,22.0
-1.0,-289.0,-33.0,744.0,45.0,19.0
0.0,-287.0,-32.0,716.0,56.0,15.0
5.0,-294.0,-33.0,691.0,64.0,8.0
0.0,-300.0,-30.0,668.0,70.0,3.0
0.0,-309.0,-25.0,655.0,80.0,-14.0
0.0,-311.0,-18.0,652.0,84.0,-28.0
1.0,-310.0,-16.0,665.0,89.0,-41.0
-1.0,-312.0,-18.0,690.0,95.0,-55.0
0.0,-314.0,-13.0,720.0,102.0,-69.0
1.0,-315.0,-13.0,755.0,109.0,-80.0
0.0,-313.0,-11.0,790.0,110.0,-88.0
-1.0,-312.0,-11.0,818.0,107.0,-92.0
-6.0,-310.0,-12.0,836.0,97.0,-93.0
-9.0,-311.0,-4.0,842.0,82.0,-89.0
-9.0,-311.0,-11.0,844.0,62.0,-88.0
-10.0,-315.0,-5.0,847.0,42.0,-85.0
-9.0,-315.0,-7.0,850.0,28.0,-82.0
-4.0,-317.0,-1.0,855.0,19.0,-78.0
0.0,-316.0,-3.0,862.0,14.0,-75.0
1.0,-313.0,-6.0,871.0,12.0,-74.0
0.0,-312.0,-6.0,879.0,10.0,-67.0
0.0,-312.0,-6.0,886.0,7.0,-60.0
0.0,-311.0,-1.0,891.0,2.0,-50.0
-4.0,-311.0,1.0,894.0,-5.0,-34.0
-2.0,-314.0,-1.0,899.0,-16.0,-18.0
-5.0,-312.0,0.0,907.0,-25.0,-4.0
-6.0,-310.0,1.0,916.0,-33.0,10.0
-4.0,-309.0,8.0,922.0,-39.0,22.0
-2.0,-313.0,9.0,925.0,-41.0,27.0
0.0,-298.0,9.0,924.0,-41.0,29.0
0.0,-296.0,5.0,921.0,-36.0,34.0
0.0,-292.0,7.0,915.0,-29.0,36.0
0.0,-289.0,7.0,906.0,-20.0,39.0
1.0,-287.0,12.0,894.0,-13.0,38.0
0.0,-284.0,16.0,881.0,-7.0,38.0
-3.0,-281.0,14.0,872.0,-1.0,39.0
0.0,-283.0,26.0,866.0,1.0,41.0
-3.0,-280.0,23.0,864.0,3.0,44.0
-8.0,-270.0,29.0,868.0,0.0,49.0
-7.0,-266.0,29.0,879.0,1.0,51.0
-5.0,-265.0,32.0,890.0,0.0,50.0
-3.0,-259.0,30.0,899.0,2.0,48.0
-1.0,-255.0,34.0,904.0,1.0,47.0
-1.0,-249.0,31.0,900.0,3.0,49.0
0.0,-252.0,37.0,895.0,5.0,51.0
-1.0,-249.0,37.0,887.0,5.0,54.0
-6.0,-245.0,39.0,887.0,7.0,57.0
-4.0,-245.0,42.0,899.0,6.0,60.0
6.0,-245.0,45.0,920.0,14.0,62.0
12.0,-243.0,50.0,952.0,25.0,61.0
14.0,-257.0,54.0,981.0,45.0,66.0
20.0,-266.0,58.0,988.0,74.0,64.0
-1.0,-280.0,68.0,972.0,115.0,82.0
-47.0,-301.0,81.0,933.0,149.0,108.0
-97.0,-331.0,107.0,864.0,169.0,141.0
-132.0,-363.0,133.0,790.0,151.0,163.0
-164.0,-390.0,166.0,719.0,102.0,183.0
-174.0,-425.0,197.0,660.0,42.0,197.0
-167.0,-456.0,224.0,618.0,-18.0,200.0
-148.0,-490.0,240.0,618.0,-73.0,181.0
-116.0,-510.0,223.0,706.0,-111.0,151.0
-88.0,-506.0,175.0,911.0,-129.0,118.0
-58.0,-473.0,107.0,1235.0,-131.0,100.0
-31.0,-408.0,34.0,1613.0,-119.0,96.0
-6.0,-321.0,-20.0,1932.0,-95.0,95.0
9.0,-234.0,-57.0,2086.0,-68.0,95.0
23.0,-156.0,-65.0,2036.0,-42.0,101.0
30.0,-87.0,-59.0,1796.0,-17.0,108.0
28.0,-58.0,-37.0,1435.0,16.0,113.0
25.0,-63.0,-7.0,1020.0,58.0,110.0
20.0,-86.0,17.0,623.0,105.0,100.0
16.0,-122.0,42.0,295.0,151.0,85.0
13.0,-156.0,68.0,76.0,190.0,65.0
9.0,-187.0,85.0,-35.0,227.0,45.0
5.0,-203.0,101.0,-86.0,250.0,19.0
0.0,-219.0,108.0,-110.0,259.0,-3.0
-8.0,-227.0,117.0,-118.0,250.0,-20.0
-16.0,-234.0,120.0,-110.0,223.0,-32.0
-23.0,-237.0,128.0,-84.0,176.0,-42.0
-32.0,-236.0,131.0,-36.0,118.0,-43.0
-38.0,-242.0,135.0,34.0,56.0,-43.0
-42.0,-244.0,136.0,125.0,-6.0,-42.0
-41.0,-246.0,136.0,227.0,-66.0,-41.0
-41.0,-247.0,141.0,339.0,-115.0,-41.0
-39.0,-249.0,140.0,451.0,-156.0,-38.0
-39.0,-246.0,140.0,556.0,-187.0,-31.0
-31.0,-243.0,136.0,648.0,-211.0,-22.0
-26.0,-239.0,129.0,722.0,-230.0,-12.0
-24.0,-236.0,122.0,772.0,-246.0,-1.0
-17.0,-233.0,117.0,797.0,-258.0,8.0
-12.0,-227.0,110.0,796.0,-265.0,11.0
-12.0,-222.0,107.0,772.0,-267.0,12.0
-11.0,-214.0,103.0,731.0,-266.0,13.0
-9.0,-212.0,98.0,682.0,-266.0,15.0
-8.0,-213.0,92.0,624.0,-254.0,20.0
-9.0,-213.0,86.0,560.0,-235.0,22.0
-7.0,-214.0,91.0,497.0,-207.0,23.0
-8.0,-216.0,89.0,439.0,-180.0,24.0
-2.0,-220.0,88.0,383.0,-157.0,17.0
-8.0,-223.0,91.0,337.0,-137.0,6.0
-10.0,-228.0,96.0,302.0,-124.0,-6.0
-11.0,-228.0,101.0,281.0,-120.0,-16.0
-10.0,-236.0,101.0,271.0,-118.0,-26.0
-16.0,-236.0,103.0,265.0,-114.0,-32.0
-17.0,-241.0,102.0,266.0,-109.0,-36.0
-18.0,-240.0,102.0,277.0,-101.0,-41.0
-23.0,-234.0,104.0,293.0,-91.0,-43.0
-21.0,-232.0,98.0,314.0,-78.0,-42.0
-23.0,-225.0,94.0,337.0,-59.0,-32.0
-19.0,-213.0,91.0,362.0,-40.0,-20.0
-13.0,-207.0,88.0,386.0,-24.0,-11.0
-15.0,-207.0,85.0,411.0,-9.0,-2.0
-12.0,-215.0,95.0,418.0,1.0,-1.0
-9.0,-231.0,116.0,399.0,-5.0,-4.0
0.0,-243.0,144.0,382.0,-30.0,-13.0
8.0,-248.0,152.0,390.0,-58.0,-28.0
12.0,-250.0,150.0,415.0,-70.0,-41.0
20.0,-245.0,134.0,432.0,-64.0,-55.0
21.0,-238.0,124.0,426.0,-52.0,-64.0
25.0,-234.0,115.0,403.0,-41.0,-72.0
21.0,-228.0,112.0,371.0,-33.0,-76.0
19.0,-226.0,106.0,340.0,-29.0,-82.0
17.0,-218.0,100.0,311.0,-29.0,-84.0
20.0,-221.0,101.0,289.0,-29.0,-83.0
18.0,-219.0,104.0,271.0,-32.0,-84.0
17.0,-220.0,103.0,253.0,-31.0,-85.0
16.0,-221.0,105.0,237.0,-31.0,-89.0
13.0,-219.0,111.0,223.0,-28.0,-93.0
15.0,-226.0,119.0,215.0,-26.0,-97.0
10.0,-223.0,119.0,213.0,-23.0,-99.0
7.0,-224.0,121.0,215.0,-18.0,-104.0
5.0,-224.0,123.0,217.0,-14.0,-108.0
3.0,-224.0,119.0,219.0,-8.0,-112.0
-1.0,-222.0,118.0,217.0,-5.0,-113.0
-2.0,-220.0,115.0,209.0,-1.0,-114.0
-6.0,-216.0,117.0,195.0,2.0,-108.0
-12.0,-218.0,109.0,175.0,0.0,-98.0
-6.0,-216.0,114.0,153.0,-4.0,-84.0
-4.0,-216.0,117.0,132.0,-10.0,-71.0
-4.0,-214.0,114.0,118.0,-20.0,-60.0
1.0,-215.0,121.0,107.0,-29.0,-49.0
-1.0,-215.0,122.0,103.0,-34.0,-41.0
2.0,-219.0,122.0,96.0,-36.0,-35.0
4.0,-222.0,124.0,90.0,-32.0,-27.0
3.0,-218.0,128.0,87.0,-23.0,-21.0
4.0,-224.0,129.0,86.0,-13.0,-18.0
3.0,-222.0,130.0,85.0,-5.0,-17.0
1.0,-219.0,127.0,91.0,3.0,-19.0
-1.0,-217.0,132.0,100.0,8.0,-22.0
0.0,-217.0,132.0,114.0,14.0,-21.0
0.0,-216.0,128.0,130.0,19.0,-22.0
-1.0,-215.0,123.0,145.0,22.0,-21.0
-1.0,-214.0,123.0,154.0,27.0,-21.0
-3.0,-214.0,121.0,153.0,31.0,-21.0
-3.0,-215.0,124.0,144.0,34.0,-22.0
-3.0,-212.0,121.0,134.0,37.0,-25.0
-2.0,-213.0,126.0,125.0,40.0,-28.0
0.0,-216.0,123.0,114.0,42.0,-30.0
0.0,-216.0,123.0,105.0,48.0,-33.0
0.0,-215.0,127.0,97.0,50.0,-34.0
1.0,-216.0,132.0,85.0,49.0,-34.0
-1.0,-216.0,135.0,73.0,48.0,-34.0
0.0,-215.0,131.0,61.0,48.0,-33.0
-2.0,-216.0,129.0,52.0,47.0,-34.0
0.0,-217.0,127.0,43.0,45.0,-34.0
-3.0,-219.0,128.0,39.0,44.0,-33.0
-3.0,-222.0,128.0,39.0,42.0,-31.0
-3.0,-223.0,129.0,42.0,42.0,-32.0
-1.0,-223.0,127.0,54.0,43.0,-35.0
-1.0,-220.0,126.0,66.0,44.0,-36.0
-2.0,-218.0,123.0,72.0,47.0,-38.0
-2.0,-215.0,125.0,70.0,47.0,-37.0
-1.0,-216.0,122.0,65.0,45.0,-39.0
0.0,-215.0,123.0,54.0,43.0,-38.0
-3.0,-212.0,116.0,40.0,40.0,-36.0
-3.0,-214.0,119.0,18.0,37.0,-34.0
-2.0,-215.0,118.0,-5.0,38.0,-30.0
-3.0,-215.0,120.0,-27.0,37.0,-26.0
-11.0,-216.0,118.0,-41.0,35.0,-23.0
-7.0,-222.0,123.0,-54.0,29.0,-22.0
-11.0,-221.0,120.0,-60.0,24.0,-20.0
-9.0,-225.0,119.0,-65.0,19.0,-17.0
-10.0,-225.0,125.0,-67.0,16.0,-14.0
-7.0,-225.0,124.0,-64.0,12.0,-9.0
-7.0,-228.0,128.0,-55.0,9.0,-1.0
-6.0,-229.0,127.0,-41.0,7.0,6.0
-1.0,-227.0,123.0,-25.0,7.0,12.0
-1.0,-225.0,122.0,-11.0,6.0,17.0
0.0,-223.0,122.0,1.0,5.0,18.0
0.0,-224.0,120.0,12.0,4.0,18.0
2.0,-221.0,121.0,23.0,4.0,16.0
5.0,-222.0,118.0,34.0,4.0,16.0
3.0,-216.0,121.0,46.0,5.0,14.0
4.0,-224.0,121.0,51.0,6.0,12.0
5.0,-221.0,121.0,50.0,6.0,10.0
1.0,-224.0,118.0,46.0,8.0,10.0
1.0,-224.0,119.0,43.0,10.0,11.0
3.0,-226.0,118.0,45.0,11.0,13.0
6.0,-227.0,118.0,51.0,11.0,17.0
4.0,-223.0,120.0,60.0,12.0,19.0
6.0,-227.0,124.0,72.0,10.0,19.0
2.0,-226.0,117.0,87.0,6.0,17.0
1.0,-224.0,124.0,99.0,1.0,18.0
4.0,-220.0,121.0,107.0,-3.0,16.0
1.0,-223.0,122.0,107.0,-5.0,16.0
1.0,-218.0,119.0,103.0,-6.0,17.0
2.0,-219.0,119.0,95.0,-5.0,17.0
3.0,-217.0,122.0,86.0,-5.0,18.0
2.0,-217.0,116.0,75.0,-1.0,17.0
3.0,-216.0,116.0,66.0,3.0,16.0
5.0,-220.0,114.0,57.0,9.0,13.0
2.0,-220.0,116.0,48.0,15.0,9.0
2.0,-220.0,122.0,41.0,23.0,7.0
1.0,-219.0,120.0,40.0,28.0,2.0
-1.0,-220.0,121.0,40.0,32.0,0.0
2.0,-220.0,123.0,45.0,35.0,-1.0
0.0,-218.0,125.0,50.0,38.0,-2.0
0.0,-217.0,125.0,53.0,40.0,-6.0
1.0,-222.0,123.0,52.0,41.0,-8.0
0.0,-220.0,126.0,50.0,40.0,-9.0
-3.0,-219.0,125.0,45.0,41.0,-7.0
0.0,-220.0,125.0,42.0,45.0,-8.0
0.0,-222.0,126.0,42.0,49.0,-9.0
-1.0,-223.0,127.0,43.0,54.0,-10.0
1.0,-222.0,126.0,47.0,57.0,-14.0
-1.0,-218.0,127.0,51.0,60.0,-16.0
0.0,-221.0,126.0,57.0,63.0,-19.0
0.0,-219.0,129.0,66.0,68.0,-22.0
1.0,-219.0,129.0,75.0,71.0,-25.0
0.0,-216.0,127.0,80.0,76.0,-26.0
0.0,-218.0,127.0,83.0,81.0,-25.0
1.0,-216.0,124.0,82.0,84.0,-27.0
5.0,-214.0,123.0,76.0,86.0,-27.0
2.0,-212.0,123.0,68.0,89.0,-29.0
3.0,-216.0,123.0,55.0,93.0,-31.0
2.0,-217.0,124.0,43.0,96.0,-31.0
3.0,-215.0,119.0,28.0,98.0,-32.0
1.0,-217.0,125.0,14.0,102.0,-31.0
2.0,-217.0,123.0,5.0,105.0,-29.0
3.0,-219.0,120.0,0.0,108.0,-25.0
0.0,-218.0,122.0,0.0,108.0,-23.0
3.0,-218.0,124.0,2.0,107.0,-23.0
1.0,-216.0,123.0,5.0,105.0,-22.0
3.0,-218.0,125.0,8.0,101.0,-22.0
2.0,-221.0,127.0,8.0,99.0,-21.0
2.0,-211.0,129.0,8.0,97.0,-20.0
2.0,-221.0,128.0,10.0,96.0,-18.0
2.0,-220.0,128.0,11.0,95.0,-17.0
2.0,-218.0,129.0,13.0,95.0,-15.0
1.0,-218.0,128.0,16.0,94.0,-15.0
1.0,-219.0,125.0,19.0,93.0,-14.0
0.0,-217.0,124.0,22.0,92.0,-13.0
-1.0,-214.0,127.0,25.0,91.0,-8.0
-2.0,-218.0,122.0,26.0,92.0,-6.0
0.0,-216.0,128.0,25.0,90.0,-3.0
-6.0,-209.0,122.0,24.0,89.0,-2.0
0.0,-218.0,126.0,26.0,90.0,0.0
-2.0,-215.0,126.0,28.0,88.0,1.0
0.0,-217.0,129.0,30.0,88.0,2.0
0.0,-215.0,123.0,30.0,85.0,1.0
3.0,-215.0,127.0,28.0,85.0,-2.0
0.0,-214.0,125.0,26.0,87.0,-4.0
0.0,-215.0,130.0,22.0,91.0,-8.0
1.0,-214.0,125.0,16.0,95.0,-10.0
0.0,-215.0,128.0,8.0,99.0,-12.0
1.0,-216.0,126.0,-2.0,98.0,-13.0
0.0,-215.0,127.0,-13.0,99.0,-12.0
1.0,-211.0,130.0,-19.0,103.0,-13.0
0.0,-216.0,130.0,-23.0,104.0,-12.0
0.0,-214.0,128.0,-23.0,103.0,-10.0
0.0,-216.0,130.0,-24.0,101.0,-7.0
0.0,-217.0,129.0,-26.0,103.0,-7.0
0.0,-215.0,134.0,-26.0,100.0,-7.0
0.0,-217.0,129.0,-23.0,100.0,-7.0
1.0,-216.0,131.0,-19.0,99.0,-7.0
4.0,-216.0,127.0,-16.0,100.0,-7.0
1.0,-214.0,126.0,-14.0,99.0,-5.0
1.0,-216.0,127.0,-13.0,99.0,-3.0
1.0,-213.0,127.0,-16.0,96.0,-2.0
1.0,-213.0,127.0,-19.0,91.0,3.0
1.0,-213.0,128.0,-23.0,88.0,6.0
2.0,-215.0,123.0,-26.0,85.0,9.0
2.0,-212.0,128.0,-28.0,82.0,13.0
1.0,-213.0,126.0,-30.0,82.0,17.0
1.0,-216.0,129.0,-33.0,82.0,20.0
1.0,-216.0,124.0,-35.0,83.0,24.0
1.0,-216.0,126.0,-35.0,80.0,26.0
2.0,-216.0,127.0,-36.0,79.0,28.0
1.0,-216.0,122.0,-38.0,77.0,29.0
1.0,-217.0,127.0,-42.0,76.0,28.0
1.0,-217.0,125.0,-46.0,74.0,28.0
0.0,-219.0,124.0,-46.0,75.0,25.0
0.0,-220.0,128.0,-40.0,75.0,24.0
-2.0,-220.0,127.0,-31.0,73.0,22.0
0.0,-218.0,122.0,-23.0,73.0,20.0
1.0,-219.0,125.0,-16.0,74.0,18.0
0.0,-214.0,124.0,-13.0,78.0,15.0
-1.0,-215.0,122.0,-16.0,83.0,12.0
-1.0,-217.0,125.0,-20.0,82.0,13.0
-1.0,-217.0,124.0,-22.0,81.0,12.0
-1.0,-220.0,130.0,-18.0,80.0,11.0
-3.0,-220.0,126.0,-14.0,77.0,12.0
-5.0,-218.0,127.0,-10.0,74.0,13.0
-4.0,-216.0,125.0,-7.0,71.0,13.0
-3.0,-221.0,128.0,-6.0,67.0,13.0
-3.0,-222.0,125.0,-5.0,64.0,14.0
-5.0,-216.0,128.0,-3.0,62.0,15.0
-3.0,-220.0,125.0,0.0,59.0,18.0
-2.0,-224.0,123.0,2.0,57.0,18.0
-3.0,-222.0,122.0,8.0,57.0,18.0
-4.0,-216.0,122.0,10.0,57.0,19.0
0.0,-224.0,123.0,14.0,57.0,20.0
-1.0,-220.0,121.0,18.0,55.0,20.0
0.0,-218.0,124.0,24.0,52.0,21.0
0.0,-220.0,125.0,27.0,51.0,19.0
1.0,-218.0,124.0,30.0,48.0,18.0
0.0,-220.0,123.0,32.0,47.0,18.0
2.0,-220.0,124.0,32.0,47.0,17.0
0.0,-219.0,123.0,30.0,47.0,17.0
0.0,-217.0,127.0,27.0,46.0,16.0
0.0,-217.0,122.0,24.0,47.0,16.0
0.0,-217.0,120.0,23.0,46.0,14.0
0.0,-218.0,123.0,21.0,46.0,14.0
0.0,-216.0,125.0,18.0,47.0,12.0
0.0,-219.0,128.0,15.0,46.0,12.0
-3.0,-215.0,125.0,12.0,47.0,9.0
0.0,-215.0,129.0,10.0,48.0,9.0
0.0,-215.0,125.0,9.0,49.0,7.0
0.0,-216.0,131.0,9.0,50.0,4.0
-2.0,-215.0,129.0,6.0,52.0,5.0
-1.0,-215.0,128.0,3.0,55.0,5.0
0.0,-212.0,131.0,2.0,58.0,6.0
-1.0,-219.0,132.0,2.0,60.0,6.0
-4.0,-218.0,130.0,6.0,60.0,6.0
0.0,-217.0,128.0,10.0,59.0,7.0
-2.0,-215.0,132.0,15.0,57.0,5.0
1.0,-213.0,130.0,19.0,57.0,6.0
2.0,-219.0,134.0,19.0,58.0,5.0
0.0,-213.0,133.0,19.0,59.0,4.0
2.0,-215.0,131.0,18.0,59.0,3.0
2.0,-220.0,132.0,19.0,61.0,1.0
1.0,-215.0,126.0,20.0,62.0,-2.0
2.0,-214.0,126.0,19.0,65.0,-4.0
0.0,-215.0,128.0,18.0,67.0,-5.0
1.0,-213.0,131.0,18.0,69.0,-5.0
0.0,-217.0,129.0,21.0,69.0,-5.0
0.0,-217.0,130.0,25.0,71.0,-6.0
0.0,-214.0,129.0,29.0,68.0,-7.0
1.0,-216.0,127.0,32.0,69.0,-7.0
1.0,-213.0,126.0,34.0,69.0,-7.0
1.0,-213.0,129.0,33.0,68.0,-9.0
1.0,-215.0,131.0,33.0,68.0,-8.0
0.0,-213.0,129.0,30.0,69.0,-7.0
0.0,-212.0,130.0,28.0,69.0,-8.0
2.0,-216.0,131.0,26.0,69.0,-8.0
-1.0,-219.0,130.0,25.0,69.0,-9.0
-1.0,-214.0,131.0,28.0,69.0,-8.0
2.0,-220.0,131.0,35.0,68.0,-8.0
0.0,-216.0,132.0,41.0,67.0,-9.0
-2.0,-219.0,130.0,46.0,66.0,-6.0
0.0,-217.0,130.0,50.0,66.0,-6.0
1.0,-216.0,129.0,52.0,66.0,-7.0
0.0,-218.0,129.0,52.0,65.0,-4.0
-1.0,-213.0,126.0,54.0,68.0,-5.0
-5.0,-215.0,130.0,52.0,69.0,-4.0
-1.0,-214.0,125.0,49.0,67.0,-5.0
