4.0,-217.0,-136.0,-629.0,-375.0,-35.0
4.0,-215.0,-134.0,-658.0,-368.0,-41.0
2.0,-216.0,-135.0,-677.0,-358.0,-38.0
5.0,-213.0,-134.0,-687.0,-351.0,-37.0
5.0,-215.0,-137.0,-686.0,-341.0,-28.0
5.0,-215.0,-133.0,-677.0,-324.0,-17.0
10.0,-210.0,-139.0,-661.0,-309.0,-6.0
6.0,-210.0,-139.0,-640.0,-291.0,1.0
6.0,-220.0,-139.0,-624.0,-278.0,12.0
-1.0,-205.0,-143.0,-620.0,-270.0,14.0
5.0,-207.0,-132.0,-615.0,-263.0,18.0
4.0,-208.0,-129.0,-605.0,-257.0,17.0
2.0,-208.0,-137.0,-591.0,-255.0,24.0
1.0,-207.0,-130.0,-598.0,-259.0,27.0
-5.0,-204.0,-135.0,-604.0,-262.0,31.0
-5.0,-200.0,-132.0,-604.0,-263.0,24.0
-9.0,-199.0,-136.0,-607.0,-260.0,24.0
-9.0,-196.0,-137.0,-608.0,-256.0,20.0
-12.0,-199.0,-142.0,-618.0,-251.0,23.0
-12.0,-198.0,-138.0,-628.0,-242.0,21.0
0.0,-201.0,-152.0,-638.0,-232.0,25.0
-11.0,-203.0,-152.0,-655.0,-222.0,19.0
-14.0,-204.0,-154.0,-673.0,-209.0,16.0
-10.0,-202.0,-158.0,-683.0,-194.0,15.0
-2.0,-207.0,-155.0,-687.0,-178.0,21.0
-2.0,-208.0,-153.0,-694.0,-163.0,28.0
-1.0,-207.0,-156.0,-685.0,-158.0,38.0
-4.0,-209.0,-156.0,-670.0,-158.0,41.0
-5.0,-210.0,-159.0,-661.0,-162.0,35.0
-8.0,-207.0,-154.0,-652.0,-172.0,25.0
-7.0,-203.0,-153.0,-636.0,-187.0,30.0
-4.0,-188.0,-175.0,-614.0,-199.0,34.0
-9.0,-199.0,-147.0,-589.0,-206.0,34.0
-12.0,-195.0,-143.0,-558.0,-204.0,19.0
-14.0,-193.0,-141.0,-527.0,-196.0,5.0
-15.0,-186.0,-146.0,-505.0,-185.0,-9.0
-19.0,-183.0,-148.0,-487.0,-172.0,-16.0
-17.0,-179.0,-150.0,-500.0,-157.0,-27.0
-22.0,-180.0,-148.0,-535.0,-143.0,-26.0
-17.0,-179.0,-158.0,-566.0,-135.0,-22.0
-22.0,-177.0,-160.0,-598.0,-127.0,-22.0
-19.0,-181.0,-148.0,-631.0,-126.0,-19.0
-30.0,-175.0,-179.0,-660.0,-126.0,-19.0
-14.0,-188.0,-159.0,-690.0,-121.0,-18.0
-16.0,-190.0,-168.0,-698.0,-110.0,-2.0
-12.0,-193.0,-164.0,-695.0,-96.0,3.0
-6.0,-196.0,-165.0,-678.0,-89.0,-6.0
-4.0,-202.0,-167.0,-665.0,-90.0,-12.0
-7.0,-202.0,-168.0,-671.0,-95.0,-3.0
-1.0,-204.0,-163.0,-672.0,-94.0,8.0
-5.0,-196.0,-158.0,-648.0,-96.0,4.0
-10.0,-194.0,-160.0,-593.0,-96.0,-13.0
-9.0,-195.0,-165.0,-538.0,-95.0,-14.0
-12.0,-195.0,-166.0,-510.0,-98.0,-1.0
-12.0,-192.0,-161.0,-504.0,-100.0,13.0
-21.0,-187.0,-162.0,-504.0,-100.0,7.0
-15.0,-186.0,-164.0,-501.0,-94.0,12.0
-15.0,-182.0,-165.0,-504.0,-87.0,14.0
-17.0,-177.0,-164.0,-512.0,-72.0,21.0
-21.0,-178.0,-165.0,-526.0,-67.0,28.0
-25.0,-168.0,-160.0,-548.0,-57.0,37.0
-16.0,-187.0,-169.0,-564.0,-46.0,53.0
-19.0,-184.0,-159.0,-610.0,-48.0,58.0
-19.0,-184.0,-164.0,-625.0,-47.0,53.0
-22.0,-183.0,-157.0,-640.0,-38.0,58.0
-26.0,-176.0,-169.0,-650.0,-30.0,63.0
-15.0,-191.0,-168.0,-653.0,-38.0,80.0
-18.0,-189.0,-164.0,-668.0,-50.0,57.0
-21.0,-181.0,-159.0,-662.0,-55.0,40.0
-24.0,-183.0,-157.0,-621.0,-53.0,33.0
-30.0,-174.0,-156.0,-573.0,-50.0,24.0
-22.0,-179.0,-158.0,-535.0,-51.0,18.0
-40.0,-156.0,-152.0,-497.0,-47.0,19.0
-23.0,-181.0,-165.0,-460.0,-44.0,44.0
-27.0,-174.0,-164.0,-478.0,-57.0,43.0
-24.0,-187.0,-152.0,-507.0,-60.0,23.0
-31.0,-168.0,-167.0,-522.0,-54.0,24.0
-29.0,-170.0,-173.0,-530.0,-46.0,32.0
-24.0,-172.0,-175.0,-540.0,-43.0,48.0
-33.0,-155.0,-168.0,-533.0,-44.0,62.0
-19.0,-176.0,-178.0,-494.0,-43.0,99.0
-13.0,-181.0,-179.0,-511.0,-53.0,98.0
-16.0,-177.0,-176.0,-537.0,-54.0,94.0
-15.0,-175.0,-175.0,-545.0,-46.0,101.0
-19.0,-164.0,-176.0,-530.0,-50.0,115.0
-15.0,-184.0,-174.0,-511.0,-69.0,135.0
-27.0,-175.0,-178.0,-505.0,-96.0,129.0
-28.0,-181.0,-159.0,-501.0,-119.0,113.0
-34.0,-178.0,-156.0,-480.0,-144.0,105.0
-49.0,-163.0,-149.0,-436.0,-166.0,100.0
-47.0,-172.0,-160.0,-384.0,-185.0,111.0
-53.0,-170.0,-149.0,-350.0,-208.0,111.0
-57.0,-163.0,-151.0,-323.0,-228.0,109.0
-55.0,-159.0,-156.0,-319.0,-246.0,107.0
-50.0,-147.0,-158.0,-336.0,-261.0,119.0
-51.0,-152.0,-167.0,-349.0,-277.0,125.0
-49.0,-151.0,-177.0,-372.0,-288.0,135.0
-48.0,-138.0,-184.0,-410.0,-299.0,152.0
-26.0,-174.0,-189.0,-438.0,-309.0,182.0
-17.0,-176.0,-192.0,-501.0,-317.0,178.0
-18.0,-174.0,-193.0,-566.0,-311.0,158.0
-16.0,-175.0,-195.0,-594.0,-290.0,136.0
-10.0,-183.0,-201.0,-579.0,-266.0,125.0
-6.0,-191.0,-196.0,-551.0,-251.0,108.0
-13.0,-192.0,-194.0,-510.0,-231.0,90.0
-13.0,-192.0,-194.0,-450.0,-211.0,56.0
-24.0,-194.0,-187.0,-370.0,-191.0,29.0
-34.0,-191.0,-184.0,-298.0,-181.0,3.0
-43.0,-203.0,-176.0,-232.0,-175.0,-17.0
-49.0,-194.0,-189.0,-184.0,-169.0,-37.0
-52.0,-187.0,-192.0,-157.0,-163.0,-50.0
-51.0,-185.0,-193.0,-147.0,-164.0,-57.0
-54.0,-179.0,-192.0,-150.0,-160.0,-59.0
-55.0,-178.0,-201.0,-153.0,-162.0,-54.0
-41.0,-178.0,-206.0,-164.0,-167.0,-38.0
-37.0,-181.0,-203.0,-199.0,-169.0,-43.0
-36.0,-175.0,-203.0,-253.0,-173.0,-44.0
-35.0,-177.0,-206.0,-283.0,-179.0,-39.0
-11.0,-179.0,-210.0,-295.0,-184.0,-24.0
-15.0,-189.0,-212.0,-297.0,-182.0,-30.0
-12.0,-188.0,-209.0,-281.0,-168.0,-42.0
-16.0,-188.0,-208.0,-249.0,-140.0,-60.0
-17.0,-184.0,-207.0,-206.0,-114.0,-71.0
-21.0,-191.0,-211.0,-158.0,-98.0,-81.0
-25.0,-192.0,-209.0,-132.0,-86.0,-87.0
-33.0,-190.0,-211.0,-109.0,-62.0,-111.0
-40.0,-188.0,-213.0,-92.0,-41.0,-121.0
-48.0,-185.0,-210.0,-75.0,-37.0,-118.0
-53.0,-188.0,-214.0,-49.0,-40.0,-98.0
-53.0,-179.0,-226.0,-21.0,-42.0,-87.0
-58.0,-185.0,-215.0,-3.0,-44.0,-84.0
-57.0,-184.0,-211.0,11.0,-47.0,-88.0
-48.0,-181.0,-211.0,23.0,-50.0,-91.0
-50.0,-177.0,-213.0,32.0,-50.0,-99.0
-46.0,-181.0,-213.0,31.0,-48.0,-103.0
-49.0,-175.0,-213.0,27.0,-42.0,-114.0
-42.0,-177.0,-216.0,18.0,-33.0,-118.0
-40.0,-176.0,-214.0,10.0,-19.0,-129.0
-36.0,-179.0,-216.0,-1.0,-2.0,-142.0
-33.0,-182.0,-215.0,-21.0,7.0,-148.0
-51.0,-172.0,-213.0,-38.0,13.0,-144.0
-32.0,-179.0,-215.0,-53.0,24.0,-138.0
-37.0,-175.0,-216.0,-52.0,30.0,-136.0
-38.0,-178.0,-207.0,-50.0,34.0,-135.0
-40.0,-175.0,-205.0,-54.0,31.0,-130.0
-41.0,-178.0,-206.0,-62.0,31.0,-121.0
-47.0,-178.0,-204.0,-76.0,33.0,-115.0
-46.0,-173.0,-207.0,-89.0,31.0,-114.0
-46.0,-177.0,-203.0,-109.0,30.0,-115.0
-50.0,-173.0,-205.0,-138.0,25.0,-123.0
-45.0,-173.0,-207.0,-157.0,27.0,-123.0
-33.0,-160.0,-221.0,-168.0,40.0,-127.0
-43.0,-175.0,-206.0,-183.0,49.0,-128.0
-40.0,-175.0,-210.0,-198.0,50.0,-136.0
-39.0,-180.0,-211.0,-203.0,54.0,-137.0
-37.0,-185.0,-207.0,-207.0,69.0,-133.0
-43.0,-183.0,-207.0,-204.0,78.0,-135.0
-34.0,-182.0,-213.0,-191.0,78.0,-140.0
-36.0,-184.0,-211.0,-178.0,94.0,-144.0
-43.0,-178.0,-207.0,-176.0,111.0,-152.0
-36.0,-178.0,-207.0,-181.0,111.0,-158.0
-32.0,-180.0,-210.0,-190.0,118.0,-146.0
-45.0,-180.0,-198.0,-194.0,123.0,-143.0
-37.0,-180.0,-212.0,-185.0,123.0,-145.0
-47.0,-182.0,-216.0,-163.0,119.0,-141.0
-32.0,-182.0,-211.0,-139.0,123.0,-145.0
-34.0,-194.0,-214.0,-98.0,136.0,-143.0
-33.0,-179.0,-213.0,-58.0,141.0,-170.0
-27.0,-182.0,-210.0,-1.0,155.0,-160.0
-33.0,-180.0,-213.0,58.0,172.0,-153.0
-31.0,-177.0,-211.0,111.0,182.0,-143.0
-35.0,-178.0,-204.0,154.0,189.0,-134.0
-34.0,-180.0,-207.0,191.0,191.0,-123.0
-26.0,-182.0,-217.0,219.0,196.0,-121.0
-31.0,-177.0,-218.0,242.0,193.0,-107.0
-31.0,-175.0,-221.0,260.0,192.0,-108.0
-28.0,-174.0,-219.0,271.0,192.0,-105.0
-42.0,-165.0,-214.0,269.0,193.0,-118.0
-23.0,-163.0,-222.0,263.0,191.0,-115.0
-27.0,-166.0,-220.0,277.0,198.0,-105.0
-27.0,-163.0,-221.0,294.0,199.0,-101.0
-31.0,-165.0,-215.0,308.0,201.0,-95.0
-27.0,-168.0,-215.0,326.0,204.0,-88.0
-22.0,-173.0,-210.0,342.0,213.0,-86.0
-29.0,-175.0,-217.0,361.0,224.0,-88.0
-29.0,-176.0,-209.0,376.0,236.0,-90.0
-26.0,-179.0,-207.0,379.0,255.0,-85.0
-30.0,-182.0,-207.0,363.0,263.0,-74.0
-38.0,-180.0,-205.0,340.0,271.0,-59.0
-45.0,-176.0,-210.0,327.0,270.0,-63.0
-51.0,-169.0,-206.0,312.0,249.0,-90.0
-42.0,-179.0,-207.0,330.0,238.0,-79.0
-53.0,-177.0,-217.0,361.0,235.0,-63.0
-46.0,-184.0,-209.0,382.0,229.0,-55.0
-48.0,-184.0,-212.0,401.0,225.0,-60.0
-61.0,-179.0,-201.0,424.0,215.0,-79.0
-44.0,-179.0,-218.0,436.0,207.0,-90.0
-42.0,-175.0,-213.0,437.0,195.0,-96.0
-39.0,-177.0,-217.0,430.0,183.0,-96.0
-31.0,-187.0,-216.0,421.0,179.0,-101.0
-25.0,-188.0,-213.0,420.0,184.0,-104.0
-22.0,-191.0,-210.0,432.0,196.0,-107.0
-18.0,-196.0,-204.0,463.0,203.0,-103.0
-15.0,-194.0,-208.0,514.0,212.0,-103.0
-15.0,-197.0,-206.0,574.0,228.0,-107.0
-15.0,-196.0,-206.0,631.0,250.0,-111.0
-34.0,-197.0,-199.0,676.0,274.0,-96.0
-31.0,-198.0,-199.0,716.0,278.0,-82.0
-35.0,-196.0,-200.0,737.0,272.0,-70.0
-43.0,-203.0,-200.0,743.0,258.0,-61.0
-39.0,-206.0,-201.0,745.0,236.0,-52.0
-42.0,-209.0,-208.0,746.0,209.0,-54.0
-40.0,-209.0,-209.0,749.0,183.0,-53.0
-35.0,-209.0,-203.0,759.0,162.0,-61.0
-29.0,-211.0,-204.0,775.0,141.0,-66.0
-29.0,-210.0,-203.0,797.0,127.0,-76.0
-13.0,-203.0,-216.0,827.0,117.0,-78.0
-19.0,-213.0,-200.0,863.0,119.0,-79.0
-18.0,-208.0,-205.0,889.0,130.0,-73.0
-16.0,-215.0,-200.0,909.0,147.0,-69.0
-18.0,-209.0,-205.0,919.0,167.0,-63.0
-20.0,-208.0,-206.0,924.0,187.0,-62.0
-21.0,-208.0,-200.0,923.0,205.0,-56.0
-18.0,-210.0,-202.0,921.0,219.0,-52.0
-24.0,-209.0,-203.0,918.0,228.0,-43.0
-27.0,-208.0,-202.0,912.0,233.0,-38.0
-31.0,-212.0,-203.0,898.0,230.0,-28.0
-29.0,-219.0,-191.0,874.0,219.0,-23.0
-36.0,-215.0,-206.0,854.0,204.0,-18.0
-33.0,-217.0,-207.0,835.0,187.0,-15.0
-34.0,-219.0,-206.0,815.0,169.0,-8.0
-29.0,-216.0,-208.0,793.0,151.0,-5.0
-28.0,-219.0,-210.0,773.0,141.0,3.0
-27.0,-220.0,-212.0,754.0,136.0,6.0
-20.0,-219.0,-208.0,740.0,138.0,11.0
-16.0,-224.0,-206.0,728.0,148.0,13.0
-18.0,-221.0,-207.0,710.0,167.0,19.0
-15.0,-216.0,-200.0,683.0,182.0,26.0
-14.0,-213.0,-204.0,653.0,200.0,34.0
-12.0,-218.0,-206.0,623.0,217.0,39.0
-12.0,-223.0,-201.0,597.0,233.0,48.0
-16.0,-219.0,-204.0,572.0,246.0,50.0
-15.0,-219.0,-203.0,552.0,253.0,57.0
-16.0,-219.0,-203.0,533.0,255.0,60.0
-15.0,-224.0,-201.0,516.0,257.0,65.0
-16.0,-225.0,-204.0,503.0,259.0,67.0
-18.0,-226.0,-203.0,496.0,259.0,70.0
-24.0,-220.0,-207.0,491.0,254.0,67.0
-21.0,-223.0,-201.0,490.0,249.0,62.0
-24.0,-231.0,-197.0,491.0,243.0,53.0
-20.0,-221.0,-202.0,493.0,238.0,43.0
-16.0,-220.0,-198.0,497.0,233.0,31.0
-16.0,-215.0,-197.0,501.0,230.0,24.0
-15.0,-213.0,-196.0,504.0,229.0,15.0
-12.0,-212.0,-192.0,506.0,230.0,12.0
-12.0,-210.0,-186.0,506.0,238.0,7.0
-14.0,-211.0,-185.0,502.0,248.0,6.0
-16.0,-210.0,-180.0,493.0,248.0,3.0
-18.0,-215.0,-177.0,486.0,243.0,5.0
-17.0,-222.0,-177.0,481.0,236.0,3.0
-10.0,-232.0,-165.0,482.0,232.0,2.0
-16.0,-233.0,-166.0,486.0,236.0,-2.0
-13.0,-241.0,-165.0,491.0,237.0,-9.0
-14.0,-244.0,-165.0,497.0,235.0,-20.0
-17.0,-250.0,-164.0,506.0,226.0,-29.0
-14.0,-256.0,-163.0,520.0,214.0,-41.0
-16.0,-259.0,-159.0,535.0,200.0,-52.0
-15.0,-264.0,-157.0,565.0,193.0,-61.0
-20.0,-272.0,-142.0,593.0,181.0,-69.0
-17.0,-271.0,-144.0,628.0,170.0,-77.0
-14.0,-274.0,-146.0,663.0,160.0,-86.0
-15.0,-294.0,-136.0,699.0,144.0,-96.0
-15.0,-275.0,-139.0,730.0,131.0,-103.0
-15.0,-274.0,-136.0,761.0,125.0,-112.0
-9.0,-264.0,-139.0,795.0,124.0,-121.0
-5.0,-263.0,-132.0,825.0,128.0,-131.0
1.0,-256.0,-129.0,857.0,138.0,-147.0
-1.0,-250.0,-127.0,904.0,149.0,-161.0
0.0,-240.0,-122.0,943.0,153.0,-172.0
-1.0,-230.0,-116.0,974.0,158.0,-180.0
-6.0,-227.0,-106.0,994.0,159.0,-182.0
-4.0,-222.0,-107.0,1013.0,154.0,-180.0
-6.0,-237.0,-83.0,1019.0,147.0,-176.0
-14.0,-216.0,-87.0,1028.0,136.0,-173.0
-12.0,-222.0,-87.0,1031.0,120.0,-165.0
-16.0,-221.0,-80.0,1021.0,90.0,-165.0
-16.0,-218.0,-79.0,995.0,51.0,-163.0
-16.0,-229.0,-77.0,961.0,19.0,-161.0
-19.0,-227.0,-79.0,940.0,-4.0,-159.0
-15.0,-238.0,-81.0,928.0,-20.0,-158.0
-13.0,-245.0,-76.0,923.0,-24.0,-159.0
-7.0,-249.0,-77.0,929.0,-17.0,-163.0
2.0,-257.0,-74.0,951.0,0.0,-172.0
-4.0,-276.0,-70.0,987.0,18.0,-177.0
1.0,-268.0,-76.0,1034.0,38.0,-178.0
1.0,-269.0,-78.0,1087.0,59.0,-176.0
3.0,-268.0,-79.0,1142.0,77.0,-176.0
0.0,-269.0,-80.0,1208.0,93.0,-175.0
-1.0,-262.0,-80.0,1255.0,105.0,-171.0
0.0,-257.0,-81.0,1284.0,114.0,-166.0
-7.0,-251.0,-78.0,1296.0,116.0,-158.0
-7.0,-247.0,-78.0,1288.0,110.0,-148.0
-11.0,-237.0,-78.0,1260.0,91.0,-138.0
-10.0,-227.0,-97.0,1219.0,70.0,-131.0
-8.0,-227.0,-79.0,1166.0,54.0,-121.0
-6.0,-225.0,-81.0,1107.0,40.0,-113.0
-7.0,-222.0,-88.0,1049.0,38.0,-104.0
0.0,-224.0,-89.0,979.0,44.0,-96.0
1.0,-225.0,-86.0,930.0,53.0,-91.0
-1.0,-226.0,-86.0,891.0,65.0,-91.0
4.0,-231.0,-85.0,856.0,78.0,-86.0
4.0,-232.0,-81.0,826.0,89.0,-84.0
4.0,-231.0,-84.0,803.0,101.0,-80.0
6.0,-229.0,-90.0,782.0,114.0,-81.0
6.0,-230.0,-82.0,765.0,128.0,-79.0
2.0,-239.0,-79.0,747.0,144.0,-74.0
3.0,-242.0,-79.0,724.0,149.0,-65.0
2.0,-246.0,-76.0,698.0,154.0,-67.0
5.0,-250.0,-70.0,679.0,159.0,-72.0
7.0,-248.0,-70.0,663.0,163.0,-79.0
9.0,-250.0,-69.0,649.0,164.0,-82.0
12.0,-252.0,-71.0,641.0,167.0,-80.0
13.0,-248.0,-69.0,636.0,166.0,-75.0
7.0,-249.0,-65.0,634.0,166.0,-70.0
6.0,-250.0,-63.0,629.0,167.0,-63.0
2.0,-242.0,-57.0,619.0,162.0,-58.0
6.0,-246.0,-61.0,606.0,155.0,-52.0
5.0,-242.0,-60.0,591.0,153.0,-46.0
7.0,-241.0,-56.0,584.0,151.0,-44.0
8.0,-241.0,-57.0,582.0,159.0,-47.0
4.0,-244.0,-55.0,581.0,171.0,-48.0
7.0,-244.0,-56.0,584.0,181.0,-51.0
4.0,-244.0,-51.0,589.0,191.0,-55.0
0.0,-244.0,-52.0,587.0,206.0,-60.0
5.0,-240.0,-50.0,583.0,211.0,-59.0
1.0,-244.0,-50.0,573.0,217.0,-58.0
-9.0,-242.0,-31.0,559.0,222.0,-54.0
1.0,-243.0,-47.0,534.0,224.0,-48.0
0.0,-245.0,-48.0,510.0,222.0,-41.0
1.0,-244.0,-51.0,484.0,224.0,-34.0
0.0,-243.0,-51.0,453.0,225.0,-28.0
-2.0,-248.0,-47.0,424.0,221.0,-24.0
-4.0,-250.0,-48.0,399.0,217.0,-21.0
-3.0,-255.0,-47.0,382.0,207.0,-18.0
0.0,-254.0,-43.0,380.0,199.0,-16.0
-5.0,-254.0,-43.0,388.0,195.0,-17.0
-2.0,-252.0,-41.0,405.0,192.0,-17.0
-11.0,-238.0,-51.0,426.0,186.0,-17.0
-8.0,-253.0,-38.0,443.0,180.0,-21.0
-4.0,-245.0,-40.0,450.0,176.0,-23.0
-3.0,-243.0,-43.0,445.0,170.0,-25.0
-2.0,-244.0,-42.0,423.0,169.0,-26.0
-6.0,-237.0,-43.0,391.0,168.0,-23.0
-2.0,-241.0,-37.0,349.0,168.0,-23.0
-4.0,-238.0,-40.0,306.0,170.0,-19.0
-5.0,-245.0,-39.0,265.0,168.0,-19.0
-2.0,-244.0,-44.0,230.0,166.0,-17.0
1.0,-249.0,-46.0,203.0,160.0,-13.0
-11.0,-243.0,-46.0,195.0,156.0,-9.0
-1.0,-255.0,-44.0,200.0,151.0,-6.0
2.0,-258.0,-43.0,210.0,150.0,-7.0
0.0,-256.0,-47.0,225.0,152.0,-5.0
1.0,-255.0,-41.0,238.0,153.0,-7.0
0.0,-253.0,-46.0,244.0,155.0,-9.0
2.0,-251.0,-48.0,245.0,158.0,-8.0
-2.0,-249.0,-43.0,238.0,159.0,-8.0
-3.0,-247.0,-46.0,222.0,162.0,-12.0
2.0,-247.0,-46.0,196.0,164.0,-9.0
-3.0,-246.0,-43.0,172.0,166.0,-6.0
-2.0,-242.0,-42.0,154.0,167.0,-4.0
-5.0,-250.0,-44.0,138.0,167.0,-1.0
-6.0,-253.0,-41.0,126.0,167.0,3.0
-8.0,-249.0,-39.0,120.0,165.0,8.0
-4.0,-251.0,-43.0,118.0,163.0,11.0
-7.0,-251.0,-43.0,116.0,160.0,14.0
-8.0,-251.0,-37.0,112.0,157.0,16.0
-9.0,-246.0,-38.0,109.0,155.0,16.0
-4.0,-249.0,-37.0,103.0,154.0,18.0
-7.0,-251.0,-29.0,95.0,152.0,18.0
-8.0,-248.0,-29.0,86.0,149.0,17.0
3.0,-245.0,-32.0,76.0,145.0,17.0
-2.0,-249.0,-22.0,67.0,139.0,18.0
-5.0,-247.0,-24.0,62.0,133.0,19.0
-3.0,-246.0,-22.0,55.0,131.0,18.0
0.0,-243.0,-22.0,43.0,131.0,18.0
-2.0,-242.0,-22.0,31.0,135.0,16.0
-1.0,-240.0,-21.0,16.0,139.0,16.0
-2.0,-240.0,-16.0,-3.0,141.0,16.0
-1.0,-242.0,-21.0,-17.0,141.0,21.0
2.0,-244.0,-27.0,-26.0,138.0,21.0
-9.0,-248.0,-27.0,-32.0,133.0,21.0
0.0,-249.0,-24.0,-35.0,129.0,21.0
0.0,-253.0,-29.0,-35.0,124.0,20.0
-3.0,-255.0,-28.0,-31.0,119.0,17.0
-1.0,-256.0,-35.0,-22.0,112.0,13.0
0.0,-253.0,-44.0,-13.0,106.0,8.0
-2.0,-251.0,-46.0,-5.0,95.0,1.0
-4.0,-249.0,-51.0,3.0,86.0,-5.0
-9.0,-253.0,-55.0,10.0,78.0,-10.0
-5.0,-255.0,-53.0,16.0,73.0,-11.0
-5.0,-259.0,-53.0,19.0,76.0,-8.0
6.0,-266.0,-45.0,20.0,82.0,-2.0
4.0,-269.0,-41.0,25.0,80.0,1.0
6.0,-272.0,-43.0,43.0,75.0,1.0
7.0,-272.0,-37.0,74.0,63.0,2.0
5.0,-268.0,-36.0,114.0,48.0,2.0
6.0,-261.0,-36.0,157.0,29.0,5.0
7.0,-256.0,-36.0,202.0,20.0,10.0
8.0,-248.0,-41.0,223.0,14.0,13.0
4.0,-248.0,-38.0,233.0,12.0,17.0
8.0,-244.0,-37.0,234.0,13.0,17.0
12.0,-248.0,-31.0,226.0,17.0,16.0
-2.0,-247.0,-45.0,213.0,24.0,10.0
2.0,-250.0,-40.0,200.0,27.0,3.0
4.0,-248.0,-34.0,192.0,31.0,-5.0
2.0,-251.0,-36.0,189.0,33.0,-15.0
4.0,-251.0,-32.0,189.0,27.0,-23.0
3.0,-247.0,-32.0,186.0,18.0,-22.0
1.0,-248.0,-32.0,178.0,7.0,-19.0
5.0,-252.0,-31.0,159.0,-2.0,-13.0
4.0,-246.0,-32.0,134.0,-6.0,-9.0
0.0,-244.0,-33.0,102.0,-12.0,-3.0
1.0,-243.0,-32.0,69.0,-17.0,-1.0
-3.0,-251.0,-14.0,37.0,-16.0,2.0
-2.0,-247.0,-29.0,6.0,-11.0,3.0
-5.0,-244.0,-30.0,-17.0,-4.0,2.0
-5.0,-249.0,-25.0,-32.0,5.0,1.0
-6.0,-247.0,-25.0,-37.0,12.0,0.0
-7.0,-247.0,-24.0,-31.0,17.0,-5.0
-9.0,-252.0,-25.0,-24.0,20.0,-6.0
-7.0,-253.0,-24.0,-14.0,19.0,-8.0
-9.0,-255.0,-25.0,-6.0,19.0,-9.0
-11.0,-254.0,-31.0,2.0,20.0,-9.0
-9.0,-255.0,-33.0,9.0,20.0,-7.0
-14.0,-252.0,-36.0,15.0,19.0,-7.0
-5.0,-256.0,-26.0,23.0,19.0,-9.0
-7.0,-256.0,-22.0,30.0,18.0,-13.0
-4.0,-255.0,-27.0,39.0,15.0,-13.0
-6.0,-255.0,-27.0,46.0,13.0,-15.0
-4.0,-253.0,-23.0,51.0,12.0,-17.0
-5.0,-252.0,-24.0,56.0,13.0,-17.0
-1.0,-252.0,-22.0,61.0,15.0,-18.0
-2.0,-250.0,-25.0,68.0,20.0,-18.0
-2.0,-251.0,-27.0,74.0,23.0,-15.0
-1.0,-247.0,-26.0,76.0,27.0,-14.0
9.0,-255.0,-19.0,78.0,30.0,-16.0
5.0,-250.0,-25.0,78.0,38.0,-16.0
6.0,-252.0,-24.0,82.0,43.0,-16.0
7.0,-251.0,-28.0,83.0,46.0,-16.0
3.0,-250.0,-26.0,79.0,47.0,-14.0
6.0,-252.0,-29.0,74.0,49.0,-15.0
5.0,-254.0,-26.0,64.0,51.0,-12.0
7.0,-254.0,-29.0,53.0,52.0,-14.0
2.0,-252.0,-29.0,44.0,53.0,-13.0
4.0,-253.0,-33.0,36.0,50.0,-14.0
3.0,-250.0,-30.0,31.0,49.0,-14.0
-1.0,-251.0,-22.0,26.0,49.0,-15.0
4.0,-248.0,-29.0,20.0,50.0,-12.0
4.0,-250.0,-31.0,16.0,50.0,-14.0
1.0,-248.0,-27.0,12.0,50.0,-13.0
0.0,-252.0,-28.0,7.0,51.0,-10.0
2.0,-253.0,-30.0,4.0,50.0,-8.0
0.0,-253.0,-28.0,-2.0,49.0,-7.0
-3.0,-249.0,-27.0,-5.0,49.0,-4.0
0.0,-249.0,-27.0,-9.0,49.0,-3.0
-1.0,-248.0,-31.0,-11.0,50.0,-4.0
-2.0,-254.0,-25.0,-8.0,50.0,-4.0
11.0,-257.0,-25.0,-7.0,50.0,-5.0
9.0,-242.0,-49.0,-6.0,50.0,-9.0
-2.0,-268.0,-21.0,-6.0,50.0,-10.0
-17.0,-247.0,-23.0,-5.0,50.0,-13.0
1.0,-252.0,-30.0,-9.0,50.0,-13.0
-1.0,-253.0,-21.0,-10.0,48.0,-14.0
-11.0,-235.0,-40.0,-12.0,49.0,-12.0
-10.0,-241.0,-44.0,-12.0,48.0,-13.0
-7.0,-264.0,6.0,-11.0,46.0,-12.0
-4.0,-239.0,-36.0,-7.0,44.0,-13.0
-1.0,-255.0,-22.0,0.0,41.0,-11.0
-10.0,-258.0,-7.0,8.0,39.0,-12.0
5.0,-251.0,-16.0,17.0,38.0,-10.0
-9.0,-275.0,-21.0,28.0,38.0,-10.0
3.0,-254.0,-33.0,36.0,39.0,-9.0
-7.0,-252.0,-42.0,43.0,40.0,-10.0
-4.0,-252.0,-21.0,48.0,41.0,-9.0
-1.0,-248.0,-38.0,49.0,42.0,-8.0
0.0,-249.0,-29.0,46.0,42.0,-7.0
0.0,-248.0,-30.0,39.0,44.0,-8.0
-1.0,-246.0,-25.0,32.0,46.0,-8.0
-2.0,-247.0,-28.0,24.0,50.0,-9.0
3.0,-243.0,-29.0,17.0,53.0,-7.0
-1.0,-249.0,-27.0,14.0,55.0,-10.0
-1.0,-255.0,-26.0,14.0,57.0,-11.0
0.0,-254.0,-24.0,14.0,57.0,-12.0
-3.0,-252.0,-30.0,17.0,55.0,-12.0
-7.0,-258.0,-20.0,17.0,54.0,-12.0
-1.0,-253.0,-21.0,19.0,54.0,-10.0
-3.0,-254.0,-26.0,19.0,54.0,-9.0
0.0,-249.0,-30.0,19.0,55.0,-4.0
-2.0,-255.0,-25.0,19.0,53.0,-3.0
1.0,-254.0,-34.0,21.0,54.0,2.0
-1.0,-253.0,-29.0,23.0,54.0,2.0
-2.0,-254.0,-30.0,26.0,54.0,3.0
-3.0,-253.0,-26.0,31.0,51.0,3.0
1.0,-255.0,-29.0,40.0,49.0,3.0
-1.0,-255.0,-28.0,51.0,47.0,3.0
-1.0,-255.0,-31.0,61.0,45.0,0.0
-1.0,-251.0,-30.0,74.0,47.0,-3.0
-2.0,-254.0,-28.0,83.0,46.0,-5.0
-2.0,-254.0,-29.0,91.0,45.0,-8.0
-3.0,-247.0,-18.0,95.0,44.0,-8.0
-3.0,-252.0,-20.0,95.0,41.0,-11.0
1.0,-251.0,-24.0,91.0,39.0,-10.0
-1.0,-246.0,-23.0,83.0,35.0,-11.0
1.0,-246.0,-24.0,71.0,32.0,-9.0
0.0,-243.0,-24.0,57.0,27.0,-9.0
2.0,-245.0,-22.0,41.0,23.0,-7.0
-3.0,-245.0,-21.0,16.0,21.0,-8.0
0.0,-242.0,-18.0,-5.0,18.0,-4.0
-3.0,-247.0,-19.0,-24.0,16.0,-4.0
-1.0,-249.0,-19.0,-42.0,14.0,-1.0
1.0,-249.0,-20.0,-56.0,13.0,-4.0
-6.0,-253.0,-21.0,-63.0,12.0,-2.0
-1.0,-251.0,-23.0,-68.0,13.0,-6.0
0.0,-252.0,-19.0,-68.0,16.0,-7.0
-1.0,-254.0,-20.0,-66.0,20.0,-11.0
1.0,-253.0,-21.0,-62.0,24.0,-11.0
-2.0,-253.0,-24.0,-57.0,29.0,-14.0
0.0,-252.0,-23.0,-53.0,33.0,-12.0
2.0,-253.0,-26.0,-48.0,38.0,-13.0
1.0,-254.0,-22.0,-43.0,44.0,-12.0
-3.0,-253.0,-20.0,-41.0,48.0,-13.0
2.0,-264.0,-22.0,-38.0,53.0,-11.0
1.0,-243.0,-24.0,-36.0,59.0,-14.0
1.0,-252.0,-23.0,-35.0,60.0,-14.0
0.0,-254.0,-23.0,-35.0,62.0,-16.0
0.0,-252.0,-27.0,-34.0,62.0,-17.0
2.0,-250.0,-25.0,-31.0,62.0,-22.0
2.0,-252.0,-29.0,-32.0,62.0,-21.0
1.0,-250.0,-27.0,-32.0,63.0,-23.0
2.0,-250.0,-22.0,-33.0,62.0,-20.0
-1.0,-254.0,-26.0,-34.0,64.0,-21.0
-3.0,-253.0,-28.0,-38.0,65.0,-18.0
0.0,-251.0,-24.0,-42.0,65.0,-17.0
4.0,-252.0,-28.0,-45.0,65.0,-14.0
0.0,-250.0,-32.0,-47.0,65.0,-13.0
-4.0,-251.0,-30.0,-48.0,63.0,-11.0
-1.0,-252.0,-29.0,-48.0,64.0,-14.0
1.0,-252.0,-27.0,-49.0,63.0,-11.0
1.0,-252.0,-31.0,-49.0,64.0,-15.0
1.0,-253.0,-26.0,-47.0,63.0,-15.0
0.0,-250.0,-25.0,-47.0,63.0,-17.0
5.0,-250.0,-31.0,-46.0,61.0,-15.0
1.0,-251.0,-26.0,-41.0,59.0,-16.0
3.0,-255.0,-28.0,-39.0,59.0,-13.0
5.0,-266.0,-16.0,-35.0,59.0,-15.0
1.0,-255.0,-25.0,-31.0,61.0,-15.0
0.0,-250.0,-26.0,-28.0,62.0,-18.0
-1.0,-251.0,-25.0,-26.0,63.0,-16.0
1.0,-251.0,-28.0,-26.0,61.0,-16.0
2.0,-252.0,-28.0,-31.0,64.0,-14.0
-2.0,-249.0,-26.0,-32.0,66.0,-14.0
4.0,-250.0,-26.0,-35.0,65.0,-11.0
-4.0,-253.0,-23.0,-34.0,64.0,-11.0
-2.0,-253.0,-24.0,-35.0,63.0,-8.0
0.0,-254.0,-28.0,-31.0,61.0,-8.0
1.0,-251.0,-24.0,-29.0,60.0,-5.0
-2.0,-246.0,-24.0,-28.0,58.0,-8.0
9.0,-245.0,-22.0,-25.0,59.0,-5.0
-1.0,-254.0,-24.0,-24.0,57.0,-6.0
-1.0,-252.0,-24.0,-22.0,56.0,-6.0
0.0,-254.0,-28.0,-21.0,55.0,-9.0
-1.0,-256.0,-30.0,-18.0,57.0,-7.0
1.0,-254.0,-25.0,-15.0,57.0,-11.0
1.0,-252.0,-23.0,-12.0,59.0,-11.0
-1.0,-253.0,-28.0,-10.0,59.0,-13.0
-3.0,-253.0,-23.0,-7.0,59.0,-11.0
-2.0,-256.0,-24.0,-4.0,58.0,-13.0
0.0,-250.0,-24.0,-3.0,59.0,-10.0
-1.0,-251.0,-29.0,-5.0,58.0,-10.0
1.0,-251.0,-24.0,-8.0,56.0,-7.0
0.0,-251.0,-26.0,-11.0,57.0,-6.0
-1.0,-252.0,-27.0,-13.0,55.0,-4.0
-1.0,-251.0,-24.0,-13.0,53.0,-2.0
2.0,-254.0,-26.0,-12.0,52.0,-1.0
-2.0,-255.0,-28.0,-9.0,52.0,-3.0
1.0,-253.0,-26.0,-4.0,50.0,-5.0
-6.0,-250.0,-25.0,0.0,50.0,-9.0
-2.0,-252.0,-24.0,5.0,51.0,-10.0
-2.0,-248.0,-25.0,5.0,51.0,-15.0
1.0,-250.0,-25.0,3.0,53.0,-14.0
-1.0,-248.0,-26.0,-1.0,53.0,-15.0
0.0,-246.0,-29.0,-7.0,54.0,-13.0
-2.0,-248.0,-26.0,-16.0,52.0,-11.0
4.0,-251.0,-27.0,-21.0,54.0,-9.0
-4.0,-248.0,-25.0,-22.0,54.0,-10.0
-4.0,-252.0,-24.0,-20.0,54.0,-7.0
0.0,-254.0,-27.0,-16.0,55.0,-8.0
-2.0,-250.0,-41.0,-10.0,53.0,-7.0
-1.0,-254.0,-27.0,-3.0,53.0,-9.0
1.0,-253.0,-29.0,6.0,52.0,-5.0
0.0,-252.0,-27.0,12.0,49.0,-8.0
