3.0,-251.0,-17.0,-24.0,71.0,-5.0
6.0,-252.0,-18.0,-23.0,69.0,-7.0
6.0,-251.0,-21.0,-21.0,70.0,-5.0
-3.0,-252.0,-14.0,-21.0,69.0,-7.0
6.0,-255.0,-21.0,-18.0,69.0,-6.0
4.0,-254.0,-20.0,-15.0,67.0,-7.0
4.0,-251.0,-22.0,-14.0,65.0,-5.0
3.0,-251.0,-20.0,-10.0,63.0,-7.0
5.0,-249.0,-21.0,-9.0,64.0,-5.0
3.0,-250.0,-22.0,-8.0,65.0,-7.0
7.0,-253.0,-15.0,-9.0,63.0,-7.0
3.0,-252.0,-20.0,-11.0,62.0,-8.0
8.0,-252.0,-25.0,-13.0,62.0,-8.0
5.0,-253.0,-21.0,-17.0,64.0,-10.0
-4.0,-241.0,-21.0,-21.0,63.0,-6.0
6.0,-251.0,-19.0,-24.0,64.0,-8.0
3.0,-250.0,-24.0,-26.0,65.0,-5.0
6.0,-255.0,-23.0,-23.0,65.0,-8.0
6.0,-250.0,-19.0,-23.0,65.0,-5.0
5.0,-251.0,-23.0,-20.0,64.0,-6.0
3.0,-252.0,-22.0,-20.0,63.0,-4.0
1.0,-251.0,-24.0,-18.0,61.0,-6.0
3.0,-253.0,-20.0,-16.0,60.0,-4.0
4.0,-253.0,-24.0,-15.0,59.0,-7.0
10.0,-250.0,-24.0,-15.0,57.0,-7.0
15.0,-242.0,-34.0,-14.0,56.0,-8.0
4.0,-251.0,-20.0,-14.0,54.0,-7.0
5.0,-250.0,-21.0,-14.0,55.0,-9.0
6.0,-251.0,-22.0,-16.0,54.0,-7.0
4.0,-252.0,-19.0,-17.0,53.0,-9.0
4.0,-252.0,-22.0,-20.0,55.0,-8.0
7.0,-250.0,-25.0,-21.0,55.0,-9.0
4.0,-250.0,-19.0,-22.0,54.0,-8.0
4.0,-253.0,-25.0,-23.0,52.0,-10.0
1.0,-255.0,-19.0,-24.0,53.0,-9.0
2.0,-252.0,-24.0,-25.0,54.0,-10.0
9.0,-249.0,-32.0,-27.0,54.0,-8.0
7.0,-254.0,-17.0,-25.0,54.0,-8.0
6.0,-252.0,-24.0,-25.0,53.0,-6.0
2.0,-252.0,-20.0,-21.0,53.0,-7.0
4.0,-252.0,-25.0,-18.0,54.0,-5.0
5.0,-252.0,-21.0,-14.0,54.0,-8.0
4.0,-255.0,-23.0,-10.0,56.0,-6.0
5.0,-253.0,-23.0,-6.0,56.0,-8.0
4.0,-252.0,-22.0,-3.0,55.0,-6.0
4.0,-253.0,-21.0,-1.0,56.0,-7.0
1.0,-251.0,-23.0,-4.0,56.0,-5.0
11.0,-250.0,-24.0,-5.0,54.0,-8.0
4.0,-251.0,-21.0,-11.0,54.0,-6.0
2.0,-251.0,-21.0,-16.0,54.0,-10.0
2.0,-251.0,-19.0,-21.0,54.0,-7.0
4.0,-252.0,-22.0,-24.0,55.0,-10.0
4.0,-251.0,-21.0,-25.0,55.0,-8.0
3.0,-250.0,-20.0,-27.0,54.0,-10.0
7.0,-251.0,-15.0,-24.0,56.0,-8.0
6.0,-253.0,-22.0,-24.0,54.0,-10.0
6.0,-254.0,-24.0,-22.0,55.0,-8.0
8.0,-253.0,-21.0,-22.0,53.0,-10.0
3.0,-258.0,-8.0,-20.0,54.0,-8.0
4.0,-253.0,-22.0,-19.0,55.0,-9.0
4.0,-250.0,-17.0,-19.0,53.0,-5.0
5.0,-254.0,-21.0,-19.0,53.0,-7.0
4.0,-254.0,-22.0,-19.0,55.0,-5.0
6.0,-253.0,-21.0,-20.0,55.0,-9.0
7.0,-254.0,-25.0,-22.0,56.0,-5.0
4.0,-254.0,-22.0,-23.0,56.0,-8.0
4.0,-253.0,-22.0,-21.0,57.0,-6.0
9.0,-251.0,-24.0,-18.0,54.0,-8.0
4.0,-255.0,-22.0,-12.0,53.0,-4.0
9.0,-256.0,-19.0,-5.0,50.0,-7.0
8.0,-249.0,-28.0,6.0,47.0,-3.0
11.0,-251.0,-17.0,15.0,47.0,-5.0
23.0,-244.0,-45.0,23.0,44.0,-4.0
2.0,-243.0,-33.0,28.0,45.0,-6.0
4.0,-249.0,-23.0,28.0,46.0,-6.0
7.0,-248.0,-21.0,21.0,45.0,-7.0
9.0,-250.0,-21.0,15.0,46.0,-4.0
4.0,-247.0,-22.0,9.0,47.0,-8.0
2.0,-249.0,-17.0,3.0,47.0,-4.0
10.0,-243.0,-17.0,0.0,49.0,-7.0
5.0,-253.0,-21.0,-4.0,52.0,-4.0
3.0,-250.0,-19.0,-7.0,53.0,-7.0
2.0,-252.0,-17.0,-10.0,54.0,-5.0
1.0,-248.0,-21.0,-11.0,56.0,-6.0
4.0,-252.0,-20.0,-13.0,58.0,-4.0
5.0,-254.0,-22.0,-15.0,56.0,-7.0
8.0,-250.0,-15.0,-15.0,56.0,-3.0
5.0,-254.0,-23.0,-14.0,55.0,-5.0
4.0,-254.0,-22.0,-13.0,55.0,-3.0
5.0,-255.0,-19.0,-14.0,56.0,-4.0
-1.0,-250.0,-16.0,-11.0,54.0,-3.0
3.0,-252.0,-23.0,-10.0,54.0,-5.0
8.0,-251.0,-19.0,-11.0,53.0,-3.0
3.0,-253.0,-24.0,-10.0,53.0,-5.0
5.0,-251.0,-19.0,-10.0,53.0,-4.0
5.0,-248.0,-22.0,-12.0,53.0,-7.0
6.0,-250.0,-21.0,-12.0,52.0,-6.0
4.0,-252.0,-19.0,-12.0,52.0,-6.0
5.0,-251.0,-23.0,-13.0,54.0,-4.0
4.0,-251.0,-26.0,-12.0,53.0,-5.0
8.0,-255.0,-23.0,-12.0,54.0,-2.0
-6.0,-248.0,-23.0,-11.0,53.0,-5.0
4.0,-252.0,-22.0,-10.0,54.0,-2.0
6.0,-252.0,-21.0,-8.0,54.0,-5.0
5.0,-251.0,-21.0,-8.0,54.0,-3.0
4.0,-250.0,-25.0,-10.0,53.0,-4.0
2.0,-248.0,-16.0,-13.0,54.0,0.0
5.0,-251.0,-24.0,-14.0,53.0,-3.0
5.0,-252.0,-23.0,-17.0,53.0,1.0
-1.0,-251.0,-20.0,-20.0,54.0,-1.0
1.0,-249.0,-20.0,-22.0,53.0,-1.0
4.0,-253.0,-22.0,-24.0,52.0,-3.0
-2.0,-255.0,-9.0,-24.0,52.0,-3.0
4.0,-253.0,-17.0,-20.0,52.0,-5.0
8.0,-254.0,-21.0,-19.0,52.0,-2.0
4.0,-252.0,-18.0,-16.0,53.0,-6.0
5.0,-252.0,-22.0,-13.0,52.0,-1.0
4.0,-253.0,-20.0,-12.0,51.0,-3.0
3.0,-253.0,-21.0,-11.0,51.0,-1.0
4.0,-251.0,-21.0,-9.0,51.0,-4.0
3.0,-253.0,-24.0,-9.0,50.0,-3.0
5.0,-250.0,-20.0,-8.0,51.0,-5.0
7.0,-253.0,-24.0,-10.0,52.0,-3.0
14.0,-251.0,-25.0,-13.0,51.0,-5.0
6.0,-254.0,-18.0,-15.0,53.0,-3.0
7.0,-249.0,-18.0,-18.0,53.0,-6.0
7.0,-252.0,-21.0,-22.0,52.0,-2.0
3.0,-252.0,-18.0,-22.0,55.0,-3.0
5.0,-252.0,-20.0,-25.0,54.0,-1.0
7.0,-255.0,-21.0,-24.0,56.0,-2.0
3.0,-254.0,-23.0,-23.0,57.0,1.0
7.0,-254.0,-21.0,-23.0,57.0,-1.0
5.0,-252.0,-21.0,-22.0,56.0,2.0
10.0,-252.0,-23.0,-23.0,57.0,0.0
-7.0,-255.0,-25.0,-26.0,59.0,2.0
4.0,-254.0,-24.0,-30.0,60.0,-1.0
3.0,-250.0,-24.0,-32.0,63.0,0.0
7.0,-252.0,-22.0,-33.0,63.0,-3.0
5.0,-254.0,-22.0,-34.0,64.0,-3.0
6.0,-252.0,-21.0,-34.0,65.0,-7.0
3.0,-251.0,-23.0,-34.0,69.0,-7.0
4.0,-252.0,-23.0,-34.0,71.0,-11.0
6.0,-250.0,-20.0,-33.0,70.0,-11.0
6.0,-253.0,-23.0,-35.0,72.0,-16.0
0.0,-252.0,-25.0,-38.0,72.0,-16.0
-4.0,-239.0,-30.0,-45.0,72.0,-18.0
6.0,-252.0,-23.0,-52.0,70.0,-17.0
5.0,-251.0,-25.0,-58.0,68.0,-19.0
8.0,-252.0,-22.0,-63.0,65.0,-16.0
8.0,-251.0,-25.0,-66.0,67.0,-15.0
8.0,-252.0,-25.0,-66.0,66.0,-9.0
8.0,-254.0,-22.0,-68.0,66.0,-9.0
8.0,-251.0,-24.0,-67.0,64.0,-3.0
6.0,-253.0,-23.0,-67.0,65.0,-2.0
11.0,-255.0,-30.0,-66.0,65.0,3.0
9.0,-255.0,-26.0,-68.0,64.0,0.0
8.0,-262.0,-18.0,-68.0,64.0,2.0
9.0,-256.0,-26.0,-67.0,67.0,-2.0
10.0,-252.0,-23.0,-63.0,69.0,-1.0
8.0,-255.0,-26.0,-59.0,72.0,-3.0
9.0,-256.0,-29.0,-57.0,74.0,-3.0
4.0,-253.0,-25.0,-55.0,77.0,-7.0
2.0,-255.0,-28.0,-58.0,78.0,-2.0
2.0,-253.0,-28.0,-60.0,78.0,-4.0
-1.0,-256.0,-27.0,-63.0,78.0,-2.0
0.0,-252.0,-27.0,-65.0,84.0,-4.0
0.0,-254.0,-25.0,-64.0,89.0,-3.0
2.0,-262.0,-22.0,-61.0,97.0,-6.0
-3.0,-251.0,-28.0,-54.0,103.0,-8.0
-5.0,-247.0,-24.0,-52.0,108.0,-13.0
-4.0,-246.0,-25.0,-55.0,112.0,-12.0
-6.0,-248.0,-21.0,-60.0,114.0,-11.0
-5.0,-253.0,-23.0,-62.0,116.0,-1.0
-4.0,-251.0,-21.0,-62.0,115.0,4.0
-2.0,-251.0,-21.0,-59.0,114.0,11.0
-2.0,-253.0,-18.0,-54.0,109.0,11.0
-5.0,-252.0,-17.0,-53.0,98.0,13.0
5.0,-253.0,-23.0,-52.0,87.0,10.0
3.0,-263.0,-17.0,-55.0,72.0,12.0
1.0,-251.0,-19.0,-64.0,57.0,11.0
1.0,-253.0,-24.0,-73.0,41.0,14.0
6.0,-254.0,-23.0,-86.0,26.0,14.0
4.0,-252.0,-21.0,-103.0,10.0,18.0
6.0,-249.0,-26.0,-120.0,-6.0,13.0
7.0,-249.0,-26.0,-135.0,-19.0,12.0
7.0,-248.0,-25.0,-147.0,-27.0,9.0
10.0,-246.0,-24.0,-149.0,-29.0,8.0
6.0,-249.0,-26.0,-145.0,-27.0,5.0
0.0,-246.0,-16.0,-137.0,-21.0,7.0
5.0,-243.0,-18.0,-124.0,-15.0,5.0
8.0,-245.0,-23.0,-109.0,-6.0,7.0
5.0,-242.0,-16.0,-101.0,3.0,6.0
7.0,-244.0,-17.0,-95.0,12.0,12.0
6.0,-243.0,-13.0,-96.0,17.0,13.0
4.0,-240.0,-6.0,-102.0,22.0,17.0
1.0,-242.0,-12.0,-116.0,25.0,17.0
3.0,-243.0,-5.0,-133.0,25.0,19.0
-1.0,-239.0,-2.0,-151.0,23.0,18.0
-6.0,-241.0,-5.0,-172.0,21.0,21.0
-9.0,-249.0,2.0,-193.0,17.0,20.0
-4.0,-247.0,-1.0,-216.0,14.0,25.0
-2.0,-249.0,0.0,-232.0,15.0,25.0
-2.0,-250.0,0.0,-246.0,16.0,30.0
-4.0,-250.0,0.0,-254.0,13.0,33.0
-5.0,-252.0,-3.0,-264.0,6.0,43.0
2.0,-250.0,-4.0,-275.0,-4.0,49.0
3.0,-248.0,-7.0,-289.0,-13.0,61.0
2.0,-247.0,-11.0,-305.0,-19.0,69.0
1.0,-246.0,-13.0,-327.0,-24.0,80.0
1.0,-243.0,-8.0,-353.0,-26.0,87.0
-4.0,-249.0,-14.0,-384.0,-31.0,97.0
0.0,-243.0,-21.0,-417.0,-34.0,102.0
8.0,-245.0,-17.0,-453.0,-37.0,109.0
7.0,-247.0,-25.0,-487.0,-37.0,111.0
3.0,-242.0,-19.0,-521.0,-33.0,113.0
6.0,-244.0,-25.0,-543.0,-29.0,111.0
9.0,-245.0,-28.0,-559.0,-27.0,109.0
14.0,-246.0,-34.0,-570.0,-23.0,103.0
10.0,-243.0,-27.0,-578.0,-20.0,98.0
13.0,-245.0,-27.0,-582.0,-22.0,86.0
14.0,-239.0,-32.0,-586.0,-22.0,81.0
15.0,-242.0,-51.0,-591.0,-27.0,73.0
16.0,-243.0,-33.0,-601.0,-34.0,70.0
16.0,-245.0,-39.0,-614.0,-44.0,65.0
11.0,-240.0,-38.0,-640.0,-55.0,67.0
11.0,-243.0,-39.0,-666.0,-62.0,69.0
8.0,-243.0,-41.0,-696.0,-75.0,74.0
6.0,-242.0,-43.0,-730.0,-90.0,77.0
5.0,-244.0,-43.0,-772.0,-105.0,86.0
2.0,-244.0,-43.0,-812.0,-124.0,91.0
1.0,-241.0,-45.0,-851.0,-143.0,102.0
1.0,-241.0,-48.0,-887.0,-155.0,102.0
13.0,-244.0,-41.0,-914.0,-167.0,119.0
6.0,-239.0,-55.0,-934.0,-170.0,129.0
6.0,-243.0,-51.0,-954.0,-163.0,143.0
9.0,-240.0,-52.0,-966.0,-148.0,143.0
7.0,-237.0,-57.0,-977.0,-132.0,151.0
10.0,-240.0,-52.0,-986.0,-112.0,158.0
10.0,-241.0,-53.0,-994.0,-90.0,163.0
12.0,-244.0,-55.0,-1001.0,-67.0,160.0
9.0,-240.0,-47.0,-1008.0,-46.0,162.0
10.0,-240.0,-52.0,-1018.0,-29.0,171.0
5.0,-241.0,-49.0,-1031.0,-15.0,181.0
3.0,-252.0,-45.0,-1051.0,-5.0,190.0
2.0,-242.0,-55.0,-1075.0,1.0,197.0
5.0,-243.0,-57.0,-1104.0,-2.0,209.0
4.0,-247.0,-62.0,-1127.0,-9.0,225.0
-2.0,-248.0,-61.0,-1150.0,-19.0,236.0
-5.0,-244.0,-64.0,-1167.0,-36.0,244.0
-10.0,-245.0,-65.0,-1182.0,-62.0,255.0
-11.0,-245.0,-66.0,-1192.0,-92.0,272.0
-15.0,-248.0,-72.0,-1205.0,-122.0,277.0
-14.0,-234.0,-73.0,-1216.0,-149.0,273.0
-19.0,-240.0,-75.0,-1228.0,-173.0,276.0
-17.0,-236.0,-81.0,-1241.0,-197.0,284.0
-16.0,-237.0,-86.0,-1272.0,-219.0,290.0
-15.0,-235.0,-88.0,-1305.0,-237.0,289.0
-12.0,-234.0,-90.0,-1346.0,-249.0,280.0
-8.0,-235.0,-92.0,-1366.0,-247.0,289.0
-2.0,-234.0,-98.0,-1369.0,-232.0,293.0
1.0,-236.0,-100.0,-1357.0,-200.0,299.0
10.0,-238.0,-111.0,-1344.0,-161.0,303.0
12.0,-242.0,-120.0,-1330.0,-113.0,311.0
17.0,-251.0,-129.0,-1319.0,-51.0,307.0
23.0,-244.0,-134.0,-1300.0,37.0,310.0
8.0,-255.0,-123.0,-1255.0,105.0,316.0
4.0,-258.0,-123.0,-1211.0,154.0,323.0
-7.0,-259.0,-114.0,-1160.0,185.0,333.0
-12.0,-255.0,-115.0,-1124.0,195.0,339.0
-14.0,-248.0,-114.0,-1114.0,188.0,343.0
-19.0,-243.0,-116.0,-1124.0,173.0,349.0
-29.0,-242.0,-118.0,-1155.0,144.0,352.0
-23.0,-235.0,-126.0,-1195.0,108.0,357.0
-24.0,-223.0,-135.0,-1242.0,69.0,369.0
-30.0,-224.0,-142.0,-1303.0,32.0,381.0
-11.0,-224.0,-141.0,-1384.0,8.0,385.0
-24.0,-232.0,-144.0,-1439.0,-11.0,388.0
-20.0,-240.0,-145.0,-1471.0,-12.0,389.0
-19.0,-243.0,-152.0,-1482.0,-6.0,380.0
-7.0,-249.0,-152.0,-1477.0,7.0,358.0
-9.0,-258.0,-155.0,-1458.0,45.0,336.0
-4.0,-265.0,-155.0,-1425.0,90.0,316.0
-10.0,-270.0,-156.0,-1378.0,142.0,292.0
-16.0,-272.0,-153.0,-1330.0,189.0,260.0
-19.0,-283.0,-158.0,-1284.0,228.0,239.0
-28.0,-270.0,-160.0,-1226.0,264.0,213.0
-37.0,-268.0,-153.0,-1186.0,281.0,202.0
-36.0,-264.0,-161.0,-1146.0,294.0,200.0
-42.0,-257.0,-153.0,-1121.0,283.0,193.0
-44.0,-260.0,-148.0,-1087.0,265.0,181.0
-44.0,-256.0,-148.0,-1053.0,236.0,171.0
-41.0,-250.0,-148.0,-1031.0,199.0,170.0
-35.0,-245.0,-149.0,-1037.0,163.0,174.0
-38.0,-245.0,-151.0,-1072.0,122.0,173.0
-32.0,-225.0,-160.0,-1131.0,77.0,170.0
-34.0,-221.0,-170.0,-1217.0,38.0,193.0
-28.0,-222.0,-200.0,-1305.0,6.0,209.0
-31.0,-233.0,-200.0,-1390.0,-22.0,219.0
-35.0,-214.0,-210.0,-1484.0,-33.0,193.0
-34.0,-218.0,-223.0,-1547.0,-28.0,196.0
-43.0,-227.0,-228.0,-1555.0,-4.0,223.0
-42.0,-234.0,-234.0,-1519.0,10.0,228.0
-49.0,-238.0,-241.0,-1450.0,15.0,228.0
-47.0,-243.0,-249.0,-1367.0,23.0,225.0
-53.0,-238.0,-254.0,-1277.0,22.0,224.0
-51.0,-243.0,-256.0,-1171.0,28.0,215.0
-55.0,-245.0,-249.0,-1073.0,45.0,206.0
-40.0,-249.0,-250.0,-979.0,65.0,194.0
-51.0,-233.0,-247.0,-904.0,80.0,182.0
-53.0,-220.0,-239.0,-859.0,87.0,172.0
-57.0,-214.0,-237.0,-847.0,85.0,167.0
-56.0,-211.0,-237.0,-857.0,81.0,166.0
-52.0,-209.0,-238.0,-877.0,71.0,166.0
-49.0,-203.0,-235.0,-900.0,61.0,163.0
-55.0,-205.0,-234.0,-923.0,54.0,158.0
-54.0,-203.0,-238.0,-929.0,43.0,160.0
-52.0,-201.0,-236.0,-923.0,37.0,154.0
-42.0,-203.0,-232.0,-920.0,37.0,147.0
-48.0,-202.0,-242.0,-915.0,36.0,140.0
-49.0,-199.0,-241.0,-907.0,36.0,136.0
-51.0,-198.0,-242.0,-900.0,38.0,134.0
-49.0,-196.0,-242.0,-886.0,43.0,132.0
-51.0,-198.0,-241.0,-876.0,51.0,131.0
-48.0,-197.0,-242.0,-861.0,58.0,130.0
-53.0,-196.0,-240.0,-844.0,68.0,129.0
-49.0,-194.0,-236.0,-824.0,79.0,126.0
-52.0,-194.0,-238.0,-790.0,87.0,125.0
-47.0,-189.0,-235.0,-757.0,88.0,120.0
-49.0,-193.0,-234.0,-727.0,89.0,116.0
-48.0,-189.0,-234.0,-692.0,85.0,107.0
-52.0,-186.0,-229.0,-657.0,81.0,102.0
-46.0,-186.0,-233.0,-625.0,79.0,94.0
-49.0,-187.0,-230.0,-592.0,79.0,85.0
-46.0,-187.0,-228.0,-564.0,82.0,80.0
-48.0,-185.0,-227.0,-540.0,84.0,77.0
-42.0,-186.0,-233.0,-515.0,92.0,76.0
-45.0,-184.0,-228.0,-483.0,103.0,76.0
-48.0,-177.0,-228.0,-455.0,112.0,81.0
-48.0,-179.0,-230.0,-428.0,123.0,86.0
-37.0,-166.0,-242.0,-401.0,132.0,91.0
-42.0,-174.0,-229.0,-373.0,136.0,90.0
-44.0,-173.0,-228.0,-349.0,142.0,89.0
-40.0,-174.0,-222.0,-327.0,141.0,88.0
-43.0,-171.0,-226.0,-311.0,142.0,84.0
-46.0,-168.0,-224.0,-297.0,139.0,82.0
-42.0,-167.0,-222.0,-289.0,132.0,82.0
-41.0,-167.0,-221.0,-285.0,126.0,84.0
-40.0,-173.0,-229.0,-283.0,125.0,85.0
-36.0,-169.0,-227.0,-277.0,121.0,85.0
-37.0,-171.0,-229.0,-274.0,126.0,84.0
-31.0,-184.0,-215.0,-266.0,130.0,82.0
-41.0,-180.0,-232.0,-253.0,135.0,85.0
-39.0,-176.0,-231.0,-237.0,140.0,85.0
-43.0,-178.0,-232.0,-217.0,145.0,87.0
-42.0,-179.0,-234.0,-201.0,144.0,87.0
-41.0,-178.0,-235.0,-183.0,141.0,90.0
-37.0,-181.0,-236.0,-168.0,141.0,91.0
-39.0,-180.0,-236.0,-149.0,145.0,93.0
-37.0,-182.0,-240.0,-130.0,146.0,92.0
-30.0,-176.0,-235.0,-109.0,150.0,92.0
-35.0,-184.0,-241.0,-89.0,150.0,92.0
-27.0,-181.0,-247.0,-71.0,144.0,96.0
-36.0,-185.0,-240.0,-51.0,140.0,92.0
-34.0,-186.0,-237.0,-30.0,140.0,86.0
-35.0,-186.0,-237.0,-11.0,139.0,78.0
-34.0,-186.0,-236.0,9.0,130.0,68.0
-32.0,-186.0,-235.0,32.0,123.0,59.0
-32.0,-184.0,-233.0,43.0,116.0,49.0
-36.0,-180.0,-232.0,54.0,115.0,39.0
-34.0,-180.0,-234.0,68.0,118.0,33.0
-38.0,-182.0,-229.0,79.0,125.0,24.0
-42.0,-182.0,-226.0,92.0,126.0,19.0
-46.0,-178.0,-210.0,103.0,119.0,15.0
-37.0,-177.0,-226.0,110.0,114.0,8.0
-34.0,-176.0,-225.0,114.0,110.0,0.0
-34.0,-180.0,-224.0,119.0,104.0,-4.0
-34.0,-177.0,-223.0,123.0,102.0,-10.0
-35.0,-179.0,-225.0,126.0,99.0,-15.0
-32.0,-181.0,-224.0,131.0,96.0,-23.0
-29.0,-182.0,-224.0,147.0,97.0,-30.0
-34.0,-182.0,-219.0,163.0,97.0,-37.0
-30.0,-183.0,-218.0,183.0,97.0,-38.0
-28.0,-186.0,-220.0,201.0,101.0,-42.0
-26.0,-182.0,-206.0,221.0,103.0,-45.0
-28.0,-181.0,-216.0,236.0,104.0,-46.0
-26.0,-184.0,-215.0,251.0,105.0,-51.0
-26.0,-181.0,-210.0,265.0,107.0,-55.0
-26.0,-180.0,-209.0,281.0,106.0,-54.0
-29.0,-181.0,-205.0,303.0,103.0,-58.0
-27.0,-181.0,-208.0,327.0,98.0,-57.0
-29.0,-182.0,-206.0,353.0,94.0,-59.0
-29.0,-178.0,-198.0,379.0,90.0,-61.0
-28.0,-180.0,-193.0,402.0,88.0,-65.0
-30.0,-181.0,-192.0,427.0,88.0,-68.0
-31.0,-176.0,-186.0,453.0,89.0,-72.0
-27.0,-174.0,-191.0,474.0,86.0,-77.0
-28.0,-175.0,-190.0,496.0,86.0,-85.0
-27.0,-174.0,-189.0,510.0,86.0,-90.0
-28.0,-173.0,-187.0,522.0,86.0,-98.0
-30.0,-174.0,-185.0,531.0,87.0,-100.0
-27.0,-174.0,-186.0,536.0,91.0,-101.0
-23.0,-171.0,-184.0,542.0,99.0,-99.0
-30.0,-175.0,-180.0,550.0,107.0,-96.0
-30.0,-180.0,-183.0,564.0,112.0,-88.0
-29.0,-181.0,-182.0,586.0,113.0,-83.0
-33.0,-183.0,-188.0,605.0,108.0,-81.0
-30.0,-185.0,-183.0,635.0,106.0,-82.0
-32.0,-187.0,-185.0,666.0,105.0,-83.0
-31.0,-190.0,-184.0,695.0,100.0,-88.0
-31.0,-187.0,-181.0,724.0,94.0,-92.0
-32.0,-187.0,-180.0,752.0,86.0,-96.0
-31.0,-187.0,-183.0,782.0,83.0,-100.0
-31.0,-185.0,-177.0,806.0,82.0,-108.0
-34.0,-177.0,-175.0,821.0,83.0,-114.0
-35.0,-180.0,-174.0,829.0,83.0,-121.0
-28.0,-182.0,-174.0,835.0,85.0,-127.0
-28.0,-184.0,-160.0,838.0,86.0,-135.0
-33.0,-184.0,-162.0,836.0,84.0,-137.0
-24.0,-176.0,-167.0,837.0,85.0,-144.0
-20.0,-177.0,-171.0,837.0,87.0,-147.0
-21.0,-178.0,-171.0,840.0,92.0,-150.0
-21.0,-176.0,-169.0,844.0,96.0,-152.0
-22.0,-178.0,-161.0,844.0,95.0,-150.0
-18.0,-179.0,-167.0,855.0,97.0,-147.0
-21.0,-180.0,-167.0,863.0,99.0,-146.0
-24.0,-179.0,-162.0,870.0,99.0,-144.0
-19.0,-179.0,-169.0,871.0,102.0,-146.0
-25.0,-180.0,-165.0,865.0,100.0,-143.0
-24.0,-181.0,-165.0,853.0,96.0,-141.0
-22.0,-185.0,-161.0,848.0,94.0,-137.0
-24.0,-183.0,-165.0,841.0,91.0,-137.0
-24.0,-186.0,-156.0,835.0,91.0,-136.0
-23.0,-187.0,-160.0,834.0,92.0,-138.0
-26.0,-185.0,-160.0,833.0,91.0,-139.0
-24.0,-189.0,-155.0,833.0,89.0,-143.0
-24.0,-190.0,-162.0,834.0,91.0,-148.0
-25.0,-193.0,-153.0,837.0,94.0,-152.0
-17.0,-180.0,-160.0,843.0,96.0,-153.0
-24.0,-191.0,-150.0,845.0,94.0,-153.0
-23.0,-191.0,-150.0,850.0,96.0,-151.0
-20.0,-192.0,-147.0,848.0,92.0,-150.0
-19.0,-189.0,-151.0,846.0,94.0,-144.0
-16.0,-189.0,-152.0,841.0,97.0,-140.0
-15.0,-187.0,-147.0,829.0,102.0,-133.0
-12.0,-188.0,-147.0,814.0,108.0,-130.0
-13.0,-192.0,-150.0,799.0,117.0,-125.0
-9.0,-194.0,-141.0,779.0,130.0,-126.0
-11.0,-190.0,-142.0,775.0,137.0,-125.0
-8.0,-190.0,-135.0,774.0,137.0,-125.0
-10.0,-192.0,-144.0,775.0,135.0,-122.0
-13.0,-194.0,-139.0,766.0,136.0,-125.0
-11.0,-196.0,-142.0,764.0,133.0,-124.0
-15.0,-199.0,-138.0,765.0,133.0,-131.0
-16.0,-200.0,-138.0,779.0,123.0,-132.0
-16.0,-201.0,-135.0,784.0,117.0,-133.0
-17.0,-202.0,-142.0,805.0,112.0,-129.0
-16.0,-205.0,-139.0,829.0,109.0,-132.0
-19.0,-207.0,-131.0,858.0,112.0,-134.0
-25.0,-203.0,-129.0,904.0,117.0,-140.0
-29.0,-202.0,-139.0,960.0,128.0,-145.0
-29.0,-205.0,-125.0,1016.0,129.0,-151.0
-31.0,-200.0,-124.0,1066.0,121.0,-152.0
-32.0,-195.0,-123.0,1100.0,109.0,-154.0
-30.0,-193.0,-123.0,1112.0,93.0,-150.0
-31.0,-193.0,-121.0,1105.0,80.0,-152.0
-27.0,-191.0,-121.0,1078.0,68.0,-156.0
-23.0,-189.0,-122.0,1031.0,61.0,-164.0
-22.0,-190.0,-115.0,977.0,58.0,-167.0
-25.0,-189.0,-113.0,921.0,54.0,-172.0
-20.0,-191.0,-114.0,867.0,42.0,-172.0
-14.0,-200.0,-106.0,817.0,36.0,-175.0
-14.0,-192.0,-114.0,780.0,36.0,-179.0
-13.0,-194.0,-109.0,759.0,39.0,-185.0
-9.0,-193.0,-104.0,751.0,44.0,-184.0
-12.0,-195.0,-110.0,758.0,45.0,-184.0
-14.0,-197.0,-108.0,768.0,46.0,-184.0
-13.0,-197.0,-105.0,779.0,42.0,-185.0
-16.0,-196.0,-106.0,784.0,39.0,-178.0
-15.0,-195.0,-107.0,790.0,39.0,-172.0
-16.0,-197.0,-98.0,795.0,39.0,-162.0
-23.0,-200.0,-95.0,800.0,38.0,-158.0
-25.0,-201.0,-93.0,804.0,34.0,-150.0
-21.0,-202.0,-97.0,798.0,26.0,-142.0
-25.0,-204.0,-98.0,785.0,18.0,-138.0
-20.0,-206.0,-94.0,764.0,15.0,-143.0
-22.0,-198.0,-97.0,741.0,16.0,-146.0
-20.0,-202.0,-97.0,719.0,23.0,-153.0
-17.0,-205.0,-98.0,695.0,27.0,-150.0
-12.0,-201.0,-97.0,674.0,32.0,-151.0
-16.0,-202.0,-96.0,670.0,34.0,-156.0
-11.0,-205.0,-92.0,670.0,36.0,-163.0
-10.0,-202.0,-87.0,666.0,37.0,-167.0
-17.0,-207.0,-97.0,660.0,36.0,-168.0
-10.0,-205.0,-87.0,647.0,27.0,-163.0
-7.0,-205.0,-88.0,634.0,18.0,-171.0
-8.0,-204.0,-91.0,626.0,13.0,-176.0
-8.0,-209.0,-92.0,593.0,17.0,-179.0
-9.0,-211.0,-89.0,561.0,28.0,-179.0
-14.0,-211.0,-81.0,535.0,36.0,-190.0
-16.0,-216.0,-85.0,522.0,39.0,-197.0
-16.0,-213.0,-85.0,498.0,34.0,-199.0
-16.0,-217.0,-92.0,474.0,28.0,-185.0
-20.0,-223.0,-89.0,450.0,22.0,-178.0
-19.0,-218.0,-89.0,421.0,8.0,-173.0
-23.0,-217.0,-83.0,423.0,-3.0,-174.0
-16.0,-223.0,-92.0,442.0,-5.0,-160.0
-17.0,-221.0,-92.0,434.0,-1.0,-159.0
-16.0,-220.0,-86.0,429.0,10.0,-158.0
-16.0,-220.0,-95.0,446.0,17.0,-154.0
-16.0,-221.0,-95.0,446.0,22.0,-151.0
-10.0,-220.0,-95.0,423.0,34.0,-155.0
-8.0,-213.0,-90.0,408.0,42.0,-153.0
-9.0,-216.0,-102.0,418.0,50.0,-154.0
-5.0,-219.0,-90.0,406.0,46.0,-145.0
1.0,-223.0,-81.0,389.0,39.0,-150.0
-2.0,-213.0,-91.0,382.0,33.0,-154.0
-4.0,-212.0,-93.0,371.0,23.0,-161.0
-4.0,-218.0,-84.0,346.0,9.0,-148.0
-5.0,-219.0,-89.0,327.0,-9.0,-133.0
-9.0,-221.0,-87.0,307.0,-18.0,-136.0
-10.0,-225.0,-90.0,291.0,-15.0,-152.0
-13.0,-228.0,-94.0,287.0,-10.0,-150.0
-14.0,-233.0,-99.0,285.0,2.0,-152.0
-15.0,-232.0,-100.0,274.0,14.0,-154.0
-21.0,-219.0,-95.0,267.0,20.0,-161.0
-17.0,-229.0,-108.0,276.0,23.0,-159.0
-16.0,-224.0,-119.0,298.0,34.0,-165.0
-14.0,-223.0,-120.0,317.0,45.0,-157.0
-8.0,-220.0,-125.0,326.0,55.0,-148.0
-5.0,-212.0,-112.0,323.0,71.0,-146.0
-1.0,-207.0,-117.0,339.0,96.0,-150.0
2.0,-204.0,-110.0,357.0,113.0,-148.0
5.0,-199.0,-95.0,377.0,129.0,-145.0
8.0,-202.0,-92.0,393.0,134.0,-129.0
5.0,-201.0,-77.0,398.0,133.0,-114.0
12.0,-216.0,-51.0,397.0,118.0,-93.0
5.0,-204.0,-69.0,377.0,105.0,-78.0
5.0,-204.0,-67.0,335.0,97.0,-62.0
8.0,-205.0,-68.0,269.0,98.0,-56.0
9.0,-206.0,-66.0,197.0,104.0,-44.0
7.0,-208.0,-64.0,127.0,117.0,-37.0
7.0,-211.0,-69.0,65.0,133.0,-37.0
7.0,-216.0,-69.0,27.0,146.0,-48.0
6.0,-219.0,-71.0,10.0,157.0,-44.0
3.0,-217.0,-78.0,5.0,166.0,-40.0
-4.0,-226.0,-71.0,22.0,175.0,-37.0
-11.0,-223.0,-84.0,28.0,181.0,-44.0
-3.0,-225.0,-88.0,18.0,185.0,-43.0
2.0,-229.0,-92.0,4.0,190.0,-50.0
1.0,-229.0,-89.0,-5.0,193.0,-53.0
4.0,-229.0,-90.0,5.0,197.0,-50.0
7.0,-232.0,-90.0,32.0,198.0,-39.0
12.0,-235.0,-89.0,57.0,208.0,-49.0
10.0,-234.0,-83.0,72.0,221.0,-52.0
14.0,-224.0,-83.0,99.0,231.0,-53.0
8.0,-226.0,-89.0,149.0,235.0,-45.0
9.0,-227.0,-91.0,153.0,236.0,-35.0
11.0,-222.0,-91.0,127.0,236.0,-14.0
11.0,-229.0,-85.0,81.0,232.0,-4.0
7.0,-231.0,-79.0,37.0,223.0,3.0
9.0,-232.0,-73.0,12.0,212.0,10.0
8.0,-236.0,-75.0,11.0,204.0,28.0
8.0,-239.0,-74.0,28.0,200.0,36.0
8.0,-246.0,-75.0,45.0,197.0,43.0
7.0,-246.0,-75.0,58.0,193.0,38.0
3.0,-247.0,-78.0,72.0,182.0,37.0
-1.0,-246.0,-77.0,81.0,171.0,33.0
0.0,-245.0,-86.0,91.0,162.0,31.0
4.0,-234.0,-91.0,100.0,154.0,25.0
-4.0,-247.0,-86.0,105.0,144.0,28.0
-2.0,-245.0,-86.0,100.0,138.0,25.0
1.0,-247.0,-87.0,98.0,140.0,21.0
1.0,-260.0,-107.0,97.0,146.0,7.0
3.0,-252.0,-83.0,66.0,161.0,-9.0
3.0,-243.0,-84.0,89.0,175.0,-31.0
8.0,-240.0,-88.0,151.0,178.0,-39.0
6.0,-238.0,-84.0,190.0,178.0,-39.0
8.0,-235.0,-89.0,224.0,173.0,-28.0
6.0,-240.0,-84.0,244.0,163.0,-22.0
11.0,-249.0,-71.0,251.0,153.0,-18.0
6.0,-238.0,-75.0,243.0,149.0,-23.0
4.0,-244.0,-79.0,247.0,146.0,-18.0
-5.0,-244.0,-77.0,250.0,141.0,-17.0
-5.0,-259.0,-101.0,247.0,126.0,-9.0
-8.0,-253.0,-76.0,193.0,113.0,-11.0
-5.0,-248.0,-83.0,165.0,101.0,-5.0
-11.0,-243.0,-88.0,168.0,91.0,0.0
-7.0,-241.0,-89.0,175.0,90.0,5.0
0.0,-245.0,-93.0,177.0,100.0,0.0
-1.0,-243.0,-91.0,176.0,114.0,-8.0
-1.0,-252.0,-79.0,171.0,126.0,-21.0
-1.0,-243.0,-85.0,174.0,132.0,-27.0
4.0,-244.0,-85.0,178.0,137.0,-39.0
2.0,-242.0,-86.0,181.0,138.0,-47.0
4.0,-241.0,-85.0,179.0,140.0,-65.0
6.0,-243.0,-89.0,165.0,143.0,-72.0
1.0,-268.0,-104.0,151.0,149.0,-85.0
5.0,-257.0,-64.0,97.0,162.0,-96.0
5.0,-249.0,-70.0,129.0,169.0,-98.0
5.0,-240.0,-67.0,209.0,170.0,-87.0
7.0,-244.0,-77.0,276.0,163.0,-77.0
