3.0,-251.0,-36.0,-12.0,63.0,1.0
4.0,-251.0,-38.0,-10.0,62.0,-1.0
3.0,-253.0,-40.0,-10.0,63.0,-1.0
3.0,-253.0,-39.0,-8.0,64.0,-1.0
4.0,-254.0,-35.0,-7.0,63.0,1.0
3.0,-246.0,-36.0,-5.0,65.0,-2.0
0.0,-252.0,-36.0,-1.0,66.0,0.0
4.0,-254.0,-39.0,3.0,68.0,-2.0
2.0,-252.0,-38.0,5.0,67.0,-3.0
6.0,-249.0,-42.0,9.0,67.0,-4.0
6.0,-251.0,-37.0,12.0,69.0,-4.0
3.0,-251.0,-40.0,11.0,69.0,-5.0
5.0,-252.0,-37.0,10.0,68.0,-2.0
4.0,-249.0,-34.0,5.0,68.0,-5.0
3.0,-251.0,-35.0,2.0,67.0,-2.0
6.0,-250.0,-40.0,-3.0,67.0,-1.0
3.0,-248.0,-37.0,-5.0,65.0,-1.0
7.0,-250.0,-37.0,-9.0,64.0,-3.0
4.0,-247.0,-39.0,-9.0,67.0,1.0
2.0,-253.0,-41.0,-8.0,68.0,-2.0
-6.0,-248.0,-25.0,-8.0,68.0,-1.0
4.0,-252.0,-41.0,-5.0,67.0,-1.0
6.0,-251.0,-37.0,-2.0,65.0,0.0
5.0,-253.0,-38.0,0.0,65.0,-2.0
6.0,-253.0,-40.0,2.0,64.0,-1.0
3.0,-253.0,-42.0,4.0,66.0,-2.0
6.0,-252.0,-37.0,3.0,67.0,-2.0
6.0,-244.0,-34.0,1.0,65.0,-1.0
7.0,-246.0,-34.0,-2.0,66.0,2.0
6.0,-252.0,-33.0,-8.0,66.0,3.0
5.0,-250.0,-39.0,-12.0,65.0,4.0
-6.0,-254.0,-41.0,-15.0,63.0,3.0
5.0,-253.0,-40.0,-17.0,60.0,4.0
6.0,-255.0,-39.0,-16.0,59.0,0.0
4.0,-254.0,-40.0,-11.0,59.0,-1.0
2.0,-253.0,-40.0,-6.0,60.0,-6.0
3.0,-254.0,-42.0,-2.0,59.0,-6.0
2.0,-249.0,-41.0,2.0,58.0,-12.0
4.0,-253.0,-40.0,6.0,60.0,-10.0
2.0,-252.0,-42.0,10.0,59.0,-12.0
3.0,-251.0,-38.0,13.0,59.0,-12.0
6.0,-246.0,-44.0,11.0,58.0,-14.0
17.0,-249.0,-46.0,7.0,58.0,-12.0
4.0,-246.0,-39.0,1.0,57.0,-13.0
4.0,-248.0,-38.0,-6.0,54.0,-12.0
4.0,-248.0,-36.0,-14.0,54.0,-13.0
3.0,-249.0,-42.0,-20.0,54.0,-13.0
3.0,-251.0,-41.0,-26.0,54.0,-16.0
2.0,-251.0,-38.0,-33.0,55.0,-15.0
3.0,-253.0,-39.0,-34.0,55.0,-18.0
2.0,-255.0,-40.0,-33.0,55.0,-18.0
0.0,-250.0,-38.0,-31.0,53.0,-20.0
1.0,-255.0,-36.0,-28.0,52.0,-18.0
-1.0,-253.0,-45.0,-24.0,52.0,-20.0
5.0,-254.0,-37.0,-19.0,51.0,-17.0
4.0,-255.0,-34.0,-15.0,49.0,-18.0
3.0,-252.0,-39.0,-9.0,49.0,-17.0
5.0,-253.0,-39.0,-5.0,49.0,-18.0
4.0,-254.0,-40.0,0.0,49.0,-16.0
3.0,-255.0,-38.0,3.0,49.0,-17.0
1.0,-251.0,-38.0,3.0,53.0,-14.0
2.0,-251.0,-41.0,7.0,57.0,-15.0
2.0,-253.0,-42.0,10.0,60.0,-12.0
-1.0,-259.0,-19.0,11.0,61.0,-14.0
4.0,-251.0,-38.0,14.0,62.0,-9.0
3.0,-252.0,-42.0,19.0,61.0,-11.0
3.0,-252.0,-40.0,21.0,61.0,-9.0
1.0,-250.0,-39.0,24.0,59.0,-11.0
1.0,-248.0,-34.0,27.0,58.0,-9.0
3.0,-250.0,-38.0,27.0,57.0,-10.0
2.0,-253.0,-43.0,30.0,55.0,-7.0
3.0,-250.0,-42.0,28.0,56.0,-11.0
1.0,-250.0,-33.0,26.0,54.0,-8.0
13.0,-250.0,-34.0,24.0,55.0,-11.0
-1.0,-248.0,-32.0,22.0,55.0,-8.0
3.0,-253.0,-36.0,22.0,57.0,-10.0
4.0,-249.0,-36.0,19.0,57.0,-8.0
6.0,-253.0,-42.0,19.0,57.0,-10.0
6.0,-253.0,-37.0,17.0,57.0,-8.0
4.0,-251.0,-40.0,13.0,57.0,-10.0
3.0,-246.0,-41.0,11.0,57.0,-9.0
7.0,-246.0,-39.0,9.0,56.0,-11.0
5.0,-249.0,-40.0,5.0,57.0,-10.0
6.0,-252.0,-39.0,2.0,56.0,-13.0
6.0,-252.0,-40.0,-1.0,57.0,-11.0
5.0,-251.0,-44.0,-3.0,55.0,-15.0
5.0,-253.0,-34.0,-1.0,54.0,-14.0
6.0,-255.0,-36.0,2.0,55.0,-16.0
3.0,-250.0,-37.0,7.0,55.0,-14.0
5.0,-250.0,-38.0,9.0,55.0,-15.0
4.0,-251.0,-38.0,11.0,54.0,-12.0
7.0,-253.0,-38.0,11.0,53.0,-14.0
0.0,-251.0,-38.0,10.0,54.0,-10.0
6.0,-251.0,-39.0,8.0,52.0,-11.0
5.0,-246.0,-38.0,6.0,53.0,-6.0
8.0,-248.0,-41.0,5.0,55.0,-7.0
12.0,-253.0,-31.0,3.0,57.0,-3.0
5.0,-252.0,-38.0,2.0,54.0,-5.0
4.0,-250.0,-39.0,2.0,54.0,-4.0
4.0,-253.0,-36.0,3.0,54.0,-5.0
5.0,-252.0,-36.0,4.0,55.0,-3.0
3.0,-252.0,-37.0,7.0,52.0,-4.0
6.0,-254.0,-35.0,9.0,51.0,-3.0
4.0,-251.0,-36.0,11.0,50.0,-7.0
5.0,-252.0,-44.0,14.0,50.0,-4.0
5.0,-249.0,-41.0,16.0,47.0,-7.0
3.0,-252.0,-34.0,17.0,46.0,-4.0
8.0,-238.0,-60.0,16.0,46.0,-4.0
5.0,-250.0,-38.0,17.0,46.0,-3.0
5.0,-250.0,-39.0,19.0,45.0,-5.0
7.0,-254.0,-40.0,19.0,46.0,-3.0
5.0,-253.0,-37.0,22.0,48.0,-6.0
7.0,-254.0,-44.0,25.0,48.0,-3.0
6.0,-252.0,-38.0,27.0,49.0,-6.0
6.0,-250.0,-37.0,33.0,51.0,-4.0
6.0,-253.0,-36.0,37.0,52.0,-7.0
5.0,-250.0,-37.0,43.0,54.0,-5.0
6.0,-251.0,-40.0,46.0,54.0,-7.0
-6.0,-252.0,-34.0,49.0,55.0,-3.0
3.0,-250.0,-41.0,48.0,56.0,-6.0
7.0,-249.0,-35.0,46.0,55.0,-3.0
8.0,-252.0,-36.0,43.0,56.0,-5.0
4.0,-252.0,-35.0,39.0,57.0,-2.0
4.0,-246.0,-38.0,34.0,55.0,-7.0
6.0,-251.0,-34.0,33.0,54.0,-2.0
4.0,-252.0,-36.0,30.0,55.0,-4.0
6.0,-250.0,-36.0,29.0,54.0,-3.0
6.0,-249.0,-38.0,27.0,53.0,-5.0
5.0,-252.0,-32.0,26.0,54.0,-3.0
0.0,-262.0,-16.0,24.0,53.0,-4.0
5.0,-253.0,-40.0,22.0,52.0,-3.0
5.0,-251.0,-34.0,20.0,52.0,-7.0
5.0,-249.0,-34.0,17.0,52.0,-5.0
2.0,-248.0,-34.0,14.0,53.0,-7.0
5.0,-250.0,-32.0,12.0,52.0,-5.0
3.0,-250.0,-33.0,9.0,52.0,-6.0
5.0,-250.0,-38.0,9.0,52.0,-5.0
4.0,-254.0,-36.0,9.0,55.0,-7.0
4.0,-254.0,-35.0,8.0,57.0,-4.0
-2.0,-251.0,-35.0,8.0,57.0,-7.0
5.0,-261.0,-13.0,9.0,57.0,-3.0
3.0,-250.0,-34.0,11.0,57.0,-5.0
7.0,-252.0,-35.0,9.0,59.0,-2.0
2.0,-246.0,-34.0,7.0,60.0,-3.0
6.0,-250.0,-30.0,6.0,60.0,0.0
7.0,-254.0,-32.0,5.0,61.0,-2.0
6.0,-249.0,-34.0,2.0,60.0,1.0
6.0,-251.0,-33.0,-2.0,60.0,-2.0
7.0,-251.0,-35.0,-3.0,59.0,-1.0
5.0,-247.0,-38.0,-5.0,58.0,-2.0
7.0,-251.0,-33.0,-6.0,60.0,-1.0
7.0,-258.0,-21.0,-7.0,60.0,-3.0
6.0,-254.0,-34.0,-7.0,61.0,-3.0
7.0,-254.0,-37.0,-4.0,60.0,-6.0
5.0,-254.0,-34.0,-2.0,62.0,-5.0
4.0,-252.0,-33.0,4.0,63.0,-8.0
6.0,-254.0,-36.0,8.0,64.0,-8.0
2.0,-251.0,-34.0,12.0,65.0,-11.0
4.0,-250.0,-36.0,15.0,65.0,-8.0
4.0,-253.0,-30.0,20.0,65.0,-10.0
5.0,-249.0,-42.0,22.0,65.0,-8.0
2.0,-251.0,-37.0,25.0,65.0,-10.0
9.0,-255.0,-21.0,26.0,65.0,-7.0
2.0,-250.0,-35.0,29.0,69.0,-10.0
1.0,-250.0,-34.0,28.0,70.0,-8.0
0.0,-249.0,-35.0,26.0,72.0,-10.0
4.0,-253.0,-35.0,26.0,72.0,-8.0
6.0,-254.0,-30.0,24.0,74.0,-10.0
1.0,-255.0,-33.0,26.0,78.0,-8.0
3.0,-252.0,-33.0,28.0,79.0,-11.0
2.0,-251.0,-31.0,27.0,80.0,-9.0
4.0,-254.0,-26.0,28.0,81.0,-12.0
5.0,-249.0,-32.0,26.0,81.0,-11.0
4.0,-250.0,-33.0,22.0,83.0,-13.0
6.0,-250.0,-35.0,20.0,81.0,-11.0
4.0,-249.0,-30.0,17.0,81.0,-12.0
5.0,-252.0,-34.0,14.0,79.0,-9.0
7.0,-251.0,-37.0,10.0,79.0,-12.0
4.0,-255.0,-32.0,7.0,80.0,-11.0
9.0,-254.0,-32.0,4.0,81.0,-14.0
4.0,-255.0,-31.0,2.0,81.0,-10.0
4.0,-254.0,-30.0,4.0,80.0,-13.0
4.0,-250.0,-35.0,7.0,79.0,-10.0
2.0,-265.0,-24.0,10.0,77.0,-12.0
3.0,-254.0,-34.0,15.0,74.0,-10.0
5.0,-251.0,-32.0,22.0,72.0,-13.0
4.0,-248.0,-31.0,26.0,71.0,-12.0
2.0,-247.0,-30.0,26.0,68.0,-16.0
3.0,-249.0,-30.0,21.0,66.0,-15.0
6.0,-246.0,-35.0,11.0,66.0,-17.0
7.0,-247.0,-31.0,1.0,65.0,-14.0
-1.0,-251.0,-32.0,-8.0,65.0,-16.0
3.0,-247.0,-30.0,-14.0,66.0,-13.0
9.0,-254.0,-28.0,-19.0,67.0,-15.0
4.0,-253.0,-32.0,-19.0,69.0,-13.0
2.0,-254.0,-32.0,-14.0,66.0,-13.0
4.0,-252.0,-29.0,-8.0,65.0,-12.0
6.0,-253.0,-32.0,0.0,64.0,-13.0
2.0,-255.0,-34.0,6.0,63.0,-11.0
2.0,-251.0,-33.0,11.0,62.0,-13.0
4.0,-254.0,-34.0,15.0,62.0,-9.0
3.0,-254.0,-36.0,17.0,60.0,-11.0
7.0,-251.0,-37.0,17.0,59.0,-7.0
1.0,-253.0,-40.0,16.0,59.0,-11.0
4.0,-249.0,-33.0,17.0,61.0,-9.0
18.0,-258.0,-29.0,18.0,61.0,-11.0
8.0,-253.0,-37.0,18.0,60.0,-9.0
5.0,-249.0,-33.0,18.0,61.0,-12.0
6.0,-252.0,-34.0,18.0,64.0,-9.0
2.0,-249.0,-34.0,16.0,64.0,-10.0
5.0,-250.0,-35.0,15.0,62.0,-8.0
4.0,-251.0,-29.0,13.0,64.0,-9.0
8.0,-251.0,-30.0,7.0,62.0,-8.0
1.0,-248.0,-39.0,2.0,63.0,-8.0
4.0,-250.0,-38.0,-3.0,63.0,-6.0
7.0,-248.0,-23.0,-11.0,63.0,-8.0
4.0,-252.0,-36.0,-20.0,59.0,-5.0
4.0,-249.0,-35.0,-28.0,59.0,-5.0
5.0,-250.0,-30.0,-34.0,61.0,-2.0
4.0,-251.0,-37.0,-37.0,62.0,-2.0
3.0,-250.0,-33.0,-42.0,61.0,3.0
3.0,-250.0,-33.0,-47.0,61.0,3.0
3.0,-250.0,-32.0,-53.0,59.0,10.0
3.0,-253.0,-35.0,-58.0,59.0,9.0
6.0,-253.0,-34.0,-64.0,59.0,14.0
6.0,-251.0,-32.0,-71.0,57.0,14.0
3.0,-255.0,-33.0,-80.0,53.0,19.0
2.0,-266.0,-19.0,-89.0,51.0,20.0
5.0,-254.0,-36.0,-99.0,51.0,25.0
3.0,-253.0,-36.0,-111.0,56.0,29.0
5.0,-257.0,-31.0,-123.0,59.0,38.0
3.0,-256.0,-37.0,-131.0,61.0,42.0
2.0,-255.0,-30.0,-134.0,60.0,51.0
5.0,-260.0,-28.0,-132.0,54.0,51.0
5.0,-261.0,-28.0,-125.0,45.0,53.0
5.0,-260.0,-29.0,-110.0,38.0,48.0
7.0,-262.0,-31.0,-92.0,32.0,42.0
6.0,-260.0,-29.0,-76.0,25.0,34.0
5.0,-260.0,-32.0,-69.0,18.0,31.0
5.0,-261.0,-38.0,-66.0,9.0,21.0
4.0,-254.0,-39.0,-71.0,2.0,19.0
6.0,-255.0,-35.0,-81.0,-5.0,12.0
11.0,-255.0,-38.0,-95.0,-11.0,12.0
7.0,-258.0,-37.0,-107.0,-16.0,8.0
5.0,-265.0,-37.0,-119.0,-22.0,9.0
3.0,-269.0,-35.0,-120.0,-22.0,10.0
-3.0,-268.0,-40.0,-115.0,-18.0,10.0
-9.0,-271.0,-43.0,-111.0,-13.0,3.0
-12.0,-268.0,-48.0,-114.0,-8.0,-9.0
-1.0,-246.0,-61.0,-121.0,1.0,-32.0
-3.0,-258.0,-50.0,-136.0,19.0,-57.0
-12.0,-247.0,-56.0,-164.0,51.0,-85.0
-17.0,-238.0,-55.0,-198.0,98.0,-114.0
-18.0,-229.0,-62.0,-251.0,150.0,-135.0
-22.0,-216.0,-63.0,-331.0,202.0,-130.0
-16.0,-209.0,-69.0,-457.0,245.0,-108.0
-14.0,-198.0,-67.0,-571.0,258.0,-79.0
-9.0,-186.0,-67.0,-678.0,244.0,-53.0
-4.0,-172.0,-65.0,-774.0,207.0,-25.0
12.0,-177.0,-54.0,-853.0,152.0,1.0
12.0,-179.0,-53.0,-917.0,89.0,33.0
17.0,-191.0,-48.0,-976.0,25.0,60.0
18.0,-198.0,-45.0,-1028.0,-32.0,88.0
20.0,-217.0,-38.0,-1072.0,-80.0,102.0
22.0,-235.0,-37.0,-1110.0,-109.0,110.0
24.0,-251.0,-35.0,-1157.0,-125.0,109.0
24.0,-261.0,-34.0,-1195.0,-119.0,104.0
21.0,-273.0,-34.0,-1224.0,-99.0,92.0
27.0,-282.0,-34.0,-1244.0,-69.0,81.0
29.0,-282.0,-32.0,-1258.0,-36.0,68.0
21.0,-286.0,-21.0,-1264.0,3.0,61.0
41.0,-284.0,-28.0,-1258.0,51.0,53.0
44.0,-276.0,-26.0,-1243.0,102.0,50.0
47.0,-260.0,-27.0,-1228.0,145.0,48.0
43.0,-241.0,-19.0,-1226.0,179.0,55.0
38.0,-229.0,-19.0,-1248.0,184.0,67.0
34.0,-210.0,-18.0,-1300.0,168.0,84.0
22.0,-200.0,-14.0,-1382.0,143.0,98.0
16.0,-191.0,-10.0,-1496.0,119.0,108.0
5.0,-183.0,-2.0,-1630.0,91.0,109.0
-3.0,-187.0,6.0,-1773.0,58.0,112.0
5.0,-203.0,27.0,-1915.0,5.0,115.0
-12.0,-206.0,29.0,-2033.0,-62.0,126.0
-9.0,-225.0,30.0,-2120.0,-142.0,141.0
-8.0,-235.0,32.0,-2208.0,-225.0,155.0
2.0,-244.0,30.0,-2257.0,-294.0,168.0
3.0,-257.0,33.0,-2275.0,-366.0,178.0
7.0,-264.0,35.0,-2268.0,-437.0,181.0
16.0,-277.0,30.0,-2248.0,-494.0,178.0
25.0,-290.0,30.0,-2212.0,-527.0,168.0
35.0,-302.0,34.0,-2163.0,-535.0,152.0
37.0,-329.0,43.0,-2109.0,-516.0,133.0
43.0,-322.0,21.0,-2068.0,-494.0,113.0
41.0,-324.0,13.0,-2056.0,-495.0,82.0
36.0,-322.0,-5.0,-2110.0,-536.0,52.0
22.0,-324.0,-29.0,-2219.0,-596.0,24.0
0.0,-316.0,-59.0,-2362.0,-666.0,10.0
-15.0,-304.0,-89.0,-2519.0,-751.0,5.0
-42.0,-291.0,-123.0,-2658.0,-831.0,10.0
-62.0,-281.0,-141.0,-2736.0,-890.0,37.0
-68.0,-289.0,-167.0,-2723.0,-910.0,73.0
-55.0,-313.0,-172.0,-2609.0,-887.0,102.0
-40.0,-339.0,-180.0,-2396.0,-832.0,120.0
-14.0,-367.0,-212.0,-2125.0,-755.0,125.0
-5.0,-384.0,-245.0,-1799.0,-694.0,129.0
-4.0,-406.0,-282.0,-1571.0,-617.0,105.0
2.0,-426.0,-316.0,-1407.0,-523.0,81.0
8.0,-437.0,-333.0,-1292.0,-402.0,76.0
-3.0,-437.0,-335.0,-1152.0,-251.0,69.0
-8.0,-429.0,-322.0,-926.0,-97.0,40.0
-18.0,-421.0,-306.0,-630.0,50.0,-7.0
-24.0,-417.0,-296.0,-291.0,180.0,-68.0
-30.0,-401.0,-291.0,37.0,277.0,-131.0
-35.0,-385.0,-276.0,320.0,341.0,-202.0
-40.0,-374.0,-270.0,585.0,352.0,-254.0
-48.0,-354.0,-272.0,735.0,334.0,-296.0
-47.0,-343.0,-280.0,816.0,296.0,-307.0
-46.0,-339.0,-285.0,852.0,252.0,-291.0
-38.0,-330.0,-294.0,869.0,216.0,-265.0
-26.0,-325.0,-299.0,882.0,196.0,-245.0
-32.0,-328.0,-314.0,891.0,188.0,-232.0
-35.0,-329.0,-315.0,893.0,183.0,-214.0
-28.0,-332.0,-314.0,887.0,174.0,-193.0
-30.0,-346.0,-310.0,889.0,153.0,-161.0
-31.0,-357.0,-309.0,896.0,122.0,-129.0
-28.0,-370.0,-299.0,900.0,89.0,-103.0
-20.0,-380.0,-290.0,907.0,61.0,-81.0
-11.0,-389.0,-279.0,921.0,36.0,-63.0
-1.0,-393.0,-269.0,956.0,31.0,-48.0
7.0,-394.0,-260.0,1014.0,52.0,-40.0
11.0,-393.0,-248.0,1083.0,83.0,-28.0
13.0,-386.0,-232.0,1154.0,113.0,-12.0
12.0,-378.0,-219.0,1219.0,145.0,3.0
-4.0,-378.0,-193.0,1285.0,173.0,10.0
5.0,-356.0,-197.0,1318.0,182.0,17.0
-3.0,-348.0,-190.0,1322.0,186.0,30.0
-2.0,-342.0,-181.0,1298.0,192.0,44.0
-11.0,-333.0,-171.0,1255.0,194.0,53.0
-10.0,-330.0,-165.0,1198.0,199.0,62.0
-14.0,-329.0,-159.0,1128.0,199.0,76.0
-18.0,-329.0,-157.0,1042.0,204.0,92.0
-13.0,-333.0,-148.0,936.0,209.0,103.0
-13.0,-333.0,-140.0,821.0,209.0,101.0
-10.0,-351.0,-118.0,694.0,211.0,92.0
5.0,-353.0,-124.0,617.0,223.0,77.0
-7.0,-351.0,-120.0,559.0,236.0,64.0
-9.0,-355.0,-114.0,528.0,251.0,56.0
-7.0,-361.0,-116.0,516.0,259.0,56.0
-7.0,-361.0,-120.0,504.0,255.0,62.0
-12.0,-357.0,-123.0,494.0,245.0,78.0
-10.0,-354.0,-135.0,483.0,243.0,106.0
-9.0,-356.0,-136.0,470.0,257.0,144.0
-8.0,-351.0,-141.0,454.0,289.0,179.0
-7.0,-359.0,-142.0,456.0,321.0,200.0
-10.0,-363.0,-141.0,476.0,336.0,187.0
-5.0,-364.0,-136.0,530.0,344.0,164.0
-1.0,-355.0,-129.0,637.0,355.0,136.0
-3.0,-348.0,-124.0,790.0,379.0,108.0
-3.0,-334.0,-122.0,959.0,418.0,88.0
1.0,-323.0,-117.0,1120.0,459.0,70.0
-1.0,-304.0,-119.0,1264.0,500.0,45.0
1.0,-290.0,-118.0,1362.0,544.0,25.0
1.0,-267.0,-111.0,1385.0,559.0,-6.0
4.0,-251.0,-110.0,1350.0,563.0,-37.0
7.0,-230.0,-99.0,1292.0,561.0,-64.0
14.0,-202.0,-114.0,1229.0,558.0,-73.0
9.0,-198.0,-105.0,1119.0,554.0,-72.0
7.0,-191.0,-93.0,989.0,555.0,-65.0
4.0,-181.0,-87.0,878.0,547.0,-57.0
-6.0,-168.0,-81.0,785.0,536.0,-38.0
-10.0,-158.0,-79.0,716.0,531.0,-14.0
-16.0,-147.0,-78.0,638.0,519.0,25.0
-14.0,-138.0,-66.0,598.0,522.0,49.0
-19.0,-125.0,-59.0,595.0,503.0,49.0
-26.0,-119.0,-59.0,627.0,466.0,58.0
-24.0,-107.0,-65.0,632.0,431.0,74.0
-28.0,-96.0,-63.0,619.0,408.0,71.0
-23.0,-84.0,-62.0,593.0,394.0,57.0
-26.0,-68.0,-63.0,580.0,398.0,31.0
-23.0,-59.0,-57.0,563.0,413.0,5.0
-23.0,-47.0,-52.0,535.0,428.0,-22.0
-23.0,-30.0,-46.0,502.0,438.0,-38.0
-16.0,-32.0,-46.0,496.0,453.0,-50.0
-16.0,-19.0,-41.0,494.0,460.0,-91.0
-18.0,-7.0,-40.0,497.0,464.0,-132.0
-12.0,6.0,-37.0,506.0,467.0,-164.0
-13.0,13.0,-31.0,525.0,471.0,-190.0
-8.0,21.0,-26.0,550.0,472.0,-207.0
0.0,27.0,-48.0,556.0,477.0,-220.0
2.0,41.0,-38.0,540.0,491.0,-231.0
3.0,45.0,-45.0,534.0,510.0,-229.0
1.0,55.0,-47.0,515.0,511.0,-209.0
-1.0,60.0,-52.0,475.0,518.0,-184.0
2.0,63.0,-56.0,418.0,517.0,-155.0
1.0,62.0,-53.0,337.0,514.0,-127.0
2.0,62.0,-52.0,237.0,508.0,-96.0
5.0,47.0,-56.0,123.0,496.0,-67.0
-1.0,30.0,-54.0,-27.0,478.0,-42.0
6.0,21.0,-51.0,-179.0,444.0,-14.0
-7.0,-1.0,-49.0,-304.0,389.0,7.0
-16.0,-15.0,-45.0,-392.0,293.0,-2.0
-20.0,-23.0,-49.0,-425.0,195.0,-18.0
-27.0,-32.0,-53.0,-428.0,94.0,-33.0
-26.0,-37.0,-59.0,-398.0,6.0,-52.0
-26.0,-43.0,-66.0,-352.0,-64.0,-76.0
-29.0,-44.0,-68.0,-306.0,-119.0,-88.0
-27.0,-45.0,-69.0,-263.0,-160.0,-103.0
-29.0,-44.0,-81.0,-235.0,-193.0,-112.0
-17.0,-55.0,-92.0,-241.0,-213.0,-118.0
-13.0,-61.0,-78.0,-279.0,-218.0,-121.0
-9.0,-35.0,-79.0,-295.0,-207.0,-121.0
-1.0,-39.0,-88.0,-232.0,-201.0,-123.0
-2.0,-47.0,-100.0,-152.0,-197.0,-151.0
-11.0,-55.0,-117.0,-156.0,-187.0,-181.0
-6.0,-60.0,-116.0,-224.0,-182.0,-194.0
-3.0,-72.0,-125.0,-290.0,-202.0,-172.0
-3.0,-85.0,-116.0,-356.0,-242.0,-145.0
1.0,-112.0,-117.0,-409.0,-277.0,-121.0
3.0,-119.0,-126.0,-486.0,-299.0,-110.0
8.0,-142.0,-129.0,-583.0,-294.0,-117.0
4.0,-163.0,-141.0,-654.0,-261.0,-129.0
7.0,-186.0,-130.0,-699.0,-210.0,-143.0
9.0,-216.0,-131.0,-673.0,-147.0,-158.0
14.0,-244.0,-123.0,-609.0,-81.0,-163.0
17.0,-263.0,-125.0,-512.0,-20.0,-164.0
23.0,-286.0,-136.0,-398.0,36.0,-173.0
27.0,-303.0,-156.0,-321.0,84.0,-192.0
32.0,-316.0,-171.0,-288.0,119.0,-213.0
32.0,-323.0,-187.0,-313.0,142.0,-253.0
34.0,-326.0,-194.0,-397.0,157.0,-281.0
24.0,-322.0,-203.0,-449.0,166.0,-294.0
30.0,-330.0,-195.0,-455.0,173.0,-284.0
25.0,-328.0,-181.0,-404.0,176.0,-267.0
19.0,-321.0,-167.0,-287.0,174.0,-238.0
16.0,-314.0,-161.0,-124.0,154.0,-204.0
14.0,-303.0,-147.0,60.0,120.0,-157.0
9.0,-288.0,-132.0,232.0,79.0,-101.0
14.0,-269.0,-132.0,358.0,42.0,-39.0
12.0,-254.0,-130.0,418.0,10.0,28.0
15.0,-239.0,-131.0,405.0,-11.0,83.0
11.0,-230.0,-133.0,336.0,-29.0,127.0
10.0,-233.0,-125.0,231.0,-47.0,166.0
12.0,-225.0,-131.0,108.0,-65.0,192.0
14.0,-225.0,-129.0,-9.0,-84.0,214.0
19.0,-238.0,-128.0,-109.0,-98.0,218.0
22.0,-241.0,-133.0,-189.0,-94.0,208.0
26.0,-248.0,-129.0,-247.0,-73.0,171.0
27.0,-255.0,-126.0,-273.0,-35.0,123.0
27.0,-256.0,-119.0,-261.0,21.0,57.0
25.0,-252.0,-115.0,-216.0,74.0,9.0
25.0,-251.0,-110.0,-141.0,127.0,-39.0
16.0,-247.0,-102.0,-47.0,179.0,-73.0
8.0,-247.0,-82.0,56.0,223.0,-101.0
1.0,-238.0,-85.0,156.0,255.0,-116.0
-4.0,-230.0,-81.0,237.0,271.0,-127.0
-13.0,-219.0,-74.0,294.0,273.0,-127.0
-14.0,-219.0,-68.0,327.0,262.0,-126.0
-16.0,-215.0,-69.0,335.0,245.0,-115.0
-19.0,-211.0,-66.0,316.0,220.0,-109.0
-25.0,-211.0,-64.0,288.0,196.0,-93.0
-23.0,-209.0,-59.0,258.0,164.0,-76.0
-27.0,-206.0,-59.0,230.0,120.0,-50.0
-33.0,-208.0,-61.0,206.0,64.0,-26.0
-36.0,-209.0,-71.0,181.0,-1.0,6.0
-27.0,-214.0,-64.0,151.0,-69.0,29.0
-21.0,-219.0,-70.0,116.0,-131.0,50.0
-16.0,-224.0,-74.0,73.0,-182.0,58.0
-8.0,-228.0,-81.0,21.0,-225.0,58.0
-1.0,-231.0,-84.0,-50.0,-245.0,43.0
6.0,-237.0,-91.0,-106.0,-256.0,27.0
13.0,-240.0,-89.0,-150.0,-261.0,5.0
9.0,-249.0,-91.0,-172.0,-259.0,-11.0
10.0,-247.0,-93.0,-173.0,-258.0,-28.0
15.0,-247.0,-98.0,-163.0,-254.0,-34.0
8.0,-246.0,-107.0,-146.0,-248.0,-39.0
16.0,-251.0,-102.0,-129.0,-234.0,-37.0
20.0,-254.0,-108.0,-110.0,-214.0,-38.0
17.0,-255.0,-105.0,-93.0,-183.0,-35.0
20.0,-256.0,-107.0,-75.0,-151.0,-37.0
19.0,-254.0,-103.0,-58.0,-117.0,-32.0
20.0,-255.0,-102.0,-42.0,-86.0,-31.0
19.0,-255.0,-106.0,-27.0,-61.0,-23.0
15.0,-255.0,-110.0,-14.0,-45.0,-17.0
17.0,-254.0,-109.0,-10.0,-35.0,-8.0
17.0,-255.0,-112.0,-13.0,-24.0,-4.0
24.0,-266.0,-103.0,-21.0,-8.0,-2.0
17.0,-251.0,-118.0,-35.0,12.0,-10.0
20.0,-253.0,-118.0,-51.0,37.0,-17.0
18.0,-251.0,-115.0,-54.0,57.0,-31.0
15.0,-250.0,-108.0,-44.0,67.0,-42.0
14.0,-255.0,-107.0,-14.0,65.0,-53.0
11.0,-246.0,-94.0,29.0,59.0,-57.0
10.0,-245.0,-98.0,80.0,43.0,-64.0
1.0,-244.0,-89.0,123.0,30.0,-62.0
2.0,-236.0,-90.0,157.0,15.0,-64.0
10.0,-239.0,-89.0,172.0,3.0,-61.0
0.0,-231.0,-85.0,175.0,-8.0,-58.0
1.0,-233.0,-81.0,166.0,-13.0,-53.0
-1.0,-234.0,-82.0,151.0,-15.0,-52.0
1.0,-234.0,-78.0,137.0,-18.0,-45.0
0.0,-238.0,-76.0,125.0,-19.0,-43.0
-4.0,-235.0,-78.0,117.0,-24.0,-37.0
1.0,-238.0,-77.0,114.0,-30.0,-35.0
-3.0,-235.0,-75.0,112.0,-37.0,-30.0
-2.0,-242.0,-78.0,109.0,-47.0,-32.0
5.0,-239.0,-78.0,101.0,-53.0,-31.0
13.0,-248.0,-93.0,90.0,-49.0,-37.0
7.0,-241.0,-84.0,70.0,-42.0,-37.0
10.0,-238.0,-88.0,50.0,-30.0,-44.0
11.0,-239.0,-86.0,34.0,-20.0,-44.0
15.0,-240.0,-84.0,24.0,-8.0,-49.0
16.0,-240.0,-82.0,20.0,2.0,-47.0
19.0,-239.0,-81.0,21.0,9.0,-45.0
19.0,-239.0,-78.0,24.0,16.0,-37.0
21.0,-236.0,-78.0,23.0,19.0,-32.0
16.0,-231.0,-76.0,14.0,22.0,-20.0
18.0,-234.0,-78.0,-5.0,23.0,-14.0
15.0,-230.0,-95.0,-25.0,23.0,-3.0
18.0,-235.0,-80.0,-43.0,23.0,3.0
19.0,-237.0,-76.0,-57.0,26.0,14.0
16.0,-237.0,-80.0,-72.0,29.0,19.0
15.0,-239.0,-76.0,-85.0,30.0,26.0
16.0,-242.0,-79.0,-97.0,30.0,28.0
13.0,-245.0,-82.0,-103.0,29.0,31.0
16.0,-246.0,-80.0,-110.0,32.0,27.0
15.0,-247.0,-89.0,-109.0,35.0,26.0
13.0,-249.0,-92.0,-107.0,40.0,19.0
10.0,-252.0,-89.0,-106.0,46.0,13.0
17.0,-239.0,-106.0,-102.0,56.0,3.0
11.0,-253.0,-91.0,-93.0,63.0,-2.0
8.0,-253.0,-90.0,-84.0,75.0,-13.0
9.0,-254.0,-91.0,-73.0,87.0,-18.0
7.0,-252.0,-91.0,-59.0,99.0,-25.0
8.0,-252.0,-90.0,-41.0,110.0,-24.0
5.0,-254.0,-91.0,-24.0,117.0,-27.0
8.0,-253.0,-92.0,-5.0,122.0,-22.0
5.0,-253.0,-87.0,21.0,125.0,-23.0
8.0,-251.0,-85.0,35.0,130.0,-19.0
7.0,-248.0,-97.0,43.0,131.0,-19.0
9.0,-248.0,-80.0,46.0,132.0,-15.0
6.0,-244.0,-85.0,44.0,134.0,-16.0
4.0,-244.0,-86.0,41.0,135.0,-15.0
4.0,-247.0,-87.0,39.0,135.0,-18.0
4.0,-248.0,-84.0,41.0,132.0,-17.0
5.0,-245.0,-81.0,48.0,129.0,-20.0
4.0,-244.0,-81.0,60.0,123.0,-19.0
8.0,-244.0,-80.0,69.0,117.0,-23.0
3.0,-242.0,-81.0,79.0,108.0,-23.0
2.0,-243.0,-77.0,87.0,97.0,-27.0
2.0,-245.0,-78.0,94.0,83.0,-27.0
9.0,-237.0,-82.0,101.0,69.0,-32.0
-2.0,-244.0,-74.0,105.0,55.0,-29.0
-2.0,-243.0,-73.0,107.0,43.0,-30.0
-2.0,-244.0,-80.0,107.0,29.0,-28.0
-3.0,-244.0,-78.0,108.0,13.0,-29.0
-4.0,-241.0,-77.0,106.0,-6.0,-25.0
-2.0,-245.0,-77.0,105.0,-24.0,-25.0
-1.0,-245.0,-75.0,104.0,-39.0,-21.0
-4.0,-246.0,-78.0,101.0,-55.0,-21.0
-6.0,-247.0,-80.0,99.0,-72.0,-15.0
2.0,-245.0,-76.0,94.0,-85.0,-13.0
-2.0,-256.0,-63.0,92.0,-98.0,-7.0
2.0,-246.0,-77.0,92.0,-109.0,-6.0
1.0,-244.0,-77.0,91.0,-116.0,0.0
6.0,-246.0,-80.0,91.0,-123.0,0.0
4.0,-244.0,-84.0,88.0,-123.0,2.0
6.0,-241.0,-85.0,85.0,-123.0,0.0
9.0,-243.0,-84.0,84.0,-122.0,4.0
10.0,-242.0,-77.0,81.0,-118.0,1.0
13.0,-244.0,-86.0,80.0,-113.0,1.0
14.0,-241.0,-81.0,80.0,-109.0,-2.0
16.0,-244.0,-80.0,81.0,-102.0,-4.0
18.0,-247.0,-94.0,82.0,-93.0,-9.0
15.0,-242.0,-81.0,83.0,-82.0,-8.0
19.0,-244.0,-76.0,83.0,-66.0,-13.0
15.0,-243.0,-76.0,78.0,-53.0,-15.0
15.0,-243.0,-75.0,70.0,-41.0,-19.0
16.0,-245.0,-78.0,62.0,-31.0,-17.0
12.0,-245.0,-78.0,49.0,-23.0,-19.0
15.0,-244.0,-81.0,36.0,-18.0,-15.0
9.0,-241.0,-83.0,27.0,-13.0,-16.0
13.0,-246.0,-82.0,20.0,-10.0,-11.0
14.0,-246.0,-83.0,20.0,-7.0,-10.0
10.0,-245.0,-82.0,28.0,-4.0,-7.0
8.0,-245.0,-82.0,42.0,4.0,-6.0
13.0,-246.0,-81.0,58.0,14.0,-6.0
12.0,-242.0,-79.0,73.0,21.0,-10.0
12.0,-243.0,-80.0,86.0,30.0,-9.0
12.0,-242.0,-81.0,96.0,37.0,-15.0
9.0,-239.0,-78.0,98.0,44.0,-16.0
11.0,-241.0,-79.0,96.0,51.0,-20.0
8.0,-240.0,-81.0,91.0,56.0,-19.0
7.0,-243.0,-82.0,83.0,61.0,-20.0
2.0,-226.0,-85.0,75.0,65.0,-17.0
17.0,-247.0,-78.0,63.0,72.0,-20.0
13.0,-246.0,-81.0,57.0,81.0,-17.0
14.0,-248.0,-75.0,53.0,92.0,-18.0
13.0,-247.0,-76.0,52.0,102.0,-16.0
12.0,-245.0,-84.0,54.0,106.0,-14.0
8.0,-250.0,-81.0,56.0,105.0,-9.0
9.0,-246.0,-88.0,61.0,102.0,-6.0
