23.0,-280.0,-73.0,-1613.0,-220.0,19.0
19.0,-280.0,-80.0,-1644.0,-207.0,24.0
27.0,-286.0,-81.0,-1668.0,-191.0,30.0
27.0,-287.0,-85.0,-1680.0,-165.0,41.0
29.0,-293.0,-87.0,-1699.0,-156.0,58.0
32.0,-292.0,-92.0,-1712.0,-148.0,74.0
40.0,-300.0,-90.0,-1713.0,-149.0,90.0
40.0,-307.0,-95.0,-1704.0,-153.0,103.0
36.0,-317.0,-93.0,-1685.0,-156.0,117.0
38.0,-320.0,-87.0,-1657.0,-152.0,126.0
46.0,-326.0,-94.0,-1624.0,-141.0,130.0
44.0,-328.0,-87.0,-1579.0,-114.0,122.0
29.0,-327.0,-89.0,-1533.0,-75.0,112.0
28.0,-319.0,-88.0,-1488.0,-38.0,112.0
21.0,-321.0,-85.0,-1440.0,4.0,112.0
18.0,-318.0,-86.0,-1391.0,47.0,112.0
18.0,-320.0,-83.0,-1344.0,80.0,108.0
18.0,-316.0,-79.0,-1300.0,102.0,101.0
18.0,-313.0,-87.0,-1256.0,113.0,93.0
16.0,-310.0,-93.0,-1225.0,112.0,86.0
19.0,-306.0,-93.0,-1198.0,102.0,82.0
15.0,-307.0,-97.0,-1175.0,91.0,78.0
14.0,-302.0,-98.0,-1156.0,73.0,79.0
12.0,-304.0,-102.0,-1140.0,52.0,85.0
9.0,-299.0,-106.0,-1119.0,25.0,98.0
16.0,-300.0,-110.0,-1096.0,-3.0,111.0
16.0,-294.0,-124.0,-1064.0,-25.0,122.0
14.0,-294.0,-127.0,-1034.0,-42.0,122.0
17.0,-293.0,-126.0,-998.0,-70.0,113.0
14.0,-288.0,-127.0,-963.0,-101.0,106.0
11.0,-283.0,-128.0,-919.0,-116.0,104.0
10.0,-283.0,-128.0,-869.0,-116.0,117.0
9.0,-282.0,-131.0,-813.0,-99.0,135.0
10.0,-280.0,-127.0,-755.0,-67.0,149.0
15.0,-282.0,-128.0,-698.0,-26.0,160.0
20.0,-279.0,-123.0,-635.0,19.0,163.0
20.0,-279.0,-123.0,-570.0,59.0,161.0
22.0,-275.0,-127.0,-510.0,90.0,160.0
26.0,-273.0,-130.0,-460.0,106.0,155.0
25.0,-273.0,-133.0,-418.0,112.0,146.0
27.0,-268.0,-138.0,-381.0,117.0,137.0
22.0,-265.0,-140.0,-352.0,128.0,127.0
24.0,-265.0,-139.0,-335.0,139.0,107.0
17.0,-259.0,-136.0,-326.0,146.0,88.0
19.0,-258.0,-136.0,-322.0,146.0,76.0
18.0,-257.0,-134.0,-322.0,141.0,62.0
23.0,-260.0,-133.0,-326.0,130.0,46.0
26.0,-257.0,-135.0,-332.0,120.0,35.0
21.0,-255.0,-133.0,-343.0,111.0,27.0
18.0,-257.0,-135.0,-353.0,102.0,23.0
24.0,-256.0,-132.0,-363.0,91.0,21.0
24.0,-258.0,-137.0,-365.0,86.0,21.0
25.0,-257.0,-133.0,-365.0,80.0,14.0
26.0,-264.0,-137.0,-355.0,75.0,7.0
21.0,-266.0,-135.0,-346.0,67.0,2.0
17.0,-266.0,-143.0,-330.0,57.0,-2.0
19.0,-267.0,-148.0,-314.0,50.0,-3.0
14.0,-269.0,-152.0,-291.0,42.0,1.0
19.0,-267.0,-150.0,-261.0,38.0,5.0
15.0,-269.0,-152.0,-228.0,32.0,2.0
18.0,-265.0,-154.0,-196.0,24.0,3.0
19.0,-266.0,-155.0,-165.0,21.0,10.0
18.0,-265.0,-156.0,-138.0,18.0,9.0
20.0,-266.0,-158.0,-113.0,20.0,2.0
24.0,-261.0,-152.0,-88.0,31.0,2.0
20.0,-256.0,-144.0,-54.0,45.0,8.0
23.0,-259.0,-149.0,-26.0,50.0,11.0
28.0,-258.0,-154.0,-5.0,61.0,7.0
24.0,-257.0,-148.0,10.0,98.0,-2.0
27.0,-260.0,-149.0,25.0,143.0,-10.0
30.0,-257.0,-146.0,39.0,179.0,-22.0
22.0,-259.0,-145.0,53.0,196.0,-31.0
11.0,-255.0,-145.0,70.0,207.0,-23.0
0.0,-254.0,-144.0,85.0,220.0,9.0
18.0,-250.0,-150.0,109.0,227.0,28.0
25.0,-253.0,-152.0,143.0,238.0,36.0
23.0,-255.0,-157.0,179.0,259.0,27.0
25.0,-250.0,-159.0,204.0,278.0,19.0
26.0,-251.0,-157.0,213.0,282.0,17.0
26.0,-256.0,-153.0,214.0,270.0,9.0
30.0,-251.0,-148.0,224.0,250.0,-1.0
18.0,-247.0,-147.0,251.0,237.0,2.0
17.0,-247.0,-144.0,285.0,221.0,7.0
22.0,-247.0,-143.0,316.0,210.0,7.0
19.0,-240.0,-145.0,339.0,219.0,-11.0
10.0,-236.0,-139.0,353.0,238.0,-4.0
5.0,-229.0,-140.0,358.0,239.0,13.0
5.0,-228.0,-142.0,350.0,230.0,26.0
10.0,-232.0,-142.0,330.0,225.0,33.0
15.0,-231.0,-146.0,309.0,236.0,34.0
13.0,-226.0,-137.0,289.0,243.0,35.0
14.0,-231.0,-140.0,266.0,240.0,34.0
18.0,-230.0,-133.0,242.0,227.0,30.0
20.0,-234.0,-131.0,222.0,202.0,27.0
24.0,-235.0,-128.0,203.0,176.0,22.0
21.0,-241.0,-130.0,189.0,150.0,5.0
17.0,-247.0,-130.0,176.0,126.0,-15.0
14.0,-250.0,-134.0,156.0,102.0,-14.0
20.0,-252.0,-124.0,140.0,86.0,-10.0
20.0,-253.0,-124.0,148.0,73.0,-19.0
17.0,-252.0,-126.0,162.0,59.0,-25.0
18.0,-247.0,-123.0,179.0,44.0,-26.0
18.0,-245.0,-129.0,200.0,31.0,-32.0
17.0,-244.0,-130.0,215.0,23.0,-34.0
19.0,-242.0,-136.0,213.0,22.0,-24.0
18.0,-240.0,-131.0,200.0,27.0,-9.0
19.0,-236.0,-134.0,188.0,30.0,1.0
21.0,-236.0,-128.0,187.0,25.0,3.0
23.0,-236.0,-132.0,187.0,12.0,-4.0
20.0,-236.0,-134.0,193.0,-1.0,-11.0
22.0,-233.0,-127.0,200.0,-14.0,-16.0
24.0,-233.0,-129.0,204.0,-21.0,-20.0
24.0,-229.0,-131.0,207.0,-20.0,-25.0
23.0,-231.0,-131.0,203.0,-14.0,-35.0
14.0,-225.0,-132.0,197.0,-2.0,-35.0
24.0,-226.0,-132.0,197.0,24.0,-21.0
29.0,-229.0,-130.0,198.0,66.0,-13.0
7.0,-232.0,-129.0,195.0,102.0,-26.0
0.0,-229.0,-126.0,194.0,105.0,-33.0
1.0,-233.0,-122.0,196.0,87.0,-39.0
22.0,-230.0,-116.0,219.0,77.0,-32.0
29.0,-225.0,-120.0,260.0,93.0,-35.0
35.0,-218.0,-119.0,294.0,116.0,-53.0
35.0,-213.0,-119.0,314.0,130.0,-71.0
25.0,-208.0,-123.0,323.0,133.0,-78.0
28.0,-208.0,-126.0,317.0,123.0,-69.0
33.0,-206.0,-132.0,297.0,129.0,-59.0
34.0,-209.0,-130.0,268.0,153.0,-50.0
30.0,-213.0,-130.0,232.0,192.0,-35.0
35.0,-220.0,-126.0,206.0,221.0,-22.0
35.0,-217.0,-119.0,193.0,232.0,-12.0
20.0,-212.0,-108.0,213.0,226.0,17.0
19.0,-212.0,-111.0,254.0,204.0,59.0
27.0,-221.0,-111.0,276.0,178.0,83.0
31.0,-225.0,-115.0,263.0,162.0,97.0
42.0,-237.0,-115.0,225.0,169.0,92.0
38.0,-242.0,-113.0,195.0,211.0,62.0
22.0,-241.0,-112.0,183.0,244.0,34.0
13.0,-241.0,-104.0,183.0,227.0,37.0
14.0,-243.0,-106.0,184.0,182.0,62.0
11.0,-247.0,-111.0,180.0,140.0,85.0
17.0,-246.0,-115.0,173.0,122.0,101.0
13.0,-241.0,-118.0,173.0,130.0,110.0
15.0,-244.0,-117.0,175.0,150.0,122.0
13.0,-245.0,-118.0,173.0,164.0,130.0
7.0,-243.0,-119.0,170.0,168.0,122.0
9.0,-243.0,-124.0,161.0,158.0,117.0
5.0,-238.0,-121.0,152.0,140.0,113.0
4.0,-238.0,-120.0,154.0,116.0,114.0
5.0,-233.0,-122.0,161.0,93.0,113.0
4.0,-232.0,-116.0,174.0,77.0,104.0
5.0,-224.0,-114.0,191.0,60.0,90.0
12.0,-226.0,-122.0,219.0,45.0,66.0
19.0,-225.0,-117.0,233.0,44.0,41.0
18.0,-221.0,-120.0,237.0,53.0,24.0
22.0,-227.0,-121.0,233.0,68.0,17.0
21.0,-224.0,-121.0,233.0,78.0,8.0
24.0,-221.0,-119.0,237.0,83.0,-3.0
26.0,-221.0,-117.0,234.0,78.0,-8.0
25.0,-221.0,-120.0,235.0,70.0,-12.0
31.0,-217.0,-116.0,242.0,58.0,-19.0
33.0,-219.0,-114.0,264.0,48.0,-30.0
35.0,-217.0,-120.0,291.0,45.0,-47.0
33.0,-216.0,-119.0,312.0,46.0,-63.0
30.0,-215.0,-120.0,322.0,47.0,-72.0
28.0,-217.0,-117.0,320.0,52.0,-82.0
19.0,-221.0,-115.0,310.0,57.0,-81.0
15.0,-224.0,-109.0,296.0,51.0,-64.0
12.0,-225.0,-109.0,293.0,31.0,-48.0
13.0,-229.0,-110.0,299.0,10.0,-37.0
14.0,-229.0,-109.0,301.0,-9.0,-32.0
17.0,-229.0,-108.0,310.0,-30.0,-36.0
16.0,-230.0,-109.0,313.0,-46.0,-43.0
17.0,-231.0,-111.0,314.0,-59.0,-46.0
17.0,-230.0,-113.0,303.0,-67.0,-43.0
15.0,-231.0,-118.0,295.0,-70.0,-39.0
21.0,-233.0,-118.0,287.0,-68.0,-37.0
16.0,-235.0,-124.0,280.0,-61.0,-34.0
22.0,-235.0,-120.0,275.0,-48.0,-31.0
23.0,-239.0,-122.0,267.0,-38.0,-29.0
21.0,-239.0,-124.0,259.0,-35.0,-28.0
21.0,-244.0,-117.0,252.0,-37.0,-26.0
19.0,-243.0,-117.0,255.0,-42.0,-28.0
22.0,-245.0,-113.0,266.0,-49.0,-34.0
21.0,-246.0,-114.0,281.0,-46.0,-44.0
19.0,-240.0,-112.0,299.0,-42.0,-54.0
21.0,-240.0,-113.0,317.0,-34.0,-58.0
23.0,-236.0,-116.0,333.0,-32.0,-61.0
22.0,-232.0,-115.0,346.0,-31.0,-62.0
22.0,-227.0,-118.0,352.0,-36.0,-60.0
21.0,-224.0,-120.0,346.0,-39.0,-56.0
18.0,-224.0,-125.0,330.0,-45.0,-54.0
15.0,-222.0,-126.0,308.0,-45.0,-52.0
17.0,-218.0,-126.0,288.0,-45.0,-49.0
15.0,-220.0,-131.0,271.0,-41.0,-45.0
17.0,-220.0,-129.0,256.0,-35.0,-39.0
20.0,-222.0,-127.0,245.0,-30.0,-35.0
16.0,-222.0,-126.0,242.0,-21.0,-30.0
20.0,-227.0,-125.0,238.0,-17.0,-26.0
16.0,-224.0,-121.0,240.0,-11.0,-24.0
21.0,-231.0,-124.0,245.0,-7.0,-20.0
20.0,-232.0,-119.0,255.0,2.0,-14.0
22.0,-233.0,-114.0,273.0,14.0,-10.0
23.0,-236.0,-115.0,293.0,26.0,-9.0
20.0,-237.0,-115.0,314.0,35.0,-11.0
18.0,-238.0,-115.0,336.0,40.0,-12.0
17.0,-239.0,-115.0,352.0,43.0,-10.0
19.0,-235.0,-122.0,363.0,41.0,-9.0
20.0,-233.0,-122.0,367.0,38.0,-8.0
22.0,-224.0,-123.0,361.0,36.0,-6.0
20.0,-219.0,-128.0,353.0,32.0,-6.0
22.0,-215.0,-128.0,343.0,32.0,-5.0
27.0,-207.0,-128.0,335.0,32.0,-9.0
24.0,-200.0,-130.0,330.0,34.0,-10.0
26.0,-199.0,-129.0,321.0,39.0,-13.0
25.0,-197.0,-126.0,316.0,46.0,-17.0
27.0,-197.0,-119.0,316.0,55.0,-18.0
25.0,-197.0,-111.0,320.0,65.0,-22.0
26.0,-201.0,-105.0,330.0,75.0,-26.0
26.0,-210.0,-100.0,340.0,90.0,-30.0
29.0,-215.0,-98.0,348.0,110.0,-37.0
26.0,-222.0,-95.0,356.0,126.0,-43.0
21.0,-231.0,-91.0,362.0,138.0,-52.0
20.0,-235.0,-89.0,361.0,141.0,-63.0
18.0,-238.0,-91.0,356.0,137.0,-67.0
16.0,-242.0,-92.0,344.0,126.0,-71.0
11.0,-243.0,-101.0,326.0,115.0,-71.0
7.0,-241.0,-110.0,301.0,107.0,-69.0
10.0,-237.0,-119.0,274.0,101.0,-65.0
12.0,-232.0,-125.0,252.0,97.0,-63.0
11.0,-223.0,-133.0,243.0,93.0,-60.0
11.0,-210.0,-144.0,245.0,89.0,-60.0
10.0,-195.0,-149.0,251.0,81.0,-60.0
12.0,-185.0,-155.0,254.0,71.0,-60.0
7.0,-169.0,-158.0,243.0,56.0,-61.0
4.0,-152.0,-165.0,220.0,41.0,-60.0
0.0,-139.0,-160.0,185.0,27.0,-61.0
-2.0,-129.0,-154.0,147.0,17.0,-56.0
0.0,-126.0,-140.0,115.0,12.0,-49.0
5.0,-119.0,-128.0,95.0,11.0,-36.0
12.0,-120.0,-119.0,90.0,22.0,-14.0
24.0,-125.0,-105.0,91.0,40.0,5.0
37.0,-129.0,-94.0,101.0,67.0,19.0
52.0,-139.0,-83.0,123.0,96.0,19.0
60.0,-152.0,-79.0,145.0,120.0,11.0
71.0,-165.0,-73.0,163.0,157.0,-4.0
72.0,-173.0,-74.0,177.0,190.0,-23.0
73.0,-177.0,-76.0,192.0,209.0,-43.0
69.0,-175.0,-82.0,203.0,214.0,-67.0
66.0,-168.0,-85.0,204.0,203.0,-86.0
57.0,-147.0,-84.0,188.0,182.0,-100.0
55.0,-130.0,-91.0,160.0,144.0,-111.0
48.0,-107.0,-88.0,126.0,94.0,-129.0
40.0,-83.0,-93.0,94.0,33.0,-151.0
30.0,-61.0,-87.0,69.0,-26.0,-177.0
24.0,-36.0,-82.0,60.0,-77.0,-210.0
20.0,-15.0,-73.0,63.0,-117.0,-242.0
12.0,3.0,-68.0,75.0,-147.0,-270.0
8.0,18.0,-64.0,85.0,-174.0,-294.0
12.0,24.0,-71.0,81.0,-198.0,-308.0
6.0,30.0,-73.0,56.0,-213.0,-311.0
12.0,30.0,-75.0,-6.0,-224.0,-300.0
11.0,30.0,-81.0,-109.0,-224.0,-276.0
9.0,13.0,-82.0,-246.0,-216.0,-239.0
3.0,-2.0,-85.0,-407.0,-204.0,-187.0
0.0,-30.0,-88.0,-576.0,-196.0,-121.0
-5.0,-54.0,-93.0,-734.0,-189.0,-40.0
0.0,-79.0,-97.0,-871.0,-172.0,56.0
5.0,-104.0,-103.0,-973.0,-143.0,162.0
17.0,-127.0,-108.0,-1035.0,-93.0,260.0
27.0,-146.0,-120.0,-1076.0,-39.0,343.0
38.0,-170.0,-126.0,-1101.0,-10.0,411.0
52.0,-196.0,-136.0,-1103.0,-15.0,459.0
62.0,-224.0,-133.0,-1092.0,-43.0,490.0
73.0,-253.0,-122.0,-1054.0,-75.0,506.0
79.0,-284.0,-115.0,-956.0,-105.0,509.0
84.0,-322.0,-104.0,-795.0,-128.0,496.0
76.0,-356.0,-97.0,-567.0,-139.0,471.0
62.0,-390.0,-91.0,-281.0,-148.0,426.0
39.0,-429.0,-90.0,36.0,-164.0,375.0
24.0,-465.0,-90.0,360.0,-178.0,352.0
21.0,-494.0,-78.0,656.0,-164.0,310.0
15.0,-499.0,-65.0,912.0,-101.0,220.0
19.0,-489.0,-50.0,1117.0,2.0,105.0
33.0,-464.0,-36.0,1268.0,114.0,-24.0
49.0,-430.0,-38.0,1374.0,215.0,-164.0
61.0,-388.0,-39.0,1440.0,301.0,-294.0
67.0,-353.0,-46.0,1462.0,382.0,-392.0
80.0,-330.0,-36.0,1449.0,475.0,-457.0
97.0,-332.0,-15.0,1402.0,579.0,-497.0
115.0,-370.0,40.0,1324.0,661.0,-539.0
171.0,-459.0,182.0,1246.0,738.0,-592.0
253.0,-652.0,292.0,1264.0,920.0,-664.0
271.0,-882.0,60.0,1213.0,1167.0,-761.0
276.0,-1147.0,-132.0,876.0,1111.0,-708.0
242.0,-1432.0,-251.0,610.0,693.0,-519.0
194.0,-1593.0,-279.0,856.0,351.0,-170.0
58.0,-1612.0,-277.0,1481.0,362.0,63.0
-188.0,-1428.0,-174.0,2523.0,385.0,-14.0
-318.0,-1049.0,27.0,3811.0,148.0,-62.0
-213.0,-663.0,103.0,4474.0,-112.0,-53.0
-179.0,-423.0,95.0,4138.0,-48.0,-77.0
-199.0,-293.0,92.0,3235.0,309.0,-113.0
-236.0,-171.0,94.0,2419.0,678.0,-171.0
-230.0,-72.0,93.0,1974.0,785.0,-110.0
-190.0,4.0,67.0,1823.0,565.0,88.0
-128.0,58.0,6.0,1819.0,206.0,369.0
-55.0,90.0,-62.0,1829.0,-153.0,640.0
8.0,138.0,-91.0,1712.0,-515.0,744.0
40.0,199.0,-66.0,1370.0,-649.0,631.0
52.0,246.0,-22.0,796.0,-561.0,397.0
47.0,234.0,22.0,4.0,-287.0,162.0
21.0,159.0,63.0,-852.0,42.0,-1.0
8.0,39.0,93.0,-1629.0,290.0,-69.0
5.0,-98.0,112.0,-1901.0,393.0,-57.0
4.0,-239.0,96.0,-1756.0,291.0,41.0
14.0,-328.0,77.0,-1241.0,22.0,175.0
21.0,-359.0,64.0,-654.0,-273.0,283.0
25.0,-370.0,68.0,-268.0,-464.0,344.0
20.0,-378.0,74.0,-63.0,-512.0,360.0
11.0,-378.0,78.0,122.0,-506.0,348.0
7.0,-358.0,66.0,370.0,-522.0,318.0
9.0,-321.0,53.0,637.0,-531.0,288.0
21.0,-279.0,30.0,848.0,-489.0,264.0
27.0,-243.0,18.0,977.0,-404.0,242.0
39.0,-224.0,18.0,1052.0,-314.0,214.0
48.0,-214.0,21.0,1120.0,-255.0,178.0
59.0,-213.0,25.0,1188.0,-241.0,140.0
65.0,-223.0,39.0,1238.0,-259.0,98.0
76.0,-236.0,48.0,1269.0,-286.0,59.0
80.0,-249.0,62.0,1277.0,-304.0,27.0
81.0,-255.0,62.0,1279.0,-309.0,1.0
79.0,-258.0,61.0,1274.0,-305.0,-17.0
71.0,-257.0,61.0,1247.0,-288.0,-26.0
64.0,-251.0,64.0,1190.0,-263.0,-25.0
57.0,-244.0,60.0,1117.0,-241.0,-23.0
53.0,-245.0,63.0,1050.0,-221.0,-19.0
53.0,-245.0,62.0,996.0,-192.0,-12.0
50.0,-247.0,62.0,951.0,-150.0,-8.0
52.0,-249.0,65.0,923.0,-97.0,-17.0
53.0,-242.0,67.0,907.0,-44.0,-33.0
52.0,-243.0,68.0,892.0,-6.0,-52.0
49.0,-245.0,70.0,872.0,10.0,-71.0
39.0,-242.0,74.0,850.0,8.0,-90.0
33.0,-241.0,70.0,821.0,-9.0,-102.0
21.0,-246.0,70.0,787.0,-34.0,-105.0
6.0,-240.0,67.0,742.0,-58.0,-100.0
1.0,-239.0,66.0,691.0,-81.0,-86.0
-3.0,-238.0,64.0,636.0,-93.0,-68.0
-2.0,-237.0,62.0,588.0,-93.0,-54.0
-2.0,-233.0,61.0,551.0,-93.0,-41.0
2.0,-231.0,62.0,505.0,-93.0,-34.0
8.0,-228.0,61.0,458.0,-86.0,-31.0
17.0,-226.0,62.0,403.0,-69.0,-36.0
18.0,-226.0,59.0,336.0,-44.0,-46.0
25.0,-221.0,63.0,271.0,-26.0,-52.0
28.0,-224.0,63.0,221.0,-18.0,-52.0
30.0,-228.0,62.0,198.0,-25.0,-48.0
31.0,-233.0,57.0,202.0,-42.0,-47.0
29.0,-234.0,57.0,217.0,-63.0,-50.0
30.0,-238.0,53.0,240.0,-80.0,-58.0
25.0,-243.0,51.0,266.0,-90.0,-72.0
27.0,-243.0,53.0,289.0,-93.0,-80.0
24.0,-244.0,54.0,306.0,-92.0,-85.0
23.0,-240.0,53.0,323.0,-87.0,-84.0
20.0,-242.0,53.0,334.0,-80.0,-82.0
18.0,-240.0,59.0,351.0,-73.0,-75.0
17.0,-240.0,52.0,368.0,-70.0,-64.0
17.0,-240.0,54.0,384.0,-72.0,-50.0
15.0,-240.0,54.0,399.0,-77.0,-34.0
19.0,-241.0,55.0,413.0,-86.0,-20.0
16.0,-244.0,60.0,425.0,-94.0,-10.0
23.0,-241.0,59.0,436.0,-105.0,-4.0
26.0,-238.0,59.0,435.0,-117.0,6.0
28.0,-239.0,51.0,428.0,-125.0,14.0
32.0,-238.0,53.0,416.0,-127.0,17.0
35.0,-239.0,50.0,403.0,-125.0,22.0
39.0,-238.0,50.0,391.0,-120.0,24.0
42.0,-239.0,48.0,376.0,-116.0,25.0
43.0,-237.0,51.0,356.0,-108.0,24.0
43.0,-240.0,55.0,337.0,-101.0,24.0
42.0,-238.0,46.0,320.0,-96.0,25.0
46.0,-237.0,46.0,304.0,-87.0,26.0
42.0,-239.0,44.0,289.0,-77.0,27.0
41.0,-238.0,40.0,272.0,-69.0,27.0
41.0,-239.0,43.0,253.0,-59.0,27.0
39.0,-244.0,39.0,234.0,-50.0,27.0
33.0,-246.0,42.0,216.0,-45.0,24.0
33.0,-250.0,42.0,204.0,-40.0,23.0
31.0,-253.0,41.0,205.0,-36.0,27.0
33.0,-255.0,45.0,207.0,-42.0,23.0
26.0,-253.0,47.0,213.0,-57.0,20.0
29.0,-254.0,51.0,221.0,-73.0,20.0
30.0,-254.0,47.0,229.0,-86.0,25.0
30.0,-254.0,46.0,232.0,-97.0,29.0
29.0,-250.0,54.0,235.0,-105.0,32.0
32.0,-253.0,48.0,238.0,-113.0,37.0
31.0,-248.0,49.0,240.0,-118.0,41.0
36.0,-249.0,45.0,239.0,-120.0,44.0
35.0,-246.0,49.0,237.0,-120.0,48.0
32.0,-250.0,49.0,231.0,-118.0,51.0
34.0,-248.0,48.0,221.0,-113.0,53.0
32.0,-245.0,50.0,215.0,-106.0,52.0
30.0,-243.0,53.0,212.0,-101.0,51.0
31.0,-247.0,55.0,211.0,-91.0,50.0
35.0,-247.0,58.0,212.0,-84.0,46.0
31.0,-245.0,58.0,214.0,-78.0,44.0
30.0,-242.0,59.0,212.0,-74.0,41.0
32.0,-243.0,60.0,209.0,-73.0,38.0
30.0,-239.0,57.0,204.0,-72.0,37.0
27.0,-242.0,58.0,193.0,-69.0,37.0
32.0,-238.0,63.0,182.0,-69.0,38.0
29.0,-236.0,62.0,164.0,-67.0,39.0
36.0,-237.0,70.0,145.0,-65.0,41.0
33.0,-233.0,66.0,124.0,-64.0,43.0
36.0,-232.0,70.0,107.0,-63.0,42.0
34.0,-235.0,68.0,88.0,-63.0,36.0
35.0,-231.0,67.0,76.0,-59.0,31.0
32.0,-227.0,66.0,65.0,-53.0,24.0
34.0,-231.0,65.0,57.0,-41.0,20.0
33.0,-229.0,67.0,49.0,-32.0,18.0
34.0,-227.0,66.0,41.0,-25.0,13.0
34.0,-228.0,69.0,32.0,-20.0,10.0
35.0,-230.0,67.0,24.0,-14.0,6.0
38.0,-231.0,68.0,20.0,-5.0,4.0
32.0,-234.0,70.0,14.0,4.0,2.0
35.0,-233.0,67.0,9.0,11.0,1.0
33.0,-233.0,69.0,5.0,16.0,2.0
31.0,-234.0,66.0,4.0,22.0,3.0
31.0,-235.0,70.0,4.0,25.0,5.0
28.0,-233.0,68.0,5.0,29.0,8.0
28.0,-236.0,64.0,4.0,29.0,9.0
25.0,-233.0,65.0,0.0,30.0,12.0
23.0,-233.0,66.0,-5.0,31.0,16.0
24.0,-232.0,65.0,-12.0,32.0,20.0
23.0,-233.0,65.0,-16.0,32.0,24.0
24.0,-236.0,65.0,-21.0,34.0,24.0
26.0,-235.0,66.0,-25.0,34.0,24.0
27.0,-234.0,65.0,-27.0,40.0,23.0
30.0,-236.0,68.0,-27.0,46.0,22.0
32.0,-236.0,71.0,-29.0,52.0,19.0
29.0,-235.0,68.0,-30.0,56.0,16.0
32.0,-234.0,68.0,-33.0,59.0,12.0
32.0,-234.0,67.0,-34.0,63.0,9.0
31.0,-234.0,67.0,-37.0,66.0,6.0
31.0,-237.0,66.0,-38.0,68.0,6.0
31.0,-234.0,65.0,-40.0,67.0,3.0
31.0,-237.0,65.0,-42.0,67.0,2.0
30.0,-233.0,66.0,-47.0,68.0,1.0
29.0,-237.0,68.0,-49.0,68.0,0.0
28.0,-237.0,69.0,-47.0,71.0,-2.0
27.0,-237.0,69.0,-44.0,76.0,-2.0
30.0,-238.0,68.0,-40.0,80.0,-7.0
29.0,-239.0,67.0,-33.0,86.0,-9.0
30.0,-239.0,69.0,-23.0,90.0,-11.0
28.0,-241.0,68.0,-14.0,93.0,-14.0
25.0,-239.0,66.0,-5.0,94.0,-17.0
23.0,-236.0,68.0,1.0,96.0,-18.0
26.0,-235.0,67.0,5.0,97.0,-18.0
27.0,-232.0,67.0,5.0,96.0,-17.0
29.0,-235.0,68.0,1.0,96.0,-16.0
27.0,-234.0,70.0,-1.0,97.0,-17.0
31.0,-236.0,70.0,-3.0,97.0,-16.0
30.0,-233.0,70.0,-4.0,97.0,-13.0
32.0,-230.0,72.0,-6.0,95.0,-13.0
27.0,-229.0,71.0,-10.0,94.0,-14.0
27.0,-231.0,73.0,-12.0,94.0,-14.0
29.0,-232.0,67.0,-14.0,92.0,-15.0
31.0,-232.0,71.0,-16.0,90.0,-15.0
29.0,-230.0,71.0,-16.0,87.0,-16.0
28.0,-231.0,69.0,-19.0,86.0,-15.0
29.0,-230.0,75.0,-24.0,84.0,-15.0
26.0,-233.0,72.0,-27.0,83.0,-15.0
30.0,-233.0,72.0,-31.0,88.0,-16.0
28.0,-230.0,73.0,-39.0,92.0,-18.0
29.0,-238.0,82.0,-46.0,99.0,-19.0
30.0,-230.0,75.0,-54.0,105.0,-21.0
28.0,-236.0,76.0,-61.0,108.0,-24.0
28.0,-232.0,69.0,-68.0,107.0,-25.0
28.0,-231.0,68.0,-77.0,104.0,-26.0
26.0,-232.0,67.0,-88.0,100.0,-25.0
28.0,-234.0,71.0,-101.0,99.0,-24.0
25.0,-235.0,70.0,-116.0,97.0,-23.0
28.0,-232.0,68.0,-131.0,95.0,-23.0
26.0,-233.0,66.0,-141.0,92.0,-21.0
26.0,-235.0,68.0,-148.0,88.0,-22.0
19.0,-235.0,79.0,-151.0,84.0,-21.0
26.0,-236.0,66.0,-150.0,78.0,-20.0
27.0,-240.0,66.0,-143.0,75.0,-20.0
27.0,-239.0,65.0,-137.0,74.0,-19.0
26.0,-241.0,67.0,-131.0,74.0,-17.0
26.0,-239.0,60.0,-127.0,75.0,-17.0
27.0,-241.0,65.0,-127.0,76.0,-16.0
28.0,-245.0,64.0,-128.0,78.0,-14.0
27.0,-244.0,63.0,-129.0,79.0,-14.0
28.0,-246.0,60.0,-128.0,78.0,-15.0
28.0,-245.0,58.0,-129.0,74.0,-15.0
38.0,-241.0,60.0,-131.0,68.0,-15.0
27.0,-245.0,62.0,-130.0,63.0,-16.0
27.0,-248.0,59.0,-123.0,56.0,-19.0
31.0,-246.0,60.0,-116.0,48.0,-21.0
32.0,-247.0,57.0,-108.0,43.0,-23.0
29.0,-244.0,54.0,-97.0,39.0,-23.0
26.0,-244.0,55.0,-91.0,39.0,-21.0
33.0,-245.0,58.0,-81.0,40.0,-20.0
31.0,-243.0,58.0,-69.0,39.0,-20.0
27.0,-245.0,59.0,-54.0,40.0,-20.0
28.0,-242.0,57.0,-45.0,38.0,-21.0
25.0,-231.0,39.0,-37.0,38.0,-19.0
28.0,-248.0,57.0,-32.0,38.0,-19.0
26.0,-244.0,59.0,-29.0,37.0,-19.0
25.0,-244.0,61.0,-24.0,37.0,-18.0
26.0,-245.0,61.0,-13.0,37.0,-16.0
23.0,-242.0,59.0,-1.0,40.0,-14.0
22.0,-248.0,59.0,11.0,44.0,-12.0
25.0,-244.0,60.0,23.0,46.0,-10.0
24.0,-243.0,59.0,30.0,48.0,-8.0
24.0,-242.0,58.0,33.0,50.0,-6.0
24.0,-244.0,56.0,36.0,51.0,-5.0
34.0,-249.0,46.0,36.0,53.0,-2.0
24.0,-245.0,59.0,34.0,57.0,0.0
26.0,-247.0,64.0,37.0,59.0,2.0
23.0,-245.0,63.0,44.0,58.0,3.0
23.0,-245.0,66.0,54.0,55.0,4.0
26.0,-246.0,66.0,65.0,51.0,4.0
23.0,-245.0,68.0,78.0,46.0,3.0
22.0,-244.0,67.0,86.0,41.0,4.0
23.0,-239.0,66.0,92.0,39.0,5.0
22.0,-239.0,69.0,92.0,40.0,2.0
19.0,-239.0,83.0,93.0,44.0,0.0
24.0,-237.0,64.0,95.0,51.0,-1.0
21.0,-237.0,60.0,101.0,56.0,-4.0
22.0,-238.0,62.0,110.0,55.0,-7.0
22.0,-233.0,61.0,118.0,50.0,-9.0
24.0,-232.0,64.0,124.0,49.0,-10.0
26.0,-235.0,66.0,127.0,48.0,-12.0
26.0,-235.0,65.0,131.0,50.0,-15.0
26.0,-235.0,67.0,132.0,52.0,-17.0
23.0,-232.0,73.0,135.0,52.0,-18.0
24.0,-236.0,73.0,139.0,49.0,-19.0
32.0,-242.0,81.0,143.0,45.0,-16.0
22.0,-236.0,73.0,147.0,40.0,-17.0
26.0,-237.0,77.0,150.0,35.0,-19.0
20.0,-235.0,82.0,152.0,31.0,-20.0
21.0,-230.0,72.0,153.0,25.0,-20.0
19.0,-231.0,77.0,150.0,19.0,-21.0
18.0,-227.0,74.0,143.0,13.0,-23.0
20.0,-227.0,79.0,136.0,11.0,-25.0
18.0,-226.0,75.0,129.0,10.0,-27.0
18.0,-223.0,76.0,120.0,9.0,-27.0
21.0,-225.0,72.0,107.0,7.0,-27.0
14.0,-217.0,69.0,89.0,5.0,-28.0
22.0,-226.0,78.0,72.0,9.0,-26.0
19.0,-226.0,80.0,56.0,16.0,-23.0
21.0,-224.0,77.0,45.0,22.0,-21.0
22.0,-223.0,82.0,38.0,18.0,-20.0
20.0,-225.0,82.0,36.0,17.0,-22.0
21.0,-225.0,81.0,37.0,21.0,-20.0
28.0,-225.0,86.0,42.0,20.0,-18.0
29.0,-225.0,83.0,44.0,16.0,-16.0
24.0,-223.0,81.0,42.0,9.0,-15.0
24.0,-222.0,84.0,34.0,-5.0,-18.0
28.0,-228.0,91.0,21.0,-18.0,-20.0
26.0,-219.0,82.0,5.0,-28.0,-17.0
26.0,-224.0,80.0,-11.0,-28.0,-17.0
24.0,-221.0,79.0,-28.0,-23.0,-18.0
24.0,-220.0,80.0,-45.0,-13.0,-17.0
20.0,-228.0,81.0,-59.0,-6.0,-13.0
17.0,-223.0,86.0,-70.0,-5.0,-18.0
20.0,-220.0,81.0,-80.0,-16.0,-23.0
19.0,-229.0,82.0,-87.0,-34.0,-26.0
25.0,-227.0,82.0,-103.0,-38.0,-11.0
27.0,-231.0,79.0,-131.0,-36.0,14.0
26.0,-228.0,67.0,-154.0,-42.0,41.0
43.0,-230.0,80.0,-153.0,-55.0,61.0
43.0,-228.0,76.0,-130.0,-68.0,62.0
39.0,-225.0,75.0,-89.0,-82.0,52.0
32.0,-225.0,74.0,-63.0,-81.0,35.0
34.0,-229.0,70.0,-44.0,-57.0,22.0
31.0,-222.0,74.0,-36.0,-17.0,5.0
28.0,-221.0,76.0,-44.0,30.0,-14.0
32.0,-224.0,83.0,-56.0,73.0,-30.0
30.0,-224.0,86.0,-65.0,106.0,-44.0
33.0,-227.0,86.0,-75.0,124.0,-57.0
38.0,-223.0,79.0,-83.0,123.0,-71.0
29.0,-225.0,84.0,-94.0,119.0,-76.0
31.0,-228.0,81.0,-105.0,113.0,-81.0
32.0,-229.0,81.0,-114.0,104.0,-85.0
24.0,-229.0,77.0,-119.0,95.0,-86.0
23.0,-230.0,78.0,-126.0,95.0,-80.0
21.0,-233.0,81.0,-133.0,80.0,-74.0
21.0,-234.0,77.0,-131.0,42.0,-74.0
35.0,-232.0,78.0,-133.0,0.0,-53.0
31.0,-233.0,79.0,-139.0,-34.0,-33.0
27.0,-227.0,79.0,-133.0,-69.0,-36.0
27.0,-232.0,63.0,-125.0,-86.0,-36.0
21.0,-230.0,72.0,-132.0,-74.0,-32.0
19.0,-232.0,77.0,-145.0,-37.0,-21.0
23.0,-231.0,80.0,-153.0,3.0,-6.0
30.0,-232.0,79.0,-143.0,28.0,6.0
20.0,-231.0,79.0,-131.0,43.0,14.0
