-8.0,-214.0,-160.0,-273.0,-21.0,3.0
-11.0,-209.0,-166.0,-254.0,-25.0,-3.0
-9.0,-210.0,-159.0,-236.0,-34.0,-2.0
-9.0,-206.0,-160.0,-217.0,-33.0,-6.0
-7.0,-204.0,-162.0,-199.0,-29.0,-4.0
-9.0,-203.0,-156.0,-191.0,-23.0,-4.0
-8.0,-204.0,-161.0,-186.0,-18.0,-1.0
-7.0,-207.0,-163.0,-182.0,-15.0,-3.0
-6.0,-203.0,-161.0,-175.0,-5.0,-4.0
-8.0,-201.0,-169.0,-166.0,6.0,-12.0
-9.0,-199.0,-162.0,-158.0,18.0,-13.0
-9.0,-200.0,-157.0,-153.0,18.0,-18.0
-11.0,-197.0,-157.0,-148.0,18.0,-22.0
-13.0,-195.0,-164.0,-146.0,12.0,-27.0
-12.0,-194.0,-160.0,-144.0,1.0,-25.0
-12.0,-193.0,-160.0,-141.0,-9.0,-25.0
-12.0,-197.0,-161.0,-136.0,-17.0,-20.0
-12.0,-193.0,-163.0,-134.0,-19.0,-16.0
-10.0,-195.0,-161.0,-128.0,-16.0,-6.0
-11.0,-195.0,-158.0,-121.0,-12.0,0.0
-10.0,-197.0,-158.0,-110.0,-10.0,3.0
-10.0,-193.0,-155.0,-99.0,-10.0,2.0
-10.0,-195.0,-156.0,-91.0,-12.0,3.0
-10.0,-193.0,-160.0,-84.0,-13.0,0.0
-10.0,-194.0,-159.0,-79.0,-13.0,4.0
-10.0,-189.0,-162.0,-78.0,-12.0,2.0
-8.0,-192.0,-166.0,-82.0,-8.0,1.0
-11.0,-190.0,-161.0,-86.0,0.0,-4.0
-9.0,-190.0,-166.0,-85.0,4.0,-5.0
-10.0,-189.0,-166.0,-83.0,10.0,-10.0
-10.0,-189.0,-168.0,-78.0,14.0,-12.0
-9.0,-192.0,-175.0,-80.0,17.0,-14.0
-8.0,-192.0,-173.0,-85.0,19.0,-14.0
-9.0,-194.0,-175.0,-86.0,21.0,-20.0
-9.0,-192.0,-172.0,-75.0,20.0,-24.0
-8.0,-191.0,-172.0,-64.0,16.0,-23.0
-10.0,-192.0,-167.0,-54.0,10.0,-24.0
-11.0,-188.0,-168.0,-47.0,4.0,-27.0
-11.0,-185.0,-170.0,-42.0,-7.0,-27.0
-10.0,-187.0,-164.0,-38.0,-11.0,-31.0
-11.0,-188.0,-169.0,-37.0,-15.0,-32.0
-11.0,-185.0,-165.0,-37.0,-18.0,-33.0
-11.0,-186.0,-167.0,-38.0,-22.0,-30.0
-14.0,-183.0,-166.0,-40.0,-23.0,-29.0
-12.0,-187.0,-173.0,-38.0,-26.0,-26.0
-11.0,-187.0,-166.0,-33.0,-30.0,-27.0
-10.0,-185.0,-172.0,-19.0,-36.0,-26.0
-10.0,-184.0,-173.0,-5.0,-36.0,-27.0
-10.0,-179.0,-179.0,5.0,-41.0,-24.0
-7.0,-182.0,-181.0,3.0,-44.0,-27.0
-7.0,-179.0,-178.0,-2.0,-46.0,-30.0
-7.0,-183.0,-182.0,-6.0,-45.0,-34.0
-10.0,-184.0,-183.0,-5.0,-46.0,-36.0
-10.0,-185.0,-178.0,-3.0,-47.0,-44.0
-10.0,-184.0,-179.0,2.0,-46.0,-48.0
-11.0,-186.0,-175.0,9.0,-42.0,-52.0
-10.0,-187.0,-177.0,19.0,-36.0,-57.0
-12.0,-181.0,-173.0,24.0,-27.0,-61.0
-12.0,-185.0,-173.0,27.0,-22.0,-59.0
-12.0,-183.0,-177.0,31.0,-21.0,-61.0
-12.0,-181.0,-177.0,34.0,-22.0,-58.0
-12.0,-185.0,-175.0,39.0,-25.0,-62.0
-12.0,-183.0,-178.0,45.0,-25.0,-61.0
-12.0,-180.0,-177.0,52.0,-29.0,-62.0
-11.0,-182.0,-178.0,58.0,-32.0,-62.0
-11.0,-182.0,-177.0,61.0,-38.0,-63.0
-10.0,-181.0,-180.0,61.0,-36.0,-64.0
-10.0,-184.0,-181.0,61.0,-31.0,-67.0
-12.0,-184.0,-184.0,58.0,-26.0,-67.0
-11.0,-184.0,-179.0,58.0,-27.0,-67.0
-11.0,-185.0,-182.0,62.0,-27.0,-63.0
-10.0,-185.0,-180.0,71.0,-24.0,-63.0
-6.0,-183.0,-179.0,81.0,-17.0,-61.0
-7.0,-185.0,-176.0,87.0,-2.0,-60.0
-5.0,-183.0,-174.0,94.0,12.0,-56.0
-2.0,-181.0,-175.0,96.0,24.0,-52.0
-4.0,-183.0,-170.0,95.0,37.0,-50.0
-4.0,-183.0,-173.0,94.0,42.0,-49.0
-6.0,-182.0,-172.0,95.0,42.0,-46.0
-6.0,-184.0,-167.0,97.0,36.0,-46.0
-9.0,-182.0,-164.0,102.0,29.0,-42.0
-10.0,-182.0,-165.0,113.0,26.0,-47.0
-8.0,-183.0,-169.0,124.0,23.0,-47.0
-10.0,-183.0,-171.0,132.0,21.0,-41.0
-11.0,-182.0,-168.0,139.0,21.0,-35.0
-11.0,-183.0,-170.0,141.0,22.0,-30.0
-12.0,-178.0,-163.0,141.0,25.0,-22.0
-12.0,-179.0,-165.0,139.0,27.0,-16.0
-15.0,-181.0,-166.0,139.0,25.0,-13.0
-12.0,-184.0,-164.0,140.0,23.0,-8.0
-12.0,-185.0,-165.0,141.0,23.0,-2.0
-12.0,-185.0,-161.0,144.0,22.0,1.0
-12.0,-188.0,-159.0,152.0,20.0,4.0
-12.0,-188.0,-161.0,160.0,18.0,4.0
-12.0,-185.0,-161.0,170.0,20.0,6.0
-12.0,-185.0,-163.0,175.0,25.0,7.0
-10.0,-185.0,-159.0,176.0,31.0,9.0
-11.0,-185.0,-157.0,173.0,40.0,10.0
-13.0,-190.0,-158.0,171.0,47.0,13.0
-11.0,-192.0,-154.0,171.0,57.0,12.0
-12.0,-194.0,-154.0,175.0,63.0,14.0
-12.0,-192.0,-157.0,183.0,67.0,15.0
-11.0,-193.0,-155.0,194.0,68.0,19.0
-11.0,-194.0,-156.0,205.0,68.0,21.0
-12.0,-195.0,-153.0,215.0,62.0,24.0
-12.0,-195.0,-154.0,218.0,58.0,25.0
-11.0,-195.0,-154.0,218.0,54.0,26.0
-11.0,-193.0,-152.0,216.0,53.0,24.0
-11.0,-195.0,-149.0,215.0,58.0,22.0
-12.0,-194.0,-148.0,218.0,63.0,20.0
-12.0,-194.0,-154.0,219.0,70.0,18.0
-12.0,-195.0,-151.0,219.0,78.0,12.0
-15.0,-195.0,-149.0,218.0,88.0,8.0
-17.0,-196.0,-149.0,220.0,95.0,4.0
-18.0,-195.0,-143.0,223.0,100.0,3.0
-14.0,-196.0,-145.0,225.0,107.0,3.0
-12.0,-198.0,-140.0,227.0,116.0,2.0
-12.0,-196.0,-137.0,229.0,121.0,2.0
-12.0,-197.0,-136.0,230.0,124.0,3.0
-11.0,-198.0,-139.0,230.0,125.0,4.0
-12.0,-197.0,-139.0,227.0,124.0,7.0
-11.0,-197.0,-140.0,223.0,116.0,11.0
-10.0,-197.0,-143.0,222.0,106.0,16.0
-8.0,-198.0,-141.0,223.0,93.0,22.0
-10.0,-196.0,-144.0,229.0,82.0,27.0
-9.0,-199.0,-142.0,230.0,74.0,30.0
-10.0,-197.0,-137.0,230.0,69.0,31.0
-7.0,-199.0,-135.0,229.0,66.0,31.0
-10.0,-201.0,-135.0,235.0,64.0,30.0
-12.0,-201.0,-137.0,246.0,68.0,29.0
-10.0,-200.0,-140.0,259.0,75.0,31.0
-11.0,-199.0,-144.0,268.0,87.0,32.0
-12.0,-199.0,-147.0,269.0,100.0,31.0
-12.0,-200.0,-142.0,262.0,107.0,29.0
-12.0,-201.0,-138.0,250.0,106.0,25.0
-12.0,-200.0,-136.0,245.0,105.0,21.0
-10.0,-204.0,-136.0,246.0,102.0,15.0
-12.0,-202.0,-141.0,250.0,96.0,11.0
-11.0,-204.0,-140.0,260.0,92.0,5.0
-11.0,-202.0,-144.0,266.0,90.0,2.0
-12.0,-205.0,-144.0,268.0,86.0,2.0
-12.0,-205.0,-135.0,267.0,81.0,1.0
-10.0,-206.0,-135.0,265.0,80.0,2.0
-12.0,-206.0,-137.0,269.0,77.0,3.0
-12.0,-205.0,-134.0,279.0,76.0,4.0
-12.0,-202.0,-129.0,293.0,75.0,8.0
-10.0,-199.0,-137.0,306.0,79.0,11.0
-9.0,-200.0,-141.0,311.0,82.0,12.0
-9.0,-196.0,-142.0,308.0,87.0,12.0
-8.0,-197.0,-141.0,296.0,94.0,13.0
-9.0,-196.0,-139.0,280.0,101.0,12.0
-6.0,-198.0,-141.0,266.0,106.0,11.0
-5.0,-199.0,-136.0,255.0,109.0,9.0
-8.0,-199.0,-133.0,252.0,111.0,5.0
-6.0,-200.0,-134.0,256.0,111.0,3.0
-3.0,-201.0,-137.0,259.0,109.0,2.0
-5.0,-203.0,-141.0,258.0,107.0,4.0
-8.0,-205.0,-141.0,254.0,101.0,4.0
-8.0,-205.0,-140.0,245.0,97.0,3.0
-10.0,-205.0,-141.0,239.0,95.0,3.0
-10.0,-210.0,-143.0,236.0,98.0,4.0
-11.0,-207.0,-139.0,233.0,102.0,2.0
-11.0,-210.0,-140.0,229.0,103.0,-1.0
-9.0,-217.0,-141.0,225.0,104.0,-3.0
-11.0,-218.0,-141.0,221.0,103.0,-7.0
-9.0,-216.0,-140.0,221.0,103.0,-9.0
-9.0,-216.0,-138.0,226.0,101.0,-10.0
-10.0,-214.0,-142.0,234.0,97.0,-11.0
-8.0,-210.0,-139.0,237.0,90.0,-12.0
-9.0,-206.0,-136.0,236.0,85.0,-13.0
-5.0,-209.0,-134.0,231.0,83.0,-16.0
0.0,-207.0,-133.0,226.0,83.0,-20.0
-1.0,-210.0,-126.0,227.0,84.0,-26.0
-3.0,-210.0,-129.0,233.0,90.0,-31.0
-2.0,-210.0,-126.0,239.0,95.0,-36.0
-1.0,-207.0,-131.0,242.0,98.0,-38.0
-3.0,-206.0,-132.0,234.0,102.0,-42.0
0.0,-207.0,-134.0,220.0,106.0,-45.0
-4.0,-208.0,-130.0,207.0,108.0,-45.0
-1.0,-212.0,-125.0,202.0,114.0,-45.0
-5.0,-212.0,-126.0,211.0,121.0,-41.0
-10.0,-214.0,-126.0,223.0,125.0,-38.0
-6.0,-218.0,-125.0,238.0,124.0,-38.0
-8.0,-214.0,-125.0,251.0,123.0,-36.0
-9.0,-211.0,-124.0,257.0,115.0,-39.0
-8.0,-214.0,-128.0,260.0,102.0,-39.0
-10.0,-209.0,-128.0,262.0,89.0,-41.0
-9.0,-209.0,-125.0,263.0,75.0,-38.0
-7.0,-211.0,-120.0,268.0,66.0,-38.0
-9.0,-208.0,-121.0,275.0,61.0,-39.0
-5.0,-207.0,-122.0,277.0,63.0,-41.0
-6.0,-205.0,-121.0,279.0,72.0,-47.0
-7.0,-205.0,-125.0,274.0,79.0,-51.0
-6.0,-204.0,-122.0,262.0,84.0,-53.0
-7.0,-201.0,-123.0,254.0,79.0,-55.0
-4.0,-203.0,-122.0,254.0,73.0,-54.0
-6.0,-203.0,-121.0,261.0,64.0,-53.0
-2.0,-205.0,-124.0,268.0,62.0,-50.0
-1.0,-204.0,-127.0,271.0,65.0,-47.0
-1.0,-206.0,-127.0,267.0,70.0,-41.0
-1.0,-210.0,-124.0,261.0,77.0,-38.0
-3.0,-214.0,-121.0,261.0,85.0,-37.0
-5.0,-213.0,-122.0,268.0,88.0,-44.0
-9.0,-216.0,-121.0,287.0,83.0,-50.0
-9.0,-213.0,-121.0,303.0,76.0,-60.0
-12.0,-214.0,-121.0,311.0,70.0,-66.0
-12.0,-210.0,-122.0,310.0,69.0,-76.0
-12.0,-208.0,-118.0,303.0,66.0,-78.0
-9.0,-210.0,-115.0,297.0,66.0,-79.0
-10.0,-212.0,-117.0,299.0,69.0,-74.0
-11.0,-206.0,-112.0,311.0,73.0,-69.0
-7.0,-212.0,-116.0,324.0,77.0,-61.0
-9.0,-210.0,-119.0,330.0,73.0,-53.0
-8.0,-208.0,-122.0,329.0,65.0,-48.0
-8.0,-210.0,-120.0,324.0,60.0,-48.0
-7.0,-210.0,-118.0,324.0,57.0,-45.0
-3.0,-213.0,-115.0,331.0,55.0,-43.0
-4.0,-212.0,-115.0,344.0,59.0,-39.0
-2.0,-210.0,-118.0,353.0,68.0,-39.0
-1.0,-208.0,-115.0,348.0,76.0,-36.0
1.0,-211.0,-115.0,336.0,79.0,-35.0
3.0,-210.0,-113.0,328.0,75.0,-35.0
4.0,-213.0,-112.0,334.0,71.0,-40.0
1.0,-210.0,-111.0,355.0,72.0,-43.0
0.0,-208.0,-114.0,374.0,82.0,-51.0
-2.0,-207.0,-110.0,391.0,95.0,-55.0
-4.0,-203.0,-109.0,399.0,109.0,-62.0
-6.0,-204.0,-114.0,399.0,122.0,-62.0
-12.0,-201.0,-112.0,395.0,132.0,-63.0
-15.0,-203.0,-109.0,387.0,134.0,-59.0
-16.0,-200.0,-109.0,383.0,132.0,-54.0
-16.0,-203.0,-107.0,382.0,122.0,-43.0
-18.0,-207.0,-111.0,387.0,105.0,-35.0
-18.0,-208.0,-112.0,402.0,89.0,-28.0
-12.0,-210.0,-112.0,416.0,79.0,-30.0
-11.0,-210.0,-114.0,427.0,78.0,-29.0
-11.0,-211.0,-118.0,436.0,82.0,-33.0
-10.0,-211.0,-115.0,441.0,83.0,-32.0
-8.0,-210.0,-116.0,447.0,77.0,-31.0
-9.0,-211.0,-116.0,459.0,70.0,-26.0
-3.0,-214.0,-114.0,475.0,65.0,-23.0
2.0,-209.0,-111.0,493.0,68.0,-18.0
4.0,-209.0,-112.0,510.0,73.0,-12.0
8.0,-205.0,-105.0,531.0,84.0,-8.0
7.0,-206.0,-105.0,548.0,93.0,-10.0
6.0,-206.0,-107.0,562.0,104.0,-10.0
3.0,-199.0,-102.0,578.0,110.0,-14.0
-1.0,-196.0,-107.0,590.0,114.0,-13.0
-2.0,-197.0,-103.0,595.0,114.0,-15.0
-5.0,-195.0,-106.0,595.0,111.0,-14.0
-7.0,-194.0,-99.0,591.0,105.0,-15.0
-5.0,-193.0,-97.0,586.0,99.0,-17.0
-5.0,-189.0,-92.0,585.0,95.0,-20.0
-5.0,-188.0,-95.0,588.0,94.0,-19.0
-1.0,-189.0,-91.0,594.0,96.0,-25.0
1.0,-187.0,-88.0,598.0,98.0,-29.0
-5.0,-187.0,-96.0,601.0,99.0,-40.0
-3.0,-187.0,-97.0,601.0,100.0,-45.0
-5.0,-187.0,-98.0,595.0,101.0,-52.0
-3.0,-191.0,-96.0,588.0,101.0,-53.0
-1.0,-195.0,-95.0,580.0,100.0,-58.0
-1.0,-197.0,-91.0,576.0,100.0,-63.0
0.0,-199.0,-85.0,577.0,104.0,-70.0
-4.0,-199.0,-91.0,593.0,106.0,-71.0
-2.0,-205.0,-85.0,610.0,105.0,-72.0
-2.0,-205.0,-88.0,633.0,104.0,-69.0
1.0,-210.0,-89.0,655.0,99.0,-68.0
-2.0,-211.0,-90.0,678.0,90.0,-67.0
3.0,-218.0,-88.0,704.0,82.0,-70.0
-2.0,-217.0,-87.0,731.0,81.0,-72.0
0.0,-219.0,-85.0,761.0,85.0,-78.0
1.0,-219.0,-82.0,790.0,92.0,-82.0
0.0,-215.0,-78.0,818.0,109.0,-89.0
2.0,-219.0,-77.0,846.0,125.0,-87.0
-4.0,-217.0,-78.0,865.0,134.0,-86.0
-1.0,-219.0,-79.0,878.0,135.0,-76.0
-4.0,-222.0,-75.0,890.0,128.0,-71.0
-6.0,-225.0,-77.0,903.0,114.0,-65.0
-6.0,-230.0,-76.0,922.0,100.0,-64.0
-7.0,-234.0,-76.0,940.0,89.0,-61.0
-9.0,-239.0,-75.0,958.0,84.0,-60.0
-7.0,-245.0,-70.0,973.0,79.0,-49.0
-4.0,-249.0,-73.0,989.0,69.0,-39.0
-5.0,-254.0,-76.0,1002.0,63.0,-23.0
-2.0,-256.0,-75.0,1020.0,53.0,-17.0
-4.0,-264.0,-70.0,1044.0,41.0,-6.0
-3.0,-267.0,-69.0,1074.0,25.0,2.0
-7.0,-272.0,-65.0,1116.0,8.0,12.0
-6.0,-271.0,-58.0,1164.0,-5.0,17.0
-5.0,-277.0,-59.0,1213.0,-17.0,22.0
-4.0,-280.0,-54.0,1266.0,-21.0,21.0
-3.0,-282.0,-56.0,1329.0,-25.0,18.0
2.0,-299.0,-48.0,1417.0,-19.0,7.0
7.0,-320.0,-31.0,1568.0,-9.0,-2.0
8.0,-355.0,4.0,1729.0,-7.0,-21.0
15.0,-411.0,37.0,1950.0,-11.0,-47.0
9.0,-488.0,63.0,2246.0,-11.0,-80.0
7.0,-567.0,93.0,2570.0,-2.0,-110.0
15.0,-672.0,133.0,2854.0,4.0,-150.0
14.0,-789.0,164.0,3058.0,6.0,-211.0
-5.0,-860.0,92.0,3130.0,14.0,-328.0
-55.0,-845.0,-120.0,2864.0,-5.0,-454.0
-87.0,-794.0,-282.0,2044.0,-104.0,-513.0
-79.0,-715.0,-327.0,712.0,-157.0,-430.0
26.0,-643.0,-145.0,49.0,-223.0,-265.0
57.0,-555.0,-12.0,88.0,-296.0,-100.0
36.0,-431.0,13.0,503.0,-333.0,43.0
-7.0,-272.0,-50.0,847.0,-297.0,121.0
-48.0,-126.0,-103.0,844.0,-173.0,114.0
-73.0,-36.0,-88.0,498.0,41.0,97.0
-83.0,51.0,4.0,1.0,270.0,143.0
-76.0,87.0,121.0,-438.0,398.0,280.0
-51.0,102.0,205.0,-708.0,350.0,406.0
-19.0,96.0,234.0,-794.0,226.0,393.0
1.0,69.0,199.0,-705.0,109.0,282.0
1.0,7.0,126.0,-537.0,7.0,171.0
2.0,-80.0,52.0,-352.0,-95.0,94.0
-10.0,-158.0,26.0,-174.0,-183.0,58.0
-14.0,-254.0,25.0,13.0,-249.0,24.0
-1.0,-346.0,37.0,181.0,-264.0,-14.0
0.0,-408.0,20.0,305.0,-206.0,-83.0
-8.0,-447.0,-3.0,345.0,-89.0,-153.0
-6.0,-442.0,36.0,335.0,45.0,-222.0
19.0,-418.0,86.0,486.0,-16.0,-236.0
33.0,-379.0,67.0,813.0,-165.0,-262.0
46.0,-338.0,36.0,1112.0,-206.0,-283.0
50.0,-290.0,-4.0,1249.0,-142.0,-308.0
36.0,-259.0,-1.0,1218.0,-34.0,-330.0
21.0,-242.0,33.0,1136.0,43.0,-340.0
9.0,-217.0,54.0,1078.0,74.0,-345.0
1.0,-203.0,67.0,1067.0,91.0,-336.0
-3.0,-196.0,72.0,1076.0,106.0,-318.0
-3.0,-195.0,72.0,1081.0,110.0,-278.0
-3.0,-198.0,84.0,1054.0,103.0,-238.0
0.0,-205.0,94.0,1013.0,91.0,-209.0
3.0,-214.0,109.0,981.0,80.0,-183.0
8.0,-223.0,110.0,978.0,75.0,-168.0
9.0,-222.0,109.0,985.0,74.0,-149.0
10.0,-224.0,103.0,993.0,69.0,-137.0
9.0,-220.0,102.0,994.0,55.0,-118.0
10.0,-216.0,104.0,993.0,35.0,-105.0
14.0,-212.0,109.0,983.0,14.0,-86.0
14.0,-211.0,110.0,970.0,-6.0,-76.0
16.0,-204.0,109.0,939.0,-18.0,-64.0
24.0,-203.0,105.0,885.0,-25.0,-55.0
30.0,-210.0,108.0,804.0,-24.0,-43.0
31.0,-220.0,99.0,721.0,-9.0,-38.0
39.0,-234.0,98.0,654.0,13.0,-34.0
37.0,-241.0,91.0,607.0,32.0,-36.0
40.0,-253.0,87.0,582.0,47.0,-35.0
40.0,-257.0,78.0,564.0,58.0,-44.0
38.0,-256.0,78.0,545.0,75.0,-53.0
42.0,-256.0,75.0,528.0,104.0,-72.0
39.0,-248.0,80.0,515.0,125.0,-85.0
37.0,-238.0,80.0,512.0,144.0,-98.0
34.0,-231.0,74.0,505.0,158.0,-101.0
25.0,-219.0,73.0,498.0,167.0,-107.0
21.0,-209.0,68.0,486.0,170.0,-104.0
20.0,-202.0,66.0,463.0,166.0,-107.0
14.0,-198.0,71.0,430.0,155.0,-105.0
8.0,-196.0,73.0,386.0,135.0,-106.0
3.0,-201.0,74.0,340.0,114.0,-98.0
-4.0,-209.0,74.0,297.0,99.0,-88.0
-3.0,-211.0,77.0,245.0,90.0,-70.0
-8.0,-218.0,73.0,210.0,74.0,-52.0
-6.0,-230.0,70.0,181.0,57.0,-28.0
-2.0,-238.0,66.0,160.0,43.0,-16.0
4.0,-243.0,62.0,139.0,32.0,-4.0
8.0,-249.0,59.0,124.0,26.0,-7.0
14.0,-250.0,55.0,113.0,20.0,-10.0
18.0,-256.0,53.0,104.0,13.0,-20.0
20.0,-258.0,44.0,99.0,9.0,-28.0
23.0,-255.0,45.0,96.0,4.0,-45.0
26.0,-254.0,44.0,90.0,8.0,-52.0
26.0,-256.0,49.0,88.0,16.0,-62.0
31.0,-253.0,47.0,82.0,22.0,-63.0
27.0,-249.0,46.0,76.0,29.0,-67.0
27.0,-244.0,50.0,64.0,38.0,-62.0
26.0,-242.0,50.0,50.0,47.0,-61.0
22.0,-243.0,50.0,39.0,52.0,-52.0
17.0,-239.0,46.0,36.0,60.0,-50.0
13.0,-238.0,48.0,37.0,73.0,-40.0
12.0,-233.0,49.0,37.0,85.0,-31.0
7.0,-230.0,50.0,29.0,89.0,-17.0
12.0,-232.0,54.0,15.0,91.0,-9.0
11.0,-231.0,50.0,-5.0,92.0,1.0
11.0,-230.0,52.0,-26.0,89.0,5.0
13.0,-232.0,54.0,-47.0,82.0,10.0
9.0,-236.0,51.0,-63.0,72.0,9.0
13.0,-235.0,46.0,-71.0,63.0,12.0
15.0,-240.0,46.0,-77.0,54.0,7.0
16.0,-243.0,49.0,-79.0,44.0,4.0
17.0,-242.0,42.0,-78.0,36.0,-2.0
21.0,-252.0,46.0,-72.0,30.0,-4.0
19.0,-247.0,47.0,-66.0,29.0,-10.0
22.0,-251.0,51.0,-58.0,32.0,-8.0
22.0,-251.0,51.0,-47.0,38.0,-9.0
25.0,-251.0,56.0,-38.0,42.0,-6.0
26.0,-249.0,54.0,-27.0,48.0,-6.0
26.0,-247.0,58.0,-17.0,57.0,2.0
25.0,-243.0,60.0,-10.0,65.0,5.0
26.0,-240.0,58.0,-10.0,71.0,12.0
23.0,-239.0,63.0,-18.0,71.0,15.0
33.0,-230.0,61.0,-33.0,66.0,18.0
17.0,-238.0,63.0,-48.0,61.0,16.0
17.0,-234.0,66.0,-62.0,57.0,18.0
14.0,-234.0,65.0,-75.0,50.0,18.0
12.0,-238.0,65.0,-90.0,43.0,22.0
5.0,-237.0,63.0,-103.0,36.0,22.0
7.0,-240.0,66.0,-112.0,31.0,26.0
9.0,-245.0,66.0,-114.0,26.0,24.0
5.0,-246.0,64.0,-113.0,26.0,25.0
10.0,-246.0,62.0,-107.0,27.0,21.0
10.0,-249.0,60.0,-99.0,26.0,21.0
11.0,-244.0,65.0,-94.0,27.0,17.0
10.0,-246.0,63.0,-87.0,29.0,18.0
14.0,-244.0,58.0,-83.0,32.0,14.0
14.0,-245.0,61.0,-78.0,29.0,17.0
15.0,-245.0,59.0,-76.0,26.0,15.0
17.0,-244.0,58.0,-81.0,23.0,18.0
15.0,-244.0,55.0,-84.0,21.0,15.0
13.0,-245.0,56.0,-86.0,18.0,18.0
16.0,-243.0,55.0,-87.0,15.0,17.0
12.0,-241.0,57.0,-87.0,15.0,18.0
18.0,-245.0,57.0,-85.0,20.0,16.0
16.0,-244.0,59.0,-85.0,29.0,18.0
16.0,-245.0,57.0,-85.0,37.0,18.0
18.0,-246.0,53.0,-89.0,46.0,21.0
17.0,-247.0,54.0,-92.0,56.0,17.0
12.0,-245.0,55.0,-99.0,66.0,17.0
13.0,-247.0,51.0,-102.0,72.0,12.0
11.0,-249.0,54.0,-100.0,79.0,11.0
11.0,-246.0,49.0,-93.0,83.0,7.0
9.0,-247.0,52.0,-86.0,82.0,10.0
5.0,-243.0,53.0,-82.0,80.0,11.0
7.0,-243.0,52.0,-86.0,80.0,16.0
5.0,-240.0,51.0,-91.0,78.0,14.0
8.0,-245.0,49.0,-101.0,77.0,16.0
3.0,-241.0,56.0,-110.0,74.0,13.0
4.0,-247.0,53.0,-117.0,68.0,16.0
1.0,-244.0,52.0,-120.0,64.0,13.0
1.0,-246.0,53.0,-121.0,61.0,19.0
2.0,-249.0,48.0,-119.0,61.0,18.0
4.0,-247.0,48.0,-114.0,61.0,21.0
3.0,-251.0,54.0,-112.0,58.0,21.0
3.0,-250.0,52.0,-104.0,55.0,24.0
8.0,-249.0,49.0,-100.0,49.0,23.0
8.0,-248.0,47.0,-95.0,43.0,26.0
8.0,-250.0,46.0,-95.0,41.0,24.0
11.0,-251.0,47.0,-96.0,39.0,25.0
10.0,-249.0,47.0,-99.0,39.0,23.0
12.0,-248.0,47.0,-103.0,41.0,25.0
14.0,-248.0,45.0,-106.0,42.0,24.0
12.0,-248.0,43.0,-112.0,47.0,27.0
14.0,-245.0,39.0,-118.0,52.0,26.0
12.0,-248.0,45.0,-125.0,61.0,30.0
10.0,-245.0,44.0,-134.0,66.0,28.0
12.0,-248.0,43.0,-143.0,67.0,31.0
10.0,-246.0,37.0,-152.0,68.0,28.0
13.0,-247.0,38.0,-159.0,70.0,29.0
10.0,-249.0,47.0,-161.0,72.0,24.0
8.0,-249.0,42.0,-160.0,76.0,23.0
6.0,-250.0,45.0,-158.0,82.0,16.0
9.0,-252.0,47.0,-151.0,88.0,16.0
7.0,-253.0,45.0,-140.0,91.0,12.0
7.0,-257.0,46.0,-124.0,90.0,12.0
10.0,-258.0,44.0,-104.0,89.0,8.0
7.0,-257.0,46.0,-86.0,86.0,9.0
10.0,-260.0,47.0,-69.0,84.0,6.0
4.0,-259.0,43.0,-53.0,79.0,11.0
9.0,-259.0,43.0,-38.0,73.0,9.0
10.0,-259.0,47.0,-24.0,68.0,11.0
11.0,-259.0,39.0,-9.0,60.0,12.0
10.0,-260.0,41.0,6.0,56.0,13.0
10.0,-252.0,43.0,17.0,53.0,10.0
11.0,-250.0,39.0,24.0,50.0,12.0
12.0,-250.0,40.0,28.0,50.0,8.0
11.0,-244.0,38.0,26.0,52.0,10.0
11.0,-244.0,35.0,22.0,56.0,8.0
10.0,-242.0,39.0,13.0,62.0,11.0
13.0,-238.0,41.0,3.0,67.0,8.0
10.0,-239.0,43.0,-8.0,73.0,9.0
11.0,-240.0,44.0,-21.0,74.0,4.0
9.0,-239.0,47.0,-40.0,75.0,4.0
10.0,-239.0,46.0,-55.0,76.0,0.0
9.0,-237.0,45.0,-71.0,74.0,1.0
13.0,-240.0,43.0,-86.0,70.0,-2.0
12.0,-241.0,42.0,-98.0,69.0,0.0
10.0,-244.0,44.0,-106.0,65.0,-3.0
11.0,-246.0,44.0,-110.0,64.0,2.0
10.0,-245.0,46.0,-116.0,61.0,0.0
8.0,-247.0,41.0,-121.0,59.0,5.0
9.0,-248.0,41.0,-127.0,60.0,5.0
7.0,-249.0,44.0,-132.0,62.0,5.0
9.0,-250.0,42.0,-135.0,65.0,2.0
6.0,-246.0,44.0,-136.0,67.0,3.0
6.0,-246.0,39.0,-140.0,69.0,1.0
6.0,-249.0,48.0,-143.0,69.0,2.0
6.0,-248.0,41.0,-145.0,70.0,2.0
11.0,-247.0,47.0,-149.0,70.0,6.0
9.0,-246.0,45.0,-150.0,70.0,5.0
9.0,-247.0,50.0,-153.0,69.0,10.0
9.0,-246.0,42.0,-155.0,66.0,10.0
11.0,-244.0,46.0,-160.0,62.0,12.0
9.0,-245.0,39.0,-163.0,59.0,9.0
11.0,-242.0,43.0,-168.0,58.0,10.0
16.0,-246.0,43.0,-174.0,58.0,8.0
12.0,-245.0,43.0,-179.0,61.0,10.0
10.0,-250.0,41.0,-183.0,61.0,7.0
9.0,-250.0,43.0,-184.0,63.0,9.0
14.0,-249.0,39.0,-183.0,65.0,4.0
9.0,-249.0,40.0,-181.0,70.0,2.0
9.0,-251.0,43.0,-182.0,78.0,-3.0
9.0,-250.0,41.0,-183.0,81.0,-4.0
8.0,-250.0,38.0,-184.0,81.0,-6.0
7.0,-250.0,39.0,-186.0,80.0,-4.0
6.0,-250.0,42.0,-187.0,79.0,-5.0
6.0,-250.0,39.0,-187.0,78.0,-4.0
7.0,-252.0,41.0,-188.0,75.0,-6.0
7.0,-250.0,41.0,-184.0,74.0,-4.0
8.0,-249.0,42.0,-179.0,72.0,-6.0
7.0,-251.0,38.0,-176.0,68.0,-5.0
8.0,-252.0,37.0,-174.0,63.0,-8.0
8.0,-249.0,39.0,-172.0,63.0,-7.0
7.0,-253.0,38.0,-168.0,60.0,-7.0
10.0,-249.0,34.0,-163.0,61.0,-5.0
10.0,-253.0,34.0,-157.0,60.0,-6.0
12.0,-255.0,36.0,-149.0,60.0,-2.0
11.0,-254.0,33.0,-144.0,61.0,-4.0
10.0,-251.0,38.0,-138.0,62.0,-1.0
6.0,-255.0,34.0,-130.0,62.0,0.0
8.0,-252.0,35.0,-121.0,59.0,4.0
7.0,-253.0,35.0,-114.0,58.0,4.0
11.0,-252.0,35.0,-107.0,58.0,6.0
6.0,-256.0,36.0,-104.0,58.0,4.0
7.0,-253.0,35.0,-102.0,56.0,5.0
8.0,-253.0,35.0,-101.0,52.0,2.0
8.0,-252.0,36.0,-103.0,51.0,1.0
11.0,-252.0,36.0,-105.0,52.0,-1.0
11.0,-249.0,32.0,-103.0,52.0,-1.0
11.0,-251.0,34.0,-101.0,54.0,-3.0
10.0,-255.0,35.0,-96.0,54.0,-1.0
11.0,-252.0,33.0,-93.0,53.0,-4.0
11.0,-252.0,32.0,-86.0,53.0,-4.0
10.0,-250.0,30.0,-85.0,52.0,-6.0
10.0,-249.0,31.0,-85.0,50.0,-5.0
8.0,-250.0,30.0,-89.0,46.0,-7.0
12.0,-252.0,30.0,-93.0,43.0,-4.0
10.0,-251.0,30.0,-95.0,39.0,-5.0
9.0,-250.0,28.0,-96.0,39.0,-3.0
9.0,-252.0,31.0,-96.0,38.0,-2.0
9.0,-249.0,29.0,-95.0,36.0,0.0
8.0,-252.0,30.0,-93.0,38.0,-2.0
7.0,-254.0,31.0,-92.0,38.0,-3.0
9.0,-255.0,34.0,-86.0,39.0,-6.0
8.0,-253.0,29.0,-81.0,40.0,-4.0
10.0,-249.0,29.0,-76.0,41.0,-5.0
5.0,-248.0,30.0,-72.0,43.0,-2.0
10.0,-250.0,26.0,-73.0,46.0,-4.0
6.0,-250.0,31.0,-78.0,48.0,-3.0
11.0,-251.0,31.0,-88.0,48.0,-4.0
6.0,-249.0,29.0,-97.0,47.0,-1.0
9.0,-250.0,31.0,-104.0,49.0,-2.0
9.0,-254.0,27.0,-107.0,50.0,-3.0
8.0,-251.0,32.0,-111.0,53.0,-3.0
10.0,-249.0,30.0,-114.0,53.0,-2.0
7.0,-250.0,31.0,-116.0,54.0,-4.0
9.0,-249.0,28.0,-119.0,53.0,-2.0
9.0,-251.0,26.0,-121.0,55.0,-2.0
10.0,-252.0,29.0,-121.0,56.0,-2.0
12.0,-253.0,32.0,-121.0,56.0,-3.0
10.0,-253.0,30.0,-120.0,56.0,-2.0
12.0,-255.0,31.0,-117.0,56.0,-6.0
12.0,-254.0,26.0,-116.0,57.0,-7.0
13.0,-253.0,32.0,-116.0,60.0,-8.0
15.0,-255.0,34.0,-112.0,64.0,-6.0
12.0,-255.0,31.0,-106.0,65.0,-5.0
11.0,-253.0,32.0,-96.0,63.0,0.0
9.0,-253.0,26.0,-91.0,59.0,0.0
13.0,-254.0,26.0,-88.0,57.0,3.0
10.0,-249.0,23.0,-88.0,56.0,1.0
12.0,-252.0,26.0,-87.0,56.0,4.0
10.0,-250.0,27.0,-86.0,57.0,4.0
9.0,-251.0,26.0,-83.0,57.0,3.0
9.0,-252.0,27.0,-83.0,56.0,2.0
11.0,-253.0,29.0,-82.0,56.0,0.0
12.0,-251.0,29.0,-82.0,60.0,-3.0
10.0,-251.0,27.0,-82.0,61.0,-6.0
10.0,-251.0,29.0,-84.0,65.0,-7.0
10.0,-252.0,28.0,-88.0,64.0,-5.0
10.0,-253.0,29.0,-92.0,65.0,-3.0
12.0,-251.0,25.0,-95.0,64.0,2.0
11.0,-252.0,25.0,-99.0,64.0,2.0
10.0,-252.0,30.0,-100.0,64.0,3.0
9.0,-253.0,24.0,-98.0,63.0,3.0
12.0,-252.0,24.0,-95.0,63.0,3.0
9.0,-255.0,26.0,-90.0,61.0,3.0
8.0,-254.0,27.0,-84.0,58.0,4.0
6.0,-256.0,25.0,-77.0,55.0,5.0
8.0,-255.0,28.0,-72.0,52.0,7.0
8.0,-255.0,25.0,-67.0,49.0,5.0
