259.0,1.0,31.0,-56.0,49.0,-38.0
257.0,8.0,26.0,-55.0,49.0,-39.0
258.0,8.0,25.0,-53.0,51.0,-37.0
256.0,6.0,28.0,-54.0,50.0,-36.0
253.0,6.0,30.0,-54.0,51.0,-32.0
255.0,7.0,27.0,-55.0,53.0,-28.0
254.0,7.0,33.0,-52.0,53.0,-25.0
256.0,1.0,28.0,-45.0,51.0,-21.0
254.0,5.0,29.0,-37.0,51.0,-17.0
255.0,3.0,29.0,-30.0,52.0,-16.0
255.0,4.0,28.0,-24.0,53.0,-14.0
255.0,4.0,29.0,-25.0,52.0,-11.0
256.0,5.0,33.0,-28.0,51.0,-10.0
258.0,2.0,33.0,-32.0,46.0,-8.0
256.0,2.0,30.0,-34.0,41.0,-8.0
253.0,5.0,31.0,-35.0,37.0,-7.0
257.0,6.0,30.0,-33.0,36.0,-8.0
256.0,8.0,27.0,-31.0,38.0,-9.0
256.0,4.0,29.0,-32.0,37.0,-7.0
256.0,3.0,29.0,-36.0,37.0,-6.0
257.0,2.0,29.0,-40.0,40.0,-8.0
255.0,3.0,30.0,-42.0,41.0,-8.0
255.0,4.0,27.0,-44.0,42.0,-7.0
253.0,5.0,30.0,-45.0,45.0,-9.0
256.0,2.0,27.0,-46.0,47.0,-10.0
256.0,6.0,30.0,-47.0,47.0,-12.0
254.0,6.0,30.0,-46.0,46.0,-13.0
254.0,5.0,32.0,-45.0,44.0,-14.0
254.0,5.0,30.0,-44.0,44.0,-14.0
253.0,3.0,28.0,-43.0,42.0,-13.0
253.0,6.0,28.0,-44.0,41.0,-14.0
256.0,2.0,26.0,-44.0,42.0,-15.0
257.0,2.0,29.0,-45.0,42.0,-14.0
256.0,5.0,30.0,-43.0,42.0,-13.0
256.0,7.0,27.0,-42.0,45.0,-12.0
255.0,7.0,26.0,-39.0,46.0,-10.0
252.0,8.0,27.0,-39.0,48.0,-10.0
254.0,7.0,27.0,-40.0,53.0,-10.0
256.0,5.0,28.0,-39.0,53.0,-12.0
254.0,8.0,25.0,-38.0,55.0,-13.0
256.0,8.0,26.0,-38.0,56.0,-13.0
256.0,5.0,25.0,-37.0,58.0,-14.0
256.0,5.0,28.0,-38.0,59.0,-15.0
256.0,3.0,24.0,-36.0,62.0,-17.0
256.0,4.0,23.0,-34.0,64.0,-17.0
255.0,5.0,26.0,-31.0,65.0,-18.0
254.0,4.0,25.0,-28.0,66.0,-19.0
255.0,1.0,27.0,-25.0,67.0,-20.0
254.0,0.0,26.0,-22.0,70.0,-23.0
257.0,1.0,28.0,-20.0,72.0,-24.0
254.0,2.0,28.0,-15.0,75.0,-27.0
256.0,1.0,24.0,-11.0,77.0,-31.0
253.0,3.0,28.0,-7.0,79.0,-33.0
254.0,2.0,28.0,-3.0,77.0,-37.0
256.0,-2.0,28.0,1.0,74.0,-41.0
256.0,-2.0,29.0,8.0,71.0,-43.0
252.0,0.0,27.0,13.0,68.0,-45.0
256.0,0.0,27.0,19.0,66.0,-47.0
258.0,0.0,29.0,24.0,63.0,-49.0
252.0,1.0,28.0,26.0,60.0,-51.0
255.0,0.0,32.0,27.0,57.0,-54.0
251.0,-1.0,34.0,26.0,54.0,-57.0
252.0,2.0,31.0,23.0,48.0,-62.0
252.0,2.0,32.0,23.0,49.0,-68.0
250.0,1.0,34.0,25.0,55.0,-69.0
252.0,7.0,35.0,30.0,62.0,-69.0
250.0,0.0,28.0,41.0,75.0,-67.0
253.0,0.0,26.0,54.0,90.0,-61.0
254.0,-1.0,26.0,71.0,106.0,-55.0
257.0,-4.0,29.0,88.0,121.0,-43.0
256.0,-1.0,24.0,104.0,135.0,-31.0
259.0,1.0,21.0,119.0,153.0,-21.0
263.0,4.0,22.0,135.0,172.0,-11.0
266.0,8.0,21.0,145.0,193.0,-4.0
265.0,10.0,22.0,151.0,209.0,5.0
262.0,8.0,19.0,154.0,221.0,14.0
265.0,10.0,20.0,158.0,230.0,25.0
265.0,9.0,24.0,161.0,237.0,34.0
259.0,9.0,20.0,168.0,237.0,45.0
257.0,7.0,22.0,175.0,231.0,52.0
255.0,6.0,26.0,181.0,221.0,58.0
253.0,7.0,25.0,181.0,215.0,61.0
257.0,3.0,28.0,173.0,205.0,62.0
253.0,5.0,28.0,157.0,196.0,57.0
252.0,6.0,28.0,137.0,182.0,52.0
254.0,6.0,25.0,107.0,166.0,43.0
251.0,8.0,20.0,74.0,152.0,35.0
254.0,9.0,20.0,41.0,143.0,29.0
256.0,9.0,20.0,9.0,140.0,27.0
256.0,9.0,18.0,-14.0,143.0,25.0
258.0,8.0,18.0,-29.0,153.0,27.0
263.0,3.0,15.0,-35.0,168.0,30.0
263.0,4.0,17.0,-34.0,186.0,33.0
260.0,7.0,12.0,-28.0,205.0,34.0
259.0,8.0,18.0,-23.0,220.0,35.0
260.0,7.0,21.0,-22.0,232.0,35.0
262.0,3.0,23.0,-25.0,240.0,34.0
262.0,3.0,22.0,-29.0,244.0,31.0
262.0,1.0,27.0,-32.0,249.0,26.0
258.0,2.0,33.0,-35.0,254.0,23.0
256.0,3.0,34.0,-36.0,264.0,20.0
257.0,2.0,32.0,-40.0,271.0,17.0
255.0,1.0,33.0,-46.0,277.0,14.0
255.0,-1.0,34.0,-54.0,281.0,11.0
258.0,-3.0,35.0,-60.0,276.0,9.0
253.0,-10.0,35.0,-62.0,268.0,6.0
257.0,0.0,37.0,-60.0,264.0,4.0
256.0,-2.0,41.0,-57.0,264.0,6.0
254.0,-1.0,40.0,-49.0,268.0,8.0
253.0,-4.0,41.0,-40.0,266.0,7.0
253.0,-2.0,42.0,-31.0,258.0,9.0
251.0,2.0,44.0,-25.0,244.0,11.0
249.0,0.0,44.0,-17.0,237.0,13.0
251.0,2.0,43.0,-10.0,230.0,16.0
251.0,1.0,42.0,-2.0,222.0,19.0
250.0,2.0,45.0,5.0,211.0,20.0
249.0,4.0,46.0,10.0,197.0,16.0
249.0,4.0,47.0,8.0,183.0,12.0
248.0,8.0,47.0,5.0,167.0,8.0
246.0,8.0,49.0,1.0,151.0,5.0
244.0,9.0,47.0,-6.0,133.0,3.0
243.0,10.0,52.0,-15.0,109.0,3.0
245.0,11.0,49.0,-23.0,83.0,5.0
242.0,9.0,51.0,-30.0,59.0,4.0
241.0,11.0,51.0,-38.0,42.0,9.0
240.0,10.0,54.0,-43.0,30.0,8.0
247.0,13.0,52.0,-48.0,18.0,9.0
239.0,10.0,59.0,-50.0,8.0,9.0
241.0,11.0,54.0,-47.0,-3.0,8.0
242.0,13.0,57.0,-40.0,-12.0,4.0
243.0,13.0,54.0,-34.0,-17.0,-1.0
243.0,15.0,56.0,-30.0,-21.0,-4.0
241.0,15.0,54.0,-26.0,-26.0,-4.0
240.0,10.0,59.0,-21.0,-27.0,-6.0
238.0,11.0,57.0,-17.0,-27.0,-5.0
240.0,13.0,54.0,-15.0,-25.0,-3.0
240.0,14.0,53.0,-15.0,-22.0,4.0
241.0,16.0,51.0,-17.0,-22.0,12.0
241.0,14.0,49.0,-25.0,-26.0,19.0
245.0,16.0,52.0,-37.0,-30.0,24.0
248.0,11.0,49.0,-49.0,-41.0,29.0
250.0,12.0,50.0,-58.0,-51.0,32.0
250.0,10.0,50.0,-60.0,-60.0,32.0
253.0,9.0,47.0,-54.0,-65.0,33.0
254.0,11.0,47.0,-45.0,-67.0,37.0
251.0,9.0,50.0,-35.0,-61.0,41.0
255.0,12.0,50.0,-30.0,-53.0,48.0
252.0,9.0,47.0,-24.0,-45.0,56.0
256.0,13.0,48.0,-17.0,-39.0,64.0
253.0,13.0,47.0,-13.0,-38.0,72.0
257.0,12.0,48.0,-12.0,-39.0,79.0
255.0,13.0,52.0,-17.0,-48.0,86.0
257.0,13.0,50.0,-24.0,-62.0,93.0
257.0,16.0,49.0,-29.0,-73.0,102.0
262.0,14.0,46.0,-36.0,-74.0,114.0
269.0,19.0,48.0,-39.0,-63.0,129.0
274.0,19.0,44.0,-44.0,-46.0,149.0
275.0,21.0,49.0,-46.0,-38.0,167.0
277.0,22.0,52.0,-47.0,-42.0,183.0
280.0,27.0,47.0,-59.0,-49.0,197.0
275.0,22.0,45.0,-80.0,-58.0,211.0
272.0,21.0,45.0,-103.0,-66.0,230.0
273.0,20.0,39.0,-127.0,-78.0,257.0
274.0,18.0,41.0,-149.0,-81.0,293.0
269.0,17.0,42.0,-168.0,-80.0,329.0
264.0,12.0,41.0,-185.0,-84.0,361.0
263.0,11.0,43.0,-197.0,-98.0,388.0
260.0,8.0,43.0,-197.0,-127.0,410.0
259.0,8.0,41.0,-182.0,-164.0,425.0
255.0,7.0,37.0,-160.0,-201.0,444.0
251.0,8.0,35.0,-139.0,-236.0,458.0
248.0,11.0,37.0,-127.0,-282.0,476.0
239.0,14.0,34.0,-127.0,-353.0,499.0
242.0,12.0,37.0,-142.0,-448.0,523.0
238.0,17.0,38.0,-165.0,-556.0,546.0
247.0,14.0,38.0,-188.0,-667.0,575.0
247.0,7.0,38.0,-205.0,-771.0,596.0
251.0,-3.0,38.0,-207.0,-865.0,612.0
247.0,-9.0,40.0,-184.0,-950.0,617.0
252.0,-21.0,40.0,-139.0,-1019.0,608.0
247.0,-30.0,33.0,-75.0,-1055.0,587.0
246.0,-35.0,21.0,-14.0,-1054.0,562.0
243.0,-35.0,11.0,35.0,-1008.0,539.0
238.0,-33.0,6.0,68.0,-922.0,519.0
236.0,-30.0,-3.0,90.0,-804.0,497.0
230.0,-25.0,-1.0,99.0,-679.0,477.0
229.0,-18.0,3.0,93.0,-562.0,460.0
226.0,-14.0,6.0,67.0,-457.0,446.0
235.0,-13.0,9.0,24.0,-369.0,442.0
242.0,-6.0,17.0,-31.0,-296.0,439.0
250.0,-4.0,22.0,-93.0,-242.0,434.0
256.0,-3.0,21.0,-161.0,-220.0,428.0
260.0,-1.0,28.0,-225.0,-237.0,424.0
260.0,-7.0,24.0,-280.0,-284.0,427.0
261.0,-14.0,22.0,-329.0,-358.0,431.0
255.0,-20.0,6.0,-366.0,-439.0,437.0
260.0,-28.0,0.0,-378.0,-504.0,450.0
252.0,-36.0,-12.0,-365.0,-540.0,474.0
249.0,-46.0,-18.0,-336.0,-555.0,509.0
246.0,-50.0,-28.0,-300.0,-554.0,543.0
244.0,-50.0,-27.0,-269.0,-547.0,567.0
240.0,-50.0,-29.0,-246.0,-534.0,576.0
239.0,-51.0,-28.0,-234.0,-524.0,578.0
241.0,-44.0,-31.0,-233.0,-519.0,572.0
242.0,-41.0,-27.0,-235.0,-512.0,566.0
252.0,-38.0,-26.0,-238.0,-506.0,562.0
258.0,-34.0,-21.0,-240.0,-502.0,549.0
259.0,-31.0,-24.0,-245.0,-501.0,526.0
260.0,-33.0,-27.0,-244.0,-505.0,505.0
265.0,-29.0,-23.0,-240.0,-510.0,481.0
261.0,-29.0,-28.0,-236.0,-507.0,460.0
261.0,-28.0,-29.0,-241.0,-500.0,451.0
262.0,-29.0,-33.0,-253.0,-487.0,450.0
268.0,-40.0,-31.0,-268.0,-475.0,453.0
259.0,-36.0,-32.0,-275.0,-467.0,456.0
257.0,-40.0,-36.0,-269.0,-465.0,460.0
258.0,-41.0,-41.0,-256.0,-465.0,468.0
258.0,-39.0,-46.0,-244.0,-466.0,477.0
258.0,-38.0,-50.0,-242.0,-457.0,486.0
257.0,-41.0,-44.0,-245.0,-443.0,494.0
259.0,-36.0,-40.0,-248.0,-432.0,499.0
263.0,-31.0,-40.0,-252.0,-418.0,503.0
268.0,-31.0,-34.0,-263.0,-400.0,505.0
270.0,-28.0,-35.0,-278.0,-384.0,503.0
268.0,-32.0,-37.0,-298.0,-360.0,499.0
268.0,-32.0,-36.0,-309.0,-333.0,494.0
266.0,-35.0,-35.0,-309.0,-307.0,491.0
269.0,-37.0,-37.0,-314.0,-283.0,490.0
265.0,-40.0,-37.0,-320.0,-253.0,491.0
261.0,-39.0,-39.0,-331.0,-215.0,492.0
260.0,-39.0,-34.0,-349.0,-179.0,494.0
259.0,-42.0,-41.0,-366.0,-141.0,498.0
256.0,-41.0,-38.0,-386.0,-104.0,504.0
257.0,-42.0,-44.0,-394.0,-75.0,512.0
252.0,-35.0,-45.0,-392.0,-58.0,518.0
242.0,-44.0,-44.0,-388.0,-50.0,526.0
253.0,-31.0,-47.0,-387.0,-42.0,533.0
257.0,-37.0,-43.0,-402.0,-31.0,540.0
252.0,-34.0,-47.0,-421.0,-19.0,543.0
255.0,-39.0,-42.0,-444.0,-6.0,551.0
257.0,-51.0,-45.0,-461.0,9.0,555.0
256.0,-57.0,-38.0,-466.0,24.0,558.0
253.0,-63.0,-32.0,-461.0,34.0,558.0
252.0,-68.0,-32.0,-444.0,42.0,558.0
252.0,-82.0,-30.0,-428.0,53.0,556.0
252.0,-84.0,-23.0,-407.0,67.0,554.0
250.0,-88.0,-24.0,-371.0,79.0,551.0
242.0,-87.0,-25.0,-331.0,81.0,547.0
242.0,-86.0,-34.0,-295.0,71.0,547.0
240.0,-86.0,-34.0,-267.0,58.0,545.0
235.0,-84.0,-38.0,-244.0,49.0,544.0
234.0,-83.0,-41.0,-229.0,37.0,550.0
234.0,-82.0,-36.0,-217.0,23.0,553.0
227.0,-80.0,-40.0,-200.0,13.0,554.0
229.0,-80.0,-36.0,-196.0,-3.0,559.0
234.0,-76.0,-32.0,-203.0,-26.0,559.0
234.0,-73.0,-35.0,-214.0,-47.0,557.0
227.0,-70.0,-30.0,-224.0,-65.0,555.0
237.0,-77.0,-29.0,-224.0,-81.0,556.0
240.0,-83.0,-28.0,-220.0,-94.0,561.0
243.0,-79.0,-28.0,-212.0,-108.0,562.0
245.0,-81.0,-34.0,-200.0,-122.0,562.0
242.0,-79.0,-32.0,-188.0,-135.0,558.0
243.0,-78.0,-33.0,-185.0,-141.0,552.0
244.0,-78.0,-29.0,-199.0,-145.0,545.0
245.0,-85.0,-31.0,-214.0,-157.0,540.0
244.0,-83.0,-30.0,-227.0,-175.0,533.0
242.0,-81.0,-28.0,-230.0,-193.0,528.0
242.0,-82.0,-33.0,-232.0,-207.0,528.0
241.0,-84.0,-28.0,-232.0,-217.0,532.0
241.0,-89.0,-28.0,-239.0,-226.0,538.0
242.0,-87.0,-26.0,-249.0,-234.0,549.0
245.0,-91.0,-26.0,-258.0,-236.0,560.0
249.0,-88.0,-33.0,-259.0,-235.0,573.0
250.0,-83.0,-33.0,-256.0,-234.0,584.0
250.0,-84.0,-34.0,-252.0,-239.0,605.0
252.0,-86.0,-45.0,-246.0,-248.0,621.0
250.0,-83.0,-47.0,-238.0,-250.0,639.0
252.0,-89.0,-51.0,-228.0,-239.0,665.0
242.0,-95.0,-46.0,-201.0,-201.0,694.0
242.0,-93.0,-38.0,-162.0,-150.0,727.0
242.0,-93.0,-35.0,-120.0,-101.0,755.0
242.0,-92.0,-34.0,-78.0,-58.0,776.0
243.0,-88.0,-35.0,-44.0,-28.0,785.0
247.0,-88.0,-36.0,-20.0,-12.0,790.0
243.0,-87.0,-38.0,-5.0,-6.0,792.0
238.0,-82.0,-41.0,8.0,-11.0,794.0
237.0,-79.0,-45.0,14.0,-11.0,804.0
231.0,-75.0,-40.0,0.0,-3.0,822.0
230.0,-74.0,-37.0,-33.0,13.0,842.0
226.0,-67.0,-37.0,-92.0,32.0,859.0
227.0,-63.0,-33.0,-175.0,44.0,878.0
231.0,-61.0,-40.0,-264.0,36.0,898.0
232.0,-69.0,-52.0,-334.0,13.0,933.0
239.0,-78.0,-60.0,-368.0,13.0,999.0
241.0,-97.0,-57.0,-360.0,70.0,1082.0
251.0,-112.0,-55.0,-304.0,171.0,1174.0
259.0,-122.0,-53.0,-205.0,271.0,1261.0
264.0,-124.0,-53.0,-83.0,336.0,1331.0
258.0,-120.0,-53.0,24.0,377.0,1371.0
255.0,-121.0,-55.0,104.0,405.0,1390.0
249.0,-119.0,-49.0,146.0,433.0,1380.0
239.0,-113.0,-48.0,170.0,472.0,1355.0
227.0,-114.0,-38.0,156.0,509.0,1307.0
209.0,-115.0,-27.0,105.0,536.0,1251.0
199.0,-123.0,-20.0,43.0,550.0,1198.0
191.0,-126.0,-20.0,-7.0,545.0,1147.0
184.0,-130.0,-22.0,-36.0,530.0,1104.0
179.0,-133.0,-22.0,-65.0,509.0,1069.0
173.0,-141.0,-29.0,-88.0,479.0,1046.0
171.0,-146.0,-37.0,-96.0,440.0,1027.0
171.0,-153.0,-45.0,-85.0,404.0,1011.0
169.0,-158.0,-46.0,-69.0,383.0,999.0
172.0,-157.0,-42.0,-55.0,375.0,986.0
171.0,-153.0,-45.0,-55.0,362.0,970.0
178.0,-154.0,-37.0,-65.0,329.0,957.0
188.0,-155.0,-32.0,-77.0,281.0,947.0
195.0,-154.0,-34.0,-89.0,237.0,937.0
200.0,-153.0,-34.0,-98.0,203.0,928.0
210.0,-151.0,-35.0,-103.0,182.0,930.0
220.0,-152.0,-32.0,-102.0,166.0,942.0
225.0,-157.0,-24.0,-96.0,157.0,956.0
222.0,-162.0,-26.0,-80.0,157.0,971.0
230.0,-159.0,-28.0,-53.0,163.0,984.0
225.0,-159.0,-26.0,-19.0,165.0,998.0
224.0,-161.0,-30.0,17.0,161.0,1007.0
227.0,-161.0,-27.0,55.0,154.0,1011.0
222.0,-161.0,-29.0,93.0,149.0,1015.0
223.0,-159.0,-29.0,123.0,151.0,1008.0
217.0,-158.0,-22.0,139.0,154.0,998.0
212.0,-156.0,-20.0,141.0,153.0,985.0
211.0,-155.0,-20.0,132.0,149.0,968.0
204.0,-156.0,-19.0,116.0,150.0,951.0
196.0,-151.0,-20.0,98.0,144.0,938.0
192.0,-155.0,-16.0,70.0,138.0,921.0
184.0,-155.0,-12.0,45.0,134.0,901.0
177.0,-163.0,-9.0,27.0,119.0,883.0
169.0,-164.0,-5.0,25.0,97.0,861.0
166.0,-166.0,-7.0,32.0,71.0,842.0
164.0,-172.0,-5.0,33.0,37.0,818.0
166.0,-179.0,1.0,26.0,5.0,794.0
165.0,-181.0,3.0,20.0,-14.0,771.0
169.0,-190.0,-3.0,17.0,-34.0,751.0
170.0,-190.0,-1.0,16.0,-55.0,729.0
174.0,-194.0,0.0,12.0,-73.0,711.0
180.0,-195.0,-4.0,10.0,-74.0,696.0
187.0,-199.0,-6.0,9.0,-57.0,681.0
189.0,-202.0,-9.0,14.0,-36.0,667.0
190.0,-203.0,-17.0,26.0,-14.0,654.0
192.0,-205.0,-22.0,45.0,17.0,642.0
192.0,-205.0,-25.0,74.0,62.0,628.0
191.0,-207.0,-29.0,110.0,115.0,617.0
191.0,-200.0,-27.0,141.0,158.0,610.0
188.0,-197.0,-23.0,158.0,179.0,608.0
184.0,-191.0,-19.0,161.0,166.0,602.0
176.0,-185.0,-21.0,154.0,132.0,593.0
168.0,-184.0,-24.0,140.0,86.0,587.0
157.0,-179.0,-29.0,134.0,42.0,584.0
147.0,-178.0,-35.0,132.0,18.0,587.0
143.0,-175.0,-35.0,126.0,14.0,593.0
139.0,-173.0,-38.0,115.0,19.0,602.0
137.0,-174.0,-30.0,102.0,20.0,615.0
138.0,-176.0,-31.0,95.0,22.0,623.0
138.0,-174.0,-25.0,89.0,29.0,630.0
139.0,-178.0,-19.0,80.0,44.0,633.0
142.0,-182.0,-16.0,65.0,62.0,632.0
146.0,-179.0,-10.0,49.0,81.0,631.0
156.0,-188.0,-20.0,41.0,95.0,630.0
162.0,-192.0,-22.0,47.0,113.0,623.0
162.0,-195.0,-26.0,57.0,126.0,618.0
164.0,-197.0,-36.0,67.0,136.0,609.0
166.0,-199.0,-42.0,75.0,142.0,598.0
167.0,-203.0,-43.0,84.0,136.0,591.0
167.0,-205.0,-49.0,96.0,125.0,583.0
162.0,-202.0,-56.0,113.0,114.0,578.0
161.0,-206.0,-56.0,130.0,103.0,572.0
153.0,-198.0,-58.0,142.0,91.0,568.0
149.0,-198.0,-54.0,143.0,82.0,566.0
152.0,-199.0,-57.0,137.0,68.0,570.0
152.0,-196.0,-58.0,121.0,53.0,574.0
152.0,-196.0,-52.0,105.0,37.0,576.0
153.0,-196.0,-51.0,86.0,12.0,577.0
152.0,-196.0,-52.0,63.0,-21.0,571.0
156.0,-197.0,-52.0,40.0,-53.0,563.0
150.0,-195.0,-55.0,19.0,-67.0,551.0
152.0,-197.0,-49.0,0.0,-65.0,542.0
151.0,-198.0,-53.0,-24.0,-63.0,539.0
146.0,-203.0,-57.0,-41.0,-63.0,540.0
141.0,-204.0,-40.0,-48.0,-64.0,540.0
140.0,-214.0,-48.0,-43.0,-64.0,542.0
141.0,-214.0,-48.0,-28.0,-58.0,542.0
142.0,-219.0,-46.0,-10.0,-45.0,543.0
137.0,-220.0,-41.0,6.0,-34.0,546.0
138.0,-223.0,-35.0,17.0,-29.0,550.0
137.0,-222.0,-38.0,24.0,-26.0,557.0
137.0,-227.0,-32.0,27.0,-30.0,564.0
132.0,-222.0,-31.0,29.0,-39.0,574.0
129.0,-224.0,-31.0,32.0,-52.0,588.0
128.0,-227.0,-27.0,36.0,-65.0,601.0
127.0,-227.0,-25.0,46.0,-74.0,618.0
128.0,-228.0,-28.0,56.0,-85.0,630.0
126.0,-228.0,-27.0,68.0,-95.0,638.0
123.0,-225.0,-22.0,78.0,-103.0,647.0
125.0,-224.0,-22.0,86.0,-110.0,656.0
128.0,-226.0,-27.0,96.0,-113.0,664.0
132.0,-224.0,-20.0,104.0,-111.0,671.0
131.0,-224.0,-20.0,113.0,-108.0,674.0
138.0,-223.0,-24.0,124.0,-106.0,675.0
138.0,-223.0,-22.0,132.0,-101.0,672.0
144.0,-225.0,-15.0,139.0,-92.0,666.0
142.0,-219.0,-21.0,145.0,-71.0,656.0
143.0,-219.0,-23.0,147.0,-41.0,644.0
141.0,-224.0,-24.0,140.0,-4.0,627.0
137.0,-219.0,-22.0,128.0,38.0,612.0
136.0,-223.0,-25.0,119.0,77.0,594.0
134.0,-224.0,-24.0,113.0,117.0,577.0
131.0,-225.0,-29.0,109.0,156.0,561.0
127.0,-226.0,-30.0,105.0,184.0,541.0
124.0,-226.0,-29.0,104.0,203.0,521.0
123.0,-229.0,-25.0,108.0,215.0,502.0
120.0,-233.0,-22.0,119.0,230.0,479.0
116.0,-228.0,-31.0,133.0,237.0,456.0
113.0,-227.0,-32.0,145.0,222.0,431.0
110.0,-228.0,-36.0,155.0,191.0,410.0
107.0,-232.0,-33.0,168.0,153.0,392.0
109.0,-236.0,-32.0,187.0,124.0,374.0
106.0,-235.0,-31.0,207.0,101.0,361.0
105.0,-234.0,-29.0,216.0,82.0,348.0
101.0,-233.0,-32.0,213.0,65.0,342.0
97.0,-236.0,-34.0,202.0,48.0,341.0
96.0,-240.0,-32.0,184.0,37.0,347.0
96.0,-246.0,-44.0,170.0,35.0,355.0
94.0,-247.0,-35.0,162.0,43.0,371.0
89.0,-247.0,-38.0,168.0,62.0,389.0
88.0,-247.0,-33.0,187.0,93.0,410.0
91.0,-246.0,-34.0,220.0,130.0,430.0
88.0,-244.0,-32.0,257.0,168.0,446.0
89.0,-242.0,-34.0,292.0,207.0,460.0
91.0,-239.0,-31.0,325.0,250.0,476.0
93.0,-237.0,-23.0,353.0,293.0,488.0
99.0,-235.0,-21.0,379.0,338.0,501.0
100.0,-231.0,-18.0,400.0,382.0,505.0
100.0,-225.0,-18.0,407.0,408.0,504.0
102.0,-219.0,-20.0,394.0,413.0,498.0
102.0,-214.0,-19.0,363.0,391.0,487.0
101.0,-213.0,-23.0,323.0,348.0,477.0
104.0,-218.0,-30.0,281.0,295.0,474.0
102.0,-218.0,-29.0,251.0,256.0,476.0
106.0,-216.0,-25.0,241.0,240.0,483.0
111.0,-222.0,-22.0,248.0,242.0,492.0
112.0,-223.0,-20.0,265.0,261.0,499.0
113.0,-224.0,-19.0,281.0,286.0,503.0
111.0,-220.0,-16.0,293.0,307.0,505.0
112.0,-229.0,-12.0,293.0,318.0,501.0
116.0,-225.0,-19.0,277.0,313.0,495.0
116.0,-227.0,-22.0,245.0,302.0,489.0
116.0,-231.0,-19.0,205.0,293.0,485.0
113.0,-231.0,-25.0,169.0,288.0,481.0
113.0,-239.0,-21.0,145.0,291.0,482.0
110.0,-239.0,-20.0,132.0,296.0,486.0
108.0,-242.0,-13.0,137.0,311.0,489.0
107.0,-241.0,-13.0,158.0,332.0,491.0
103.0,-241.0,-11.0,186.0,358.0,495.0
107.0,-242.0,-7.0,207.0,377.0,501.0
105.0,-242.0,-4.0,230.0,395.0,501.0
104.0,-235.0,-6.0,250.0,410.0,494.0
105.0,-237.0,-5.0,262.0,422.0,485.0
105.0,-236.0,-4.0,263.0,429.0,476.0
106.0,-238.0,-11.0,249.0,426.0,464.0
103.0,-236.0,-10.0,231.0,418.0,453.0
100.0,-237.0,-11.0,207.0,407.0,441.0
102.0,-240.0,-12.0,186.0,390.0,430.0
102.0,-239.0,-15.0,169.0,372.0,421.0
107.0,-246.0,-11.0,159.0,361.0,415.0
101.0,-244.0,-11.0,155.0,364.0,409.0
103.0,-234.0,-8.0,157.0,377.0,406.0
101.0,-242.0,-4.0,164.0,394.0,409.0
99.0,-242.0,-2.0,173.0,414.0,407.0
101.0,-239.0,0.0,183.0,434.0,405.0
102.0,-242.0,2.0,186.0,442.0,406.0
100.0,-237.0,-4.0,181.0,440.0,405.0
102.0,-236.0,-10.0,168.0,432.0,408.0
97.0,-237.0,-10.0,149.0,412.0,414.0
99.0,-241.0,-13.0,129.0,388.0,421.0
96.0,-241.0,-9.0,116.0,372.0,424.0
98.0,-243.0,-4.0,117.0,367.0,427.0
96.0,-247.0,2.0,130.0,371.0,429.0
90.0,-245.0,1.0,151.0,384.0,430.0
87.0,-240.0,2.0,172.0,399.0,429.0
84.0,-240.0,4.0,191.0,419.0,429.0
80.0,-240.0,5.0,205.0,435.0,425.0
80.0,-244.0,12.0,215.0,449.0,420.0
76.0,-242.0,12.0,221.0,456.0,416.0
70.0,-242.0,17.0,222.0,458.0,410.0
71.0,-244.0,13.0,219.0,456.0,404.0
67.0,-244.0,17.0,213.0,452.0,395.0
68.0,-245.0,18.0,205.0,444.0,389.0
60.0,-243.0,8.0,194.0,428.0,380.0
61.0,-243.0,9.0,186.0,409.0,377.0
62.0,-244.0,9.0,182.0,390.0,374.0
61.0,-244.0,13.0,185.0,374.0,372.0
63.0,-247.0,12.0,194.0,364.0,372.0
62.0,-242.0,12.0,205.0,358.0,375.0
64.0,-244.0,18.0,217.0,355.0,377.0
65.0,-241.0,15.0,232.0,355.0,378.0
68.0,-240.0,14.0,243.0,353.0,378.0
68.0,-237.0,20.0,250.0,353.0,376.0
71.0,-236.0,23.0,254.0,350.0,375.0
72.0,-231.0,21.0,247.0,345.0,370.0
74.0,-233.0,21.0,231.0,342.0,364.0
83.0,-235.0,23.0,204.0,337.0,358.0
77.0,-233.0,18.0,168.0,333.0,353.0
81.0,-235.0,14.0,130.0,329.0,353.0
85.0,-240.0,17.0,96.0,319.0,358.0
80.0,-235.0,15.0,72.0,307.0,365.0
81.0,-244.0,20.0,65.0,293.0,376.0
82.0,-248.0,17.0,76.0,286.0,387.0
80.0,-249.0,20.0,102.0,287.0,401.0
86.0,-249.0,30.0,137.0,295.0,411.0
80.0,-249.0,24.0,171.0,307.0,419.0
77.0,-252.0,25.0,200.0,318.0,421.0
72.0,-248.0,24.0,220.0,327.0,421.0
70.0,-249.0,26.0,229.0,329.0,420.0
72.0,-251.0,27.0,231.0,328.0,414.0
63.0,-255.0,27.0,232.0,325.0,408.0
62.0,-251.0,32.0,236.0,315.0,397.0
57.0,-257.0,32.0,239.0,298.0,389.0
51.0,-257.0,33.0,242.0,279.0,380.0
47.0,-256.0,32.0,243.0,255.0,372.0
48.0,-258.0,30.0,240.0,228.0,370.0
47.0,-256.0,26.0,236.0,202.0,366.0
46.0,-257.0,28.0,235.0,178.0,367.0
45.0,-255.0,26.0,236.0,156.0,365.0
42.0,-253.0,20.0,229.0,136.0,367.0
43.0,-250.0,24.0,222.0,117.0,369.0
41.0,-248.0,22.0,210.0,99.0,368.0
38.0,-248.0,30.0,196.0,86.0,373.0
44.0,-247.0,26.0,184.0,81.0,374.0
41.0,-247.0,30.0,181.0,81.0,374.0
43.0,-247.0,33.0,178.0,84.0,376.0
39.0,-249.0,34.0,176.0,88.0,379.0
47.0,-251.0,35.0,173.0,93.0,383.0
50.0,-251.0,34.0,172.0,97.0,390.0
53.0,-254.0,33.0,173.0,101.0,392.0
52.0,-254.0,30.0,175.0,103.0,395.0
53.0,-253.0,31.0,178.0,101.0,396.0
56.0,-256.0,30.0,181.0,96.0,396.0
51.0,-253.0,30.0,189.0,89.0,395.0
52.0,-249.0,29.0,196.0,84.0,395.0
51.0,-249.0,30.0,201.0,85.0,395.0
49.0,-248.0,29.0,202.0,89.0,395.0
46.0,-249.0,25.0,199.0,95.0,394.0
46.0,-249.0,34.0,192.0,100.0,394.0
43.0,-251.0,32.0,194.0,108.0,394.0
40.0,-252.0,30.0,196.0,110.0,393.0
38.0,-250.0,31.0,196.0,111.0,392.0
33.0,-251.0,33.0,198.0,116.0,389.0
31.0,-248.0,33.0,198.0,117.0,388.0
33.0,-247.0,35.0,196.0,118.0,385.0
29.0,-249.0,37.0,196.0,118.0,383.0
25.0,-247.0,36.0,196.0,115.0,384.0
23.0,-247.0,36.0,192.0,108.0,386.0
20.0,-248.0,37.0,187.0,96.0,385.0
24.0,-248.0,38.0,182.0,81.0,383.0
21.0,-249.0,33.0,180.0,65.0,379.0
19.0,-249.0,33.0,176.0,48.0,378.0
20.0,-249.0,36.0,173.0,34.0,375.0
21.0,-249.0,38.0,170.0,22.0,372.0
20.0,-251.0,35.0,165.0,12.0,367.0
20.0,-250.0,38.0,157.0,7.0,363.0
26.0,-251.0,36.0,150.0,1.0,359.0
24.0,-253.0,42.0,143.0,-4.0,353.0
25.0,-252.0,39.0,141.0,-11.0,348.0
24.0,-258.0,38.0,138.0,-19.0,346.0
24.0,-254.0,34.0,140.0,-27.0,341.0
26.0,-256.0,36.0,141.0,-34.0,337.0
24.0,-255.0,36.0,145.0,-38.0,332.0
25.0,-254.0,37.0,145.0,-41.0,327.0
24.0,-256.0,38.0,145.0,-41.0,321.0
22.0,-252.0,37.0,143.0,-41.0,318.0
25.0,-253.0,33.0,142.0,-38.0,313.0
19.0,-253.0,38.0,139.0,-34.0,306.0
20.0,-256.0,39.0,133.0,-33.0,299.0
17.0,-254.0,41.0,125.0,-33.0,293.0
23.0,-257.0,38.0,120.0,-36.0,288.0
16.0,-249.0,41.0,116.0,-39.0,285.0
16.0,-250.0,39.0,111.0,-43.0,280.0
15.0,-251.0,37.0,107.0,-42.0,276.0
17.0,-249.0,38.0,97.0,-40.0,272.0
17.0,-251.0,39.0,85.0,-35.0,268.0
16.0,-249.0,37.0,81.0,-27.0,261.0
19.0,-252.0,35.0,77.0,-21.0,255.0
18.0,-250.0,38.0,68.0,-12.0,249.0
20.0,-249.0,38.0,56.0,-4.0,241.0
20.0,-250.0,40.0,49.0,5.0,233.0
21.0,-250.0,43.0,45.0,12.0,224.0
21.0,-251.0,39.0,40.0,19.0,213.0
20.0,-250.0,40.0,34.0,23.0,206.0
21.0,-251.0,41.0,29.0,28.0,200.0
17.0,-251.0,42.0,22.0,30.0,190.0
18.0,-250.0,40.0,16.0,32.0,184.0
