247.0,-61.0,11.0,-97.0,16.0,77.0
247.0,-61.0,13.0,-109.0,20.0,79.0
246.0,-59.0,15.0,-120.0,26.0,78.0
248.0,-61.0,12.0,-134.0,30.0,76.0
246.0,-65.0,17.0,-149.0,30.0,73.0
245.0,-62.0,16.0,-167.0,27.0,69.0
247.0,-61.0,19.0,-187.0,18.0,68.0
247.0,-61.0,22.0,-213.0,4.0,68.0
248.0,-61.0,20.0,-243.0,-18.0,72.0
246.0,-61.0,17.0,-278.0,-47.0,73.0
249.0,-65.0,15.0,-309.0,-72.0,72.0
249.0,-65.0,16.0,-332.0,-89.0,69.0
240.0,-73.0,8.0,-348.0,-98.0,67.0
246.0,-68.0,14.0,-354.0,-106.0,64.0
244.0,-68.0,10.0,-359.0,-112.0,56.0
246.0,-67.0,13.0,-363.0,-112.0,50.0
251.0,-71.0,5.0,-358.0,-109.0,50.0
251.0,-70.0,6.0,-344.0,-96.0,48.0
251.0,-74.0,0.0,-318.0,-79.0,49.0
254.0,-69.0,2.0,-285.0,-59.0,46.0
253.0,-71.0,0.0,-253.0,-30.0,42.0
254.0,-69.0,1.0,-219.0,-2.0,37.0
255.0,-72.0,1.0,-189.0,24.0,32.0
250.0,-69.0,3.0,-162.0,44.0,26.0
253.0,-69.0,5.0,-140.0,61.0,22.0
251.0,-66.0,2.0,-122.0,76.0,19.0
251.0,-65.0,1.0,-108.0,91.0,19.0
254.0,-62.0,0.0,-100.0,107.0,20.0
255.0,-61.0,2.0,-94.0,127.0,23.0
253.0,-58.0,1.0,-91.0,145.0,29.0
252.0,-56.0,3.0,-92.0,162.0,37.0
252.0,-56.0,-1.0,-97.0,175.0,43.0
254.0,-53.0,5.0,-110.0,189.0,52.0
251.0,-53.0,14.0,-127.0,202.0,63.0
251.0,-50.0,10.0,-147.0,209.0,75.0
251.0,-55.0,10.0,-170.0,207.0,82.0
249.0,-55.0,10.0,-193.0,197.0,89.0
247.0,-57.0,13.0,-215.0,184.0,94.0
250.0,-62.0,15.0,-235.0,165.0,101.0
244.0,-66.0,17.0,-251.0,149.0,106.0
243.0,-67.0,19.0,-258.0,138.0,112.0
239.0,-65.0,18.0,-254.0,133.0,114.0
238.0,-68.0,17.0,-240.0,128.0,115.0
238.0,-67.0,26.0,-224.0,118.0,114.0
240.0,-74.0,21.0,-206.0,105.0,113.0
241.0,-72.0,19.0,-188.0,95.0,107.0
243.0,-72.0,21.0,-167.0,89.0,100.0
240.0,-73.0,22.0,-146.0,87.0,89.0
240.0,-71.0,19.0,-127.0,86.0,83.0
240.0,-65.0,22.0,-117.0,80.0,78.0
242.0,-72.0,23.0,-117.0,68.0,72.0
246.0,-69.0,19.0,-121.0,59.0,64.0
240.0,-65.0,25.0,-122.0,70.0,68.0
239.0,-67.0,19.0,-126.0,74.0,68.0
238.0,-67.0,21.0,-135.0,59.0,66.0
238.0,-63.0,20.0,-145.0,43.0,60.0
244.0,-65.0,23.0,-156.0,30.0,57.0
244.0,-66.0,21.0,-167.0,19.0,58.0
247.0,-67.0,20.0,-178.0,12.0,61.0
245.0,-65.0,16.0,-186.0,8.0,61.0
248.0,-67.0,18.0,-197.0,4.0,62.0
244.0,-66.0,14.0,-207.0,-3.0,62.0
244.0,-68.0,14.0,-219.0,-15.0,60.0
247.0,-68.0,14.0,-229.0,-25.0,58.0
247.0,-73.0,12.0,-238.0,-24.0,58.0
246.0,-73.0,8.0,-243.0,-13.0,63.0
244.0,-75.0,5.0,-239.0,-4.0,65.0
250.0,-77.0,11.0,-229.0,0.0,67.0
246.0,-77.0,3.0,-214.0,3.0,68.0
246.0,-76.0,5.0,-194.0,8.0,71.0
251.0,-78.0,-1.0,-173.0,11.0,77.0
253.0,-74.0,2.0,-154.0,22.0,85.0
252.0,-73.0,1.0,-133.0,37.0,97.0
252.0,-70.0,-1.0,-115.0,53.0,109.0
254.0,-69.0,-1.0,-95.0,66.0,122.0
256.0,-70.0,-2.0,-78.0,74.0,134.0
254.0,-69.0,-4.0,-59.0,74.0,146.0
254.0,-66.0,-7.0,-39.0,66.0,156.0
256.0,-72.0,-4.0,-19.0,59.0,163.0
254.0,-73.0,-4.0,3.0,59.0,170.0
253.0,-72.0,-4.0,26.0,72.0,180.0
252.0,-74.0,-7.0,46.0,89.0,190.0
249.0,-70.0,-3.0,55.0,104.0,197.0
250.0,-69.0,-2.0,54.0,113.0,202.0
246.0,-66.0,-1.0,41.0,116.0,203.0
247.0,-65.0,1.0,26.0,118.0,203.0
245.0,-59.0,2.0,7.0,124.0,204.0
247.0,-58.0,7.0,-20.0,128.0,205.0
242.0,-53.0,11.0,-57.0,133.0,214.0
243.0,-56.0,8.0,-100.0,138.0,224.0
245.0,-60.0,6.0,-143.0,142.0,230.0
245.0,-62.0,1.0,-179.0,145.0,233.0
246.0,-70.0,-2.0,-203.0,145.0,229.0
247.0,-75.0,-4.0,-210.0,135.0,223.0
249.0,-77.0,-6.0,-194.0,120.0,211.0
249.0,-78.0,-5.0,-166.0,113.0,203.0
247.0,-81.0,-10.0,-138.0,114.0,198.0
249.0,-80.0,-5.0,-111.0,123.0,196.0
250.0,-82.0,-6.0,-88.0,134.0,193.0
250.0,-77.0,6.0,-61.0,145.0,191.0
249.0,-76.0,3.0,-40.0,155.0,190.0
249.0,-70.0,4.0,-35.0,158.0,192.0
250.0,-72.0,2.0,-44.0,159.0,193.0
251.0,-72.0,3.0,-52.0,158.0,193.0
245.0,-71.0,0.0,-56.0,160.0,195.0
244.0,-70.0,3.0,-52.0,155.0,200.0
241.0,-74.0,5.0,-43.0,150.0,211.0
240.0,-76.0,4.0,-30.0,142.0,222.0
239.0,-77.0,13.0,-18.0,135.0,231.0
242.0,-76.0,11.0,-5.0,129.0,239.0
242.0,-83.0,10.0,7.0,128.0,248.0
245.0,-83.0,5.0,21.0,136.0,259.0
245.0,-80.0,7.0,41.0,146.0,273.0
248.0,-79.0,9.0,60.0,158.0,283.0
245.0,-81.0,4.0,82.0,169.0,295.0
250.0,-82.0,6.0,99.0,186.0,302.0
249.0,-78.0,12.0,117.0,202.0,306.0
251.0,-80.0,9.0,135.0,219.0,313.0
247.0,-79.0,12.0,147.0,248.0,326.0
249.0,-83.0,13.0,149.0,268.0,345.0
246.0,-81.0,13.0,141.0,297.0,366.0
243.0,-90.0,16.0,131.0,334.0,390.0
241.0,-81.0,17.0,123.0,356.0,407.0
251.0,-83.0,19.0,116.0,359.0,416.0
250.0,-81.0,16.0,106.0,358.0,421.0
242.0,-79.0,16.0,96.0,355.0,426.0
238.0,-78.0,16.0,79.0,355.0,434.0
239.0,-83.0,14.0,62.0,352.0,440.0
238.0,-88.0,18.0,43.0,345.0,439.0
238.0,-94.0,20.0,35.0,339.0,437.0
237.0,-97.0,22.0,40.0,331.0,428.0
238.0,-101.0,17.0,54.0,319.0,419.0
235.0,-99.0,16.0,69.0,308.0,402.0
235.0,-101.0,18.0,78.0,299.0,382.0
237.0,-102.0,14.0,75.0,288.0,359.0
237.0,-105.0,16.0,67.0,274.0,337.0
237.0,-103.0,14.0,53.0,257.0,315.0
234.0,-103.0,9.0,38.0,239.0,297.0
234.0,-102.0,10.0,17.0,222.0,282.0
233.0,-105.0,4.0,-2.0,214.0,266.0
235.0,-109.0,3.0,-17.0,213.0,256.0
231.0,-110.0,2.0,-22.0,208.0,249.0
235.0,-108.0,-8.0,-11.0,200.0,247.0
231.0,-115.0,8.0,9.0,185.0,247.0
230.0,-110.0,14.0,29.0,163.0,248.0
232.0,-110.0,13.0,43.0,139.0,246.0
226.0,-110.0,14.0,46.0,115.0,243.0
229.0,-114.0,16.0,34.0,97.0,240.0
227.0,-116.0,17.0,13.0,86.0,240.0
228.0,-121.0,19.0,-8.0,77.0,242.0
226.0,-124.0,21.0,-23.0,73.0,245.0
228.0,-124.0,22.0,-32.0,75.0,249.0
226.0,-129.0,24.0,-34.0,80.0,248.0
222.0,-125.0,23.0,-28.0,87.0,246.0
225.0,-125.0,22.0,-19.0,95.0,248.0
224.0,-123.0,21.0,-12.0,113.0,246.0
222.0,-122.0,23.0,-11.0,135.0,245.0
223.0,-124.0,23.0,-20.0,156.0,240.0
225.0,-121.0,17.0,-21.0,175.0,236.0
222.0,-119.0,21.0,-29.0,190.0,230.0
226.0,-120.0,25.0,-36.0,203.0,231.0
221.0,-119.0,26.0,-40.0,213.0,229.0
222.0,-117.0,24.0,-38.0,218.0,226.0
221.0,-116.0,28.0,-37.0,216.0,225.0
226.0,-117.0,38.0,-40.0,213.0,228.0
221.0,-115.0,32.0,-49.0,207.0,231.0
223.0,-117.0,33.0,-60.0,195.0,233.0
222.0,-112.0,32.0,-72.0,182.0,235.0
218.0,-113.0,33.0,-87.0,168.0,235.0
216.0,-111.0,31.0,-107.0,156.0,233.0
217.0,-115.0,30.0,-131.0,149.0,226.0
218.0,-115.0,33.0,-154.0,139.0,217.0
216.0,-119.0,33.0,-170.0,122.0,211.0
222.0,-116.0,23.0,-165.0,108.0,210.0
226.0,-119.0,28.0,-152.0,106.0,208.0
226.0,-122.0,26.0,-137.0,106.0,210.0
227.0,-116.0,36.0,-126.0,102.0,210.0
231.0,-119.0,36.0,-113.0,97.0,208.0
230.0,-115.0,37.0,-99.0,90.0,203.0
226.0,-108.0,37.0,-90.0,85.0,205.0
228.0,-107.0,35.0,-87.0,75.0,212.0
227.0,-106.0,33.0,-90.0,63.0,224.0
230.0,-109.0,36.0,-91.0,49.0,233.0
228.0,-107.0,32.0,-86.0,36.0,234.0
230.0,-105.0,31.0,-68.0,21.0,240.0
227.0,-106.0,27.0,-40.0,1.0,249.0
229.0,-110.0,22.0,-7.0,-20.0,262.0
229.0,-101.0,21.0,19.0,-38.0,274.0
227.0,-102.0,25.0,36.0,-50.0,280.0
228.0,-99.0,28.0,44.0,-56.0,281.0
229.0,-101.0,30.0,42.0,-59.0,277.0
230.0,-102.0,31.0,37.0,-57.0,273.0
226.0,-102.0,38.0,22.0,-54.0,270.0
228.0,-101.0,36.0,11.0,-50.0,270.0
230.0,-103.0,40.0,-7.0,-41.0,273.0
230.0,-109.0,35.0,-24.0,-26.0,275.0
227.0,-111.0,29.0,-37.0,-8.0,279.0
228.0,-112.0,26.0,-41.0,11.0,285.0
228.0,-116.0,25.0,-35.0,26.0,292.0
228.0,-111.0,19.0,-30.0,36.0,298.0
228.0,-116.0,20.0,-24.0,44.0,302.0
231.0,-120.0,19.0,-20.0,48.0,306.0
232.0,-117.0,17.0,-16.0,54.0,307.0
232.0,-120.0,17.0,-8.0,65.0,306.0
233.0,-119.0,17.0,1.0,72.0,309.0
227.0,-119.0,22.0,1.0,70.0,312.0
225.0,-120.0,21.0,-2.0,64.0,317.0
224.0,-117.0,22.0,-12.0,58.0,326.0
213.0,-120.0,16.0,-23.0,49.0,332.0
221.0,-122.0,19.0,-35.0,42.0,337.0
219.0,-123.0,15.0,-43.0,36.0,340.0
221.0,-127.0,15.0,-46.0,38.0,339.0
216.0,-127.0,15.0,-41.0,45.0,339.0
222.0,-127.0,12.0,-32.0,51.0,336.0
222.0,-128.0,12.0,-21.0,55.0,332.0
226.0,-126.0,12.0,-9.0,62.0,328.0
222.0,-125.0,8.0,1.0,72.0,325.0
223.0,-126.0,10.0,4.0,83.0,324.0
226.0,-125.0,11.0,3.0,94.0,325.0
221.0,-124.0,13.0,-2.0,105.0,326.0
223.0,-125.0,9.0,-8.0,111.0,328.0
225.0,-124.0,12.0,-20.0,113.0,331.0
227.0,-123.0,9.0,-33.0,115.0,335.0
226.0,-130.0,14.0,-49.0,119.0,341.0
226.0,-126.0,9.0,-60.0,123.0,345.0
223.0,-128.0,12.0,-65.0,129.0,351.0
227.0,-133.0,10.0,-66.0,133.0,355.0
222.0,-128.0,11.0,-68.0,137.0,359.0
224.0,-130.0,8.0,-67.0,139.0,364.0
222.0,-129.0,7.0,-65.0,139.0,370.0
221.0,-123.0,-4.0,-67.0,139.0,378.0
221.0,-129.0,5.0,-69.0,143.0,389.0
221.0,-129.0,12.0,-72.0,149.0,397.0
223.0,-134.0,8.0,-75.0,154.0,404.0
222.0,-132.0,14.0,-79.0,158.0,409.0
222.0,-130.0,14.0,-82.0,164.0,413.0
220.0,-135.0,13.0,-84.0,170.0,419.0
218.0,-136.0,12.0,-83.0,176.0,428.0
218.0,-136.0,11.0,-81.0,181.0,433.0
218.0,-139.0,10.0,-77.0,188.0,440.0
223.0,-139.0,10.0,-70.0,197.0,448.0
217.0,-136.0,11.0,-61.0,208.0,455.0
215.0,-137.0,11.0,-51.0,219.0,465.0
215.0,-137.0,11.0,-41.0,228.0,474.0
213.0,-137.0,14.0,-32.0,234.0,479.0
217.0,-140.0,16.0,-24.0,238.0,484.0
215.0,-138.0,17.0,-18.0,242.0,486.0
214.0,-134.0,16.0,-13.0,250.0,491.0
212.0,-135.0,19.0,-10.0,251.0,495.0
212.0,-137.0,18.0,-9.0,246.0,502.0
213.0,-139.0,20.0,-11.0,241.0,509.0
210.0,-135.0,5.0,-11.0,241.0,519.0
213.0,-139.0,17.0,-7.0,246.0,529.0
209.0,-138.0,19.0,-2.0,254.0,538.0
208.0,-141.0,20.0,1.0,260.0,549.0
206.0,-143.0,21.0,6.0,264.0,562.0
204.0,-145.0,18.0,9.0,264.0,571.0
206.0,-150.0,16.0,15.0,264.0,583.0
208.0,-149.0,20.0,26.0,263.0,592.0
205.0,-148.0,19.0,39.0,268.0,603.0
204.0,-148.0,20.0,57.0,270.0,608.0
207.0,-150.0,17.0,77.0,276.0,611.0
205.0,-150.0,27.0,99.0,277.0,614.0
209.0,-151.0,30.0,111.0,272.0,616.0
205.0,-148.0,28.0,119.0,265.0,619.0
203.0,-146.0,30.0,123.0,259.0,624.0
202.0,-148.0,31.0,119.0,258.0,634.0
202.0,-149.0,36.0,106.0,265.0,656.0
199.0,-153.0,32.0,90.0,265.0,675.0
201.0,-156.0,32.0,76.0,253.0,694.0
196.0,-157.0,33.0,70.0,236.0,710.0
195.0,-156.0,32.0,65.0,229.0,731.0
197.0,-156.0,39.0,52.0,227.0,753.0
186.0,-166.0,49.0,42.0,234.0,778.0
194.0,-155.0,39.0,39.0,238.0,802.0
193.0,-161.0,33.0,48.0,237.0,823.0
194.0,-155.0,33.0,62.0,239.0,841.0
192.0,-157.0,33.0,71.0,240.0,855.0
194.0,-158.0,34.0,75.0,236.0,870.0
197.0,-161.0,32.0,74.0,231.0,885.0
198.0,-166.0,27.0,78.0,232.0,900.0
202.0,-171.0,17.0,91.0,239.0,914.0
202.0,-166.0,19.0,111.0,253.0,926.0
205.0,-165.0,22.0,130.0,278.0,938.0
205.0,-163.0,29.0,143.0,298.0,952.0
203.0,-163.0,26.0,152.0,313.0,964.0
204.0,-164.0,24.0,160.0,324.0,976.0
202.0,-166.0,27.0,170.0,340.0,989.0
201.0,-169.0,25.0,189.0,353.0,995.0
200.0,-160.0,26.0,210.0,361.0,997.0
203.0,-162.0,25.0,226.0,379.0,1005.0
199.0,-159.0,25.0,233.0,405.0,1017.0
194.0,-163.0,28.0,235.0,423.0,1035.0
194.0,-162.0,24.0,231.0,433.0,1048.0
188.0,-161.0,25.0,230.0,453.0,1068.0
180.0,-157.0,32.0,235.0,467.0,1079.0
180.0,-166.0,31.0,241.0,472.0,1088.0
172.0,-163.0,30.0,250.0,481.0,1099.0
172.0,-170.0,32.0,260.0,485.0,1105.0
170.0,-172.0,33.0,265.0,486.0,1107.0
164.0,-175.0,38.0,269.0,495.0,1112.0
165.0,-174.0,44.0,277.0,494.0,1107.0
159.0,-176.0,40.0,288.0,487.0,1104.0
153.0,-177.0,43.0,294.0,471.0,1094.0
149.0,-181.0,44.0,301.0,452.0,1085.0
149.0,-178.0,46.0,305.0,433.0,1068.0
149.0,-178.0,47.0,305.0,411.0,1051.0
152.0,-181.0,55.0,293.0,394.0,1030.0
147.0,-182.0,49.0,275.0,378.0,1010.0
146.0,-184.0,57.0,258.0,358.0,993.0
142.0,-186.0,59.0,250.0,333.0,981.0
143.0,-185.0,60.0,247.0,302.0,969.0
141.0,-188.0,61.0,238.0,274.0,955.0
138.0,-188.0,63.0,227.0,243.0,943.0
135.0,-194.0,63.0,215.0,215.0,933.0
131.0,-198.0,64.0,206.0,193.0,917.0
130.0,-200.0,63.0,204.0,174.0,896.0
134.0,-217.0,69.0,200.0,159.0,871.0
127.0,-200.0,66.0,194.0,151.0,847.0
129.0,-199.0,73.0,183.0,140.0,824.0
130.0,-206.0,70.0,167.0,128.0,802.0
129.0,-205.0,65.0,152.0,118.0,781.0
128.0,-206.0,65.0,143.0,105.0,760.0
128.0,-208.0,69.0,149.0,91.0,740.0
127.0,-210.0,71.0,160.0,73.0,722.0
128.0,-209.0,70.0,173.0,54.0,708.0
126.0,-212.0,78.0,181.0,43.0,696.0
128.0,-212.0,78.0,183.0,35.0,689.0
125.0,-221.0,75.0,186.0,28.0,687.0
121.0,-213.0,73.0,195.0,23.0,691.0
122.0,-216.0,71.0,206.0,20.0,696.0
121.0,-215.0,70.0,209.0,26.0,698.0
124.0,-215.0,64.0,204.0,37.0,698.0
121.0,-213.0,67.0,197.0,50.0,694.0
121.0,-215.0,69.0,197.0,63.0,693.0
122.0,-216.0,65.0,203.0,74.0,693.0
118.0,-217.0,70.0,211.0,79.0,694.0
114.0,-219.0,73.0,216.0,76.0,699.0
106.0,-227.0,69.0,224.0,74.0,708.0
108.0,-222.0,67.0,231.0,70.0,719.0
103.0,-222.0,67.0,238.0,65.0,731.0
103.0,-221.0,64.0,239.0,62.0,745.0
102.0,-217.0,60.0,232.0,60.0,753.0
104.0,-218.0,57.0,219.0,57.0,750.0
103.0,-218.0,60.0,212.0,53.0,742.0
104.0,-219.0,52.0,218.0,49.0,732.0
106.0,-218.0,53.0,222.0,51.0,724.0
111.0,-218.0,57.0,224.0,65.0,713.0
106.0,-219.0,57.0,229.0,83.0,705.0
107.0,-220.0,59.0,229.0,104.0,695.0
109.0,-226.0,57.0,225.0,129.0,688.0
102.0,-221.0,56.0,221.0,154.0,678.0
105.0,-222.0,57.0,219.0,170.0,674.0
104.0,-228.0,56.0,213.0,187.0,672.0
99.0,-227.0,61.0,205.0,203.0,669.0
101.0,-229.0,61.0,196.0,216.0,666.0
98.0,-230.0,61.0,187.0,226.0,662.0
96.0,-236.0,65.0,183.0,232.0,654.0
93.0,-231.0,62.0,184.0,238.0,645.0
90.0,-232.0,65.0,187.0,248.0,631.0
81.0,-233.0,63.0,192.0,258.0,620.0
82.0,-236.0,61.0,194.0,270.0,608.0
76.0,-236.0,64.0,197.0,277.0,597.0
74.0,-237.0,61.0,201.0,282.0,587.0
75.0,-239.0,61.0,202.0,282.0,581.0
71.0,-242.0,61.0,204.0,279.0,574.0
71.0,-242.0,65.0,206.0,277.0,567.0
69.0,-244.0,63.0,210.0,275.0,563.0
69.0,-243.0,64.0,212.0,273.0,560.0
67.0,-244.0,66.0,211.0,270.0,558.0
65.0,-239.0,69.0,206.0,271.0,554.0
63.0,-244.0,70.0,202.0,271.0,546.0
64.0,-243.0,73.0,197.0,272.0,539.0
61.0,-244.0,68.0,194.0,277.0,532.0
54.0,-242.0,64.0,193.0,285.0,522.0
52.0,-248.0,66.0,190.0,294.0,518.0
50.0,-245.0,64.0,190.0,299.0,512.0
47.0,-245.0,60.0,200.0,299.0,509.0
46.0,-244.0,62.0,215.0,300.0,506.0
44.0,-240.0,62.0,227.0,302.0,506.0
43.0,-237.0,67.0,235.0,300.0,503.0
41.0,-233.0,67.0,236.0,294.0,502.0
45.0,-233.0,64.0,226.0,284.0,501.0
51.0,-238.0,65.0,214.0,273.0,503.0
51.0,-237.0,74.0,202.0,270.0,506.0
47.0,-235.0,73.0,196.0,268.0,511.0
53.0,-236.0,68.0,193.0,264.0,517.0
54.0,-236.0,74.0,192.0,260.0,522.0
57.0,-237.0,70.0,190.0,251.0,526.0
56.0,-239.0,69.0,186.0,242.0,526.0
58.0,-236.0,70.0,189.0,235.0,526.0
62.0,-237.0,69.0,195.0,228.0,525.0
62.0,-239.0,67.0,199.0,226.0,525.0
65.0,-236.0,71.0,201.0,232.0,526.0
64.0,-237.0,67.0,201.0,239.0,527.0
64.0,-235.0,75.0,197.0,242.0,524.0
64.0,-235.0,74.0,192.0,244.0,523.0
64.0,-236.0,74.0,183.0,246.0,518.0
64.0,-243.0,76.0,176.0,250.0,512.0
62.0,-239.0,75.0,171.0,256.0,508.0
64.0,-240.0,81.0,167.0,258.0,502.0
63.0,-240.0,81.0,165.0,259.0,497.0
65.0,-241.0,84.0,164.0,258.0,493.0
65.0,-242.0,83.0,162.0,257.0,489.0
67.0,-238.0,79.0,160.0,258.0,485.0
67.0,-243.0,83.0,161.0,259.0,477.0
71.0,-241.0,84.0,167.0,259.0,474.0
69.0,-243.0,83.0,178.0,257.0,470.0
70.0,-238.0,82.0,191.0,254.0,465.0
68.0,-238.0,79.0,205.0,247.0,461.0
68.0,-235.0,80.0,217.0,244.0,457.0
65.0,-233.0,79.0,224.0,245.0,453.0
65.0,-234.0,78.0,228.0,252.0,452.0
63.0,-231.0,83.0,226.0,263.0,450.0
66.0,-233.0,81.0,223.0,273.0,444.0
64.0,-234.0,80.0,222.0,279.0,442.0
65.0,-232.0,80.0,219.0,280.0,439.0
65.0,-231.0,86.0,214.0,281.0,436.0
64.0,-233.0,86.0,210.0,282.0,435.0
63.0,-229.0,84.0,207.0,290.0,435.0
62.0,-229.0,81.0,207.0,298.0,432.0
59.0,-231.0,81.0,205.0,304.0,432.0
57.0,-232.0,82.0,205.0,313.0,432.0
55.0,-230.0,82.0,207.0,321.0,435.0
54.0,-233.0,79.0,211.0,328.0,439.0
53.0,-234.0,83.0,215.0,331.0,442.0
46.0,-231.0,90.0,220.0,333.0,444.0
47.0,-234.0,86.0,223.0,339.0,446.0
47.0,-232.0,86.0,226.0,343.0,446.0
50.0,-230.0,88.0,225.0,346.0,448.0
46.0,-225.0,86.0,222.0,350.0,450.0
50.0,-229.0,88.0,214.0,353.0,450.0
53.0,-230.0,89.0,206.0,360.0,449.0
47.0,-232.0,89.0,199.0,371.0,451.0
46.0,-233.0,85.0,199.0,380.0,453.0
46.0,-231.0,88.0,206.0,389.0,451.0
45.0,-233.0,86.0,210.0,402.0,445.0
44.0,-230.0,86.0,215.0,420.0,443.0
46.0,-227.0,88.0,218.0,439.0,445.0
46.0,-228.0,90.0,220.0,455.0,448.0
41.0,-225.0,88.0,217.0,463.0,449.0
44.0,-227.0,92.0,207.0,466.0,449.0
45.0,-224.0,88.0,192.0,461.0,449.0
38.0,-224.0,96.0,180.0,458.0,449.0
39.0,-227.0,95.0,171.0,452.0,452.0
37.0,-228.0,100.0,170.0,440.0,449.0
37.0,-229.0,101.0,174.0,427.0,445.0
35.0,-232.0,101.0,182.0,419.0,439.0
34.0,-230.0,103.0,188.0,416.0,431.0
34.0,-234.0,103.0,191.0,416.0,425.0
34.0,-234.0,105.0,190.0,414.0,418.0
26.0,-234.0,107.0,186.0,410.0,414.0
27.0,-235.0,107.0,185.0,399.0,408.0
25.0,-233.0,109.0,184.0,386.0,405.0
26.0,-228.0,108.0,176.0,377.0,406.0
25.0,-224.0,105.0,166.0,375.0,408.0
21.0,-227.0,108.0,157.0,369.0,406.0
23.0,-227.0,111.0,152.0,364.0,401.0
20.0,-222.0,103.0,151.0,361.0,397.0
26.0,-222.0,102.0,149.0,355.0,395.0
30.0,-220.0,105.0,130.0,359.0,391.0
29.0,-222.0,104.0,114.0,379.0,392.0
29.0,-220.0,102.0,106.0,390.0,393.0
27.0,-218.0,105.0,91.0,393.0,394.0
24.0,-222.0,101.0,72.0,395.0,397.0
26.0,-225.0,100.0,51.0,396.0,403.0
26.0,-225.0,101.0,28.0,393.0,398.0
21.0,-232.0,107.0,3.0,381.0,390.0
18.0,-232.0,107.0,-18.0,359.0,377.0
27.0,-237.0,123.0,-37.0,339.0,362.0
12.0,-241.0,111.0,-40.0,333.0,347.0
6.0,-239.0,114.0,-30.0,328.0,335.0
2.0,-244.0,115.0,-18.0,316.0,315.0
-2.0,-246.0,122.0,-3.0,318.0,292.0
-10.0,-244.0,126.0,20.0,309.0,269.0
-10.0,-238.0,121.0,39.0,291.0,248.0
-11.0,-241.0,127.0,52.0,279.0,231.0
-10.0,-245.0,121.0,59.0,279.0,216.0
-16.0,-238.0,119.0,63.0,282.0,203.0
-16.0,-238.0,122.0,67.0,281.0,192.0
-18.0,-238.0,111.0,77.0,262.0,190.0
-18.0,-232.0,106.0,85.0,246.0,191.0
-20.0,-226.0,106.0,85.0,248.0,194.0
-25.0,-226.0,108.0,86.0,249.0,201.0
-27.0,-232.0,114.0,89.0,246.0,204.0
-30.0,-228.0,112.0,103.0,223.0,203.0
-24.0,-230.0,108.0,104.0,202.0,202.0
-28.0,-231.0,110.0,87.0,211.0,207.0
-23.0,-229.0,109.0,66.0,219.0,208.0
-32.0,-233.0,112.0,54.0,222.0,206.0
-31.0,-232.0,116.0,50.0,220.0,198.0
-29.0,-230.0,117.0,63.0,201.0,193.0
-26.0,-232.0,108.0,77.0,175.0,191.0
-24.0,-230.0,103.0,73.0,168.0,188.0
-29.0,-232.0,106.0,58.0,178.0,180.0
-28.0,-231.0,110.0,40.0,194.0,163.0
-31.0,-231.0,108.0,30.0,199.0,153.0
-35.0,-233.0,111.0,32.0,189.0,138.0
-32.0,-231.0,115.0,33.0,173.0,127.0
-37.0,-229.0,110.0,38.0,162.0,125.0
-34.0,-230.0,112.0,41.0,148.0,125.0
-35.0,-225.0,110.0,46.0,130.0,123.0
-38.0,-228.0,113.0,48.0,122.0,127.0
-42.0,-224.0,109.0,50.0,112.0,127.0
-41.0,-222.0,105.0,45.0,89.0,118.0
-39.0,-221.0,101.0,40.0,68.0,122.0
-39.0,-222.0,104.0,16.0,65.0,121.0
-41.0,-223.0,102.0,-9.0,69.0,123.0
-38.0,-223.0,106.0,-31.0,64.0,123.0
-38.0,-219.0,103.0,-50.0,52.0,126.0
-31.0,-223.0,104.0,-67.0,37.0,129.0
-32.0,-222.0,108.0,-82.0,26.0,132.0
-31.0,-223.0,104.0,-92.0,12.0,132.0
-28.0,-223.0,116.0,-99.0,-5.0,132.0
-27.0,-225.0,108.0,-113.0,-28.0,129.0
-22.0,-225.0,106.0,-124.0,-42.0,122.0
-21.0,-222.0,106.0,-139.0,-40.0,115.0
-22.0,-224.0,107.0,-157.0,-33.0,113.0
-24.0,-225.0,104.0,-173.0,-31.0,112.0
-19.0,-230.0,105.0,-176.0,-32.0,110.0
-16.0,-233.0,105.0,-174.0,-35.0,108.0
-16.0,-234.0,102.0,-174.0,-39.0,106.0
-12.0,-234.0,104.0,-172.0,-40.0,108.0
-13.0,-233.0,101.0,-166.0,-35.0,110.0
-12.0,-238.0,103.0,-154.0,-29.0,115.0
-10.0,-239.0,99.0,-143.0,-24.0,117.0
-9.0,-238.0,106.0,-131.0,-23.0,115.0
-8.0,-236.0,104.0,-121.0,-22.0,109.0
-9.0,-235.0,104.0,-111.0,-19.0,100.0
-10.0,-228.0,104.0,-100.0,-18.0,96.0
-9.0,-230.0,102.0,-96.0,-21.0,91.0
-8.0,-224.0,99.0,-102.0,-24.0,86.0
-8.0,-226.0,100.0,-111.0,-30.0,76.0
-3.0,-224.0,104.0,-118.0,-35.0,72.0
-1.0,-227.0,104.0,-124.0,-34.0,66.0
3.0,-239.0,102.0,-125.0,-31.0,61.0
0.0,-230.0,106.0,-127.0,-32.0,60.0
4.0,-230.0,108.0,-128.0,-32.0,58.0
7.0,-234.0,103.0,-127.0,-33.0,54.0
4.0,-232.0,102.0,-123.0,-33.0,49.0
8.0,-229.0,108.0,-115.0,-34.0,44.0
9.0,-233.0,106.0,-107.0,-30.0,40.0
10.0,-232.0,106.0,-97.0,-26.0,37.0
15.0,-233.0,106.0,-82.0,-16.0,33.0
15.0,-235.0,106.0,-71.0,-8.0,29.0
15.0,-234.0,106.0,-61.0,1.0,24.0
19.0,-236.0,109.0,-54.0,11.0,23.0
19.0,-233.0,113.0,-50.0,19.0,20.0
21.0,-237.0,112.0,-46.0,25.0,20.0
17.0,-230.0,111.0,-46.0,32.0,20.0
20.0,-234.0,112.0,-46.0,34.0,20.0
14.0,-234.0,109.0,-46.0,32.0,23.0
15.0,-231.0,108.0,-49.0,32.0,23.0
12.0,-231.0,107.0,-54.0,35.0,25.0
14.0,-230.0,104.0,-57.0,40.0,26.0
12.0,-229.0,103.0,-63.0,49.0,28.0
4.0,-236.0,101.0,-73.0,53.0,28.0
8.0,-228.0,98.0,-81.0,58.0,30.0
6.0,-229.0,99.0,-84.0,64.0,32.0
4.0,-229.0,96.0,-85.0,66.0,34.0
2.0,-230.0,93.0,-91.0,68.0,39.0
0.0,-230.0,95.0,-97.0,68.0,43.0
-2.0,-232.0,92.0,-102.0,68.0,47.0
-5.0,-233.0,94.0,-108.0,63.0,53.0
-2.0,-233.0,93.0,-110.0,54.0,58.0
-8.0,-233.0,95.0,-111.0,48.0,65.0
-8.0,-233.0,94.0,-114.0,45.0,71.0
-9.0,-234.0,94.0,-119.0,45.0,75.0
-9.0,-234.0,92.0,-124.0,44.0,80.0
-9.0,-234.0,96.0,-127.0,41.0,83.0
-9.0,-234.0,92.0,-128.0,41.0,85.0
-11.0,-233.0,96.0,-133.0,41.0,85.0
-12.0,-235.0,96.0,-134.0,39.0,85.0
-13.0,-235.0,92.0,-133.0,39.0,86.0
-16.0,-235.0,95.0,-132.0,40.0,87.0
-15.0,-235.0,92.0,-132.0,36.0,86.0
-16.0,-239.0,97.0,-133.0,34.0,85.0
-18.0,-241.0,94.0,-134.0,32.0,82.0
-15.0,-241.0,96.0,-133.0,30.0,80.0
-18.0,-236.0,93.0,-133.0,26.0,77.0
-18.0,-241.0,98.0,-136.0,19.0,76.0
-19.0,-241.0,92.0,-137.0,5.0,73.0
-18.0,-243.0,94.0,-140.0,9.0,71.0
-19.0,-241.0,96.0,-139.0,13.0,72.0
-25.0,-239.0,91.0,-130.0,13.0,70.0
-28.0,-235.0,89.0,-121.0,13.0,64.0
-27.0,-237.0,93.0,-110.0,12.0,56.0
-32.0,-235.0,88.0,-102.0,9.0,49.0
-29.0,-235.0,89.0,-96.0,7.0,41.0
-30.0,-234.0,90.0,-93.0,2.0,36.0
-29.0,-235.0,91.0,-96.0,0.0,35.0
-30.0,-233.0,92.0,-102.0,-2.0,37.0
-26.0,-240.0,90.0,-108.0,-5.0,43.0
-23.0,-242.0,95.0,-114.0,-7.0,51.0
-18.0,-243.0,92.0,-117.0,-7.0,56.0
-18.0,-245.0,94.0,-116.0,-7.0,62.0
-12.0,-242.0,92.0,-110.0,-14.0,65.0
-13.0,-244.0,86.0,-101.0,-18.0,65.0
-12.0,-241.0,89.0,-92.0,-22.0,62.0
-14.0,-240.0,91.0,-83.0,-28.0,61.0
-7.0,-233.0,97.0,-79.0,-36.0,55.0
