-252.0,-27.0,30.0,7.0,51.0,-51.0
-254.0,-24.0,34.0,14.0,53.0,-57.0
-256.0,-25.0,34.0,19.0,53.0,-58.0
-254.0,-24.0,28.0,24.0,52.0,-59.0
-253.0,-25.0,36.0,28.0,49.0,-52.0
-251.0,-23.0,32.0,31.0,50.0,-52.0
-254.0,-30.0,31.0,35.0,53.0,-47.0
-245.0,-25.0,38.0,38.0,58.0,-48.0
-253.0,-21.0,36.0,35.0,62.0,-43.0
-268.0,-17.0,31.0,33.0,65.0,-42.0
-257.0,-21.0,30.0,28.0,68.0,-39.0
-253.0,-30.0,24.0,21.0,72.0,-40.0
-259.0,-17.0,31.0,13.0,76.0,-40.0
-254.0,-25.0,41.0,2.0,83.0,-42.0
-261.0,-15.0,28.0,-10.0,92.0,-44.0
-255.0,-14.0,25.0,-24.0,99.0,-52.0
-262.0,-20.0,28.0,-39.0,108.0,-53.0
-264.0,-21.0,27.0,-48.0,116.0,-54.0
-256.0,-27.0,32.0,-56.0,127.0,-52.0
-246.0,-24.0,40.0,-62.0,142.0,-54.0
-252.0,-23.0,30.0,-68.0,158.0,-52.0
-255.0,-37.0,27.0,-70.0,168.0,-51.0
-252.0,-25.0,42.0,-67.0,176.0,-47.0
-253.0,-27.0,41.0,-54.0,178.0,-45.0
-241.0,-31.0,36.0,-43.0,174.0,-40.0
-253.0,-30.0,33.0,-33.0,166.0,-37.0
-252.0,-29.0,32.0,-28.0,154.0,-31.0
-251.0,-28.0,32.0,-23.0,141.0,-27.0
-250.0,-30.0,32.0,-19.0,128.0,-19.0
-253.0,-32.0,21.0,-15.0,118.0,-16.0
-253.0,-31.0,21.0,-13.0,111.0,-10.0
-253.0,-34.0,43.0,-12.0,104.0,-8.0
-256.0,-35.0,40.0,-9.0,98.0,-3.0
-256.0,-32.0,36.0,-10.0,96.0,-3.0
-256.0,-21.0,30.0,-12.0,94.0,3.0
-251.0,-30.0,26.0,-14.0,94.0,1.0
-257.0,-24.0,27.0,-16.0,97.0,3.0
-249.0,-19.0,31.0,-20.0,98.0,0.0
-255.0,-17.0,37.0,-25.0,99.0,-1.0
-252.0,-20.0,36.0,-25.0,96.0,-7.0
-263.0,-33.0,23.0,-24.0,88.0,-9.0
-263.0,-33.0,30.0,-18.0,77.0,-12.0
-262.0,-38.0,26.0,-12.0,66.0,-11.0
-262.0,-32.0,18.0,-4.0,63.0,-15.0
-253.0,-38.0,19.0,1.0,63.0,-12.0
-262.0,-33.0,23.0,7.0,68.0,-15.0
-250.0,-42.0,34.0,11.0,74.0,-13.0
-260.0,-30.0,28.0,15.0,81.0,-17.0
-255.0,-29.0,26.0,18.0,85.0,-16.0
-252.0,-31.0,26.0,18.0,89.0,-19.0
-254.0,-29.0,24.0,19.0,90.0,-19.0
-255.0,-30.0,25.0,17.0,90.0,-23.0
-254.0,-31.0,27.0,14.0,89.0,-23.0
-253.0,-26.0,21.0,9.0,89.0,-26.0
-254.0,-23.0,23.0,4.0,90.0,-20.0
-254.0,-25.0,29.0,-2.0,93.0,-23.0
-260.0,-27.0,22.0,-10.0,93.0,-19.0
-257.0,-17.0,27.0,-14.0,96.0,-20.0
-253.0,-21.0,30.0,-16.0,96.0,-18.0
-253.0,-23.0,25.0,-15.0,92.0,-18.0
-260.0,-29.0,22.0,-12.0,86.0,-16.0
-260.0,-29.0,34.0,-8.0,80.0,-17.0
-249.0,-26.0,27.0,-5.0,72.0,-18.0
-264.0,-24.0,21.0,-2.0,65.0,-21.0
-257.0,-26.0,32.0,0.0,57.0,-22.0
-256.0,-24.0,26.0,1.0,51.0,-27.0
-255.0,-27.0,21.0,0.0,47.0,-26.0
-256.0,-28.0,29.0,0.0,42.0,-30.0
-259.0,-28.0,33.0,1.0,40.0,-28.0
-250.0,-25.0,37.0,5.0,43.0,-28.0
-250.0,-20.0,44.0,9.0,50.0,-23.0
-257.0,-28.0,32.0,11.0,56.0,-23.0
-253.0,-30.0,10.0,12.0,57.0,-19.0
-259.0,-25.0,27.0,15.0,55.0,-20.0
-256.0,-27.0,31.0,19.0,54.0,-19.0
-253.0,-28.0,29.0,21.0,54.0,-23.0
-251.0,-30.0,26.0,24.0,55.0,-21.0
-255.0,-29.0,25.0,27.0,61.0,-25.0
-255.0,-29.0,24.0,30.0,69.0,-26.0
-256.0,-27.0,20.0,28.0,76.0,-31.0
-260.0,-27.0,25.0,26.0,83.0,-30.0
-261.0,-28.0,24.0,21.0,90.0,-34.0
-258.0,-29.0,26.0,18.0,96.0,-36.0
-261.0,-26.0,24.0,10.0,99.0,-39.0
-257.0,-27.0,25.0,7.0,99.0,-37.0
-259.0,-29.0,29.0,3.0,95.0,-37.0
-259.0,-26.0,31.0,-2.0,84.0,-34.0
-254.0,-25.0,25.0,-6.0,69.0,-33.0
-255.0,-25.0,30.0,-7.0,48.0,-29.0
-254.0,-25.0,29.0,-6.0,26.0,-32.0
-256.0,-22.0,27.0,-6.0,4.0,-29.0
-256.0,-20.0,28.0,-5.0,-15.0,-31.0
-245.0,-23.0,35.0,-4.0,-33.0,-28.0
-252.0,-19.0,28.0,-4.0,-42.0,-26.0
-258.0,-20.0,29.0,-2.0,-44.0,-17.0
-258.0,-22.0,32.0,-2.0,-41.0,-11.0
-253.0,-26.0,35.0,-5.0,-35.0,0.0
-258.0,-28.0,26.0,-7.0,-30.0,4.0
-256.0,-21.0,29.0,-8.0,-21.0,10.0
-258.0,-26.0,31.0,-11.0,-15.0,10.0
-258.0,-29.0,31.0,-16.0,-14.0,14.0
-256.0,-27.0,31.0,-18.0,-14.0,13.0
-258.0,-29.0,24.0,-23.0,-9.0,11.0
-258.0,-31.0,31.0,-29.0,-4.0,6.0
-258.0,-31.0,28.0,-34.0,3.0,6.0
-258.0,-33.0,30.0,-41.0,6.0,0.0
-260.0,-31.0,28.0,-47.0,8.0,-2.0
-263.0,-36.0,23.0,-49.0,7.0,-8.0
-259.0,-34.0,31.0,-46.0,1.0,-7.0
-258.0,-32.0,31.0,-42.0,-3.0,-10.0
-254.0,-32.0,32.0,-36.0,-5.0,-7.0
-254.0,-30.0,29.0,-29.0,-3.0,-8.0
-256.0,-35.0,29.0,-24.0,5.0,-5.0
-251.0,-30.0,31.0,-22.0,14.0,-6.0
-254.0,-26.0,29.0,-22.0,21.0,-5.0
-252.0,-28.0,29.0,-25.0,29.0,-7.0
-250.0,-29.0,37.0,-30.0,40.0,-5.0
-252.0,-29.0,29.0,-35.0,52.0,-8.0
-252.0,-30.0,32.0,-37.0,60.0,-5.0
-250.0,-28.0,32.0,-37.0,66.0,-8.0
-249.0,-28.0,31.0,-37.0,70.0,-5.0
-250.0,-30.0,31.0,-35.0,69.0,-5.0
-250.0,-28.0,30.0,-36.0,66.0,-3.0
-251.0,-28.0,33.0,-39.0,61.0,-6.0
-252.0,-26.0,32.0,-46.0,52.0,-7.0
-255.0,-25.0,29.0,-57.0,42.0,-14.0
-253.0,-24.0,34.0,-66.0,35.0,-14.0
-254.0,-25.0,29.0,-74.0,29.0,-16.0
-258.0,-23.0,31.0,-85.0,26.0,-16.0
-256.0,-22.0,29.0,-97.0,22.0,-14.0
-259.0,-22.0,33.0,-113.0,28.0,-8.0
-259.0,-20.0,34.0,-130.0,35.0,-6.0
-257.0,-25.0,29.0,-149.0,45.0,-1.0
-260.0,-22.0,31.0,-163.0,58.0,-2.0
-258.0,-26.0,31.0,-177.0,72.0,1.0
-259.0,-19.0,30.0,-188.0,86.0,1.0
-258.0,-22.0,29.0,-200.0,98.0,7.0
-255.0,-28.0,32.0,-209.0,109.0,9.0
-255.0,-30.0,32.0,-210.0,113.0,14.0
-255.0,-31.0,31.0,-208.0,113.0,12.0
-253.0,-37.0,31.0,-205.0,108.0,13.0
-254.0,-38.0,34.0,-203.0,101.0,10.0
-253.0,-36.0,33.0,-191.0,92.0,12.0
-254.0,-39.0,36.0,-179.0,81.0,9.0
-250.0,-43.0,32.0,-164.0,72.0,15.0
-250.0,-43.0,31.0,-148.0,64.0,14.0
-249.0,-44.0,30.0,-131.0,54.0,20.0
-253.0,-46.0,32.0,-108.0,41.0,20.0
-254.0,-43.0,31.0,-81.0,25.0,25.0
-254.0,-43.0,32.0,-48.0,12.0,26.0
-254.0,-40.0,34.0,-12.0,-3.0,34.0
-253.0,-35.0,30.0,19.0,-20.0,34.0
-249.0,-32.0,32.0,49.0,-29.0,38.0
-253.0,-28.0,30.0,62.0,-29.0,35.0
-252.0,-28.0,34.0,70.0,-17.0,36.0
-255.0,-24.0,32.0,75.0,-2.0,35.0
-257.0,-24.0,35.0,75.0,11.0,37.0
-253.0,-24.0,34.0,69.0,25.0,34.0
-257.0,-22.0,37.0,61.0,40.0,37.0
-257.0,-24.0,35.0,50.0,53.0,39.0
-255.0,-26.0,33.0,39.0,63.0,43.0
-256.0,-31.0,36.0,32.0,66.0,46.0
-253.0,-27.0,32.0,26.0,61.0,53.0
-252.0,-31.0,36.0,24.0,51.0,58.0
-248.0,-31.0,32.0,27.0,33.0,64.0
-245.0,-31.0,40.0,31.0,16.0,63.0
-245.0,-32.0,27.0,36.0,-3.0,66.0
-246.0,-27.0,31.0,44.0,-20.0,64.0
-244.0,-26.0,38.0,47.0,-31.0,64.0
-247.0,-28.0,40.0,51.0,-41.0,60.0
-247.0,-24.0,35.0,51.0,-45.0,60.0
-247.0,-29.0,38.0,54.0,-44.0,57.0
-250.0,-22.0,38.0,57.0,-36.0,58.0
-252.0,-24.0,39.0,61.0,-23.0,54.0
-257.0,-22.0,38.0,66.0,-14.0,57.0
-253.0,-21.0,42.0,69.0,-4.0,54.0
-254.0,-21.0,38.0,70.0,4.0,55.0
-255.0,-17.0,34.0,67.0,12.0,49.0
-253.0,-15.0,39.0,58.0,19.0,45.0
-251.0,-18.0,35.0,49.0,24.0,36.0
-252.0,-14.0,33.0,35.0,26.0,28.0
-250.0,-16.0,32.0,18.0,25.0,17.0
-250.0,-19.0,30.0,-3.0,24.0,10.0
-249.0,-18.0,35.0,-22.0,20.0,0.0
-251.0,-21.0,38.0,-42.0,17.0,-7.0
-251.0,-24.0,40.0,-52.0,12.0,-19.0
-251.0,-25.0,36.0,-55.0,9.0,-25.0
-252.0,-24.0,40.0,-51.0,1.0,-35.0
-252.0,-27.0,36.0,-38.0,-8.0,-34.0
-253.0,-25.0,35.0,-27.0,-14.0,-38.0
-255.0,-25.0,33.0,-17.0,-18.0,-37.0
-259.0,-20.0,35.0,-15.0,-20.0,-36.0
-256.0,-21.0,37.0,-12.0,-20.0,-33.0
-256.0,-22.0,33.0,-8.0,-23.0,-33.0
-255.0,-25.0,31.0,-7.0,-25.0,-27.0
-256.0,-26.0,33.0,-2.0,-26.0,-28.0
-253.0,-24.0,37.0,5.0,-26.0,-25.0
-253.0,-22.0,40.0,12.0,-22.0,-26.0
-252.0,-23.0,44.0,20.0,-16.0,-23.0
-253.0,-24.0,44.0,26.0,-10.0,-23.0
-253.0,-21.0,44.0,29.0,-5.0,-18.0
-256.0,-22.0,46.0,30.0,0.0,-17.0
-249.0,-23.0,47.0,34.0,1.0,-13.0
-251.0,-21.0,41.0,35.0,2.0,-11.0
-248.0,-21.0,40.0,37.0,0.0,-6.0
-246.0,-20.0,38.0,36.0,0.0,-7.0
-248.0,-19.0,42.0,28.0,-3.0,-5.0
-244.0,-22.0,39.0,21.0,-9.0,-7.0
-241.0,-20.0,37.0,9.0,-7.0,-7.0
-242.0,-21.0,37.0,-4.0,3.0,-14.0
-245.0,-23.0,39.0,-18.0,17.0,-22.0
-247.0,-23.0,40.0,-33.0,36.0,-32.0
-247.0,-26.0,38.0,-39.0,48.0,-37.0
-249.0,-25.0,41.0,-39.0,58.0,-38.0
-251.0,-24.0,41.0,-30.0,67.0,-33.0
-248.0,-23.0,39.0,-18.0,70.0,-28.0
-249.0,-25.0,44.0,-8.0,69.0,-24.0
-249.0,-21.0,39.0,-1.0,63.0,-26.0
-253.0,-23.0,36.0,-1.0,56.0,-27.0
-255.0,-20.0,39.0,-1.0,50.0,-32.0
-257.0,-23.0,38.0,-1.0,47.0,-29.0
-258.0,-19.0,37.0,-2.0,50.0,-24.0
-260.0,-20.0,42.0,-3.0,55.0,-19.0
-254.0,-20.0,42.0,-4.0,64.0,-20.0
-255.0,-24.0,39.0,-9.0,74.0,-22.0
-254.0,-22.0,40.0,-18.0,80.0,-26.0
-253.0,-23.0,39.0,-25.0,83.0,-28.0
-251.0,-24.0,35.0,-33.0,86.0,-33.0
-252.0,-24.0,38.0,-38.0,87.0,-35.0
-252.0,-24.0,39.0,-42.0,82.0,-38.0
-253.0,-26.0,43.0,-41.0,74.0,-34.0
-252.0,-21.0,40.0,-34.0,68.0,-33.0
-250.0,-24.0,36.0,-32.0,66.0,-35.0
-251.0,-21.0,34.0,-29.0,70.0,-41.0
-251.0,-23.0,30.0,-31.0,77.0,-43.0
-250.0,-27.0,37.0,-37.0,84.0,-47.0
-251.0,-25.0,39.0,-44.0,92.0,-47.0
-251.0,-31.0,43.0,-49.0,94.0,-53.0
-252.0,-29.0,41.0,-45.0,93.0,-55.0
-246.0,-32.0,40.0,-31.0,95.0,-58.0
-248.0,-29.0,44.0,-16.0,97.0,-59.0
-247.0,-28.0,38.0,0.0,104.0,-62.0
-247.0,-29.0,36.0,4.0,115.0,-67.0
-249.0,-29.0,36.0,-1.0,123.0,-74.0
-250.0,-29.0,39.0,-8.0,130.0,-80.0
-253.0,-27.0,41.0,-19.0,131.0,-86.0
-251.0,-24.0,42.0,-29.0,130.0,-91.0
-253.0,-27.0,40.0,-34.0,130.0,-100.0
-250.0,-27.0,38.0,-34.0,138.0,-101.0
-250.0,-23.0,37.0,-34.0,147.0,-104.0
-252.0,-25.0,35.0,-35.0,159.0,-104.0
-248.0,-30.0,31.0,-35.0,167.0,-110.0
-248.0,-31.0,30.0,-35.0,177.0,-116.0
-250.0,-36.0,32.0,-31.0,190.0,-126.0
-252.0,-31.0,30.0,-23.0,205.0,-132.0
-252.0,-31.0,37.0,-16.0,214.0,-138.0
-252.0,-32.0,44.0,-11.0,212.0,-141.0
-252.0,-30.0,42.0,-9.0,210.0,-147.0
-247.0,-31.0,44.0,-10.0,214.0,-155.0
-250.0,-25.0,37.0,-9.0,224.0,-172.0
-249.0,-24.0,33.0,-9.0,249.0,-184.0
-247.0,-29.0,27.0,-7.0,272.0,-194.0
-247.0,-28.0,22.0,-11.0,301.0,-204.0
-244.0,-33.0,21.0,-17.0,337.0,-216.0
-250.0,-32.0,22.0,-24.0,376.0,-227.0
-253.0,-32.0,22.0,-26.0,415.0,-239.0
-256.0,-29.0,17.0,-21.0,447.0,-250.0
-260.0,-35.0,28.0,-13.0,470.0,-261.0
-261.0,-33.0,27.0,-5.0,490.0,-274.0
-257.0,-38.0,31.0,8.0,513.0,-294.0
-253.0,-38.0,29.0,13.0,536.0,-318.0
-252.0,-44.0,34.0,19.0,540.0,-343.0
-248.0,-48.0,31.0,31.0,538.0,-363.0
-244.0,-48.0,36.0,63.0,531.0,-381.0
-245.0,-51.0,34.0,110.0,504.0,-396.0
-248.0,-49.0,33.0,163.0,464.0,-409.0
-251.0,-49.0,27.0,212.0,417.0,-417.0
-254.0,-44.0,28.0,260.0,370.0,-429.0
-249.0,-43.0,23.0,296.0,337.0,-433.0
-242.0,-34.0,19.0,325.0,326.0,-432.0
-241.0,-27.0,17.0,339.0,347.0,-427.0
-250.0,-15.0,20.0,337.0,388.0,-421.0
-251.0,-11.0,24.0,326.0,431.0,-410.0
-255.0,-7.0,21.0,314.0,462.0,-402.0
-264.0,-5.0,25.0,299.0,482.0,-399.0
-264.0,-4.0,18.0,276.0,498.0,-403.0
-266.0,-11.0,17.0,242.0,518.0,-410.0
-266.0,-10.0,17.0,203.0,540.0,-424.0
-264.0,-18.0,18.0,157.0,556.0,-438.0
-258.0,-22.0,19.0,103.0,567.0,-456.0
-264.0,-27.0,23.0,46.0,572.0,-472.0
-259.0,-37.0,29.0,21.0,562.0,-482.0
-255.0,-50.0,20.0,18.0,535.0,-485.0
-254.0,-54.0,15.0,30.0,512.0,-486.0
-250.0,-55.0,21.0,53.0,501.0,-484.0
-246.0,-60.0,14.0,75.0,510.0,-483.0
-244.0,-60.0,12.0,99.0,526.0,-481.0
-238.0,-55.0,12.0,120.0,541.0,-477.0
-232.0,-61.0,6.0,133.0,562.0,-474.0
-239.0,-55.0,14.0,137.0,587.0,-472.0
-241.0,-48.0,12.0,142.0,606.0,-471.0
-241.0,-49.0,11.0,150.0,608.0,-459.0
-250.0,-49.0,7.0,164.0,597.0,-452.0
-247.0,-47.0,0.0,176.0,590.0,-450.0
-255.0,-44.0,-2.0,177.0,593.0,-448.0
-260.0,-40.0,8.0,163.0,594.0,-445.0
-262.0,-38.0,8.0,146.0,579.0,-442.0
-262.0,-44.0,9.0,133.0,545.0,-440.0
-266.0,-44.0,11.0,123.0,504.0,-440.0
-263.0,-48.0,10.0,121.0,444.0,-451.0
-266.0,-51.0,5.0,124.0,384.0,-460.0
-268.0,-54.0,-1.0,126.0,329.0,-467.0
-268.0,-54.0,-3.0,127.0,293.0,-473.0
-267.0,-52.0,0.0,124.0,285.0,-473.0
-266.0,-50.0,-4.0,115.0,287.0,-477.0
-268.0,-42.0,-1.0,96.0,287.0,-479.0
-269.0,-43.0,9.0,73.0,279.0,-482.0
-266.0,-48.0,8.0,50.0,261.0,-487.0
-267.0,-51.0,7.0,35.0,236.0,-494.0
-267.0,-54.0,4.0,26.0,192.0,-503.0
-267.0,-59.0,10.0,25.0,154.0,-509.0
-263.0,-61.0,6.0,29.0,118.0,-515.0
-263.0,-61.0,4.0,34.0,89.0,-521.0
-263.0,-63.0,0.0,37.0,67.0,-522.0
-257.0,-64.0,-1.0,36.0,58.0,-527.0
-259.0,-60.0,-3.0,29.0,57.0,-535.0
-256.0,-65.0,-1.0,16.0,59.0,-540.0
-256.0,-67.0,-4.0,4.0,58.0,-544.0
-260.0,-67.0,0.0,-3.0,50.0,-553.0
-255.0,-68.0,7.0,-16.0,40.0,-557.0
-254.0,-70.0,7.0,-32.0,30.0,-562.0
-254.0,-73.0,-1.0,-44.0,8.0,-569.0
-256.0,-80.0,-5.0,-48.0,-20.0,-582.0
-255.0,-88.0,-3.0,-45.0,-44.0,-589.0
-251.0,-88.0,-4.0,-43.0,-60.0,-591.0
-251.0,-88.0,-3.0,-43.0,-67.0,-586.0
-248.0,-87.0,-2.0,-36.0,-87.0,-580.0
-246.0,-85.0,-3.0,-27.0,-115.0,-574.0
-244.0,-83.0,-1.0,-21.0,-138.0,-579.0
-246.0,-84.0,1.0,-14.0,-153.0,-580.0
-244.0,-79.0,-1.0,-10.0,-166.0,-587.0
-246.0,-81.0,3.0,-13.0,-181.0,-583.0
-248.0,-84.0,7.0,-13.0,-196.0,-583.0
-246.0,-83.0,5.0,-14.0,-221.0,-579.0
-249.0,-81.0,2.0,-20.0,-241.0,-581.0
-250.0,-88.0,-4.0,-28.0,-242.0,-583.0
-251.0,-89.0,-2.0,-40.0,-228.0,-588.0
-254.0,-94.0,5.0,-48.0,-215.0,-583.0
-249.0,-99.0,5.0,-51.0,-215.0,-574.0
-245.0,-98.0,0.0,-53.0,-223.0,-563.0
-241.0,-98.0,-1.0,-59.0,-216.0,-561.0
-246.0,-98.0,-1.0,-64.0,-203.0,-561.0
-243.0,-95.0,4.0,-66.0,-194.0,-563.0
-243.0,-99.0,-3.0,-66.0,-191.0,-561.0
-243.0,-101.0,0.0,-71.0,-189.0,-559.0
-241.0,-100.0,4.0,-76.0,-188.0,-555.0
-237.0,-97.0,3.0,-84.0,-185.0,-552.0
-233.0,-102.0,8.0,-92.0,-192.0,-547.0
-233.0,-103.0,9.0,-100.0,-208.0,-542.0
-228.0,-106.0,4.0,-108.0,-226.0,-533.0
-227.0,-104.0,9.0,-113.0,-240.0,-528.0
-230.0,-106.0,7.0,-115.0,-251.0,-520.0
-229.0,-109.0,7.0,-112.0,-263.0,-518.0
-231.0,-117.0,4.0,-101.0,-270.0,-513.0
-232.0,-117.0,2.0,-92.0,-265.0,-516.0
-231.0,-116.0,8.0,-87.0,-241.0,-516.0
-229.0,-114.0,5.0,-87.0,-212.0,-513.0
-227.0,-118.0,8.0,-88.0,-187.0,-510.0
-225.0,-114.0,9.0,-89.0,-163.0,-512.0
-227.0,-115.0,8.0,-92.0,-147.0,-511.0
-224.0,-117.0,6.0,-95.0,-138.0,-511.0
-226.0,-119.0,8.0,-91.0,-135.0,-512.0
-226.0,-124.0,8.0,-81.0,-132.0,-518.0
-230.0,-121.0,8.0,-73.0,-133.0,-518.0
-227.0,-122.0,9.0,-72.0,-138.0,-516.0
-226.0,-122.0,17.0,-75.0,-149.0,-513.0
-223.0,-123.0,13.0,-88.0,-161.0,-518.0
-223.0,-123.0,14.0,-105.0,-178.0,-523.0
-222.0,-125.0,12.0,-113.0,-187.0,-531.0
-217.0,-125.0,12.0,-117.0,-189.0,-530.0
-217.0,-123.0,11.0,-115.0,-191.0,-533.0
-214.0,-123.0,12.0,-118.0,-195.0,-536.0
-215.0,-124.0,8.0,-126.0,-195.0,-547.0
-214.0,-124.0,13.0,-136.0,-188.0,-555.0
-215.0,-128.0,10.0,-139.0,-182.0,-566.0
-215.0,-131.0,16.0,-137.0,-184.0,-573.0
-217.0,-132.0,13.0,-129.0,-192.0,-583.0
-223.0,-135.0,11.0,-114.0,-202.0,-587.0
-225.0,-135.0,9.0,-87.0,-215.0,-592.0
-226.0,-136.0,11.0,-62.0,-225.0,-587.0
-224.0,-134.0,11.0,-45.0,-233.0,-583.0
-223.0,-134.0,13.0,-39.0,-241.0,-571.0
-220.0,-131.0,12.0,-40.0,-240.0,-568.0
-218.0,-132.0,15.0,-49.0,-239.0,-568.0
-216.0,-133.0,17.0,-56.0,-239.0,-571.0
-216.0,-131.0,17.0,-54.0,-248.0,-569.0
-213.0,-128.0,21.0,-54.0,-262.0,-567.0
-209.0,-131.0,24.0,-59.0,-274.0,-563.0
-209.0,-130.0,29.0,-69.0,-283.0,-568.0
-208.0,-130.0,27.0,-79.0,-290.0,-571.0
-208.0,-132.0,33.0,-88.0,-301.0,-578.0
-211.0,-134.0,29.0,-96.0,-322.0,-581.0
-209.0,-135.0,20.0,-102.0,-344.0,-591.0
-210.0,-135.0,21.0,-107.0,-349.0,-596.0
-211.0,-138.0,15.0,-109.0,-339.0,-605.0
-212.0,-135.0,20.0,-102.0,-323.0,-600.0
-209.0,-136.0,27.0,-97.0,-303.0,-593.0
-207.0,-138.0,25.0,-99.0,-285.0,-579.0
-208.0,-136.0,29.0,-110.0,-268.0,-577.0
-206.0,-132.0,26.0,-117.0,-265.0,-571.0
-210.0,-133.0,30.0,-123.0,-275.0,-575.0
-211.0,-135.0,32.0,-130.0,-295.0,-572.0
-210.0,-134.0,28.0,-141.0,-316.0,-577.0
-213.0,-139.0,25.0,-156.0,-337.0,-572.0
-211.0,-141.0,27.0,-172.0,-355.0,-569.0
-209.0,-142.0,27.0,-178.0,-363.0,-559.0
-211.0,-143.0,27.0,-174.0,-362.0,-553.0
-209.0,-143.0,19.0,-166.0,-359.0,-537.0
-209.0,-141.0,27.0,-159.0,-347.0,-531.0
-206.0,-143.0,28.0,-160.0,-338.0,-521.0
-202.0,-141.0,35.0,-163.0,-331.0,-517.0
-202.0,-140.0,38.0,-172.0,-319.0,-512.0
-200.0,-142.0,35.0,-182.0,-312.0,-515.0
-203.0,-143.0,36.0,-184.0,-308.0,-514.0
-203.0,-149.0,37.0,-179.0,-311.0,-520.0
-205.0,-154.0,34.0,-166.0,-320.0,-523.0
-206.0,-151.0,28.0,-149.0,-334.0,-532.0
-207.0,-149.0,31.0,-127.0,-336.0,-532.0
-207.0,-148.0,30.0,-102.0,-330.0,-527.0
-205.0,-148.0,33.0,-89.0,-328.0,-517.0
-203.0,-149.0,32.0,-88.0,-327.0,-520.0
-199.0,-155.0,35.0,-93.0,-318.0,-520.0
-198.0,-153.0,37.0,-101.0,-306.0,-522.0
-199.0,-152.0,37.0,-106.0,-295.0,-519.0
-197.0,-153.0,35.0,-113.0,-281.0,-518.0
-197.0,-151.0,38.0,-122.0,-262.0,-517.0
-196.0,-150.0,46.0,-133.0,-244.0,-520.0
-192.0,-154.0,46.0,-146.0,-241.0,-517.0
-191.0,-161.0,45.0,-153.0,-247.0,-520.0
-193.0,-159.0,47.0,-156.0,-258.0,-523.0
-192.0,-159.0,42.0,-161.0,-261.0,-534.0
-194.0,-161.0,37.0,-166.0,-254.0,-536.0
-192.0,-167.0,28.0,-161.0,-231.0,-543.0
-199.0,-165.0,32.0,-143.0,-195.0,-544.0
-199.0,-162.0,34.0,-121.0,-158.0,-550.0
-197.0,-159.0,35.0,-104.0,-128.0,-542.0
-194.0,-159.0,40.0,-92.0,-111.0,-536.0
-196.0,-158.0,44.0,-88.0,-103.0,-529.0
-192.0,-156.0,45.0,-88.0,-106.0,-529.0
-192.0,-159.0,49.0,-91.0,-120.0,-521.0
-188.0,-160.0,51.0,-96.0,-144.0,-523.0
-186.0,-160.0,47.0,-100.0,-170.0,-525.0
-187.0,-162.0,49.0,-107.0,-194.0,-531.0
-189.0,-166.0,44.0,-112.0,-207.0,-528.0
-186.0,-166.0,50.0,-107.0,-215.0,-528.0
-187.0,-164.0,44.0,-102.0,-219.0,-524.0
-186.0,-164.0,51.0,-104.0,-219.0,-520.0
-183.0,-163.0,47.0,-116.0,-218.0,-514.0
-180.0,-165.0,49.0,-128.0,-219.0,-517.0
-176.0,-168.0,48.0,-131.0,-216.0,-518.0
-179.0,-167.0,48.0,-119.0,-213.0,-525.0
-177.0,-172.0,48.0,-106.0,-215.0,-528.0
-179.0,-173.0,44.0,-94.0,-220.0,-534.0
-178.0,-174.0,43.0,-84.0,-220.0,-533.0
-180.0,-176.0,43.0,-71.0,-216.0,-541.0
-176.0,-180.0,46.0,-58.0,-213.0,-539.0
-176.0,-180.0,43.0,-38.0,-211.0,-542.0
-176.0,-180.0,43.0,-15.0,-210.0,-538.0
-177.0,-175.0,43.0,-4.0,-208.0,-533.0
-176.0,-179.0,50.0,0.0,-203.0,-523.0
-175.0,-180.0,50.0,1.0,-195.0,-518.0
-174.0,-176.0,53.0,3.0,-184.0,-510.0
-168.0,-179.0,50.0,8.0,-174.0,-507.0
-165.0,-178.0,47.0,10.0,-167.0,-505.0
-161.0,-180.0,53.0,6.0,-162.0,-512.0
-160.0,-182.0,60.0,-4.0,-154.0,-512.0
-162.0,-181.0,54.0,-17.0,-147.0,-525.0
-161.0,-184.0,51.0,-30.0,-143.0,-530.0
-162.0,-188.0,56.0,-31.0,-142.0,-538.0
-161.0,-188.0,53.0,-29.0,-139.0,-540.0
-161.0,-185.0,54.0,-23.0,-130.0,-544.0
-154.0,-185.0,53.0,-20.0,-114.0,-542.0
-158.0,-184.0,53.0,-18.0,-96.0,-543.0
-156.0,-181.0,52.0,-15.0,-82.0,-539.0
-159.0,-182.0,49.0,-14.0,-74.0,-540.0
-157.0,-183.0,49.0,-14.0,-74.0,-535.0
-159.0,-184.0,49.0,-16.0,-75.0,-534.0
-160.0,-184.0,52.0,-16.0,-78.0,-527.0
-162.0,-185.0,52.0,-15.0,-81.0,-525.0
-164.0,-182.0,54.0,-18.0,-88.0,-514.0
-164.0,-186.0,57.0,-21.0,-99.0,-510.0
-161.0,-188.0,53.0,-28.0,-110.0,-505.0
-159.0,-188.0,54.0,-37.0,-111.0,-506.0
-159.0,-193.0,54.0,-42.0,-103.0,-500.0
-157.0,-194.0,63.0,-47.0,-94.0,-500.0
-154.0,-195.0,60.0,-50.0,-89.0,-493.0
-152.0,-194.0,59.0,-53.0,-89.0,-489.0
-148.0,-195.0,59.0,-48.0,-94.0,-481.0
-145.0,-199.0,55.0,-37.0,-101.0,-480.0
-143.0,-199.0,54.0,-21.0,-112.0,-479.0
-142.0,-200.0,52.0,-9.0,-123.0,-482.0
-142.0,-199.0,55.0,-4.0,-129.0,-487.0
-142.0,-198.0,58.0,2.0,-136.0,-498.0
-142.0,-194.0,51.0,4.0,-143.0,-505.0
-145.0,-193.0,48.0,2.0,-146.0,-511.0
-146.0,-193.0,46.0,-5.0,-145.0,-513.0
-149.0,-190.0,47.0,-12.0,-146.0,-513.0
-151.0,-191.0,44.0,-24.0,-145.0,-507.0
-149.0,-191.0,45.0,-41.0,-141.0,-503.0
-149.0,-196.0,52.0,-62.0,-134.0,-491.0
-145.0,-198.0,46.0,-85.0,-131.0,-487.0
-147.0,-201.0,47.0,-102.0,-125.0,-482.0
-144.0,-204.0,46.0,-110.0,-122.0,-482.0
-142.0,-208.0,51.0,-116.0,-126.0,-479.0
-139.0,-209.0,49.0,-120.0,-134.0,-479.0
-137.0,-209.0,47.0,-125.0,-135.0,-477.0
-134.0,-209.0,48.0,-128.0,-129.0,-476.0
-130.0,-211.0,49.0,-123.0,-120.0,-471.0
-134.0,-207.0,49.0,-116.0,-110.0,-467.0
-134.0,-207.0,45.0,-107.0,-104.0,-457.0
-131.0,-206.0,45.0,-101.0,-97.0,-454.0
-131.0,-206.0,45.0,-103.0,-95.0,-449.0
-130.0,-205.0,45.0,-110.0,-97.0,-451.0
-133.0,-203.0,46.0,-123.0,-101.0,-449.0
-139.0,-202.0,48.0,-129.0,-106.0,-450.0
-132.0,-202.0,45.0,-129.0,-108.0,-444.0
-137.0,-202.0,48.0,-125.0,-108.0,-439.0
-133.0,-204.0,43.0,-122.0,-114.0,-432.0
-131.0,-202.0,45.0,-117.0,-121.0,-427.0
-131.0,-206.0,44.0,-116.0,-123.0,-420.0
-127.0,-204.0,47.0,-117.0,-130.0,-420.0
-124.0,-205.0,48.0,-123.0,-142.0,-418.0
-124.0,-208.0,49.0,-134.0,-150.0,-422.0
-125.0,-211.0,52.0,-143.0,-156.0,-421.0
-121.0,-210.0,52.0,-152.0,-163.0,-422.0
-120.0,-214.0,52.0,-152.0,-174.0,-421.0
-115.0,-215.0,53.0,-144.0,-180.0,-428.0
-114.0,-216.0,52.0,-132.0,-184.0,-435.0
-115.0,-216.0,46.0,-121.0,-184.0,-446.0
-116.0,-214.0,46.0,-110.0,-185.0,-452.0
-116.0,-215.0,46.0,-102.0,-182.0,-463.0
-117.0,-217.0,45.0,-95.0,-179.0,-472.0
-120.0,-217.0,49.0,-91.0,-181.0,-483.0
-120.0,-214.0,50.0,-87.0,-183.0,-489.0
-121.0,-216.0,51.0,-85.0,-184.0,-497.0
-123.0,-216.0,51.0,-88.0,-171.0,-500.0
-120.0,-216.0,53.0,-92.0,-164.0,-502.0
-121.0,-220.0,54.0,-97.0,-165.0,-501.0
-123.0,-217.0,53.0,-98.0,-169.0,-500.0
-120.0,-219.0,51.0,-99.0,-175.0,-500.0
-118.0,-220.0,50.0,-103.0,-171.0,-501.0
-115.0,-222.0,51.0,-106.0,-167.0,-497.0
-113.0,-223.0,54.0,-102.0,-161.0,-497.0
-112.0,-224.0,48.0,-91.0,-154.0,-493.0
-113.0,-220.0,51.0,-77.0,-146.0,-492.0
-106.0,-217.0,52.0,-71.0,-134.0,-488.0
-104.0,-214.0,52.0,-71.0,-117.0,-483.0
-104.0,-214.0,54.0,-66.0,-100.0,-480.0
-104.0,-213.0,53.0,-63.0,-85.0,-479.0
-101.0,-215.0,50.0,-63.0,-70.0,-479.0
-101.0,-215.0,52.0,-66.0,-52.0,-485.0
-100.0,-219.0,54.0,-68.0,-39.0,-486.0
-100.0,-216.0,52.0,-72.0,-28.0,-489.0
-104.0,-218.0,53.0,-76.0,-19.0,-492.0
-104.0,-222.0,59.0,-81.0,-14.0,-496.0
-109.0,-221.0,54.0,-88.0,-13.0,-498.0
-111.0,-224.0,54.0,-90.0,-16.0,-497.0
-111.0,-225.0,57.0,-91.0,-24.0,-493.0
-106.0,-225.0,54.0,-91.0,-34.0,-490.0
-107.0,-223.0,62.0,-91.0,-43.0,-483.0
-102.0,-227.0,61.0,-95.0,-49.0,-479.0
-104.0,-227.0,65.0,-97.0,-54.0,-476.0
-99.0,-228.0,57.0,-97.0,-55.0,-478.0
-98.0,-229.0,50.0,-92.0,-56.0,-478.0
-95.0,-226.0,54.0,-81.0,-55.0,-481.0
-92.0,-225.0,53.0,-74.0,-55.0,-484.0
-91.0,-228.0,52.0,-76.0,-56.0,-488.0
-87.0,-226.0,57.0,-80.0,-56.0,-493.0
-88.0,-228.0,57.0,-85.0,-54.0,-499.0
-85.0,-229.0,59.0,-87.0,-47.0,-507.0
-86.0,-230.0,60.0,-89.0,-41.0,-518.0
-85.0,-229.0,55.0,-86.0,-34.0,-524.0
-84.0,-233.0,60.0,-77.0,-28.0,-529.0
-83.0,-231.0,54.0,-66.0,-27.0,-531.0
-84.0,-231.0,55.0,-55.0,-33.0,-531.0
-84.0,-231.0,56.0,-47.0,-38.0,-532.0
-87.0,-230.0,52.0,-42.0,-41.0,-532.0
-86.0,-228.0,52.0,-37.0,-46.0,-533.0
-88.0,-229.0,53.0,-30.0,-51.0,-536.0
-86.0,-229.0,50.0,-22.0,-56.0,-538.0
-84.0,-226.0,55.0,-13.0,-66.0,-539.0
-81.0,-229.0,57.0,-8.0,-75.0,-540.0
-77.0,-229.0,55.0,-6.0,-82.0,-543.0
-78.0,-229.0,61.0,-9.0,-89.0,-546.0
-78.0,-230.0,59.0,-17.0,-99.0,-543.0
-75.0,-232.0,58.0,-28.0,-103.0,-541.0
-74.0,-230.0,64.0,-38.0,-99.0,-541.0
-76.0,-228.0,59.0,-49.0,-95.0,-540.0
-75.0,-230.0,63.0,-56.0,-91.0,-540.0
-74.0,-232.0,63.0,-58.0,-92.0,-539.0
-75.0,-231.0,58.0,-54.0,-90.0,-542.0
