-258.0,-33.0,7.0,-19.0,89.0,-3.0
-259.0,-33.0,6.0,-18.0,87.0,-2.0
-256.0,-34.0,6.0,-15.0,86.0,-2.0
-256.0,-36.0,5.0,-12.0,87.0,-3.0
-260.0,-36.0,3.0,-5.0,91.0,-6.0
-259.0,-34.0,3.0,2.0,91.0,-7.0
-256.0,-33.0,4.0,9.0,90.0,-7.0
-257.0,-32.0,5.0,14.0,85.0,-7.0
-256.0,-35.0,7.0,17.0,82.0,-7.0
-256.0,-35.0,3.0,18.0,79.0,-8.0
-258.0,-35.0,6.0,17.0,77.0,-9.0
-255.0,-32.0,7.0,21.0,76.0,-12.0
-256.0,-33.0,6.0,24.0,74.0,-13.0
-258.0,-28.0,7.0,27.0,73.0,-11.0
-256.0,-29.0,9.0,28.0,70.0,-9.0
-258.0,-30.0,5.0,29.0,67.0,-6.0
-256.0,-32.0,1.0,28.0,65.0,-8.0
-258.0,-30.0,6.0,26.0,65.0,-6.0
-257.0,-31.0,6.0,25.0,65.0,-7.0
-257.0,-32.0,4.0,25.0,64.0,-9.0
-256.0,-31.0,6.0,25.0,62.0,-12.0
-256.0,-32.0,3.0,24.0,62.0,-14.0
-257.0,-30.0,4.0,23.0,62.0,-17.0
-258.0,-29.0,4.0,24.0,62.0,-18.0
-256.0,-30.0,5.0,28.0,60.0,-23.0
-258.0,-34.0,5.0,29.0,61.0,-25.0
-259.0,-29.0,6.0,33.0,61.0,-26.0
-257.0,-32.0,4.0,34.0,60.0,-26.0
-257.0,-29.0,4.0,34.0,63.0,-26.0
-257.0,-34.0,8.0,34.0,63.0,-27.0
-258.0,-29.0,7.0,33.0,64.0,-26.0
-256.0,-34.0,7.0,33.0,65.0,-25.0
-255.0,-34.0,5.0,34.0,64.0,-26.0
-256.0,-33.0,8.0,36.0,62.0,-26.0
-256.0,-37.0,9.0,37.0,59.0,-25.0
-256.0,-35.0,5.0,38.0,55.0,-25.0
-255.0,-37.0,4.0,41.0,53.0,-27.0
-256.0,-34.0,6.0,44.0,52.0,-27.0
-256.0,-34.0,5.0,49.0,50.0,-28.0
-258.0,-34.0,9.0,52.0,50.0,-29.0
-255.0,-36.0,8.0,56.0,49.0,-26.0
-254.0,-34.0,6.0,59.0,46.0,-25.0
-257.0,-35.0,7.0,59.0,41.0,-26.0
-259.0,-33.0,8.0,56.0,38.0,-25.0
-253.0,-35.0,6.0,56.0,34.0,-23.0
-255.0,-33.0,7.0,52.0,31.0,-21.0
-255.0,-34.0,1.0,51.0,30.0,-21.0
-257.0,-34.0,5.0,50.0,32.0,-20.0
-255.0,-35.0,7.0,47.0,35.0,-19.0
-255.0,-35.0,7.0,44.0,37.0,-18.0
-256.0,-37.0,10.0,43.0,38.0,-17.0
-256.0,-39.0,9.0,43.0,39.0,-17.0
-256.0,-35.0,12.0,46.0,39.0,-16.0
-254.0,-35.0,6.0,48.0,40.0,-15.0
-257.0,-35.0,10.0,49.0,41.0,-17.0
-255.0,-34.0,4.0,47.0,40.0,-17.0
-256.0,-36.0,6.0,44.0,42.0,-17.0
-256.0,-33.0,12.0,44.0,40.0,-16.0
-255.0,-33.0,8.0,45.0,41.0,-18.0
-255.0,-35.0,6.0,46.0,40.0,-17.0
-255.0,-36.0,8.0,47.0,40.0,-16.0
-254.0,-35.0,8.0,50.0,37.0,-16.0
-255.0,-36.0,6.0,52.0,33.0,-18.0
-255.0,-31.0,10.0,54.0,30.0,-22.0
-254.0,-37.0,10.0,56.0,27.0,-24.0
-256.0,-33.0,11.0,58.0,25.0,-25.0
-255.0,-37.0,8.0,62.0,26.0,-25.0
-254.0,-32.0,6.0,61.0,26.0,-24.0
-257.0,-32.0,8.0,61.0,30.0,-21.0
-256.0,-32.0,9.0,59.0,34.0,-20.0
-257.0,-33.0,9.0,57.0,32.0,-17.0
-259.0,-32.0,13.0,57.0,31.0,-15.0
-255.0,-32.0,10.0,59.0,32.0,-14.0
-255.0,-33.0,7.0,62.0,32.0,-13.0
-258.0,-28.0,8.0,63.0,33.0,-12.0
-254.0,-33.0,10.0,64.0,30.0,-14.0
-257.0,-32.0,6.0,65.0,30.0,-16.0
-256.0,-35.0,8.0,66.0,29.0,-16.0
-254.0,-33.0,10.0,67.0,24.0,-16.0
-255.0,-32.0,7.0,65.0,25.0,-15.0
-256.0,-30.0,9.0,61.0,27.0,-16.0
-255.0,-31.0,8.0,57.0,28.0,-18.0
-256.0,-32.0,10.0,47.0,33.0,-19.0
-256.0,-34.0,12.0,42.0,40.0,-20.0
-254.0,-36.0,6.0,39.0,47.0,-21.0
-257.0,-33.0,10.0,36.0,51.0,-21.0
-255.0,-33.0,11.0,34.0,54.0,-21.0
-254.0,-34.0,11.0,33.0,52.0,-22.0
-258.0,-34.0,12.0,34.0,50.0,-24.0
-256.0,-36.0,9.0,33.0,51.0,-25.0
-256.0,-36.0,9.0,34.0,50.0,-25.0
-256.0,-36.0,12.0,38.0,45.0,-23.0
-254.0,-38.0,9.0,39.0,43.0,-21.0
-255.0,-36.0,11.0,39.0,43.0,-19.0
-256.0,-37.0,9.0,38.0,44.0,-18.0
-257.0,-34.0,12.0,35.0,45.0,-14.0
-257.0,-37.0,8.0,34.0,49.0,-12.0
-254.0,-36.0,10.0,31.0,55.0,-12.0
-259.0,-34.0,11.0,29.0,58.0,-11.0
-254.0,-37.0,8.0,28.0,58.0,-12.0
-255.0,-35.0,10.0,29.0,59.0,-14.0
-255.0,-35.0,11.0,30.0,58.0,-14.0
-256.0,-35.0,12.0,34.0,53.0,-19.0
-254.0,-35.0,11.0,38.0,50.0,-21.0
-256.0,-36.0,9.0,41.0,47.0,-21.0
-254.0,-34.0,11.0,42.0,46.0,-20.0
-256.0,-38.0,11.0,43.0,44.0,-18.0
-254.0,-36.0,9.0,42.0,41.0,-16.0
-257.0,-38.0,12.0,42.0,40.0,-13.0
-254.0,-37.0,10.0,40.0,39.0,-11.0
-252.0,-42.0,14.0,39.0,38.0,-9.0
-254.0,-37.0,14.0,38.0,38.0,-10.0
-251.0,-39.0,17.0,39.0,37.0,-9.0
-255.0,-33.0,15.0,36.0,36.0,-9.0
-257.0,-36.0,8.0,36.0,35.0,-5.0
-256.0,-35.0,13.0,35.0,36.0,-4.0
-256.0,-35.0,10.0,33.0,39.0,0.0
-257.0,-35.0,11.0,32.0,40.0,2.0
-257.0,-35.0,11.0,28.0,42.0,2.0
-255.0,-34.0,13.0,26.0,48.0,1.0
-257.0,-37.0,19.0,24.0,54.0,2.0
-255.0,-36.0,11.0,25.0,57.0,1.0
-257.0,-36.0,13.0,24.0,57.0,-1.0
-256.0,-35.0,10.0,23.0,54.0,-1.0
-256.0,-33.0,9.0,22.0,54.0,-1.0
-256.0,-35.0,13.0,19.0,53.0,-3.0
-256.0,-32.0,13.0,18.0,55.0,-3.0
-257.0,-31.0,11.0,16.0,57.0,-2.0
-257.0,-34.0,13.0,14.0,57.0,-2.0
-257.0,-32.0,11.0,11.0,53.0,-1.0
-254.0,-33.0,11.0,6.0,53.0,-1.0
-256.0,-33.0,8.0,0.0,52.0,-2.0
-256.0,-36.0,7.0,-6.0,53.0,0.0
-255.0,-33.0,11.0,-10.0,54.0,-1.0
-257.0,-36.0,10.0,-13.0,55.0,-2.0
-255.0,-33.0,11.0,-14.0,55.0,-1.0
-256.0,-34.0,9.0,-15.0,50.0,-2.0
-257.0,-34.0,11.0,-17.0,47.0,-1.0
-256.0,-34.0,13.0,-21.0,45.0,0.0
-256.0,-33.0,11.0,-26.0,41.0,1.0
-256.0,-31.0,13.0,-29.0,38.0,1.0
-257.0,-36.0,14.0,-33.0,37.0,0.0
-256.0,-30.0,14.0,-38.0,35.0,2.0
-256.0,-31.0,14.0,-43.0,32.0,1.0
-254.0,-35.0,14.0,-48.0,30.0,-3.0
-255.0,-32.0,13.0,-54.0,34.0,-6.0
-254.0,-33.0,16.0,-59.0,38.0,-8.0
-254.0,-35.0,16.0,-63.0,42.0,-11.0
-256.0,-34.0,14.0,-67.0,46.0,-14.0
-255.0,-35.0,15.0,-71.0,46.0,-18.0
-257.0,-34.0,17.0,-74.0,48.0,-22.0
-255.0,-36.0,16.0,-77.0,50.0,-21.0
-254.0,-34.0,13.0,-79.0,49.0,-21.0
-254.0,-34.0,8.0,-81.0,50.0,-19.0
-256.0,-33.0,16.0,-81.0,50.0,-18.0
-256.0,-34.0,11.0,-82.0,50.0,-17.0
-254.0,-31.0,10.0,-83.0,52.0,-17.0
-256.0,-37.0,6.0,-84.0,57.0,-18.0
-257.0,-36.0,11.0,-85.0,60.0,-20.0
-254.0,-40.0,12.0,-81.0,61.0,-20.0
-257.0,-36.0,10.0,-78.0,59.0,-20.0
-257.0,-34.0,11.0,-74.0,62.0,-20.0
-256.0,-33.0,9.0,-70.0,63.0,-20.0
-255.0,-36.0,12.0,-64.0,67.0,-21.0
-256.0,-37.0,8.0,-57.0,69.0,-22.0
-255.0,-35.0,10.0,-48.0,69.0,-22.0
-257.0,-31.0,10.0,-44.0,67.0,-21.0
-259.0,-29.0,9.0,-44.0,66.0,-20.0
-259.0,-29.0,7.0,-45.0,64.0,-18.0
-258.0,-30.0,11.0,-45.0,63.0,-15.0
-260.0,-30.0,12.0,-44.0,61.0,-13.0
-259.0,-30.0,15.0,-43.0,59.0,-11.0
-256.0,-32.0,15.0,-42.0,60.0,-9.0
-256.0,-31.0,16.0,-43.0,64.0,-7.0
-253.0,-33.0,15.0,-43.0,69.0,-8.0
-253.0,-31.0,14.0,-44.0,77.0,-10.0
-255.0,-32.0,15.0,-41.0,81.0,-12.0
-252.0,-35.0,14.0,-38.0,85.0,-15.0
-253.0,-39.0,17.0,-34.0,86.0,-18.0
-254.0,-38.0,14.0,-30.0,85.0,-20.0
-251.0,-38.0,14.0,-26.0,80.0,-24.0
-254.0,-36.0,17.0,-20.0,77.0,-26.0
-253.0,-41.0,15.0,-14.0,75.0,-28.0
-255.0,-40.0,11.0,-5.0,74.0,-29.0
-255.0,-38.0,16.0,4.0,76.0,-27.0
-256.0,-38.0,14.0,12.0,78.0,-25.0
-257.0,-42.0,15.0,18.0,81.0,-19.0
-254.0,-40.0,16.0,20.0,81.0,-17.0
-254.0,-41.0,14.0,19.0,80.0,-16.0
-256.0,-41.0,15.0,19.0,81.0,-13.0
-252.0,-40.0,15.0,19.0,84.0,-7.0
-255.0,-37.0,15.0,20.0,90.0,-3.0
-255.0,-37.0,12.0,19.0,94.0,-2.0
-254.0,-35.0,12.0,19.0,97.0,-3.0
-255.0,-35.0,9.0,15.0,102.0,-5.0
-254.0,-34.0,10.0,11.0,107.0,-8.0
-246.0,-35.0,5.0,7.0,110.0,-11.0
-255.0,-34.0,8.0,-1.0,113.0,-13.0
-255.0,-33.0,7.0,-10.0,114.0,-14.0
-254.0,-36.0,10.0,-18.0,115.0,-12.0
-257.0,-33.0,10.0,-29.0,118.0,-10.0
-256.0,-32.0,7.0,-41.0,122.0,-9.0
-255.0,-32.0,7.0,-55.0,119.0,-6.0
-257.0,-34.0,8.0,-67.0,118.0,-7.0
-257.0,-31.0,9.0,-78.0,116.0,-6.0
-259.0,-33.0,11.0,-87.0,113.0,-6.0
-258.0,-34.0,5.0,-93.0,110.0,-3.0
-259.0,-31.0,8.0,-96.0,106.0,-1.0
-259.0,-33.0,5.0,-103.0,103.0,0.0
-259.0,-34.0,9.0,-113.0,99.0,2.0
-257.0,-30.0,10.0,-130.0,95.0,4.0
-257.0,-30.0,5.0,-152.0,94.0,8.0
-257.0,-29.0,4.0,-178.0,95.0,15.0
-258.0,-29.0,0.0,-208.0,99.0,25.0
-258.0,-27.0,6.0,-242.0,108.0,36.0
-259.0,-29.0,7.0,-279.0,115.0,46.0
-262.0,-26.0,3.0,-313.0,125.0,54.0
-261.0,-24.0,2.0,-344.0,132.0,61.0
-264.0,-26.0,5.0,-374.0,133.0,67.0
-264.0,-25.0,4.0,-397.0,124.0,70.0
-264.0,-25.0,5.0,-412.0,113.0,71.0
-269.0,-20.0,3.0,-421.0,95.0,67.0
-263.0,-23.0,5.0,-428.0,72.0,59.0
-259.0,-27.0,3.0,-435.0,40.0,50.0
-260.0,-28.0,2.0,-443.0,4.0,35.0
-257.0,-28.0,4.0,-452.0,-31.0,21.0
-257.0,-33.0,5.0,-454.0,-58.0,5.0
-255.0,-30.0,7.0,-454.0,-72.0,-15.0
-255.0,-35.0,10.0,-447.0,-75.0,-30.0
-254.0,-37.0,8.0,-434.0,-71.0,-41.0
-255.0,-43.0,9.0,-412.0,-65.0,-51.0
-254.0,-48.0,7.0,-381.0,-49.0,-62.0
-256.0,-47.0,10.0,-341.0,-26.0,-75.0
-255.0,-51.0,11.0,-295.0,5.0,-87.0
-254.0,-47.0,16.0,-250.0,36.0,-99.0
-254.0,-40.0,20.0,-213.0,64.0,-112.0
-254.0,-40.0,21.0,-189.0,87.0,-124.0
-250.0,-37.0,20.0,-177.0,110.0,-136.0
-254.0,-31.0,26.0,-176.0,133.0,-143.0
-249.0,-25.0,25.0,-187.0,157.0,-148.0
-252.0,-21.0,27.0,-198.0,176.0,-151.0
-252.0,-19.0,30.0,-212.0,193.0,-159.0
-249.0,-19.0,33.0,-229.0,204.0,-173.0
-249.0,-16.0,29.0,-248.0,211.0,-192.0
-248.0,-19.0,29.0,-266.0,215.0,-205.0
-248.0,-22.0,29.0,-284.0,228.0,-223.0
-253.0,-18.0,33.0,-300.0,248.0,-247.0
-252.0,-21.0,35.0,-303.0,255.0,-256.0
-253.0,-24.0,34.0,-301.0,258.0,-268.0
-256.0,-20.0,32.0,-303.0,262.0,-291.0
-253.0,-19.0,29.0,-303.0,262.0,-306.0
-246.0,-21.0,27.0,-309.0,279.0,-321.0
-250.0,-19.0,27.0,-321.0,309.0,-345.0
-249.0,-19.0,20.0,-331.0,336.0,-368.0
-250.0,-24.0,16.0,-338.0,360.0,-378.0
-250.0,-28.0,15.0,-340.0,381.0,-383.0
-254.0,-31.0,11.0,-343.0,396.0,-387.0
-254.0,-32.0,14.0,-340.0,396.0,-389.0
-251.0,-38.0,10.0,-333.0,385.0,-393.0
-248.0,-37.0,7.0,-330.0,381.0,-395.0
-250.0,-38.0,10.0,-326.0,379.0,-390.0
-246.0,-41.0,2.0,-325.0,382.0,-385.0
-249.0,-38.0,3.0,-324.0,391.0,-381.0
-250.0,-43.0,0.0,-325.0,400.0,-383.0
-247.0,-40.0,3.0,-329.0,408.0,-390.0
-249.0,-43.0,1.0,-335.0,412.0,-389.0
-249.0,-46.0,1.0,-342.0,414.0,-382.0
-249.0,-49.0,-3.0,-347.0,419.0,-380.0
-253.0,-53.0,-3.0,-351.0,422.0,-377.0
-248.0,-55.0,-5.0,-357.0,424.0,-375.0
-252.0,-54.0,-7.0,-361.0,427.0,-374.0
-251.0,-54.0,-6.0,-363.0,431.0,-369.0
-251.0,-54.0,-8.0,-368.0,430.0,-361.0
-249.0,-57.0,-11.0,-378.0,430.0,-357.0
-252.0,-56.0,-12.0,-396.0,432.0,-357.0
-251.0,-58.0,-12.0,-416.0,432.0,-364.0
-253.0,-58.0,-11.0,-439.0,431.0,-374.0
-250.0,-59.0,-13.0,-459.0,426.0,-382.0
-248.0,-57.0,-17.0,-478.0,421.0,-388.0
-251.0,-57.0,-18.0,-500.0,420.0,-395.0
-252.0,-56.0,-18.0,-518.0,419.0,-402.0
-253.0,-55.0,-19.0,-535.0,421.0,-412.0
-252.0,-55.0,-22.0,-549.0,422.0,-424.0
-253.0,-59.0,-22.0,-559.0,427.0,-439.0
-255.0,-52.0,-22.0,-572.0,437.0,-459.0
-254.0,-55.0,-20.0,-591.0,452.0,-472.0
-256.0,-53.0,-28.0,-612.0,467.0,-485.0
-256.0,-53.0,-32.0,-631.0,477.0,-502.0
-250.0,-52.0,-31.0,-648.0,479.0,-523.0
-250.0,-44.0,-31.0,-669.0,479.0,-550.0
-250.0,-46.0,-33.0,-704.0,482.0,-566.0
-249.0,-44.0,-30.0,-747.0,490.0,-581.0
-256.0,-45.0,-22.0,-793.0,501.0,-593.0
-252.0,-42.0,-28.0,-829.0,508.0,-598.0
-261.0,-41.0,-23.0,-865.0,505.0,-597.0
-270.0,-46.0,-29.0,-895.0,503.0,-618.0
-272.0,-48.0,-35.0,-911.0,527.0,-643.0
-272.0,-50.0,-41.0,-908.0,548.0,-651.0
-268.0,-54.0,-43.0,-892.0,566.0,-663.0
-268.0,-55.0,-45.0,-875.0,577.0,-691.0
-264.0,-57.0,-44.0,-857.0,583.0,-716.0
-257.0,-70.0,-54.0,-826.0,548.0,-720.0
-255.0,-81.0,-61.0,-771.0,477.0,-711.0
-255.0,-87.0,-64.0,-694.0,379.0,-690.0
-254.0,-89.0,-72.0,-608.0,271.0,-668.0
-257.0,-90.0,-64.0,-527.0,162.0,-653.0
-253.0,-86.0,-66.0,-469.0,71.0,-634.0
-255.0,-91.0,-62.0,-426.0,16.0,-626.0
-257.0,-86.0,-60.0,-400.0,-12.0,-623.0
-257.0,-82.0,-59.0,-382.0,-27.0,-614.0
-257.0,-77.0,-53.0,-382.0,-36.0,-617.0
-253.0,-81.0,-53.0,-390.0,-30.0,-627.0
-253.0,-75.0,-52.0,-402.0,-5.0,-646.0
-245.0,-76.0,-53.0,-420.0,28.0,-649.0
-242.0,-88.0,-54.0,-439.0,69.0,-646.0
-242.0,-94.0,-53.0,-448.0,116.0,-660.0
-245.0,-93.0,-50.0,-438.0,150.0,-675.0
-240.0,-94.0,-55.0,-416.0,156.0,-673.0
-232.0,-86.0,-65.0,-381.0,166.0,-660.0
-240.0,-92.0,-51.0,-356.0,176.0,-636.0
-238.0,-89.0,-47.0,-342.0,148.0,-624.0
-230.0,-88.0,-44.0,-325.0,128.0,-615.0
-233.0,-90.0,-45.0,-308.0,119.0,-602.0
-228.0,-95.0,-44.0,-294.0,116.0,-589.0
-230.0,-98.0,-48.0,-277.0,112.0,-575.0
-229.0,-98.0,-47.0,-263.0,115.0,-560.0
-224.0,-104.0,-50.0,-255.0,118.0,-542.0
-224.0,-108.0,-48.0,-249.0,114.0,-525.0
-222.0,-111.0,-50.0,-247.0,117.0,-519.0
-215.0,-114.0,-48.0,-254.0,118.0,-516.0
-216.0,-117.0,-46.0,-262.0,123.0,-519.0
-210.0,-120.0,-42.0,-264.0,134.0,-513.0
-218.0,-119.0,-41.0,-253.0,152.0,-498.0
-217.0,-121.0,-36.0,-243.0,156.0,-487.0
-219.0,-124.0,-38.0,-234.0,157.0,-480.0
-223.0,-120.0,-36.0,-220.0,158.0,-467.0
-222.0,-121.0,-38.0,-208.0,161.0,-450.0
-224.0,-121.0,-41.0,-200.0,163.0,-435.0
-227.0,-122.0,-44.0,-201.0,161.0,-430.0
-222.0,-127.0,-45.0,-205.0,153.0,-431.0
-224.0,-124.0,-46.0,-203.0,145.0,-432.0
-226.0,-126.0,-43.0,-191.0,141.0,-432.0
-222.0,-131.0,-41.0,-172.0,143.0,-433.0
-225.0,-130.0,-40.0,-150.0,150.0,-429.0
-225.0,-130.0,-43.0,-128.0,152.0,-423.0
-227.0,-128.0,-43.0,-108.0,150.0,-419.0
-221.0,-132.0,-45.0,-90.0,145.0,-413.0
-221.0,-129.0,-43.0,-73.0,142.0,-411.0
-222.0,-130.0,-35.0,-62.0,138.0,-414.0
-219.0,-132.0,-39.0,-49.0,140.0,-416.0
-221.0,-126.0,-37.0,-35.0,146.0,-421.0
-220.0,-128.0,-38.0,-24.0,150.0,-424.0
-227.0,-125.0,-37.0,-18.0,150.0,-431.0
-228.0,-128.0,-36.0,-19.0,145.0,-433.0
-232.0,-125.0,-35.0,-19.0,138.0,-435.0
-231.0,-119.0,-39.0,-11.0,125.0,-437.0
-231.0,-125.0,-41.0,0.0,111.0,-443.0
-228.0,-119.0,-42.0,16.0,98.0,-450.0
-223.0,-117.0,-43.0,28.0,87.0,-456.0
-224.0,-115.0,-41.0,33.0,82.0,-458.0
-217.0,-115.0,-45.0,35.0,76.0,-457.0
-227.0,-119.0,-49.0,34.0,72.0,-457.0
-227.0,-115.0,-53.0,38.0,52.0,-460.0
-226.0,-116.0,-53.0,41.0,35.0,-459.0
-231.0,-121.0,-53.0,43.0,26.0,-459.0
-232.0,-117.0,-48.0,44.0,20.0,-463.0
-233.0,-117.0,-48.0,41.0,21.0,-469.0
-231.0,-122.0,-50.0,36.0,25.0,-479.0
-225.0,-123.0,-48.0,34.0,34.0,-486.0
-226.0,-118.0,-51.0,33.0,46.0,-493.0
-223.0,-119.0,-45.0,32.0,56.0,-495.0
-222.0,-119.0,-48.0,30.0,68.0,-496.0
-219.0,-120.0,-46.0,29.0,77.0,-495.0
-220.0,-119.0,-50.0,33.0,84.0,-492.0
-222.0,-124.0,-49.0,43.0,88.0,-490.0
-221.0,-121.0,-52.0,58.0,94.0,-486.0
-219.0,-122.0,-51.0,72.0,99.0,-486.0
-221.0,-123.0,-48.0,83.0,104.0,-486.0
-219.0,-120.0,-43.0,92.0,108.0,-485.0
-215.0,-123.0,-48.0,97.0,109.0,-483.0
-219.0,-122.0,-36.0,99.0,109.0,-478.0
-218.0,-119.0,-40.0,96.0,106.0,-471.0
-220.0,-120.0,-40.0,89.0,110.0,-462.0
-217.0,-122.0,-40.0,79.0,114.0,-452.0
-219.0,-124.0,-41.0,71.0,118.0,-443.0
-217.0,-128.0,-38.0,66.0,120.0,-436.0
-217.0,-131.0,-39.0,66.0,122.0,-431.0
-220.0,-126.0,-41.0,68.0,125.0,-427.0
-217.0,-129.0,-44.0,69.0,128.0,-428.0
-217.0,-130.0,-42.0,67.0,127.0,-430.0
-217.0,-128.0,-38.0,62.0,127.0,-434.0
-212.0,-129.0,-38.0,58.0,127.0,-436.0
-208.0,-132.0,-43.0,55.0,131.0,-440.0
-212.0,-134.0,-42.0,55.0,138.0,-444.0
-209.0,-129.0,-39.0,55.0,145.0,-446.0
-208.0,-135.0,-45.0,51.0,153.0,-450.0
-209.0,-135.0,-43.0,49.0,162.0,-455.0
-212.0,-137.0,-44.0,48.0,165.0,-460.0
-216.0,-136.0,-46.0,52.0,169.0,-465.0
-218.0,-137.0,-46.0,62.0,174.0,-471.0
-221.0,-135.0,-49.0,68.0,172.0,-479.0
-225.0,-131.0,-47.0,67.0,171.0,-486.0
-224.0,-129.0,-46.0,64.0,166.0,-492.0
-222.0,-130.0,-44.0,59.0,156.0,-499.0
-221.0,-130.0,-41.0,53.0,146.0,-502.0
-218.0,-132.0,-44.0,47.0,135.0,-505.0
-217.0,-134.0,-46.0,43.0,125.0,-506.0
-216.0,-139.0,-45.0,37.0,116.0,-506.0
-215.0,-137.0,-42.0,29.0,106.0,-505.0
-212.0,-138.0,-45.0,24.0,100.0,-507.0
-215.0,-138.0,-47.0,18.0,94.0,-508.0
-208.0,-142.0,-45.0,13.0,88.0,-509.0
-206.0,-144.0,-43.0,8.0,87.0,-510.0
-204.0,-150.0,-41.0,3.0,91.0,-514.0
-205.0,-145.0,-44.0,1.0,95.0,-521.0
-203.0,-149.0,-49.0,4.0,100.0,-528.0
-203.0,-148.0,-47.0,9.0,103.0,-534.0
-201.0,-152.0,-52.0,15.0,109.0,-540.0
-204.0,-154.0,-52.0,24.0,111.0,-544.0
-202.0,-154.0,-49.0,33.0,112.0,-549.0
-205.0,-157.0,-51.0,40.0,114.0,-555.0
-202.0,-158.0,-54.0,49.0,115.0,-561.0
-205.0,-155.0,-49.0,56.0,114.0,-567.0
-202.0,-155.0,-46.0,65.0,117.0,-573.0
-201.0,-152.0,-48.0,73.0,118.0,-582.0
-199.0,-157.0,-49.0,77.0,117.0,-591.0
-197.0,-155.0,-47.0,81.0,123.0,-597.0
-201.0,-158.0,-46.0,85.0,122.0,-604.0
-203.0,-157.0,-42.0,91.0,119.0,-607.0
-202.0,-154.0,-47.0,94.0,116.0,-607.0
-201.0,-160.0,-42.0,101.0,106.0,-610.0
-201.0,-160.0,-43.0,105.0,100.0,-609.0
-200.0,-161.0,-46.0,106.0,94.0,-609.0
-198.0,-159.0,-39.0,105.0,91.0,-607.0
-201.0,-160.0,-45.0,103.0,84.0,-608.0
-193.0,-159.0,-36.0,101.0,77.0,-610.0
-187.0,-164.0,-42.0,95.0,76.0,-613.0
-185.0,-166.0,-42.0,89.0,77.0,-619.0
-186.0,-166.0,-43.0,83.0,78.0,-625.0
-189.0,-167.0,-50.0,79.0,74.0,-627.0
-187.0,-172.0,-48.0,79.0,71.0,-631.0
-185.0,-171.0,-49.0,80.0,67.0,-635.0
-183.0,-173.0,-42.0,79.0,66.0,-638.0
-188.0,-170.0,-46.0,76.0,67.0,-637.0
-189.0,-172.0,-40.0,73.0,69.0,-637.0
-186.0,-171.0,-44.0,69.0,71.0,-638.0
-187.0,-175.0,-39.0,65.0,70.0,-641.0
-183.0,-179.0,-42.0,61.0,71.0,-645.0
-186.0,-180.0,-42.0,62.0,68.0,-654.0
-184.0,-178.0,-44.0,64.0,64.0,-662.0
-183.0,-180.0,-38.0,68.0,61.0,-668.0
-180.0,-181.0,-40.0,72.0,62.0,-676.0
-180.0,-180.0,-44.0,76.0,59.0,-682.0
-181.0,-181.0,-42.0,78.0,53.0,-690.0
-181.0,-184.0,-44.0,79.0,49.0,-697.0
-176.0,-184.0,-41.0,76.0,41.0,-702.0
-175.0,-182.0,-44.0,75.0,35.0,-709.0
-179.0,-186.0,-45.0,72.0,28.0,-715.0
-175.0,-185.0,-43.0,72.0,21.0,-725.0
-175.0,-185.0,-46.0,73.0,15.0,-735.0
-174.0,-188.0,-47.0,79.0,11.0,-749.0
-173.0,-187.0,-48.0,84.0,6.0,-760.0
-173.0,-186.0,-46.0,85.0,1.0,-768.0
-172.0,-185.0,-47.0,83.0,1.0,-774.0
-172.0,-185.0,-43.0,80.0,3.0,-779.0
-173.0,-184.0,-47.0,75.0,3.0,-780.0
-170.0,-187.0,-43.0,68.0,0.0,-785.0
-170.0,-186.0,-40.0,64.0,-8.0,-792.0
-163.0,-187.0,-47.0,68.0,-17.0,-800.0
-163.0,-189.0,-47.0,73.0,-21.0,-806.0
-162.0,-189.0,-46.0,80.0,-18.0,-813.0
-161.0,-190.0,-45.0,83.0,-18.0,-818.0
-159.0,-193.0,-48.0,83.0,-19.0,-825.0
-159.0,-194.0,-43.0,84.0,-24.0,-827.0
-162.0,-194.0,-42.0,85.0,-27.0,-830.0
-159.0,-196.0,-39.0,85.0,-35.0,-829.0
-161.0,-198.0,-36.0,86.0,-44.0,-827.0
-161.0,-199.0,-39.0,89.0,-49.0,-831.0
-158.0,-203.0,-39.0,98.0,-49.0,-834.0
-155.0,-198.0,-43.0,106.0,-45.0,-842.0
-155.0,-200.0,-34.0,118.0,-40.0,-846.0
-157.0,-201.0,-36.0,122.0,-35.0,-851.0
-157.0,-202.0,-35.0,126.0,-31.0,-851.0
-158.0,-204.0,-34.0,133.0,-30.0,-852.0
-158.0,-209.0,-35.0,143.0,-29.0,-850.0
-158.0,-210.0,-32.0,156.0,-29.0,-847.0
-161.0,-210.0,-29.0,175.0,-33.0,-843.0
-158.0,-212.0,-31.0,196.0,-34.0,-840.0
-158.0,-211.0,-33.0,215.0,-30.0,-835.0
-156.0,-209.0,-34.0,233.0,-26.0,-829.0
-151.0,-209.0,-38.0,246.0,-24.0,-821.0
-152.0,-206.0,-33.0,257.0,-22.0,-816.0
-149.0,-209.0,-31.0,263.0,-26.0,-811.0
-148.0,-211.0,-33.0,263.0,-37.0,-805.0
-142.0,-210.0,-26.0,255.0,-48.0,-799.0
-144.0,-210.0,-30.0,246.0,-52.0,-794.0
-143.0,-213.0,-32.0,239.0,-49.0,-787.0
-143.0,-214.0,-35.0,237.0,-49.0,-776.0
-138.0,-214.0,-34.0,238.0,-46.0,-767.0
-134.0,-212.0,-39.0,236.0,-45.0,-759.0
-132.0,-216.0,-35.0,230.0,-47.0,-754.0
-140.0,-211.0,-33.0,221.0,-50.0,-755.0
-136.0,-218.0,-31.0,209.0,-48.0,-745.0
-134.0,-218.0,-29.0,202.0,-44.0,-734.0
-133.0,-221.0,-27.0,202.0,-37.0,-726.0
-134.0,-219.0,-21.0,203.0,-26.0,-723.0
-128.0,-222.0,-20.0,206.0,-14.0,-724.0
-130.0,-226.0,-19.0,211.0,-3.0,-725.0
-128.0,-226.0,-22.0,222.0,7.0,-724.0
-128.0,-226.0,-22.0,234.0,14.0,-723.0
-121.0,-225.0,-18.0,246.0,15.0,-723.0
-120.0,-225.0,-20.0,254.0,9.0,-725.0
-118.0,-223.0,-23.0,260.0,-4.0,-727.0
-119.0,-221.0,-30.0,265.0,-17.0,-732.0
-116.0,-220.0,-30.0,273.0,-29.0,-736.0
-120.0,-217.0,-28.0,278.0,-39.0,-739.0
-120.0,-219.0,-25.0,274.0,-47.0,-741.0
-118.0,-214.0,-29.0,262.0,-54.0,-743.0
-116.0,-215.0,-30.0,242.0,-57.0,-744.0
-119.0,-217.0,-24.0,220.0,-54.0,-745.0
-113.0,-223.0,-25.0,200.0,-46.0,-738.0
-119.0,-221.0,-22.0,183.0,-35.0,-733.0
-119.0,-225.0,-21.0,172.0,-25.0,-727.0
-121.0,-227.0,-20.0,166.0,-19.0,-719.0
-120.0,-228.0,-21.0,160.0,-15.0,-708.0
-120.0,-229.0,-19.0,154.0,-15.0,-695.0
-117.0,-233.0,-19.0,154.0,-12.0,-680.0
-117.0,-239.0,-18.0,159.0,-14.0,-667.0
-115.0,-238.0,-17.0,162.0,-26.0,-650.0
-114.0,-236.0,-12.0,160.0,-44.0,-635.0
-111.0,-239.0,-15.0,149.0,-60.0,-617.0
-106.0,-241.0,-12.0,136.0,-71.0,-600.0
-106.0,-240.0,-16.0,127.0,-80.0,-586.0
-106.0,-244.0,-18.0,125.0,-88.0,-570.0
-104.0,-241.0,-18.0,126.0,-96.0,-558.0
-105.0,-240.0,-11.0,130.0,-103.0,-544.0
-98.0,-245.0,-14.0,134.0,-105.0,-533.0
-96.0,-239.0,-14.0,136.0,-109.0,-520.0
-95.0,-237.0,-15.0,135.0,-109.0,-509.0
-92.0,-240.0,-13.0,129.0,-110.0,-505.0
-91.0,-239.0,-14.0,120.0,-113.0,-499.0
-87.0,-244.0,-15.0,112.0,-113.0,-498.0
-96.0,-240.0,-18.0,110.0,-119.0,-509.0
-91.0,-240.0,-16.0,106.0,-121.0,-500.0
-85.0,-243.0,-13.0,103.0,-118.0,-492.0
-84.0,-245.0,-17.0,105.0,-120.0,-487.0
-80.0,-244.0,-15.0,109.0,-125.0,-486.0
-83.0,-238.0,-19.0,112.0,-131.0,-482.0
-84.0,-241.0,-18.0,119.0,-139.0,-479.0
-79.0,-240.0,-19.0,126.0,-145.0,-478.0
-79.0,-244.0,-18.0,132.0,-150.0,-476.0
-79.0,-244.0,-18.0,135.0,-154.0,-478.0
-78.0,-248.0,-16.0,138.0,-160.0,-483.0
-76.0,-250.0,-18.0,139.0,-166.0,-487.0
-78.0,-250.0,-15.0,144.0,-172.0,-491.0
-74.0,-255.0,-17.0,157.0,-178.0,-493.0
-77.0,-251.0,-15.0,174.0,-177.0,-495.0
-71.0,-251.0,-14.0,194.0,-170.0,-494.0
-72.0,-249.0,-13.0,214.0,-163.0,-495.0
-67.0,-248.0,-11.0,230.0,-159.0,-496.0
-65.0,-246.0,-7.0,241.0,-159.0,-496.0
-62.0,-247.0,-5.0,247.0,-161.0,-497.0
-62.0,-246.0,-9.0,247.0,-167.0,-496.0
-63.0,-247.0,-9.0,240.0,-170.0,-497.0
-64.0,-247.0,-10.0,233.0,-170.0,-504.0
-67.0,-245.0,-12.0,230.0,-170.0,-512.0
-70.0,-244.0,-12.0,230.0,-169.0,-521.0
-66.0,-243.0,-11.0,227.0,-160.0,-527.0
-72.0,-242.0,-10.0,226.0,-151.0,-534.0
-68.0,-241.0,-10.0,223.0,-144.0,-542.0
-74.0,-243.0,-8.0,222.0,-142.0,-546.0
-76.0,-245.0,-4.0,221.0,-144.0,-552.0
-75.0,-247.0,-5.0,220.0,-147.0,-554.0
-79.0,-248.0,-4.0,223.0,-148.0,-559.0
-75.0,-250.0,-1.0,230.0,-152.0,-561.0
-79.0,-249.0,-1.0,236.0,-156.0,-565.0
-76.0,-249.0,-6.0,238.0,-155.0,-567.0
-72.0,-254.0,-2.0,240.0,-155.0,-571.0
-65.0,-254.0,-5.0,241.0,-154.0,-577.0
-64.0,-254.0,-3.0,246.0,-158.0,-580.0
-62.0,-253.0,-5.0,256.0,-163.0,-585.0
-60.0,-255.0,-5.0,268.0,-166.0,-588.0
-56.0,-254.0,-7.0,281.0,-164.0,-594.0
-58.0,-253.0,-4.0,292.0,-163.0,-599.0
-52.0,-253.0,-6.0,299.0,-153.0,-601.0
-52.0,-255.0,-1.0,302.0,-141.0,-602.0
-52.0,-255.0,2.0,302.0,-127.0,-604.0
-52.0,-252.0,2.0,302.0,-111.0,-606.0
-54.0,-256.0,5.0,303.0,-99.0,-611.0
-55.0,-256.0,7.0,310.0,-90.0,-615.0
-55.0,-257.0,6.0,318.0,-84.0,-619.0
-57.0,-254.0,10.0,329.0,-80.0,-622.0
-62.0,-253.0,12.0,336.0,-72.0,-626.0
-64.0,-260.0,12.0,343.0,-75.0,-628.0
-67.0,-255.0,14.0,349.0,-78.0,-627.0
-67.0,-261.0,12.0,354.0,-87.0,-633.0
-64.0,-257.0,11.0,362.0,-104.0,-638.0
-66.0,-257.0,12.0,375.0,-120.0,-640.0
-63.0,-257.0,9.0,388.0,-133.0,-643.0
-62.0,-257.0,11.0,400.0,-139.0,-644.0
-58.0,-256.0,13.0,410.0,-140.0,-642.0
