8.0,-219.0,111.0,56.0,14.0,-8.0
5.0,-220.0,113.0,53.0,14.0,-9.0
4.0,-217.0,112.0,48.0,14.0,-9.0
6.0,-224.0,108.0,44.0,13.0,-10.0
7.0,-219.0,110.0,38.0,13.0,-11.0
4.0,-221.0,106.0,33.0,13.0,-9.0
6.0,-221.0,112.0,29.0,13.0,-11.0
3.0,-223.0,111.0,27.0,13.0,-11.0
4.0,-224.0,110.0,28.0,13.0,-13.0
5.0,-224.0,112.0,33.0,13.0,-15.0
4.0,-222.0,104.0,39.0,12.0,-14.0
7.0,-225.0,107.0,44.0,13.0,-15.0
4.0,-223.0,104.0,49.0,13.0,-16.0
5.0,-221.0,109.0,53.0,12.0,-16.0
6.0,-218.0,110.0,55.0,12.0,-17.0
7.0,-221.0,111.0,57.0,10.0,-18.0
7.0,-219.0,110.0,56.0,10.0,-17.0
8.0,-223.0,110.0,54.0,12.0,-16.0
5.0,-221.0,112.0,54.0,12.0,-16.0
7.0,-220.0,111.0,54.0,13.0,-16.0
5.0,-220.0,114.0,54.0,13.0,-15.0
3.0,-218.0,111.0,54.0,14.0,-15.0
7.0,-219.0,112.0,56.0,15.0,-13.0
5.0,-219.0,115.0,57.0,13.0,-14.0
6.0,-217.0,116.0,58.0,12.0,-14.0
6.0,-219.0,109.0,56.0,11.0,-14.0
8.0,-221.0,109.0,55.0,10.0,-15.0
7.0,-217.0,115.0,51.0,8.0,-15.0
8.0,-218.0,105.0,48.0,7.0,-14.0
6.0,-218.0,111.0,44.0,7.0,-12.0
7.0,-220.0,113.0,39.0,6.0,-13.0
8.0,-219.0,111.0,38.0,6.0,-13.0
8.0,-220.0,108.0,37.0,6.0,-14.0
4.0,-219.0,112.0,37.0,5.0,-11.0
7.0,-223.0,104.0,38.0,5.0,-11.0
5.0,-221.0,109.0,40.0,6.0,-12.0
5.0,-224.0,111.0,42.0,5.0,-11.0
6.0,-221.0,111.0,43.0,6.0,-9.0
5.0,-222.0,113.0,46.0,6.0,-11.0
7.0,-219.0,113.0,47.0,6.0,-12.0
6.0,-222.0,108.0,47.0,7.0,-10.0
7.0,-223.0,110.0,49.0,7.0,-10.0
7.0,-219.0,109.0,47.0,7.0,-8.0
6.0,-220.0,114.0,48.0,7.0,-9.0
6.0,-220.0,107.0,46.0,7.0,-9.0
7.0,-222.0,107.0,46.0,7.0,-9.0
7.0,-221.0,112.0,44.0,8.0,-9.0
6.0,-222.0,107.0,42.0,7.0,-9.0
7.0,-222.0,108.0,43.0,6.0,-8.0
7.0,-221.0,111.0,43.0,6.0,-9.0
8.0,-220.0,112.0,41.0,7.0,-8.0
7.0,-220.0,111.0,40.0,9.0,-7.0
8.0,-222.0,107.0,40.0,9.0,-8.0
8.0,-220.0,108.0,41.0,11.0,-8.0
4.0,-220.0,109.0,42.0,12.0,-8.0
7.0,-222.0,108.0,43.0,12.0,-8.0
10.0,-223.0,106.0,43.0,13.0,-6.0
9.0,-220.0,113.0,42.0,13.0,-5.0
4.0,-219.0,112.0,39.0,14.0,-6.0
7.0,-220.0,111.0,38.0,17.0,-7.0
9.0,-222.0,115.0,39.0,18.0,-6.0
5.0,-218.0,113.0,37.0,20.0,-6.0
10.0,-221.0,109.0,35.0,23.0,-3.0
9.0,-218.0,112.0,32.0,27.0,-2.0
10.0,-217.0,108.0,28.0,30.0,-1.0
8.0,-218.0,116.0,24.0,32.0,1.0
7.0,-219.0,112.0,19.0,32.0,4.0
9.0,-218.0,107.0,12.0,33.0,5.0
13.0,-220.0,107.0,6.0,32.0,9.0
10.0,-219.0,108.0,0.0,31.0,11.0
11.0,-223.0,109.0,-8.0,32.0,11.0
12.0,-219.0,107.0,-15.0,32.0,13.0
9.0,-225.0,108.0,-25.0,35.0,15.0
9.0,-221.0,110.0,-34.0,37.0,16.0
12.0,-219.0,103.0,-42.0,37.0,15.0
10.0,-220.0,107.0,-49.0,36.0,14.0
6.0,-223.0,101.0,-59.0,35.0,15.0
8.0,-221.0,104.0,-67.0,34.0,15.0
3.0,-221.0,105.0,-77.0,38.0,17.0
2.0,-223.0,107.0,-88.0,42.0,21.0
2.0,-222.0,109.0,-98.0,52.0,30.0
5.0,-223.0,114.0,-109.0,64.0,38.0
4.0,-223.0,116.0,-118.0,74.0,44.0
2.0,-222.0,117.0,-122.0,75.0,45.0
3.0,-219.0,112.0,-126.0,68.0,42.0
4.0,-219.0,108.0,-136.0,52.0,39.0
3.0,-220.0,104.0,-155.0,38.0,41.0
7.0,-225.0,110.0,-181.0,35.0,49.0
7.0,-228.0,110.0,-203.0,42.0,61.0
3.0,-229.0,112.0,-211.0,48.0,67.0
4.0,-234.0,109.0,-205.0,44.0,65.0
3.0,-235.0,111.0,-187.0,33.0,60.0
4.0,-234.0,106.0,-167.0,24.0,53.0
3.0,-237.0,109.0,-145.0,20.0,48.0
8.0,-238.0,106.0,-123.0,16.0,43.0
3.0,-238.0,110.0,-102.0,14.0,37.0
3.0,-233.0,113.0,-80.0,14.0,28.0
2.0,-233.0,110.0,-58.0,12.0,17.0
0.0,-228.0,110.0,-36.0,8.0,2.0
-2.0,-226.0,109.0,-13.0,-2.0,-10.0
-4.0,-221.0,108.0,-6.0,-13.0,-16.0
-9.0,-222.0,107.0,-2.0,-22.0,-17.0
-6.0,-222.0,110.0,6.0,-29.0,-19.0
-8.0,-222.0,106.0,18.0,-39.0,-23.0
-7.0,-221.0,105.0,28.0,-50.0,-24.0
-8.0,-223.0,105.0,37.0,-56.0,-25.0
-10.0,-219.0,109.0,47.0,-61.0,-27.0
-5.0,-223.0,111.0,55.0,-64.0,-28.0
-3.0,-222.0,106.0,63.0,-62.0,-30.0
-1.0,-219.0,103.0,74.0,-48.0,-38.0
0.0,-220.0,104.0,82.0,-47.0,-48.0
2.0,-224.0,100.0,85.0,-47.0,-54.0
0.0,-222.0,99.0,87.0,-46.0,-59.0
2.0,-222.0,102.0,82.0,-49.0,-55.0
1.0,-225.0,101.0,75.0,-52.0,-50.0
1.0,-229.0,100.0,70.0,-51.0,-48.0
7.0,-230.0,97.0,69.0,-52.0,-47.0
6.0,-230.0,94.0,70.0,-52.0,-48.0
6.0,-228.0,95.0,69.0,-52.0,-46.0
10.0,-230.0,94.0,68.0,-53.0,-45.0
13.0,-230.0,91.0,65.0,-52.0,-47.0
12.0,-228.0,94.0,61.0,-52.0,-48.0
13.0,-224.0,94.0,51.0,-49.0,-54.0
13.0,-223.0,93.0,40.0,-49.0,-61.0
11.0,-224.0,91.0,32.0,-46.0,-71.0
13.0,-226.0,92.0,27.0,-45.0,-80.0
9.0,-224.0,96.0,32.0,-43.0,-89.0
8.0,-226.0,100.0,39.0,-45.0,-98.0
5.0,-224.0,103.0,46.0,-44.0,-107.0
7.0,-223.0,97.0,51.0,-47.0,-111.0
7.0,-224.0,103.0,56.0,-49.0,-113.0
4.0,-225.0,103.0,58.0,-50.0,-113.0
5.0,-220.0,103.0,62.0,-51.0,-114.0
6.0,-222.0,98.0,65.0,-49.0,-116.0
9.0,-218.0,97.0,67.0,-51.0,-120.0
7.0,-219.0,100.0,65.0,-49.0,-123.0
12.0,-217.0,97.0,62.0,-53.0,-130.0
12.0,-219.0,100.0,60.0,-51.0,-139.0
11.0,-220.0,103.0,56.0,-53.0,-151.0
6.0,-219.0,99.0,51.0,-50.0,-164.0
11.0,-225.0,100.0,43.0,-45.0,-172.0
8.0,-225.0,102.0,36.0,-41.0,-179.0
6.0,-227.0,106.0,34.0,-38.0,-185.0
7.0,-230.0,109.0,39.0,-35.0,-194.0
5.0,-227.0,112.0,48.0,-36.0,-203.0
8.0,-226.0,109.0,57.0,-40.0,-217.0
7.0,-222.0,113.0,61.0,-45.0,-229.0
6.0,-218.0,114.0,56.0,-45.0,-239.0
10.0,-222.0,112.0,46.0,-45.0,-252.0
14.0,-218.0,114.0,37.0,-43.0,-270.0
14.0,-219.0,110.0,26.0,-42.0,-292.0
16.0,-216.0,113.0,17.0,-47.0,-316.0
20.0,-221.0,110.0,10.0,-61.0,-340.0
15.0,-219.0,113.0,2.0,-78.0,-362.0
18.0,-219.0,111.0,-8.0,-102.0,-383.0
13.0,-215.0,118.0,-15.0,-132.0,-406.0
15.0,-218.0,109.0,-24.0,-163.0,-429.0
17.0,-221.0,112.0,-31.0,-193.0,-451.0
16.0,-229.0,118.0,-44.0,-220.0,-473.0
19.0,-228.0,116.0,-55.0,-247.0,-497.0
11.0,-228.0,109.0,-65.0,-270.0,-519.0
16.0,-230.0,115.0,-73.0,-288.0,-542.0
15.0,-231.0,116.0,-77.0,-303.0,-563.0
14.0,-233.0,114.0,-81.0,-319.0,-583.0
13.0,-231.0,111.0,-77.0,-329.0,-602.0
8.0,-228.0,111.0,-73.0,-339.0,-616.0
7.0,-230.0,106.0,-72.0,-346.0,-633.0
9.0,-225.0,105.0,-79.0,-352.0,-645.0
9.0,-227.0,105.0,-89.0,-361.0,-662.0
9.0,-225.0,106.0,-93.0,-370.0,-678.0
9.0,-222.0,107.0,-98.0,-382.0,-695.0
11.0,-225.0,105.0,-105.0,-395.0,-709.0
11.0,-222.0,108.0,-115.0,-408.0,-725.0
4.0,-217.0,109.0,-121.0,-426.0,-739.0
4.0,-219.0,109.0,-131.0,-453.0,-756.0
7.0,-227.0,105.0,-146.0,-493.0,-771.0
16.0,-230.0,107.0,-160.0,-524.0,-784.0
14.0,-227.0,113.0,-167.0,-552.0,-803.0
19.0,-230.0,113.0,-169.0,-582.0,-824.0
17.0,-225.0,115.0,-168.0,-616.0,-842.0
20.0,-225.0,114.0,-168.0,-648.0,-860.0
25.0,-222.0,119.0,-169.0,-679.0,-877.0
28.0,-222.0,119.0,-172.0,-702.0,-893.0
26.0,-223.0,119.0,-180.0,-717.0,-910.0
20.0,-225.0,116.0,-192.0,-733.0,-929.0
18.0,-227.0,115.0,-213.0,-749.0,-953.0
17.0,-228.0,111.0,-237.0,-765.0,-980.0
15.0,-231.0,107.0,-263.0,-785.0,-1011.0
12.0,-234.0,103.0,-282.0,-803.0,-1043.0
15.0,-237.0,102.0,-295.0,-824.0,-1071.0
13.0,-233.0,96.0,-307.0,-838.0,-1096.0
12.0,-236.0,96.0,-317.0,-850.0,-1115.0
15.0,-236.0,97.0,-322.0,-861.0,-1133.0
21.0,-238.0,96.0,-329.0,-867.0,-1150.0
25.0,-238.0,97.0,-340.0,-868.0,-1162.0
32.0,-236.0,98.0,-353.0,-864.0,-1173.0
31.0,-238.0,98.0,-365.0,-855.0,-1180.0
36.0,-242.0,92.0,-372.0,-837.0,-1190.0
39.0,-246.0,90.0,-383.0,-818.0,-1200.0
47.0,-243.0,84.0,-388.0,-802.0,-1211.0
49.0,-248.0,83.0,-390.0,-776.0,-1227.0
52.0,-252.0,84.0,-384.0,-748.0,-1242.0
51.0,-251.0,77.0,-385.0,-729.0,-1262.0
55.0,-258.0,77.0,-396.0,-712.0,-1289.0
54.0,-261.0,71.0,-412.0,-692.0,-1320.0
55.0,-263.0,69.0,-422.0,-670.0,-1347.0
61.0,-266.0,68.0,-431.0,-645.0,-1376.0
65.0,-271.0,64.0,-447.0,-619.0,-1411.0
63.0,-275.0,65.0,-482.0,-600.0,-1462.0
63.0,-279.0,75.0,-533.0,-592.0,-1527.0
62.0,-285.0,78.0,-587.0,-598.0,-1594.0
59.0,-282.0,85.0,-626.0,-616.0,-1657.0
57.0,-281.0,87.0,-645.0,-640.0,-1716.0
52.0,-282.0,83.0,-651.0,-657.0,-1766.0
57.0,-285.0,83.0,-655.0,-657.0,-1802.0
61.0,-287.0,81.0,-655.0,-634.0,-1836.0
61.0,-287.0,83.0,-648.0,-592.0,-1873.0
53.0,-284.0,89.0,-629.0,-545.0,-1918.0
42.0,-277.0,86.0,-609.0,-509.0,-1953.0
35.0,-278.0,80.0,-578.0,-477.0,-1968.0
33.0,-276.0,78.0,-531.0,-437.0,-1962.0
32.0,-276.0,76.0,-462.0,-389.0,-1945.0
34.0,-274.0,74.0,-362.0,-350.0,-1930.0
40.0,-257.0,74.0,-243.0,-343.0,-1919.0
41.0,-238.0,66.0,-117.0,-362.0,-1909.0
49.0,-212.0,62.0,-9.0,-391.0,-1887.0
67.0,-192.0,59.0,71.0,-423.0,-1860.0
73.0,-176.0,59.0,118.0,-442.0,-1843.0
84.0,-162.0,57.0,139.0,-457.0,-1834.0
86.0,-148.0,54.0,117.0,-484.0,-1825.0
91.0,-134.0,55.0,69.0,-512.0,-1809.0
101.0,-128.0,50.0,23.0,-529.0,-1776.0
110.0,-133.0,52.0,-19.0,-548.0,-1730.0
109.0,-139.0,55.0,-61.0,-570.0,-1700.0
114.0,-143.0,55.0,-92.0,-590.0,-1679.0
116.0,-151.0,61.0,-87.0,-600.0,-1656.0
122.0,-151.0,60.0,-42.0,-598.0,-1629.0
119.0,-154.0,62.0,32.0,-592.0,-1608.0
120.0,-151.0,53.0,102.0,-598.0,-1597.0
123.0,-150.0,46.0,152.0,-611.0,-1594.0
147.0,-148.0,45.0,181.0,-615.0,-1589.0
131.0,-149.0,28.0,196.0,-607.0,-1577.0
150.0,-157.0,18.0,210.0,-588.0,-1569.0
163.0,-155.0,16.0,219.0,-554.0,-1571.0
167.0,-159.0,15.0,224.0,-527.0,-1580.0
180.0,-167.0,17.0,236.0,-528.0,-1589.0
176.0,-168.0,7.0,259.0,-552.0,-1609.0
179.0,-167.0,2.0,285.0,-585.0,-1631.0
180.0,-159.0,-10.0,303.0,-632.0,-1657.0
176.0,-146.0,-10.0,314.0,-676.0,-1699.0
175.0,-134.0,-4.0,312.0,-734.0,-1730.0
181.0,-122.0,-1.0,284.0,-800.0,-1752.0
182.0,-113.0,2.0,224.0,-872.0,-1770.0
196.0,-104.0,3.0,150.0,-947.0,-1785.0
206.0,-104.0,4.0,79.0,-995.0,-1796.0
216.0,-107.0,-3.0,24.0,-1019.0,-1810.0
228.0,-103.0,-10.0,-20.0,-1016.0,-1823.0
227.0,-100.0,-19.0,-44.0,-991.0,-1836.0
227.0,-98.0,-28.0,-48.0,-967.0,-1845.0
225.0,-95.0,-33.0,-41.0,-938.0,-1851.0
218.0,-90.0,-29.0,-23.0,-902.0,-1851.0
222.0,-90.0,-24.0,-5.0,-859.0,-1847.0
225.0,-91.0,-23.0,14.0,-816.0,-1846.0
235.0,-83.0,-23.0,31.0,-783.0,-1852.0
257.0,-77.0,-32.0,37.0,-742.0,-1865.0
269.0,-73.0,-25.0,27.0,-683.0,-1882.0
280.0,-72.0,-31.0,8.0,-621.0,-1903.0
304.0,-67.0,-30.0,-22.0,-555.0,-1924.0
318.0,-65.0,-31.0,-53.0,-473.0,-1948.0
321.0,-65.0,-38.0,-73.0,-380.0,-1974.0
321.0,-64.0,-37.0,-72.0,-286.0,-2006.0
321.0,-67.0,-36.0,-59.0,-198.0,-2035.0
300.0,-64.0,-38.0,-42.0,-132.0,-2056.0
287.0,-66.0,-30.0,-41.0,-96.0,-2060.0
279.0,-73.0,-23.0,-60.0,-71.0,-2045.0
265.0,-80.0,-17.0,-78.0,-47.0,-2029.0
248.0,-83.0,-7.0,-67.0,-28.0,-2028.0
251.0,-82.0,-2.0,-36.0,-15.0,-2034.0
254.0,-78.0,-7.0,-2.0,-5.0,-2043.0
256.0,-75.0,-8.0,17.0,17.0,-2045.0
258.0,-74.0,-3.0,22.0,55.0,-2030.0
253.0,-69.0,-4.0,26.0,95.0,-2019.0
251.0,-65.0,-9.0,42.0,125.0,-2016.0
251.0,-61.0,-8.0,72.0,146.0,-2022.0
247.0,-51.0,-4.0,110.0,159.0,-2034.0
244.0,-48.0,-5.0,147.0,167.0,-2050.0
240.0,-35.0,-1.0,173.0,165.0,-2070.0
240.0,-28.0,-2.0,187.0,146.0,-2085.0
249.0,-25.0,-5.0,193.0,127.0,-2095.0
257.0,-22.0,-7.0,193.0,124.0,-2105.0
265.0,-23.0,-15.0,193.0,140.0,-2121.0
263.0,-25.0,-13.0,196.0,175.0,-2148.0
257.0,-34.0,-14.0,220.0,208.0,-2160.0
265.0,-37.0,-20.0,266.0,242.0,-2165.0
275.0,-31.0,-23.0,326.0,290.0,-2184.0
286.0,-25.0,-17.0,415.0,374.0,-2200.0
299.0,-16.0,-16.0,516.0,484.0,-2215.0
296.0,-7.0,-4.0,607.0,592.0,-2218.0
296.0,2.0,10.0,692.0,681.0,-2214.0
313.0,9.0,12.0,771.0,753.0,-2184.0
319.0,16.0,16.0,828.0,816.0,-2148.0
327.0,24.0,7.0,848.0,875.0,-2099.0
336.0,34.0,1.0,840.0,924.0,-2024.0
351.0,47.0,-17.0,813.0,971.0,-1945.0
369.0,62.0,-38.0,773.0,1031.0,-1853.0
373.0,76.0,-26.0,723.0,1079.0,-1747.0
386.0,91.0,-12.0,666.0,1104.0,-1634.0
382.0,95.0,1.0,594.0,1086.0,-1530.0
364.0,99.0,23.0,531.0,1001.0,-1442.0
345.0,94.0,29.0,526.0,870.0,-1339.0
321.0,90.0,18.0,554.0,732.0,-1216.0
294.0,88.0,27.0,574.0,601.0,-1084.0
266.0,97.0,34.0,580.0,450.0,-939.0
262.0,95.0,30.0,566.0,290.0,-781.0
260.0,92.0,37.0,539.0,168.0,-646.0
256.0,102.0,42.0,522.0,102.0,-544.0
260.0,87.0,35.0,519.0,84.0,-468.0
255.0,81.0,32.0,534.0,100.0,-427.0
244.0,78.0,27.0,552.0,149.0,-434.0
227.0,70.0,26.0,564.0,207.0,-474.0
220.0,59.0,37.0,553.0,274.0,-524.0
208.0,55.0,45.0,530.0,334.0,-569.0
194.0,43.0,55.0,487.0,402.0,-611.0
196.0,34.0,66.0,451.0,479.0,-645.0
179.0,31.0,72.0,421.0,546.0,-673.0
180.0,21.0,74.0,388.0,565.0,-660.0
185.0,16.0,73.0,382.0,574.0,-621.0
199.0,13.0,68.0,410.0,618.0,-578.0
197.0,18.0,74.0,468.0,673.0,-519.0
202.0,27.0,75.0,536.0,700.0,-436.0
222.0,34.0,75.0,613.0,716.0,-354.0
253.0,46.0,73.0,669.0,757.0,-307.0
212.0,48.0,108.0,739.0,831.0,-318.0
187.0,72.0,75.0,818.0,805.0,-258.0
192.0,74.0,69.0,800.0,738.0,-141.0
219.0,81.0,67.0,736.0,697.0,-54.0
246.0,89.0,82.0,684.0,733.0,-39.0
239.0,97.0,90.0,655.0,795.0,-53.0
245.0,103.0,100.0,620.0,815.0,-41.0
236.0,112.0,103.0,556.0,739.0,6.0
229.0,112.0,105.0,457.0,616.0,70.0
247.0,98.0,94.0,340.0,488.0,139.0
253.0,95.0,90.0,236.0,400.0,164.0
240.0,90.0,88.0,160.0,347.0,191.0
246.0,79.0,83.0,111.0,294.0,237.0
245.0,66.0,76.0,106.0,247.0,274.0
239.0,60.0,77.0,118.0,191.0,305.0
244.0,44.0,73.0,151.0,149.0,324.0
245.0,38.0,74.0,192.0,128.0,340.0
248.0,30.0,76.0,237.0,119.0,350.0
247.0,31.0,72.0,286.0,122.0,359.0
248.0,34.0,84.0,331.0,131.0,370.0
251.0,42.0,88.0,366.0,138.0,381.0
256.0,50.0,95.0,391.0,130.0,396.0
257.0,50.0,100.0,411.0,116.0,405.0
238.0,57.0,100.0,428.0,102.0,409.0
242.0,65.0,93.0,433.0,60.0,414.0
256.0,72.0,102.0,428.0,20.0,413.0
249.0,83.0,110.0,406.0,-9.0,400.0
244.0,86.0,106.0,361.0,-57.0,378.0
256.0,80.0,98.0,298.0,-104.0,347.0
234.0,86.0,87.0,221.0,-114.0,298.0
225.0,78.0,82.0,140.0,-115.0,282.0
223.0,66.0,75.0,53.0,-131.0,262.0
219.0,64.0,78.0,-27.0,-131.0,237.0
221.0,55.0,74.0,-93.0,-132.0,218.0
228.0,44.0,81.0,-145.0,-126.0,198.0
232.0,46.0,83.0,-187.0,-123.0,181.0
231.0,46.0,81.0,-217.0,-129.0,169.0
236.0,43.0,83.0,-234.0,-134.0,167.0
235.0,40.0,74.0,-234.0,-140.0,177.0
249.0,34.0,70.0,-221.0,-137.0,189.0
247.0,37.0,71.0,-189.0,-122.0,202.0
253.0,30.0,62.0,-142.0,-99.0,221.0
254.0,25.0,63.0,-99.0,-92.0,244.0
254.0,17.0,63.0,-68.0,-106.0,255.0
257.0,15.0,65.0,-40.0,-143.0,251.0
252.0,12.0,67.0,1.0,-181.0,256.0
238.0,8.0,70.0,52.0,-198.0,273.0
237.0,8.0,74.0,98.0,-213.0,286.0
242.0,-3.0,81.0,143.0,-228.0,290.0
213.0,5.0,82.0,188.0,-266.0,269.0
202.0,4.0,91.0,236.0,-297.0,268.0
194.0,8.0,90.0,269.0,-333.0,273.0
182.0,5.0,95.0,278.0,-380.0,264.0
169.0,4.0,88.0,268.0,-437.0,260.0
170.0,2.0,79.0,248.0,-493.0,256.0
176.0,-2.0,87.0,234.0,-560.0,259.0
181.0,1.0,80.0,226.0,-621.0,267.0
187.0,2.0,75.0,222.0,-673.0,280.0
200.0,6.0,76.0,225.0,-716.0,301.0
219.0,4.0,68.0,223.0,-757.0,330.0
236.0,4.0,64.0,214.0,-793.0,354.0
253.0,2.0,56.0,202.0,-828.0,380.0
270.0,2.0,40.0,192.0,-868.0,409.0
290.0,0.0,27.0,195.0,-901.0,433.0
299.0,-1.0,23.0,220.0,-925.0,434.0
306.0,0.0,14.0,266.0,-914.0,421.0
314.0,5.0,20.0,309.0,-873.0,393.0
313.0,14.0,23.0,340.0,-800.0,361.0
302.0,20.0,27.0,356.0,-718.0,333.0
300.0,28.0,27.0,352.0,-663.0,305.0
294.0,29.0,23.0,340.0,-608.0,285.0
291.0,31.0,18.0,312.0,-557.0,273.0
277.0,32.0,20.0,284.0,-511.0,266.0
281.0,29.0,21.0,256.0,-474.0,276.0
281.0,26.0,22.0,222.0,-448.0,285.0
277.0,19.0,18.0,186.0,-431.0,293.0
276.0,8.0,18.0,146.0,-430.0,302.0
277.0,-1.0,17.0,113.0,-438.0,306.0
277.0,-12.0,12.0,98.0,-445.0,308.0
276.0,-19.0,6.0,97.0,-456.0,301.0
279.0,-27.0,8.0,105.0,-461.0,292.0
279.0,-32.0,8.0,118.0,-455.0,276.0
273.0,-25.0,8.0,134.0,-436.0,251.0
266.0,-24.0,14.0,144.0,-415.0,224.0
264.0,-21.0,12.0,140.0,-404.0,196.0
257.0,-15.0,11.0,120.0,-401.0,166.0
260.0,-16.0,8.0,96.0,-397.0,134.0
257.0,-12.0,2.0,72.0,-389.0,102.0
263.0,-12.0,7.0,42.0,-377.0,72.0
263.0,-9.0,5.0,15.0,-348.0,55.0
269.0,-10.0,6.0,-4.0,-317.0,48.0
270.0,-11.0,10.0,-22.0,-285.0,29.0
268.0,-10.0,9.0,-31.0,-258.0,10.0
267.0,-14.0,6.0,-34.0,-237.0,-5.0
274.0,-16.0,12.0,-29.0,-219.0,-14.0
267.0,-16.0,15.0,-20.0,-201.0,-25.0
268.0,-15.0,16.0,-5.0,-184.0,-29.0
272.0,-15.0,15.0,6.0,-166.0,-25.0
273.0,-19.0,15.0,15.0,-156.0,-22.0
269.0,-20.0,19.0,28.0,-145.0,-18.0
271.0,-23.0,15.0,44.0,-132.0,-9.0
276.0,-25.0,11.0,69.0,-118.0,-6.0
273.0,-23.0,13.0,98.0,-97.0,-5.0
273.0,-27.0,11.0,131.0,-80.0,-6.0
271.0,-25.0,15.0,166.0,-66.0,-4.0
266.0,-22.0,9.0,200.0,-53.0,-7.0
272.0,-26.0,12.0,233.0,-43.0,-14.0
268.0,-25.0,9.0,268.0,-32.0,-23.0
266.0,-27.0,11.0,306.0,-15.0,-36.0
259.0,-23.0,17.0,345.0,-5.0,-42.0
257.0,-24.0,15.0,381.0,1.0,-46.0
257.0,-23.0,16.0,415.0,6.0,-50.0
260.0,-24.0,18.0,452.0,12.0,-57.0
258.0,-21.0,17.0,487.0,16.0,-66.0
257.0,-16.0,17.0,518.0,18.0,-75.0
259.0,-14.0,19.0,541.0,18.0,-81.0
257.0,-7.0,18.0,559.0,17.0,-88.0
259.0,-8.0,17.0,568.0,19.0,-94.0
258.0,1.0,19.0,573.0,23.0,-99.0
257.0,4.0,19.0,570.0,24.0,-104.0
259.0,3.0,24.0,561.0,27.0,-110.0
260.0,9.0,21.0,551.0,32.0,-115.0
258.0,12.0,21.0,538.0,35.0,-123.0
258.0,14.0,22.0,522.0,43.0,-131.0
259.0,16.0,22.0,504.0,52.0,-138.0
259.0,22.0,22.0,482.0,59.0,-144.0
259.0,23.0,19.0,455.0,65.0,-150.0
265.0,26.0,21.0,423.0,72.0,-158.0
262.0,25.0,16.0,390.0,81.0,-166.0
266.0,23.0,19.0,356.0,86.0,-177.0
264.0,22.0,25.0,322.0,88.0,-186.0
265.0,22.0,26.0,290.0,91.0,-196.0
266.0,15.0,22.0,263.0,94.0,-204.0
262.0,14.0,21.0,242.0,95.0,-210.0
261.0,14.0,29.0,225.0,96.0,-212.0
259.0,15.0,29.0,212.0,95.0,-210.0
261.0,14.0,29.0,206.0,91.0,-202.0
258.0,15.0,30.0,203.0,85.0,-193.0
257.0,16.0,32.0,203.0,77.0,-180.0
256.0,14.0,29.0,207.0,67.0,-169.0
256.0,14.0,30.0,210.0,55.0,-158.0
255.0,16.0,25.0,212.0,42.0,-148.0
254.0,19.0,25.0,212.0,33.0,-138.0
255.0,16.0,29.0,211.0,25.0,-126.0
257.0,15.0,27.0,210.0,17.0,-114.0
255.0,16.0,31.0,210.0,11.0,-105.0
256.0,18.0,24.0,209.0,6.0,-95.0
257.0,18.0,27.0,208.0,4.0,-83.0
259.0,16.0,23.0,209.0,2.0,-76.0
258.0,20.0,23.0,210.0,2.0,-66.0
261.0,16.0,24.0,214.0,-1.0,-60.0
265.0,18.0,22.0,215.0,-7.0,-56.0
263.0,17.0,20.0,217.0,-12.0,-55.0
264.0,18.0,21.0,221.0,-16.0,-55.0
264.0,18.0,17.0,223.0,-14.0,-54.0
262.0,17.0,19.0,228.0,-13.0,-54.0
264.0,19.0,22.0,233.0,-12.0,-53.0
260.0,23.0,19.0,235.0,-10.0,-53.0
262.0,22.0,22.0,233.0,-7.0,-54.0
263.0,21.0,22.0,229.0,-4.0,-52.0
260.0,25.0,19.0,224.0,-2.0,-48.0
260.0,24.0,19.0,216.0,1.0,-42.0
262.0,26.0,15.0,207.0,1.0,-37.0
260.0,24.0,17.0,197.0,0.0,-32.0
264.0,25.0,18.0,186.0,-2.0,-26.0
264.0,21.0,17.0,177.0,1.0,-23.0
262.0,20.0,16.0,170.0,3.0,-21.0
259.0,23.0,19.0,164.0,9.0,-23.0
262.0,19.0,22.0,161.0,13.0,-22.0
262.0,23.0,20.0,156.0,16.0,-23.0
260.0,17.0,21.0,149.0,19.0,-22.0
260.0,19.0,20.0,144.0,24.0,-21.0
263.0,18.0,20.0,137.0,30.0,-19.0
262.0,20.0,19.0,131.0,35.0,-15.0
264.0,18.0,19.0,124.0,36.0,-10.0
263.0,18.0,21.0,117.0,39.0,-4.0
258.0,15.0,14.0,111.0,40.0,1.0
261.0,21.0,18.0,107.0,40.0,7.0
259.0,19.0,20.0,106.0,40.0,13.0
260.0,17.0,18.0,106.0,40.0,13.0
259.0,15.0,19.0,104.0,39.0,14.0
259.0,14.0,21.0,104.0,39.0,18.0
260.0,14.0,17.0,104.0,41.0,20.0
261.0,13.0,23.0,102.0,43.0,21.0
261.0,13.0,22.0,100.0,44.0,20.0
260.0,13.0,24.0,100.0,47.0,20.0
259.0,15.0,24.0,101.0,48.0,20.0
258.0,12.0,21.0,103.0,48.0,18.0
263.0,11.0,25.0,103.0,49.0,21.0
258.0,12.0,26.0,105.0,49.0,22.0
259.0,11.0,21.0,107.0,49.0,21.0
259.0,10.0,22.0,111.0,49.0,19.0
257.0,11.0,21.0,116.0,48.0,21.0
260.0,9.0,20.0,122.0,46.0,20.0
259.0,10.0,18.0,129.0,49.0,19.0
260.0,11.0,26.0,135.0,51.0,16.0
258.0,14.0,23.0,138.0,50.0,13.0
258.0,13.0,26.0,142.0,49.0,12.0
258.0,12.0,20.0,143.0,46.0,9.0
256.0,9.0,29.0,140.0,43.0,9.0
258.0,13.0,28.0,139.0,43.0,5.0
254.0,10.0,30.0,137.0,43.0,1.0
259.0,10.0,29.0,135.0,43.0,-3.0
259.0,9.0,28.0,135.0,43.0,-4.0
256.0,10.0,28.0,133.0,37.0,-9.0
256.0,11.0,24.0,134.0,28.0,-12.0
262.0,6.0,26.0,135.0,20.0,-16.0
259.0,10.0,21.0,137.0,12.0,-22.0
259.0,13.0,26.0,137.0,6.0,-23.0
261.0,14.0,24.0,137.0,2.0,-25.0
259.0,13.0,24.0,138.0,1.0,-26.0
259.0,10.0,25.0,143.0,-1.0,-27.0
262.0,13.0,25.0,148.0,-1.0,-28.0
259.0,14.0,22.0,155.0,-2.0,-28.0
259.0,12.0,22.0,163.0,-2.0,-28.0
258.0,16.0,23.0,170.0,0.0,-28.0
261.0,16.0,24.0,174.0,1.0,-28.0
256.0,17.0,21.0,177.0,5.0,-27.0
258.0,14.0,26.0,178.0,5.0,-28.0
257.0,16.0,27.0,174.0,4.0,-28.0
257.0,15.0,28.0,169.0,3.0,-29.0
258.0,19.0,24.0,161.0,0.0,-24.0
256.0,22.0,29.0,153.0,-3.0,-23.0
260.0,14.0,29.0,144.0,-8.0,-24.0
260.0,16.0,28.0,135.0,-12.0,-23.0
261.0,20.0,28.0,125.0,-15.0,-22.0
260.0,22.0,25.0,116.0,-15.0,-20.0
260.0,20.0,23.0,104.0,-16.0,-15.0
261.0,20.0,24.0,94.0,-17.0,-13.0
266.0,18.0,24.0,86.0,-15.0,-10.0
261.0,21.0,20.0,77.0,-15.0,-6.0
262.0,17.0,19.0,70.0,-14.0,-3.0
259.0,19.0,21.0,65.0,-14.0,-2.0
262.0,16.0,21.0,60.0,-14.0,-3.0
262.0,15.0,18.0,56.0,-14.0,-5.0
260.0,17.0,22.0,52.0,-16.0,-5.0
259.0,16.0,22.0,48.0,-13.0,-5.0
260.0,18.0,23.0,47.0,-12.0,-6.0
263.0,14.0,21.0,48.0,-8.0,-6.0
258.0,16.0,23.0,47.0,-4.0,-6.0
261.0,11.0,24.0,46.0,-2.0,-7.0
261.0,14.0,19.0,43.0,-1.0,-7.0
260.0,17.0,20.0,41.0,-2.0,-5.0
258.0,18.0,20.0,42.0,1.0,-4.0
262.0,14.0,18.0,41.0,4.0,-2.0
260.0,16.0,22.0,38.0,5.0,0.0
261.0,16.0,22.0,35.0,8.0,1.0
259.0,13.0,20.0,32.0,11.0,0.0
259.0,16.0,20.0,29.0,12.0,1.0
259.0,13.0,23.0,26.0,12.0,2.0
260.0,13.0,24.0,24.0,12.0,0.0
258.0,13.0,22.0,23.0,12.0,-1.0
260.0,12.0,24.0,21.0,12.0,-2.0
261.0,13.0,21.0,21.0,11.0,-5.0
258.0,14.0,22.0,22.0,11.0,-6.0
266.0,14.0,31.0,21.0,11.0,-8.0
259.0,12.0,26.0,20.0,13.0,-11.0
260.0,12.0,22.0,21.0,13.0,-10.0
260.0,14.0,18.0,21.0,15.0,-11.0
259.0,17.0,25.0,20.0,15.0,-11.0
258.0,15.0,21.0,20.0,15.0,-9.0
258.0,13.0,23.0,20.0,16.0,-11.0
258.0,16.0,23.0,19.0,14.0,-11.0
260.0,16.0,27.0,19.0,15.0,-9.0
258.0,12.0,22.0,19.0,14.0,-11.0
260.0,14.0,25.0,18.0,13.0,-11.0
260.0,15.0,26.0,16.0,14.0,-12.0
260.0,12.0,22.0,16.0,14.0,-12.0
256.0,15.0,19.0,16.0,14.0,-12.0
