-256.0,-43.0,15.0,7.0,59.0,-11.0
-254.0,-46.0,17.0,8.0,58.0,-11.0
-255.0,-46.0,15.0,14.0,57.0,-10.0
-254.0,-44.0,14.0,18.0,55.0,-10.0
-255.0,-45.0,10.0,22.0,55.0,-11.0
-255.0,-42.0,11.0,25.0,54.0,-11.0
-253.0,-42.0,10.0,26.0,53.0,-11.0
-254.0,-38.0,13.0,25.0,49.0,-10.0
-254.0,-42.0,11.0,21.0,48.0,-9.0
-255.0,-42.0,11.0,20.0,46.0,-9.0
-255.0,-43.0,16.0,16.0,44.0,-8.0
-254.0,-45.0,13.0,12.0,43.0,-7.0
-256.0,-47.0,16.0,8.0,39.0,-7.0
-258.0,-41.0,10.0,9.0,39.0,-5.0
-255.0,-43.0,17.0,10.0,41.0,-4.0
-255.0,-44.0,15.0,11.0,42.0,-6.0
-254.0,-44.0,16.0,14.0,42.0,-6.0
-253.0,-45.0,14.0,13.0,44.0,-6.0
-255.0,-43.0,20.0,12.0,46.0,-7.0
-255.0,-42.0,17.0,10.0,50.0,-6.0
-253.0,-45.0,17.0,10.0,52.0,-5.0
-253.0,-46.0,18.0,8.0,51.0,-6.0
-251.0,-46.0,16.0,8.0,50.0,-5.0
-255.0,-43.0,17.0,7.0,49.0,-5.0
-254.0,-44.0,15.0,9.0,47.0,-5.0
-253.0,-47.0,18.0,11.0,45.0,-6.0
-253.0,-46.0,16.0,16.0,44.0,-5.0
-253.0,-46.0,15.0,19.0,45.0,-5.0
-254.0,-44.0,15.0,20.0,44.0,-7.0
-255.0,-43.0,13.0,21.0,43.0,-9.0
-256.0,-48.0,18.0,24.0,41.0,-9.0
-254.0,-45.0,16.0,27.0,42.0,-11.0
-256.0,-44.0,17.0,29.0,44.0,-10.0
-256.0,-45.0,16.0,33.0,45.0,-10.0
-254.0,-45.0,19.0,37.0,45.0,-10.0
-256.0,-45.0,16.0,42.0,44.0,-9.0
-252.0,-44.0,20.0,47.0,43.0,-6.0
-256.0,-37.0,18.0,49.0,41.0,-5.0
-255.0,-40.0,18.0,49.0,43.0,-4.0
-254.0,-43.0,16.0,45.0,44.0,-5.0
-254.0,-40.0,14.0,41.0,46.0,-4.0
-255.0,-42.0,12.0,36.0,46.0,-6.0
-255.0,-42.0,16.0,29.0,47.0,-6.0
-255.0,-40.0,17.0,24.0,48.0,-6.0
-255.0,-43.0,15.0,20.0,49.0,-6.0
-256.0,-39.0,18.0,15.0,49.0,-6.0
-255.0,-42.0,16.0,12.0,51.0,-5.0
-254.0,-41.0,19.0,7.0,51.0,-5.0
-255.0,-43.0,16.0,5.0,53.0,-5.0
-253.0,-45.0,15.0,2.0,52.0,-4.0
-254.0,-47.0,18.0,3.0,52.0,-1.0
-256.0,-44.0,17.0,6.0,53.0,-3.0
-253.0,-47.0,14.0,11.0,51.0,-5.0
-254.0,-45.0,17.0,17.0,50.0,-6.0
-255.0,-42.0,19.0,21.0,49.0,-8.0
-257.0,-43.0,19.0,22.0,52.0,-9.0
-256.0,-45.0,12.0,22.0,53.0,-10.0
-255.0,-44.0,20.0,21.0,56.0,-10.0
-254.0,-45.0,16.0,21.0,54.0,-10.0
-256.0,-43.0,18.0,22.0,54.0,-12.0
-256.0,-40.0,17.0,24.0,54.0,-12.0
-255.0,-42.0,19.0,24.0,56.0,-12.0
-255.0,-44.0,20.0,21.0,57.0,-12.0
-255.0,-43.0,18.0,20.0,56.0,-11.0
-255.0,-43.0,19.0,23.0,57.0,-10.0
-252.0,-44.0,19.0,27.0,56.0,-9.0
-255.0,-44.0,13.0,30.0,57.0,-9.0
-256.0,-43.0,14.0,29.0,59.0,-9.0
-255.0,-40.0,17.0,27.0,60.0,-8.0
-253.0,-42.0,17.0,24.0,60.0,-7.0
-258.0,-42.0,16.0,21.0,59.0,-8.0
-254.0,-45.0,12.0,19.0,57.0,-8.0
-254.0,-45.0,20.0,18.0,56.0,-10.0
-254.0,-46.0,20.0,16.0,55.0,-8.0
-252.0,-44.0,19.0,13.0,55.0,-7.0
-253.0,-46.0,17.0,12.0,57.0,-6.0
-253.0,-46.0,15.0,10.0,58.0,-6.0
-253.0,-47.0,18.0,12.0,59.0,-6.0
-255.0,-46.0,24.0,13.0,57.0,-6.0
-257.0,-43.0,15.0,15.0,56.0,-6.0
-253.0,-44.0,19.0,15.0,57.0,-7.0
-254.0,-41.0,17.0,15.0,59.0,-9.0
-252.0,-44.0,20.0,13.0,60.0,-9.0
-255.0,-42.0,16.0,12.0,61.0,-9.0
-253.0,-45.0,19.0,11.0,62.0,-9.0
-255.0,-45.0,19.0,11.0,63.0,-8.0
-254.0,-41.0,17.0,10.0,65.0,-7.0
-256.0,-41.0,18.0,10.0,68.0,-7.0
-254.0,-43.0,18.0,9.0,70.0,-5.0
-256.0,-40.0,17.0,8.0,70.0,-5.0
-256.0,-43.0,22.0,7.0,68.0,-3.0
-254.0,-43.0,23.0,4.0,65.0,-1.0
-255.0,-46.0,19.0,0.0,66.0,0.0
-255.0,-46.0,21.0,-5.0,67.0,2.0
-255.0,-44.0,17.0,-6.0,68.0,1.0
-255.0,-46.0,18.0,-3.0,70.0,0.0
-256.0,-46.0,19.0,4.0,70.0,-1.0
-254.0,-42.0,16.0,11.0,69.0,-1.0
-254.0,-43.0,15.0,14.0,66.0,-2.0
-251.0,-42.0,20.0,14.0,65.0,0.0
-253.0,-44.0,17.0,11.0,64.0,-2.0
-254.0,-42.0,15.0,9.0,62.0,-4.0
-256.0,-45.0,18.0,6.0,61.0,-7.0
-255.0,-44.0,14.0,6.0,60.0,-8.0
-254.0,-43.0,20.0,6.0,59.0,-9.0
-254.0,-44.0,20.0,6.0,61.0,-8.0
-253.0,-45.0,17.0,7.0,62.0,-11.0
-256.0,-42.0,17.0,8.0,64.0,-12.0
-253.0,-43.0,18.0,9.0,64.0,-14.0
-254.0,-44.0,20.0,6.0,65.0,-15.0
-257.0,-41.0,19.0,2.0,65.0,-14.0
-253.0,-42.0,21.0,-3.0,63.0,-12.0
-255.0,-44.0,15.0,-5.0,63.0,-10.0
-255.0,-47.0,17.0,-7.0,62.0,-9.0
-255.0,-46.0,21.0,-9.0,65.0,-6.0
-256.0,-46.0,21.0,-11.0,67.0,-6.0
-254.0,-42.0,13.0,-12.0,69.0,-5.0
-254.0,-46.0,15.0,-15.0,71.0,-7.0
-252.0,-49.0,16.0,-16.0,74.0,-9.0
-253.0,-46.0,13.0,-12.0,75.0,-9.0
-251.0,-42.0,18.0,-11.0,74.0,-9.0
-249.0,-41.0,18.0,-12.0,74.0,-10.0
-250.0,-40.0,17.0,-18.0,75.0,-10.0
-253.0,-40.0,16.0,-28.0,76.0,-10.0
-256.0,-40.0,16.0,-37.0,77.0,-13.0
-256.0,-38.0,15.0,-45.0,77.0,-15.0
-256.0,-42.0,22.0,-51.0,72.0,-15.0
-257.0,-39.0,19.0,-53.0,68.0,-15.0
-259.0,-37.0,12.0,-54.0,67.0,-16.0
-257.0,-41.0,17.0,-55.0,67.0,-19.0
-256.0,-39.0,14.0,-54.0,67.0,-19.0
-254.0,-40.0,16.0,-51.0,70.0,-20.0
-256.0,-39.0,14.0,-52.0,73.0,-23.0
-257.0,-37.0,14.0,-57.0,74.0,-26.0
-256.0,-35.0,12.0,-63.0,72.0,-27.0
-258.0,-34.0,12.0,-71.0,71.0,-30.0
-256.0,-37.0,17.0,-80.0,69.0,-30.0
-255.0,-35.0,15.0,-90.0,68.0,-31.0
-255.0,-36.0,10.0,-99.0,67.0,-37.0
-254.0,-39.0,14.0,-105.0,69.0,-44.0
-253.0,-41.0,15.0,-112.0,69.0,-49.0
-258.0,-38.0,16.0,-116.0,67.0,-52.0
-257.0,-39.0,15.0,-121.0,63.0,-53.0
-257.0,-41.0,21.0,-124.0,60.0,-52.0
-257.0,-41.0,12.0,-127.0,56.0,-49.0
-258.0,-35.0,15.0,-129.0,52.0,-50.0
-256.0,-36.0,14.0,-134.0,50.0,-51.0
-254.0,-35.0,14.0,-142.0,54.0,-50.0
-250.0,-36.0,15.0,-152.0,64.0,-53.0
-251.0,-37.0,18.0,-166.0,73.0,-60.0
-250.0,-38.0,19.0,-183.0,81.0,-69.0
-255.0,-37.0,18.0,-196.0,85.0,-78.0
-253.0,-39.0,17.0,-202.0,93.0,-84.0
-255.0,-37.0,18.0,-203.0,105.0,-88.0
-252.0,-35.0,16.0,-204.0,115.0,-93.0
-254.0,-33.0,14.0,-210.0,122.0,-100.0
-256.0,-28.0,12.0,-221.0,126.0,-104.0
-257.0,-25.0,16.0,-237.0,124.0,-107.0
-252.0,-24.0,13.0,-259.0,122.0,-105.0
-249.0,-29.0,14.0,-286.0,119.0,-103.0
-251.0,-31.0,13.0,-310.0,120.0,-112.0
-254.0,-31.0,23.0,-333.0,124.0,-124.0
-255.0,-33.0,21.0,-350.0,133.0,-137.0
-256.0,-32.0,20.0,-357.0,146.0,-150.0
-254.0,-27.0,22.0,-367.0,159.0,-163.0
-253.0,-31.0,18.0,-381.0,167.0,-178.0
-253.0,-29.0,18.0,-404.0,173.0,-194.0
-250.0,-31.0,26.0,-434.0,177.0,-213.0
-251.0,-32.0,24.0,-464.0,185.0,-229.0
-248.0,-40.0,26.0,-489.0,199.0,-242.0
-248.0,-45.0,25.0,-502.0,221.0,-256.0
-246.0,-50.0,21.0,-502.0,245.0,-276.0
-241.0,-54.0,23.0,-491.0,271.0,-304.0
-243.0,-54.0,23.0,-475.0,294.0,-330.0
-242.0,-55.0,29.0,-454.0,319.0,-352.0
-239.0,-55.0,26.0,-430.0,346.0,-372.0
-237.0,-58.0,26.0,-398.0,372.0,-390.0
-240.0,-58.0,31.0,-364.0,398.0,-405.0
-242.0,-62.0,28.0,-329.0,418.0,-415.0
-239.0,-62.0,26.0,-300.0,426.0,-431.0
-233.0,-63.0,30.0,-283.0,433.0,-457.0
-234.0,-66.0,33.0,-280.0,442.0,-490.0
-238.0,-66.0,37.0,-277.0,457.0,-530.0
-240.0,-68.0,37.0,-273.0,481.0,-574.0
-243.0,-68.0,31.0,-258.0,509.0,-610.0
-249.0,-71.0,26.0,-232.0,544.0,-644.0
-250.0,-72.0,14.0,-196.0,578.0,-681.0
-253.0,-67.0,3.0,-152.0,597.0,-719.0
-256.0,-67.0,-2.0,-103.0,599.0,-755.0
-258.0,-68.0,-5.0,-53.0,596.0,-786.0
-259.0,-63.0,-7.0,-5.0,594.0,-808.0
-260.0,-65.0,1.0,30.0,600.0,-823.0
-260.0,-61.0,18.0,46.0,618.0,-829.0
-260.0,-62.0,23.0,52.0,651.0,-829.0
-259.0,-62.0,30.0,57.0,683.0,-824.0
-258.0,-63.0,22.0,67.0,706.0,-822.0
-261.0,-60.0,16.0,79.0,718.0,-822.0
-256.0,-62.0,6.0,80.0,726.0,-825.0
-255.0,-63.0,5.0,67.0,734.0,-830.0
-251.0,-64.0,2.0,51.0,735.0,-831.0
-254.0,-64.0,-2.0,43.0,728.0,-831.0
-252.0,-66.0,-8.0,53.0,707.0,-825.0
-246.0,-66.0,-12.0,82.0,678.0,-821.0
-247.0,-65.0,-12.0,123.0,655.0,-815.0
-247.0,-60.0,-17.0,164.0,639.0,-809.0
-250.0,-56.0,-21.0,187.0,628.0,-802.0
-251.0,-55.0,-25.0,192.0,612.0,-793.0
-251.0,-57.0,-20.0,179.0,601.0,-781.0
-253.0,-57.0,-18.0,145.0,584.0,-766.0
-251.0,-61.0,-17.0,93.0,582.0,-756.0
-251.0,-68.0,-16.0,39.0,605.0,-748.0
-248.0,-74.0,-17.0,0.0,640.0,-741.0
-246.0,-73.0,-17.0,-18.0,663.0,-731.0
-236.0,-70.0,-20.0,-34.0,680.0,-724.0
-229.0,-72.0,-26.0,-71.0,712.0,-722.0
-231.0,-75.0,-29.0,-120.0,744.0,-720.0
-227.0,-79.0,-41.0,-153.0,745.0,-714.0
-232.0,-78.0,-50.0,-157.0,723.0,-710.0
-235.0,-73.0,-58.0,-143.0,695.0,-702.0
-246.0,-69.0,-50.0,-138.0,666.0,-694.0
-248.0,-72.0,-47.0,-161.0,629.0,-692.0
-253.0,-79.0,-49.0,-200.0,589.0,-697.0
-252.0,-82.0,-55.0,-228.0,561.0,-707.0
-254.0,-85.0,-60.0,-235.0,550.0,-720.0
-252.0,-92.0,-52.0,-235.0,550.0,-731.0
-252.0,-94.0,-51.0,-243.0,554.0,-756.0
-241.0,-95.0,-48.0,-264.0,540.0,-780.0
-235.0,-103.0,-45.0,-285.0,529.0,-775.0
-236.0,-109.0,-50.0,-295.0,529.0,-768.0
-243.0,-111.0,-47.0,-298.0,527.0,-766.0
-238.0,-115.0,-50.0,-301.0,506.0,-774.0
-231.0,-117.0,-53.0,-295.0,488.0,-788.0
-228.0,-117.0,-55.0,-273.0,477.0,-804.0
-223.0,-118.0,-56.0,-238.0,474.0,-818.0
-218.0,-120.0,-59.0,-208.0,481.0,-829.0
-226.0,-118.0,-57.0,-188.0,489.0,-839.0
-223.0,-114.0,-59.0,-178.0,481.0,-846.0
-227.0,-111.0,-51.0,-177.0,466.0,-856.0
-230.0,-109.0,-52.0,-186.0,444.0,-870.0
-224.0,-112.0,-52.0,-208.0,414.0,-882.0
-226.0,-112.0,-45.0,-218.0,385.0,-921.0
-228.0,-110.0,-42.0,-226.0,359.0,-963.0
-229.0,-111.0,-48.0,-231.0,336.0,-997.0
-226.0,-110.0,-50.0,-230.0,317.0,-1027.0
-226.0,-114.0,-54.0,-229.0,301.0,-1055.0
-229.0,-113.0,-56.0,-232.0,285.0,-1082.0
-227.0,-115.0,-63.0,-238.0,274.0,-1104.0
-228.0,-117.0,-57.0,-251.0,259.0,-1121.0
-229.0,-120.0,-54.0,-274.0,234.0,-1130.0
-225.0,-120.0,-52.0,-302.0,208.0,-1141.0
-222.0,-124.0,-50.0,-332.0,182.0,-1157.0
-224.0,-123.0,-59.0,-353.0,171.0,-1178.0
-233.0,-126.0,-62.0,-355.0,164.0,-1200.0
-221.0,-125.0,-62.0,-345.0,158.0,-1220.0
-217.0,-129.0,-63.0,-331.0,149.0,-1238.0
-216.0,-128.0,-62.0,-314.0,142.0,-1252.0
-219.0,-132.0,-63.0,-293.0,127.0,-1261.0
-219.0,-130.0,-58.0,-280.0,111.0,-1270.0
-221.0,-135.0,-57.0,-285.0,97.0,-1284.0
-223.0,-135.0,-58.0,-290.0,85.0,-1305.0
-225.0,-135.0,-64.0,-279.0,82.0,-1327.0
-216.0,-136.0,-58.0,-255.0,73.0,-1338.0
-214.0,-135.0,-60.0,-235.0,56.0,-1357.0
-211.0,-134.0,-60.0,-223.0,30.0,-1370.0
-210.0,-137.0,-63.0,-220.0,-7.0,-1379.0
-204.0,-147.0,-67.0,-209.0,-33.0,-1397.0
-207.0,-146.0,-63.0,-188.0,-43.0,-1423.0
-216.0,-141.0,-55.0,-169.0,-59.0,-1443.0
-225.0,-144.0,-55.0,-165.0,-95.0,-1449.0
-234.0,-146.0,-60.0,-158.0,-142.0,-1443.0
-242.0,-140.0,-61.0,-134.0,-180.0,-1441.0
-244.0,-139.0,-59.0,-111.0,-223.0,-1433.0
-244.0,-138.0,-64.0,-94.0,-278.0,-1433.0
-242.0,-135.0,-65.0,-78.0,-331.0,-1442.0
-254.0,-121.0,-52.0,-62.0,-388.0,-1446.0
-226.0,-138.0,-76.0,-41.0,-462.0,-1436.0
-210.0,-151.0,-83.0,-35.0,-461.0,-1476.0
-205.0,-152.0,-73.0,-40.0,-458.0,-1508.0
-201.0,-159.0,-67.0,-47.0,-494.0,-1515.0
-191.0,-166.0,-63.0,-28.0,-535.0,-1521.0
-184.0,-173.0,-58.0,25.0,-546.0,-1531.0
-174.0,-179.0,-61.0,90.0,-547.0,-1544.0
-168.0,-185.0,-55.0,137.0,-537.0,-1566.0
-159.0,-199.0,-51.0,178.0,-527.0,-1599.0
-157.0,-208.0,-46.0,231.0,-517.0,-1629.0
-146.0,-215.0,-45.0,296.0,-515.0,-1650.0
-147.0,-210.0,-43.0,356.0,-514.0,-1672.0
-144.0,-217.0,-35.0,403.0,-509.0,-1694.0
-147.0,-212.0,-28.0,448.0,-506.0,-1724.0
-146.0,-211.0,-27.0,483.0,-512.0,-1760.0
-146.0,-210.0,-26.0,508.0,-523.0,-1799.0
-152.0,-204.0,-24.0,534.0,-535.0,-1839.0
-164.0,-201.0,-20.0,566.0,-550.0,-1883.0
-170.0,-199.0,-19.0,601.0,-564.0,-1929.0
-181.0,-183.0,0.0,637.0,-577.0,-1976.0
-182.0,-192.0,0.0,668.0,-604.0,-2016.0
-174.0,-191.0,4.0,694.0,-654.0,-2054.0
-161.0,-192.0,-3.0,723.0,-717.0,-2096.0
-142.0,-188.0,0.0,759.0,-769.0,-2134.0
-128.0,-189.0,4.0,802.0,-801.0,-2163.0
-113.0,-185.0,9.0,840.0,-815.0,-2177.0
-104.0,-186.0,5.0,864.0,-817.0,-2171.0
-106.0,-185.0,6.0,860.0,-819.0,-2165.0
-109.0,-185.0,1.0,827.0,-822.0,-2164.0
-109.0,-181.0,-5.0,769.0,-814.0,-2172.0
-120.0,-182.0,-5.0,684.0,-796.0,-2187.0
-127.0,-183.0,-11.0,595.0,-763.0,-2195.0
-129.0,-186.0,-13.0,510.0,-723.0,-2204.0
-118.0,-184.0,-18.0,440.0,-681.0,-2198.0
-111.0,-185.0,-30.0,388.0,-628.0,-2187.0
-103.0,-188.0,-36.0,342.0,-560.0,-2164.0
-90.0,-189.0,-44.0,303.0,-484.0,-2135.0
-88.0,-195.0,-38.0,271.0,-401.0,-2104.0
-73.0,-211.0,-26.0,250.0,-311.0,-2070.0
-64.0,-218.0,-7.0,252.0,-216.0,-2032.0
-49.0,-222.0,15.0,276.0,-126.0,-1987.0
-32.0,-225.0,43.0,298.0,-33.0,-1936.0
-24.0,-226.0,76.0,314.0,77.0,-1883.0
-31.0,-229.0,99.0,334.0,183.0,-1820.0
-36.0,-239.0,98.0,341.0,231.0,-1742.0
-35.0,-244.0,77.0,333.0,249.0,-1680.0
-41.0,-249.0,62.0,292.0,272.0,-1645.0
-55.0,-254.0,56.0,218.0,305.0,-1624.0
-76.0,-266.0,52.0,131.0,339.0,-1616.0
-96.0,-274.0,55.0,48.0,357.0,-1597.0
-109.0,-299.0,52.0,-17.0,357.0,-1543.0
-129.0,-327.0,56.0,-43.0,358.0,-1439.0
-152.0,-358.0,58.0,-7.0,326.0,-1302.0
-164.0,-370.0,46.0,90.0,232.0,-1155.0
-158.0,-361.0,37.0,221.0,97.0,-1031.0
-133.0,-346.0,22.0,354.0,-39.0,-933.0
-96.0,-325.0,10.0,483.0,-152.0,-839.0
-69.0,-303.0,-5.0,594.0,-228.0,-805.0
-51.0,-275.0,-21.0,674.0,-283.0,-808.0
-35.0,-250.0,-45.0,707.0,-344.0,-828.0
-11.0,-235.0,-68.0,675.0,-383.0,-856.0
8.0,-212.0,-84.0,585.0,-392.0,-889.0
29.0,-200.0,-103.0,450.0,-389.0,-929.0
50.0,-198.0,-106.0,260.0,-367.0,-973.0
61.0,-213.0,-105.0,106.0,-330.0,-997.0
66.0,-236.0,-95.0,-15.0,-277.0,-996.0
78.0,-269.0,-71.0,-80.0,-209.0,-977.0
91.0,-291.0,-45.0,-98.0,-120.0,-963.0
97.0,-310.0,-17.0,-82.0,-20.0,-954.0
93.0,-320.0,7.0,-52.0,59.0,-954.0
89.0,-332.0,25.0,-24.0,97.0,-952.0
82.0,-336.0,30.0,14.0,94.0,-944.0
82.0,-337.0,32.0,75.0,64.0,-932.0
66.0,-336.0,24.0,181.0,23.0,-913.0
63.0,-329.0,25.0,334.0,-15.0,-888.0
54.0,-319.0,9.0,512.0,-53.0,-857.0
45.0,-312.0,-4.0,672.0,-87.0,-830.0
30.0,-298.0,-11.0,780.0,-123.0,-810.0
17.0,-285.0,-20.0,812.0,-156.0,-800.0
-1.0,-277.0,-20.0,774.0,-194.0,-792.0
-9.0,-272.0,-17.0,692.0,-234.0,-794.0
-11.0,-270.0,-7.0,588.0,-269.0,-795.0
-8.0,-273.0,4.0,487.0,-287.0,-795.0
-1.0,-276.0,17.0,392.0,-303.0,-792.0
10.0,-276.0,32.0,319.0,-311.0,-789.0
23.0,-277.0,41.0,276.0,-308.0,-778.0
34.0,-278.0,39.0,252.0,-295.0,-759.0
41.0,-282.0,43.0,247.0,-276.0,-729.0
39.0,-280.0,43.0,267.0,-254.0,-694.0
42.0,-280.0,42.0,312.0,-232.0,-656.0
39.0,-275.0,37.0,376.0,-207.0,-619.0
36.0,-263.0,34.0,440.0,-180.0,-585.0
36.0,-254.0,32.0,482.0,-146.0,-557.0
29.0,-240.0,27.0,493.0,-112.0,-538.0
25.0,-228.0,24.0,476.0,-83.0,-533.0
20.0,-215.0,22.0,430.0,-53.0,-539.0
15.0,-208.0,23.0,361.0,-24.0,-552.0
14.0,-204.0,28.0,286.0,4.0,-569.0
12.0,-204.0,32.0,217.0,30.0,-583.0
13.0,-210.0,33.0,163.0,51.0,-589.0
13.0,-213.0,31.0,123.0,73.0,-590.0
14.0,-220.0,32.0,98.0,92.0,-580.0
15.0,-229.0,35.0,86.0,96.0,-560.0
19.0,-235.0,39.0,89.0,92.0,-532.0
15.0,-243.0,33.0,104.0,84.0,-498.0
15.0,-249.0,33.0,128.0,70.0,-463.0
20.0,-253.0,31.0,155.0,60.0,-431.0
15.0,-257.0,28.0,184.0,57.0,-395.0
15.0,-256.0,25.0,211.0,52.0,-367.0
14.0,-253.0,26.0,233.0,50.0,-341.0
15.0,-252.0,22.0,248.0,49.0,-315.0
17.0,-252.0,22.0,254.0,49.0,-295.0
20.0,-250.0,21.0,250.0,52.0,-284.0
19.0,-251.0,21.0,240.0,50.0,-280.0
17.0,-249.0,21.0,234.0,50.0,-280.0
17.0,-243.0,16.0,232.0,48.0,-285.0
20.0,-244.0,12.0,236.0,45.0,-292.0
20.0,-246.0,16.0,243.0,46.0,-297.0
19.0,-246.0,18.0,250.0,48.0,-301.0
15.0,-249.0,22.0,258.0,51.0,-303.0
22.0,-252.0,22.0,273.0,54.0,-300.0
17.0,-251.0,28.0,293.0,57.0,-291.0
26.0,-249.0,30.0,316.0,56.0,-283.0
27.0,-250.0,27.0,338.0,52.0,-267.0
32.0,-250.0,29.0,358.0,49.0,-246.0
36.0,-251.0,33.0,381.0,50.0,-219.0
38.0,-251.0,33.0,395.0,53.0,-191.0
37.0,-251.0,36.0,404.0,55.0,-164.0
42.0,-254.0,37.0,409.0,57.0,-137.0
43.0,-249.0,36.0,408.0,60.0,-118.0
46.0,-250.0,40.0,397.0,65.0,-101.0
44.0,-250.0,40.0,375.0,72.0,-89.0
45.0,-250.0,44.0,348.0,81.0,-83.0
45.0,-254.0,46.0,328.0,88.0,-82.0
43.0,-255.0,51.0,319.0,100.0,-82.0
51.0,-258.0,44.0,326.0,114.0,-87.0
40.0,-251.0,49.0,348.0,143.0,-95.0
40.0,-251.0,51.0,371.0,151.0,-102.0
42.0,-247.0,48.0,397.0,149.0,-110.0
38.0,-244.0,49.0,416.0,159.0,-113.0
43.0,-240.0,54.0,425.0,171.0,-114.0
35.0,-233.0,53.0,432.0,181.0,-112.0
44.0,-235.0,53.0,435.0,182.0,-103.0
44.0,-233.0,56.0,441.0,200.0,-96.0
33.0,-226.0,54.0,442.0,212.0,-96.0
34.0,-228.0,59.0,443.0,205.0,-94.0
39.0,-234.0,57.0,441.0,186.0,-76.0
41.0,-233.0,63.0,441.0,180.0,-60.0
46.0,-235.0,65.0,448.0,180.0,-44.0
44.0,-234.0,66.0,462.0,179.0,-29.0
43.0,-235.0,68.0,471.0,167.0,-16.0
45.0,-233.0,67.0,480.0,150.0,-6.0
49.0,-233.0,67.0,483.0,137.0,3.0
50.0,-232.0,60.0,480.0,123.0,12.0
54.0,-233.0,63.0,470.0,121.0,20.0
49.0,-233.0,63.0,456.0,119.0,30.0
49.0,-233.0,58.0,436.0,118.0,38.0
50.0,-234.0,55.0,411.0,128.0,50.0
51.0,-235.0,60.0,388.0,135.0,62.0
51.0,-238.0,59.0,372.0,147.0,75.0
51.0,-239.0,56.0,362.0,156.0,86.0
51.0,-241.0,60.0,358.0,167.0,102.0
50.0,-244.0,61.0,360.0,176.0,115.0
46.0,-247.0,66.0,364.0,189.0,130.0
48.0,-244.0,69.0,366.0,202.0,142.0
43.0,-245.0,67.0,360.0,219.0,175.0
37.0,-247.0,67.0,355.0,232.0,177.0
32.0,-244.0,71.0,348.0,229.0,178.0
31.0,-247.0,69.0,336.0,227.0,183.0
30.0,-248.0,68.0,323.0,225.0,189.0
30.0,-250.0,69.0,311.0,224.0,197.0
28.0,-251.0,72.0,296.0,223.0,202.0
26.0,-254.0,67.0,295.0,221.0,203.0
24.0,-254.0,71.0,297.0,217.0,197.0
23.0,-253.0,68.0,300.0,206.0,186.0
21.0,-250.0,68.0,303.0,199.0,176.0
21.0,-247.0,71.0,301.0,198.0,163.0
21.0,-245.0,70.0,300.0,195.0,156.0
17.0,-242.0,75.0,295.0,194.0,150.0
17.0,-245.0,77.0,292.0,191.0,145.0
15.0,-237.0,79.0,288.0,190.0,143.0
16.0,-243.0,78.0,286.0,187.0,144.0
18.0,-244.0,77.0,286.0,184.0,143.0
15.0,-242.0,76.0,290.0,184.0,141.0
17.0,-239.0,72.0,292.0,190.0,145.0
18.0,-234.0,68.0,291.0,201.0,152.0
17.0,-236.0,73.0,286.0,209.0,163.0
12.0,-234.0,67.0,279.0,219.0,175.0
11.0,-234.0,71.0,273.0,234.0,191.0
9.0,-234.0,69.0,267.0,250.0,205.0
6.0,-232.0,70.0,262.0,265.0,216.0
2.0,-233.0,75.0,257.0,274.0,225.0
5.0,-228.0,76.0,252.0,284.0,235.0
-5.0,-232.0,78.0,237.0,291.0,246.0
-9.0,-232.0,77.0,214.0,293.0,251.0
-14.0,-234.0,86.0,187.0,294.0,256.0
-14.0,-236.0,82.0,163.0,293.0,258.0
-18.0,-238.0,86.0,142.0,288.0,263.0
-21.0,-241.0,82.0,122.0,283.0,265.0
-22.0,-244.0,86.0,108.0,280.0,269.0
-20.0,-248.0,86.0,99.0,276.0,274.0
-21.0,-246.0,79.0,91.0,273.0,278.0
-22.0,-251.0,81.0,88.0,269.0,281.0
-20.0,-250.0,82.0,90.0,269.0,283.0
-23.0,-249.0,79.0,98.0,267.0,285.0
-21.0,-249.0,76.0,104.0,263.0,282.0
-20.0,-248.0,73.0,106.0,260.0,280.0
-23.0,-247.0,74.0,103.0,253.0,276.0
-21.0,-246.0,75.0,97.0,245.0,271.0
-19.0,-246.0,78.0,88.0,238.0,263.0
-21.0,-247.0,78.0,78.0,231.0,252.0
-23.0,-249.0,84.0,70.0,223.0,239.0
-22.0,-247.0,81.0,62.0,218.0,227.0
-22.0,-248.0,78.0,53.0,213.0,216.0
-22.0,-248.0,79.0,44.0,208.0,206.0
-25.0,-249.0,75.0,35.0,203.0,198.0
-22.0,-248.0,76.0,26.0,203.0,191.0
-24.0,-248.0,80.0,18.0,201.0,187.0
-21.0,-248.0,78.0,12.0,199.0,184.0
-23.0,-247.0,73.0,8.0,199.0,181.0
-24.0,-247.0,77.0,8.0,198.0,180.0
-24.0,-247.0,72.0,11.0,194.0,180.0
-25.0,-247.0,75.0,18.0,186.0,182.0
-26.0,-248.0,73.0,29.0,175.0,185.0
-22.0,-245.0,75.0,40.0,164.0,186.0
-28.0,-244.0,80.0,50.0,153.0,185.0
-24.0,-248.0,86.0,54.0,141.0,182.0
-27.0,-244.0,81.0,57.0,133.0,179.0
-24.0,-246.0,86.0,55.0,120.0,174.0
-24.0,-246.0,81.0,52.0,113.0,170.0
-25.0,-245.0,81.0,49.0,107.0,165.0
-21.0,-245.0,78.0,41.0,98.0,158.0
-23.0,-246.0,77.0,35.0,93.0,149.0
-26.0,-245.0,75.0,34.0,88.0,145.0
-23.0,-245.0,72.0,32.0,80.0,140.0
-26.0,-241.0,74.0,33.0,74.0,132.0
-28.0,-244.0,76.0,32.0,67.0,126.0
-23.0,-243.0,77.0,32.0,61.0,119.0
-25.0,-240.0,85.0,33.0,51.0,107.0
-21.0,-237.0,81.0,32.0,44.0,94.0
-19.0,-239.0,82.0,33.0,43.0,84.0
-17.0,-236.0,86.0,42.0,49.0,76.0
-16.0,-234.0,90.0,44.0,54.0,67.0
-13.0,-232.0,89.0,48.0,59.0,59.0
-12.0,-230.0,88.0,41.0,61.0,50.0
-12.0,-229.0,88.0,30.0,58.0,41.0
-7.0,-230.0,88.0,22.0,58.0,37.0
-1.0,-234.0,90.0,18.0,63.0,35.0
-5.0,-236.0,92.0,24.0,57.0,29.0
-7.0,-236.0,98.0,29.0,43.0,28.0
-7.0,-241.0,94.0,29.0,35.0,27.0
-2.0,-244.0,96.0,27.0,33.0,24.0
0.0,-248.0,99.0,34.0,37.0,22.0
-6.0,-246.0,94.0,48.0,39.0,20.0
0.0,-245.0,96.0,78.0,43.0,23.0
-1.0,-247.0,93.0,97.0,53.0,24.0
-3.0,-243.0,88.0,108.0,56.0,21.0
-1.0,-246.0,86.0,106.0,54.0,10.0
-2.0,-248.0,86.0,92.0,48.0,0.0
-8.0,-243.0,90.0,74.0,44.0,-6.0
-2.0,-242.0,95.0,60.0,35.0,-13.0
-5.0,-240.0,84.0,55.0,26.0,-16.0
-3.0,-234.0,88.0,61.0,18.0,-16.0
-4.0,-231.0,87.0,67.0,12.0,-15.0
-3.0,-226.0,90.0,66.0,11.0,-14.0
-7.0,-226.0,88.0,55.0,15.0,-15.0
-9.0,-225.0,88.0,33.0,20.0,-16.0
-6.0,-228.0,87.0,9.0,30.0,-15.0
-7.0,-227.0,87.0,-16.0,39.0,-15.0
-2.0,-232.0,89.0,-37.0,52.0,-14.0
-1.0,-235.0,94.0,-49.0,66.0,-15.0
0.0,-242.0,87.0,-47.0,75.0,-19.0
-1.0,-242.0,90.0,-39.0,84.0,-24.0
-1.0,-243.0,85.0,-28.0,89.0,-28.0
0.0,-242.0,81.0,-19.0,88.0,-31.0
-1.0,-243.0,80.0,-9.0,88.0,-34.0
-1.0,-248.0,78.0,1.0,85.0,-37.0
3.0,-248.0,81.0,4.0,83.0,-39.0
1.0,-249.0,78.0,3.0,90.0,-36.0
1.0,-247.0,79.0,2.0,101.0,-25.0
-1.0,-239.0,82.0,-10.0,111.0,-25.0
-3.0,-242.0,82.0,-16.0,116.0,-13.0
-3.0,-246.0,76.0,-23.0,117.0,-9.0
-1.0,-244.0,77.0,-32.0,111.0,-6.0
-1.0,-242.0,75.0,-37.0,109.0,-4.0
0.0,-238.0,76.0,-29.0,108.0,-6.0
-1.0,-238.0,75.0,-15.0,106.0,-8.0
-5.0,-238.0,75.0,-5.0,105.0,-8.0
-6.0,-239.0,74.0,5.0,107.0,-10.0
0.0,-239.0,80.0,2.0,102.0,-23.0
-6.0,-242.0,81.0,-8.0,96.0,-31.0
-7.0,-244.0,82.0,-17.0,91.0,-33.0
-3.0,-244.0,80.0,-20.0,90.0,-37.0
-2.0,-244.0,81.0,-13.0,85.0,-34.0
0.0,-247.0,81.0,3.0,78.0,-23.0
-5.0,-247.0,77.0,27.0,73.0,-12.0
-7.0,-247.0,79.0,54.0,71.0,0.0
-11.0,-248.0,82.0,68.0,67.0,0.0
-10.0,-244.0,82.0,65.0,64.0,-6.0
-6.0,-242.0,79.0,60.0,65.0,-6.0
-7.0,-242.0,83.0,64.0,64.0,-2.0
-9.0,-238.0,85.0,73.0,63.0,3.0
-9.0,-236.0,84.0,79.0,58.0,8.0
-11.0,-236.0,82.0,78.0,55.0,11.0
-13.0,-235.0,86.0,72.0,53.0,11.0
-16.0,-234.0,86.0,62.0,50.0,14.0
-14.0,-236.0,85.0,48.0,47.0,13.0
-14.0,-237.0,87.0,33.0,43.0,13.0
-16.0,-240.0,88.0,21.0,40.0,9.0
-12.0,-239.0,82.0,15.0,38.0,6.0
-15.0,-241.0,88.0,14.0,39.0,1.0
-14.0,-237.0,86.0,19.0,43.0,2.0
-10.0,-240.0,86.0,25.0,47.0,2.0
-11.0,-239.0,83.0,31.0,50.0,6.0
-11.0,-241.0,84.0,33.0,54.0,7.0
-12.0,-240.0,85.0,35.0,57.0,8.0
-13.0,-243.0,87.0,39.0,56.0,8.0
-10.0,-239.0,85.0,44.0,53.0,11.0
-12.0,-241.0,86.0,50.0,49.0,12.0
-10.0,-240.0,89.0,52.0,48.0,13.0
-12.0,-241.0,84.0,47.0,46.0,10.0
-13.0,-238.0,90.0,46.0,46.0,9.0
-12.0,-240.0,89.0,45.0,45.0,9.0
-11.0,-238.0,87.0,46.0,45.0,8.0
-15.0,-238.0,89.0,44.0,46.0,7.0
-14.0,-237.0,90.0,42.0,48.0,5.0
