-19.0,-5.0,240.0,9.0,49.0,-2.0
-18.0,-4.0,238.0,10.0,51.0,-3.0
-17.0,-4.0,236.0,9.0,52.0,-1.0
-13.0,-4.0,239.0,9.0,53.0,-3.0
-13.0,-7.0,238.0,7.0,54.0,0.0
-19.0,-4.0,236.0,8.0,54.0,-1.0
-15.0,-7.0,240.0,7.0,54.0,0.0
-16.0,-7.0,234.0,8.0,54.0,-1.0
-19.0,-6.0,239.0,7.0,53.0,0.0
-19.0,-4.0,238.0,6.0,52.0,-1.0
-15.0,-8.0,238.0,5.0,51.0,2.0
-15.0,-5.0,238.0,6.0,52.0,0.0
-13.0,-8.0,237.0,7.0,51.0,0.0
-15.0,-5.0,238.0,8.0,50.0,-1.0
-19.0,-4.0,241.0,9.0,51.0,0.0
-8.0,-4.0,230.0,9.0,53.0,-2.0
-11.0,-4.0,238.0,10.0,54.0,-1.0
-19.0,-6.0,235.0,11.0,56.0,-3.0
-12.0,2.0,225.0,10.0,57.0,0.0
1.0,5.0,241.0,11.0,56.0,-3.0
-23.0,-5.0,242.0,10.0,56.0,-1.0
-10.0,-3.0,244.0,11.0,56.0,-3.0
-18.0,-4.0,239.0,11.0,57.0,-3.0
-15.0,-4.0,238.0,11.0,56.0,-5.0
-16.0,-3.0,241.0,11.0,58.0,-3.0
-14.0,-4.0,239.0,10.0,55.0,-6.0
-17.0,-3.0,239.0,11.0,52.0,-4.0
-19.0,-2.0,238.0,10.0,52.0,-6.0
-16.0,-4.0,242.0,8.0,53.0,-4.0
-17.0,-4.0,242.0,7.0,52.0,-5.0
-17.0,-4.0,243.0,6.0,52.0,-3.0
-19.0,-4.0,240.0,7.0,50.0,-6.0
-19.0,-5.0,242.0,10.0,53.0,-2.0
-18.0,-5.0,238.0,14.0,55.0,-3.0
-19.0,-4.0,236.0,16.0,56.0,0.0
-17.0,-6.0,237.0,20.0,58.0,-2.0
-15.0,-5.0,239.0,21.0,61.0,0.0
-16.0,-6.0,238.0,23.0,61.0,-2.0
-15.0,-3.0,239.0,26.0,59.0,0.0
-16.0,-3.0,236.0,27.0,56.0,-2.0
-15.0,-4.0,239.0,27.0,55.0,0.0
-14.0,-1.0,237.0,27.0,55.0,-2.0
-15.0,-3.0,237.0,28.0,54.0,1.0
-15.0,-4.0,236.0,27.0,53.0,-2.0
-17.0,-2.0,240.0,27.0,52.0,1.0
-18.0,-2.0,239.0,27.0,51.0,-2.0
-18.0,-4.0,239.0,23.0,52.0,0.0
-12.0,-4.0,234.0,22.0,51.0,-3.0
-16.0,-1.0,235.0,19.0,52.0,0.0
-13.0,-3.0,240.0,15.0,51.0,-4.0
-19.0,-4.0,242.0,10.0,51.0,-2.0
-17.0,-1.0,244.0,6.0,52.0,-4.0
-19.0,-3.0,239.0,3.0,53.0,-2.0
-18.0,-2.0,240.0,0.0,52.0,-4.0
-17.0,-3.0,240.0,-1.0,53.0,-1.0
-17.0,-1.0,239.0,-3.0,52.0,-4.0
-17.0,0.0,238.0,-3.0,54.0,-2.0
-13.0,-4.0,243.0,-3.0,55.0,-4.0
-15.0,-4.0,239.0,-3.0,56.0,-1.0
-16.0,-3.0,240.0,-3.0,57.0,-4.0
-16.0,-1.0,244.0,-4.0,57.0,-1.0
-13.0,-3.0,239.0,-3.0,57.0,-3.0
-13.0,-4.0,239.0,-2.0,57.0,0.0
-20.0,-3.0,242.0,-2.0,55.0,-3.0
-17.0,-1.0,238.0,-2.0,54.0,0.0
-18.0,-4.0,242.0,0.0,52.0,-4.0
-14.0,-3.0,238.0,-1.0,52.0,-2.0
-17.0,-4.0,239.0,-2.0,53.0,-4.0
-18.0,-3.0,240.0,-2.0,53.0,-2.0
-13.0,-3.0,240.0,-1.0,52.0,-3.0
-13.0,-4.0,239.0,1.0,52.0,-1.0
-15.0,-4.0,238.0,2.0,52.0,-4.0
-15.0,-4.0,239.0,5.0,51.0,-2.0
-15.0,-7.0,239.0,6.0,53.0,-4.0
-16.0,-4.0,239.0,7.0,52.0,-2.0
-16.0,-4.0,236.0,7.0,54.0,-3.0
-14.0,-3.0,239.0,7.0,54.0,0.0
-14.0,-3.0,235.0,7.0,56.0,-2.0
-19.0,-1.0,238.0,6.0,56.0,-1.0
-16.0,-3.0,244.0,6.0,55.0,-1.0
-18.0,-4.0,237.0,5.0,55.0,-1.0
-18.0,-4.0,238.0,2.0,54.0,-1.0
-19.0,-4.0,239.0,0.0,54.0,0.0
-13.0,-4.0,238.0,-3.0,55.0,0.0
-14.0,-4.0,238.0,-4.0,55.0,0.0
-13.0,-2.0,241.0,-6.0,54.0,-1.0
-13.0,-3.0,239.0,-6.0,55.0,0.0
-17.0,-4.0,243.0,-8.0,54.0,-2.0
-19.0,-2.0,242.0,-8.0,54.0,-1.0
-16.0,-4.0,238.0,-8.0,55.0,-2.0
-19.0,-2.0,243.0,-8.0,54.0,-2.0
-19.0,-4.0,239.0,-7.0,52.0,-3.0
-13.0,-3.0,242.0,-5.0,51.0,-1.0
-18.0,-3.0,242.0,-3.0,52.0,-2.0
-14.0,-4.0,238.0,0.0,50.0,-3.0
-18.0,-3.0,239.0,1.0,51.0,-1.0
-17.0,-4.0,240.0,3.0,53.0,-2.0
-16.0,-4.0,240.0,3.0,57.0,-2.0
-18.0,-3.0,237.0,4.0,58.0,-1.0
-17.0,-3.0,243.0,3.0,58.0,0.0
-18.0,-3.0,239.0,1.0,58.0,-1.0
-16.0,-2.0,243.0,1.0,59.0,-1.0
-18.0,-2.0,241.0,-1.0,60.0,-1.0
-19.0,-3.0,240.0,-2.0,61.0,0.0
-19.0,-4.0,243.0,-2.0,59.0,-1.0
-17.0,-3.0,239.0,-2.0,59.0,-1.0
-14.0,-4.0,239.0,-2.0,61.0,-3.0
-14.0,-3.0,239.0,-5.0,60.0,-3.0
-12.0,-3.0,237.0,-6.0,59.0,-4.0
-18.0,-3.0,238.0,-6.0,59.0,-3.0
-14.0,-4.0,239.0,-6.0,59.0,-5.0
-14.0,-3.0,241.0,-8.0,58.0,-4.0
-15.0,-2.0,237.0,-6.0,57.0,-6.0
-15.0,-1.0,236.0,-5.0,55.0,-5.0
-17.0,-2.0,239.0,-5.0,54.0,-6.0
-17.0,-3.0,239.0,-7.0,54.0,-5.0
-14.0,-3.0,239.0,-7.0,53.0,-5.0
-18.0,0.0,237.0,-7.0,52.0,-4.0
-13.0,-4.0,240.0,-10.0,52.0,-5.0
-19.0,-2.0,236.0,-9.0,52.0,-2.0
-19.0,-1.0,240.0,-11.0,54.0,-5.0
-16.0,-4.0,236.0,-12.0,54.0,-1.0
-15.0,-4.0,242.0,-13.0,56.0,-1.0
-16.0,-3.0,235.0,-13.0,58.0,0.0
-15.0,-3.0,239.0,-15.0,59.0,-1.0
-15.0,-3.0,237.0,-14.0,61.0,0.0
-17.0,-2.0,241.0,-15.0,61.0,-3.0
-14.0,-4.0,240.0,-15.0,61.0,-2.0
-14.0,-2.0,238.0,-15.0,62.0,-4.0
-16.0,-4.0,242.0,-15.0,60.0,-3.0
-14.0,-4.0,240.0,-17.0,59.0,-5.0
-20.0,-3.0,240.0,-18.0,59.0,-5.0
-16.0,-3.0,238.0,-18.0,58.0,-5.0
-15.0,-4.0,240.0,-19.0,58.0,-4.0
-15.0,-3.0,240.0,-19.0,56.0,-6.0
-17.0,-2.0,240.0,-21.0,57.0,-3.0
-18.0,-4.0,240.0,-21.0,58.0,-5.0
-15.0,-1.0,239.0,-23.0,56.0,-2.0
-13.0,-3.0,239.0,-23.0,56.0,-5.0
-20.0,-1.0,242.0,-23.0,56.0,-1.0
-20.0,-2.0,238.0,-26.0,57.0,-3.0
-19.0,-3.0,239.0,-29.0,59.0,-2.0
-14.0,-2.0,239.0,-32.0,61.0,-4.0
-17.0,-2.0,238.0,-35.0,61.0,-1.0
-18.0,-2.0,237.0,-39.0,63.0,-4.0
-13.0,1.0,233.0,-40.0,64.0,0.0
-19.0,-3.0,238.0,-41.0,64.0,-3.0
-14.0,-1.0,243.0,-42.0,66.0,-1.0
-16.0,-1.0,240.0,-43.0,67.0,-2.0
-13.0,-3.0,243.0,-43.0,69.0,-1.0
-13.0,-3.0,239.0,-44.0,69.0,-2.0
-13.0,-4.0,238.0,-43.0,69.0,1.0
-17.0,-4.0,243.0,-45.0,70.0,-2.0
-14.0,-3.0,242.0,-43.0,73.0,0.0
-16.0,-4.0,237.0,-42.0,72.0,-2.0
-15.0,-2.0,235.0,-42.0,72.0,1.0
-18.0,-3.0,242.0,-42.0,71.0,-2.0
-16.0,-4.0,238.0,-40.0,73.0,1.0
-16.0,-4.0,239.0,-37.0,71.0,0.0
-19.0,-3.0,240.0,-38.0,70.0,3.0
-14.0,-4.0,236.0,-39.0,70.0,1.0
-17.0,-3.0,240.0,-40.0,69.0,3.0
-15.0,-4.0,237.0,-41.0,70.0,0.0
-18.0,-3.0,240.0,-44.0,68.0,2.0
-13.0,-4.0,239.0,-46.0,66.0,0.0
-15.0,-4.0,242.0,-50.0,65.0,1.0
-15.0,-2.0,240.0,-50.0,65.0,-2.0
-18.0,-2.0,242.0,-51.0,64.0,3.0
-15.0,-2.0,241.0,-52.0,64.0,-1.0
-15.0,-4.0,240.0,-53.0,62.0,1.0
-15.0,-4.0,241.0,-56.0,62.0,-2.0
-19.0,-1.0,241.0,-59.0,59.0,0.0
-19.0,-3.0,242.0,-64.0,55.0,-3.0
-20.0,-3.0,243.0,-69.0,49.0,-2.0
-21.0,-3.0,241.0,-74.0,43.0,-4.0
-19.0,-4.0,244.0,-81.0,37.0,-3.0
-22.0,-4.0,241.0,-86.0,30.0,-5.0
-24.0,-4.0,240.0,-88.0,23.0,-1.0
-24.0,-4.0,244.0,-86.0,16.0,-5.0
-24.0,-3.0,242.0,-83.0,11.0,-3.0
-21.0,-4.0,237.0,-80.0,8.0,-4.0
-22.0,-6.0,239.0,-74.0,4.0,-2.0
-24.0,-6.0,243.0,-67.0,2.0,-3.0
-22.0,-6.0,244.0,-62.0,-3.0,-2.0
-20.0,-9.0,242.0,-53.0,-6.0,-3.0
-20.0,-4.0,239.0,-43.0,-10.0,-3.0
-19.0,-6.0,239.0,-36.0,-16.0,-6.0
-15.0,-6.0,244.0,-30.0,-22.0,-6.0
-18.0,-7.0,239.0,-23.0,-27.0,-10.0
-14.0,-4.0,237.0,-19.0,-30.0,-14.0
-12.0,-6.0,238.0,-16.0,-31.0,-20.0
-13.0,-7.0,240.0,-14.0,-32.0,-25.0
-11.0,-4.0,241.0,-11.0,-33.0,-30.0
-11.0,-7.0,243.0,-9.0,-36.0,-37.0
-9.0,-10.0,240.0,-5.0,-41.0,-44.0
-16.0,-4.0,237.0,-2.0,-48.0,-55.0
-13.0,-8.0,242.0,6.0,-50.0,-51.0
-12.0,-9.0,241.0,12.0,-61.0,-47.0
-12.0,-10.0,242.0,18.0,-75.0,-45.0
-12.0,-11.0,243.0,24.0,-83.0,-42.0
-12.0,-8.0,242.0,31.0,-92.0,-36.0
-12.0,-7.0,246.0,35.0,-102.0,-31.0
-13.0,-4.0,240.0,42.0,-111.0,-26.0
-17.0,-6.0,242.0,50.0,-119.0,-18.0
-12.0,-10.0,243.0,56.0,-126.0,-14.0
-12.0,-6.0,242.0,61.0,-129.0,-12.0
-14.0,-14.0,243.0,62.0,-126.0,-14.0
-11.0,-10.0,246.0,69.0,-119.0,-12.0
-11.0,-12.0,247.0,78.0,-111.0,-8.0
-12.0,-9.0,248.0,87.0,-104.0,-5.0
-12.0,-8.0,245.0,100.0,-98.0,2.0
-12.0,-7.0,250.0,111.0,-90.0,10.0
-11.0,-6.0,249.0,117.0,-85.0,18.0
-13.0,-9.0,246.0,121.0,-79.0,27.0
-14.0,-8.0,251.0,125.0,-75.0,32.0
-19.0,-5.0,251.0,129.0,-70.0,40.0
-14.0,-9.0,253.0,135.0,-66.0,53.0
-19.0,-10.0,251.0,144.0,-70.0,58.0
-19.0,-9.0,255.0,156.0,-71.0,71.0
-14.0,-8.0,252.0,169.0,-75.0,83.0
-19.0,-12.0,254.0,185.0,-83.0,98.0
-18.0,-10.0,254.0,200.0,-88.0,106.0
-19.0,-9.0,260.0,216.0,-94.0,114.0
-23.0,-6.0,257.0,229.0,-107.0,121.0
-25.0,-11.0,263.0,241.0,-129.0,127.0
-29.0,-9.0,263.0,253.0,-157.0,128.0
-28.0,-11.0,255.0,266.0,-189.0,123.0
-34.0,-8.0,260.0,283.0,-220.0,112.0
-38.0,-5.0,262.0,301.0,-240.0,119.0
-37.0,-7.0,257.0,319.0,-257.0,126.0
-35.0,-5.0,259.0,328.0,-267.0,126.0
-30.0,-1.0,252.0,334.0,-272.0,121.0
-33.0,5.0,248.0,334.0,-273.0,107.0
-31.0,10.0,245.0,335.0,-261.0,97.0
-32.0,12.0,241.0,331.0,-248.0,94.0
-28.0,13.0,246.0,323.0,-233.0,87.0
-23.0,15.0,248.0,316.0,-219.0,83.0
-19.0,12.0,242.0,309.0,-211.0,67.0
-20.0,16.0,246.0,309.0,-203.0,56.0
-15.0,16.0,241.0,306.0,-202.0,42.0
-12.0,13.0,243.0,304.0,-214.0,27.0
-12.0,9.0,249.0,305.0,-238.0,7.0
-13.0,13.0,253.0,311.0,-263.0,-30.0
-11.0,12.0,252.0,321.0,-309.0,-41.0
-12.0,13.0,252.0,329.0,-348.0,-36.0
-3.0,11.0,250.0,337.0,-381.0,-44.0
-10.0,14.0,256.0,335.0,-447.0,-64.0
-22.0,19.0,257.0,327.0,-483.0,-99.0
-27.0,24.0,258.0,325.0,-509.0,-101.0
-29.0,25.0,256.0,323.0,-521.0,-85.0
-25.0,23.0,254.0,316.0,-539.0,-74.0
-34.0,25.0,254.0,308.0,-557.0,-78.0
-33.0,28.0,252.0,286.0,-573.0,-81.0
-37.0,31.0,250.0,262.0,-590.0,-94.0
-33.0,30.0,246.0,228.0,-609.0,-101.0
-34.0,26.0,250.0,194.0,-636.0,-126.0
-37.0,22.0,254.0,158.0,-663.0,-150.0
-39.0,20.0,254.0,143.0,-691.0,-178.0
-40.0,15.0,253.0,139.0,-726.0,-196.0
-40.0,15.0,257.0,141.0,-775.0,-218.0
-41.0,12.0,263.0,151.0,-825.0,-235.0
-41.0,12.0,260.0,165.0,-889.0,-257.0
-39.0,11.0,254.0,182.0,-952.0,-285.0
-46.0,20.0,260.0,197.0,-1015.0,-295.0
-44.0,19.0,257.0,220.0,-1068.0,-303.0
-40.0,20.0,255.0,240.0,-1108.0,-305.0
-33.0,21.0,248.0,252.0,-1152.0,-307.0
-33.0,25.0,252.0,256.0,-1207.0,-319.0
-27.0,25.0,249.0,258.0,-1276.0,-330.0
-33.0,31.0,249.0,267.0,-1359.0,-349.0
-38.0,37.0,254.0,295.0,-1422.0,-353.0
-37.0,34.0,249.0,319.0,-1472.0,-354.0
-36.0,38.0,251.0,327.0,-1516.0,-349.0
-38.0,34.0,245.0,312.0,-1582.0,-351.0
-31.0,34.0,243.0,280.0,-1644.0,-350.0
-27.0,36.0,239.0,237.0,-1699.0,-361.0
-19.0,31.0,235.0,192.0,-1748.0,-361.0
-11.0,28.0,234.0,151.0,-1798.0,-363.0
-7.0,28.0,234.0,120.0,-1842.0,-360.0
5.0,22.0,235.0,110.0,-1881.0,-368.0
12.0,22.0,238.0,118.0,-1914.0,-370.0
21.0,20.0,236.0,139.0,-1946.0,-376.0
34.0,25.0,237.0,173.0,-1993.0,-370.0
44.0,25.0,229.0,210.0,-2030.0,-376.0
52.0,29.0,224.0,234.0,-2051.0,-379.0
62.0,31.0,222.0,246.0,-2071.0,-388.0
65.0,35.0,215.0,250.0,-2089.0,-401.0
72.0,40.0,214.0,246.0,-2108.0,-414.0
78.0,46.0,207.0,232.0,-2132.0,-423.0
84.0,53.0,208.0,207.0,-2145.0,-428.0
94.0,52.0,202.0,173.0,-2154.0,-422.0
105.0,52.0,201.0,123.0,-2191.0,-430.0
113.0,54.0,194.0,83.0,-2218.0,-434.0
112.0,51.0,195.0,44.0,-2225.0,-442.0
109.0,54.0,185.0,10.0,-2215.0,-446.0
104.0,50.0,175.0,-18.0,-2207.0,-450.0
106.0,52.0,170.0,-61.0,-2220.0,-434.0
104.0,54.0,167.0,-119.0,-2242.0,-418.0
108.0,51.0,155.0,-181.0,-2262.0,-401.0
110.0,46.0,156.0,-237.0,-2272.0,-376.0
113.0,44.0,149.0,-305.0,-2274.0,-351.0
115.0,43.0,144.0,-356.0,-2268.0,-335.0
117.0,39.0,148.0,-398.0,-2257.0,-319.0
119.0,36.0,150.0,-429.0,-2251.0,-310.0
122.0,35.0,148.0,-451.0,-2244.0,-302.0
130.0,30.0,150.0,-463.0,-2237.0,-297.0
133.0,28.0,154.0,-472.0,-2231.0,-292.0
135.0,27.0,149.0,-475.0,-2230.0,-284.0
140.0,24.0,147.0,-472.0,-2232.0,-278.0
140.0,23.0,145.0,-455.0,-2238.0,-273.0
150.0,23.0,141.0,-434.0,-2238.0,-268.0
150.0,24.0,138.0,-405.0,-2231.0,-272.0
152.0,24.0,129.0,-368.0,-2218.0,-275.0
151.0,25.0,130.0,-330.0,-2198.0,-279.0
149.0,26.0,124.0,-302.0,-2172.0,-278.0
150.0,22.0,125.0,-286.0,-2150.0,-268.0
148.0,28.0,117.0,-278.0,-2125.0,-254.0
152.0,29.0,117.0,-278.0,-2097.0,-234.0
159.0,36.0,115.0,-287.0,-2064.0,-211.0
164.0,41.0,114.0,-301.0,-2029.0,-188.0
167.0,39.0,117.0,-319.0,-1988.0,-162.0
169.0,45.0,115.0,-345.0,-1947.0,-138.0
168.0,43.0,119.0,-381.0,-1904.0,-116.0
177.0,47.0,126.0,-423.0,-1866.0,-95.0
179.0,46.0,132.0,-462.0,-1834.0,-78.0
188.0,42.0,138.0,-490.0,-1803.0,-56.0
187.0,37.0,152.0,-503.0,-1750.0,-37.0
193.0,29.0,159.0,-495.0,-1691.0,-49.0
202.0,29.0,168.0,-469.0,-1635.0,-49.0
204.0,23.0,173.0,-422.0,-1574.0,-32.0
208.0,25.0,185.0,-371.0,-1502.0,-39.0
215.0,21.0,188.0,-310.0,-1441.0,-36.0
214.0,22.0,190.0,-262.0,-1385.0,-28.0
208.0,25.0,191.0,-229.0,-1331.0,-37.0
204.0,24.0,175.0,-208.0,-1297.0,-40.0
200.0,31.0,171.0,-209.0,-1271.0,-34.0
190.0,30.0,169.0,-233.0,-1264.0,-28.0
188.0,34.0,164.0,-268.0,-1277.0,-32.0
180.0,36.0,158.0,-307.0,-1304.0,-28.0
176.0,35.0,150.0,-346.0,-1340.0,-11.0
174.0,31.0,141.0,-380.0,-1378.0,7.0
171.0,37.0,140.0,-395.0,-1409.0,10.0
170.0,33.0,139.0,-398.0,-1442.0,24.0
171.0,28.0,134.0,-385.0,-1478.0,62.0
169.0,29.0,135.0,-366.0,-1504.0,79.0
169.0,28.0,129.0,-331.0,-1513.0,70.0
175.0,25.0,125.0,-312.0,-1528.0,69.0
184.0,20.0,122.0,-285.0,-1542.0,73.0
183.0,22.0,119.0,-248.0,-1551.0,73.0
188.0,18.0,113.0,-209.0,-1554.0,74.0
189.0,24.0,111.0,-173.0,-1561.0,67.0
196.0,26.0,105.0,-138.0,-1578.0,71.0
205.0,27.0,103.0,-112.0,-1594.0,73.0
210.0,26.0,103.0,-80.0,-1612.0,81.0
215.0,26.0,97.0,-51.0,-1622.0,85.0
223.0,28.0,91.0,-23.0,-1631.0,92.0
233.0,27.0,79.0,4.0,-1636.0,95.0
242.0,27.0,74.0,23.0,-1634.0,102.0
245.0,27.0,72.0,39.0,-1635.0,94.0
249.0,27.0,62.0,51.0,-1635.0,91.0
248.0,29.0,53.0,57.0,-1636.0,85.0
246.0,31.0,44.0,60.0,-1635.0,86.0
256.0,34.0,38.0,71.0,-1632.0,93.0
257.0,28.0,33.0,66.0,-1652.0,146.0
251.0,27.0,29.0,66.0,-1662.0,127.0
253.0,27.0,26.0,84.0,-1691.0,122.0
257.0,29.0,15.0,106.0,-1730.0,132.0
263.0,28.0,9.0,123.0,-1763.0,144.0
263.0,31.0,8.0,126.0,-1781.0,151.0
267.0,29.0,2.0,122.0,-1786.0,163.0
270.0,30.0,-6.0,110.0,-1779.0,163.0
271.0,25.0,-6.0,90.0,-1758.0,166.0
270.0,25.0,-5.0,78.0,-1733.0,161.0
270.0,18.0,-7.0,75.0,-1701.0,155.0
270.0,14.0,-7.0,85.0,-1656.0,152.0
267.0,11.0,-2.0,108.0,-1601.0,158.0
271.0,8.0,-8.0,137.0,-1536.0,162.0
279.0,5.0,-8.0,165.0,-1473.0,177.0
278.0,-2.0,-15.0,184.0,-1412.0,204.0
279.0,-2.0,-16.0,193.0,-1333.0,184.0
279.0,-5.0,-16.0,206.0,-1269.0,166.0
283.0,-3.0,-15.0,216.0,-1227.0,156.0
284.0,-6.0,-23.0,226.0,-1185.0,134.0
286.0,-9.0,-24.0,236.0,-1142.0,118.0
279.0,-7.0,-24.0,249.0,-1095.0,100.0
280.0,-8.0,-29.0,259.0,-1060.0,100.0
277.0,-10.0,-24.0,275.0,-1024.0,96.0
276.0,-11.0,-20.0,296.0,-991.0,68.0
273.0,-9.0,-23.0,327.0,-988.0,43.0
265.0,-10.0,-20.0,375.0,-1000.0,43.0
259.0,-14.0,-19.0,424.0,-1021.0,59.0
250.0,-14.0,-14.0,477.0,-1037.0,78.0
244.0,-5.0,-15.0,521.0,-1057.0,76.0
246.0,-11.0,-16.0,555.0,-1098.0,89.0
242.0,-10.0,-17.0,579.0,-1147.0,96.0
241.0,-6.0,-19.0,592.0,-1187.0,103.0
237.0,-7.0,-12.0,602.0,-1220.0,112.0
240.0,-13.0,-13.0,620.0,-1243.0,123.0
229.0,-13.0,-15.0,631.0,-1255.0,113.0
242.0,-18.0,-14.0,640.0,-1262.0,126.0
241.0,-21.0,-13.0,652.0,-1269.0,125.0
245.0,-29.0,-8.0,680.0,-1278.0,112.0
234.0,-27.0,-1.0,723.0,-1289.0,84.0
228.0,-24.0,6.0,787.0,-1312.0,80.0
219.0,-27.0,3.0,868.0,-1352.0,99.0
215.0,-21.0,10.0,929.0,-1394.0,81.0
234.0,-18.0,6.0,1010.0,-1472.0,81.0
242.0,-15.0,-1.0,1075.0,-1535.0,97.0
252.0,-18.0,3.0,1145.0,-1550.0,117.0
255.0,-10.0,-20.0,1228.0,-1534.0,135.0
262.0,-5.0,-28.0,1270.0,-1510.0,150.0
268.0,-8.0,-34.0,1288.0,-1466.0,165.0
259.0,5.0,-29.0,1308.0,-1414.0,102.0
247.0,19.0,-30.0,1354.0,-1393.0,67.0
242.0,24.0,-31.0,1431.0,-1387.0,77.0
250.0,26.0,-37.0,1542.0,-1381.0,109.0
251.0,33.0,-55.0,1637.0,-1383.0,126.0
263.0,36.0,-62.0,1706.0,-1369.0,136.0
275.0,42.0,-77.0,1746.0,-1342.0,149.0
279.0,35.0,-83.0,1768.0,-1315.0,195.0
290.0,33.0,-91.0,1751.0,-1280.0,188.0
287.0,39.0,-96.0,1708.0,-1270.0,122.0
281.0,37.0,-101.0,1656.0,-1269.0,81.0
277.0,35.0,-118.0,1584.0,-1251.0,74.0
282.0,25.0,-123.0,1478.0,-1216.0,78.0
287.0,27.0,-128.0,1365.0,-1200.0,90.0
291.0,11.0,-144.0,1233.0,-1186.0,122.0
286.0,20.0,-130.0,1090.0,-1129.0,98.0
282.0,19.0,-132.0,964.0,-1076.0,79.0
290.0,11.0,-139.0,847.0,-1020.0,92.0
293.0,13.0,-122.0,714.0,-959.0,112.0
293.0,14.0,-131.0,623.0,-900.0,125.0
303.0,13.0,-119.0,544.0,-829.0,145.0
310.0,10.0,-113.0,473.0,-774.0,155.0
319.0,8.0,-117.0,428.0,-716.0,140.0
312.0,9.0,-116.0,391.0,-666.0,112.0
310.0,12.0,-117.0,353.0,-624.0,83.0
307.0,14.0,-114.0,317.0,-593.0,56.0
306.0,17.0,-117.0,275.0,-568.0,37.0
296.0,24.0,-117.0,234.0,-554.0,21.0
289.0,27.0,-116.0,192.0,-542.0,2.0
281.0,30.0,-121.0,146.0,-524.0,-12.0
279.0,31.0,-122.0,82.0,-508.0,-21.0
275.0,30.0,-130.0,24.0,-494.0,-26.0
266.0,32.0,-131.0,-41.0,-471.0,-33.0
264.0,31.0,-133.0,-110.0,-443.0,-44.0
260.0,28.0,-132.0,-180.0,-408.0,-51.0
251.0,28.0,-127.0,-248.0,-374.0,-61.0
248.0,24.0,-134.0,-321.0,-340.0,-65.0
250.0,22.0,-129.0,-394.0,-312.0,-72.0
249.0,19.0,-122.0,-461.0,-275.0,-79.0
245.0,18.0,-112.0,-525.0,-248.0,-93.0
246.0,14.0,-110.0,-565.0,-226.0,-101.0
244.0,14.0,-107.0,-596.0,-202.0,-103.0
245.0,12.0,-105.0,-619.0,-180.0,-98.0
244.0,6.0,-100.0,-639.0,-159.0,-98.0
242.0,3.0,-94.0,-655.0,-145.0,-96.0
239.0,4.0,-93.0,-659.0,-137.0,-100.0
242.0,1.0,-90.0,-650.0,-133.0,-103.0
239.0,0.0,-86.0,-622.0,-129.0,-116.0
240.0,-1.0,-93.0,-588.0,-128.0,-128.0
243.0,-4.0,-88.0,-555.0,-122.0,-141.0
243.0,0.0,-95.0,-527.0,-110.0,-147.0
244.0,-1.0,-96.0,-506.0,-96.0,-160.0
247.0,-1.0,-95.0,-489.0,-85.0,-168.0
246.0,0.0,-95.0,-473.0,-74.0,-185.0
245.0,2.0,-91.0,-458.0,-63.0,-195.0
240.0,9.0,-94.0,-439.0,-47.0,-203.0
245.0,6.0,-92.0,-414.0,-25.0,-202.0
249.0,8.0,-96.0,-397.0,-8.0,-209.0
246.0,10.0,-99.0,-390.0,10.0,-216.0
248.0,11.0,-96.0,-387.0,21.0,-220.0
252.0,14.0,-95.0,-381.0,34.0,-217.0
250.0,14.0,-97.0,-376.0,43.0,-221.0
257.0,14.0,-95.0,-369.0,44.0,-216.0
263.0,17.0,-97.0,-358.0,40.0,-210.0
261.0,19.0,-97.0,-343.0,33.0,-201.0
263.0,27.0,-95.0,-324.0,22.0,-201.0
268.0,24.0,-90.0,-301.0,6.0,-193.0
270.0,28.0,-96.0,-274.0,-7.0,-195.0
267.0,31.0,-100.0,-247.0,-20.0,-190.0
267.0,34.0,-99.0,-219.0,-35.0,-185.0
264.0,35.0,-96.0,-188.0,-50.0,-174.0
263.0,36.0,-102.0,-155.0,-65.0,-164.0
261.0,36.0,-105.0,-120.0,-77.0,-148.0
259.0,40.0,-108.0,-88.0,-85.0,-133.0
258.0,42.0,-102.0,-58.0,-89.0,-114.0
258.0,39.0,-110.0,-36.0,-85.0,-98.0
251.0,44.0,-107.0,-21.0,-79.0,-79.0
249.0,47.0,-106.0,-11.0,-71.0,-65.0
249.0,40.0,-106.0,-10.0,-64.0,-46.0
244.0,43.0,-109.0,-14.0,-57.0,-34.0
245.0,40.0,-107.0,-24.0,-47.0,-20.0
244.0,42.0,-109.0,-39.0,-41.0,-15.0
241.0,39.0,-108.0,-53.0,-31.0,-6.0
243.0,41.0,-104.0,-74.0,-19.0,-6.0
241.0,40.0,-108.0,-94.0,-11.0,-4.0
238.0,35.0,-107.0,-113.0,-2.0,-10.0
242.0,35.0,-108.0,-132.0,6.0,-12.0
243.0,31.0,-108.0,-149.0,14.0,-20.0
238.0,38.0,-110.0,-163.0,20.0,-25.0
251.0,36.0,-105.0,-178.0,25.0,-34.0
236.0,23.0,-107.0,-191.0,31.0,-41.0
229.0,32.0,-98.0,-203.0,36.0,-53.0
240.0,33.0,-106.0,-217.0,45.0,-59.0
245.0,29.0,-113.0,-227.0,53.0,-69.0
242.0,37.0,-103.0,-236.0,64.0,-73.0
238.0,26.0,-98.0,-243.0,78.0,-80.0
246.0,43.0,-101.0,-248.0,96.0,-82.0
245.0,32.0,-103.0,-254.0,115.0,-85.0
246.0,29.0,-101.0,-262.0,136.0,-86.0
247.0,28.0,-102.0,-271.0,156.0,-89.0
247.0,32.0,-102.0,-279.0,179.0,-86.0
249.0,33.0,-102.0,-289.0,195.0,-87.0
251.0,33.0,-106.0,-295.0,203.0,-83.0
252.0,33.0,-103.0,-299.0,208.0,-82.0
255.0,31.0,-101.0,-302.0,210.0,-76.0
253.0,35.0,-106.0,-301.0,213.0,-70.0
252.0,36.0,-105.0,-298.0,213.0,-61.0
251.0,35.0,-104.0,-290.0,212.0,-55.0
255.0,32.0,-106.0,-278.0,210.0,-48.0
256.0,30.0,-101.0,-264.0,207.0,-41.0
254.0,31.0,-105.0,-247.0,206.0,-33.0
254.0,32.0,-103.0,-233.0,205.0,-28.0
251.0,33.0,-105.0,-218.0,208.0,-21.0
251.0,33.0,-102.0,-204.0,212.0,-15.0
252.0,33.0,-96.0,-193.0,218.0,-8.0
250.0,34.0,-95.0,-180.0,224.0,-2.0
249.0,32.0,-91.0,-170.0,229.0,5.0
248.0,33.0,-91.0,-159.0,233.0,10.0
251.0,31.0,-91.0,-146.0,237.0,18.0
247.0,32.0,-89.0,-135.0,238.0,19.0
248.0,32.0,-92.0,-128.0,239.0,23.0
249.0,29.0,-86.0,-119.0,234.0,22.0
245.0,31.0,-90.0,-112.0,232.0,22.0
244.0,32.0,-89.0,-106.0,230.0,21.0
245.0,30.0,-90.0,-103.0,228.0,21.0
249.0,34.0,-91.0,-101.0,228.0,17.0
244.0,36.0,-88.0,-102.0,226.0,17.0
243.0,35.0,-88.0,-105.0,227.0,13.0
244.0,39.0,-90.0,-110.0,229.0,14.0
244.0,33.0,-87.0,-120.0,233.0,12.0
244.0,36.0,-87.0,-128.0,238.0,14.0
248.0,35.0,-85.0,-137.0,242.0,13.0
249.0,33.0,-86.0,-147.0,244.0,13.0
249.0,38.0,-82.0,-155.0,244.0,13.0
247.0,33.0,-82.0,-161.0,242.0,10.0
250.0,31.0,-81.0,-166.0,234.0,5.0
247.0,33.0,-83.0,-167.0,222.0,3.0
248.0,30.0,-85.0,-166.0,213.0,-3.0
248.0,32.0,-84.0,-163.0,202.0,-9.0
245.0,32.0,-82.0,-162.0,190.0,-13.0
250.0,32.0,-86.0,-164.0,182.0,-18.0
248.0,31.0,-85.0,-167.0,176.0,-20.0
250.0,34.0,-80.0,-169.0,173.0,-23.0
248.0,31.0,-80.0,-174.0,176.0,-23.0
248.0,33.0,-79.0,-177.0,178.0,-19.0
250.0,31.0,-80.0,-180.0,179.0,-17.0
248.0,30.0,-83.0,-180.0,181.0,-14.0
248.0,31.0,-83.0,-179.0,181.0,-11.0
248.0,32.0,-83.0,-178.0,177.0,-10.0
252.0,29.0,-84.0,-177.0,172.0,-7.0
251.0,29.0,-78.0,-173.0,166.0,-7.0
252.0,28.0,-80.0,-170.0,162.0,-4.0
252.0,29.0,-80.0,-161.0,156.0,-6.0
251.0,28.0,-82.0,-153.0,152.0,-3.0
249.0,30.0,-86.0,-145.0,147.0,1.0
249.0,32.0,-88.0,-140.0,143.0,0.0
251.0,31.0,-84.0,-135.0,141.0,1.0
249.0,29.0,-85.0,-133.0,140.0,4.0
251.0,32.0,-87.0,-135.0,142.0,4.0
253.0,32.0,-85.0,-139.0,145.0,7.0
250.0,33.0,-87.0,-139.0,154.0,8.0
253.0,31.0,-83.0,-140.0,162.0,11.0
252.0,30.0,-82.0,-139.0,171.0,11.0
251.0,29.0,-78.0,-133.0,174.0,10.0
253.0,28.0,-80.0,-126.0,175.0,9.0
252.0,26.0,-76.0,-119.0,176.0,8.0
252.0,30.0,-80.0,-110.0,175.0,3.0
249.0,29.0,-76.0,-103.0,175.0,3.0
251.0,30.0,-75.0,-95.0,179.0,-2.0
250.0,27.0,-73.0,-88.0,182.0,-1.0
249.0,32.0,-75.0,-81.0,184.0,-4.0
249.0,31.0,-74.0,-74.0,190.0,-2.0
248.0,30.0,-73.0,-68.0,193.0,-3.0
250.0,32.0,-71.0,-66.0,195.0,0.0
253.0,32.0,-67.0,-66.0,197.0,-1.0
253.0,31.0,-74.0,-63.0,192.0,4.0
255.0,32.0,-66.0,-65.0,187.0,2.0
253.0,33.0,-72.0,-66.0,179.0,5.0
252.0,34.0,-73.0,-68.0,173.0,5.0
255.0,32.0,-72.0,-67.0,165.0,8.0
251.0,32.0,-73.0,-66.0,153.0,5.0
253.0,32.0,-76.0,-65.0,141.0,8.0
251.0,28.0,-75.0,-63.0,130.0,9.0
251.0,31.0,-75.0,-59.0,121.0,10.0
250.0,31.0,-77.0,-55.0,113.0,7.0
253.0,31.0,-76.0,-51.0,105.0,9.0
252.0,34.0,-72.0,-48.0,98.0,7.0
250.0,33.0,-74.0,-47.0,94.0,8.0
249.0,32.0,-77.0,-49.0,92.0,8.0
