-23.0,-32.0,-252.0,28.0,27.0,-4.0
-21.0,-31.0,-257.0,29.0,22.0,-1.0
-26.0,-36.0,-257.0,26.0,15.0,2.0
-22.0,-31.0,-257.0,25.0,9.0,5.0
-21.0,-33.0,-256.0,26.0,4.0,9.0
-20.0,-34.0,-254.0,26.0,1.0,10.0
-22.0,-31.0,-255.0,27.0,-1.0,11.0
-22.0,-30.0,-254.0,28.0,0.0,13.0
-24.0,-29.0,-255.0,27.0,1.0,14.0
-22.0,-32.0,-251.0,23.0,1.0,16.0
-24.0,-31.0,-256.0,23.0,3.0,17.0
-22.0,-31.0,-254.0,20.0,7.0,19.0
-26.0,-33.0,-252.0,18.0,9.0,18.0
-25.0,-29.0,-258.0,15.0,12.0,18.0
-25.0,-29.0,-250.0,13.0,16.0,17.0
-23.0,-35.0,-249.0,12.0,20.0,16.0
-23.0,-31.0,-254.0,13.0,23.0,15.0
-24.0,-31.0,-254.0,14.0,25.0,14.0
-25.0,-32.0,-254.0,16.0,28.0,15.0
-23.0,-31.0,-256.0,18.0,27.0,15.0
-23.0,-32.0,-256.0,22.0,27.0,13.0
-22.0,-30.0,-255.0,25.0,26.0,13.0
-19.0,-31.0,-256.0,28.0,22.0,14.0
-17.0,-29.0,-253.0,28.0,19.0,17.0
-28.0,-32.0,-251.0,27.0,16.0,15.0
-21.0,-30.0,-256.0,29.0,16.0,13.0
-20.0,-30.0,-257.0,29.0,16.0,13.0
-24.0,-25.0,-256.0,31.0,17.0,12.0
-23.0,-29.0,-251.0,32.0,19.0,12.0
-23.0,-29.0,-256.0,34.0,22.0,9.0
-20.0,-30.0,-258.0,34.0,23.0,9.0
-19.0,-29.0,-258.0,35.0,25.0,10.0
-26.0,-25.0,-257.0,33.0,28.0,10.0
-20.0,-29.0,-259.0,30.0,29.0,10.0
-27.0,-28.0,-256.0,27.0,31.0,10.0
-20.0,-29.0,-252.0,26.0,31.0,9.0
-26.0,-27.0,-256.0,23.0,30.0,10.0
-22.0,-28.0,-253.0,23.0,29.0,10.0
-23.0,-29.0,-256.0,22.0,30.0,8.0
-20.0,-25.0,-252.0,21.0,28.0,8.0
-21.0,-28.0,-252.0,21.0,25.0,7.0
-24.0,-27.0,-256.0,20.0,23.0,8.0
-20.0,-29.0,-247.0,20.0,19.0,7.0
-24.0,-27.0,-256.0,17.0,17.0,5.0
-22.0,-32.0,-249.0,16.0,15.0,4.0
-20.0,-24.0,-256.0,15.0,13.0,4.0
-21.0,-28.0,-253.0,15.0,12.0,2.0
-22.0,-33.0,-252.0,17.0,8.0,-1.0
-24.0,-29.0,-256.0,16.0,6.0,-4.0
-22.0,-32.0,-254.0,15.0,5.0,-4.0
-21.0,-28.0,-251.0,15.0,4.0,-4.0
-23.0,-27.0,-251.0,14.0,1.0,-4.0
-22.0,-27.0,-253.0,11.0,2.0,-6.0
-24.0,-25.0,-253.0,8.0,4.0,-6.0
-23.0,-26.0,-257.0,7.0,4.0,-6.0
-20.0,-25.0,-253.0,6.0,4.0,-6.0
-26.0,-30.0,-250.0,5.0,6.0,-5.0
-19.0,-25.0,-252.0,4.0,7.0,-5.0
-22.0,-26.0,-255.0,4.0,7.0,-3.0
-24.0,-25.0,-252.0,2.0,7.0,-2.0
-24.0,-25.0,-255.0,2.0,8.0,-5.0
-24.0,-28.0,-251.0,1.0,11.0,-6.0
-23.0,-28.0,-250.0,1.0,10.0,-6.0
-26.0,-26.0,-251.0,-1.0,12.0,-8.0
-25.0,-25.0,-254.0,-3.0,14.0,-9.0
-23.0,-29.0,-253.0,-2.0,15.0,-9.0
-24.0,-27.0,-255.0,-4.0,16.0,-11.0
-21.0,-28.0,-251.0,-3.0,14.0,-11.0
-22.0,-26.0,-258.0,-1.0,13.0,-10.0
-23.0,-25.0,-258.0,-1.0,13.0,-8.0
-20.0,-24.0,-258.0,1.0,12.0,-8.0
-22.0,-27.0,-257.0,0.0,11.0,-8.0
-23.0,-24.0,-254.0,-2.0,13.0,-7.0
-22.0,-25.0,-258.0,-6.0,16.0,-8.0
-23.0,-24.0,-254.0,-9.0,20.0,-5.0
-19.0,-24.0,-249.0,-13.0,21.0,-4.0
-25.0,-25.0,-250.0,-17.0,23.0,-4.0
-24.0,-19.0,-250.0,-21.0,23.0,-1.0
-24.0,-28.0,-248.0,-24.0,25.0,-2.0
-26.0,-29.0,-254.0,-27.0,28.0,-4.0
-26.0,-26.0,-248.0,-27.0,28.0,-5.0
-24.0,-29.0,-251.0,-26.0,26.0,-7.0
-21.0,-25.0,-252.0,-26.0,25.0,-9.0
-26.0,-25.0,-250.0,-24.0,24.0,-10.0
-23.0,-26.0,-250.0,-21.0,23.0,-12.0
-25.0,-23.0,-252.0,-21.0,22.0,-14.0
-24.0,-25.0,-253.0,-20.0,21.0,-12.0
-26.0,-27.0,-253.0,-20.0,18.0,-14.0
-26.0,-28.0,-256.0,-19.0,16.0,-11.0
-26.0,-22.0,-255.0,-17.0,13.0,-10.0
-22.0,-25.0,-254.0,-15.0,10.0,-8.0
-23.0,-24.0,-254.0,-14.0,6.0,-8.0
-23.0,-25.0,-256.0,-10.0,3.0,-8.0
-21.0,-23.0,-252.0,-7.0,-2.0,-6.0
-24.0,-23.0,-256.0,-5.0,-5.0,-5.0
-22.0,-21.0,-256.0,-2.0,-7.0,-4.0
-20.0,-29.0,-252.0,-1.0,-7.0,-2.0
-19.0,-21.0,-260.0,0.0,-7.0,-1.0
-22.0,-26.0,-253.0,1.0,-7.0,0.0
-25.0,-24.0,-252.0,0.0,-7.0,-1.0
-22.0,-25.0,-258.0,-1.0,-5.0,-2.0
-25.0,-18.0,-257.0,-3.0,-5.0,-1.0
-23.0,-23.0,-256.0,-4.0,-3.0,0.0
-23.0,-24.0,-256.0,-4.0,-3.0,1.0
-23.0,-21.0,-259.0,-6.0,-3.0,2.0
-25.0,-21.0,-256.0,-5.0,-4.0,2.0
-24.0,-19.0,-256.0,-4.0,-4.0,3.0
-26.0,-17.0,-257.0,-2.0,-5.0,3.0
-24.0,-20.0,-253.0,-1.0,-5.0,6.0
-24.0,-21.0,-258.0,-2.0,-6.0,8.0
-25.0,-19.0,-258.0,-3.0,-8.0,10.0
-24.0,-16.0,-257.0,-6.0,-11.0,12.0
-21.0,-17.0,-257.0,-12.0,-14.0,15.0
-25.0,-20.0,-252.0,-18.0,-17.0,17.0
-22.0,-16.0,-254.0,-24.0,-18.0,20.0
-22.0,-22.0,-258.0,-29.0,-18.0,19.0
-23.0,-19.0,-255.0,-30.0,-19.0,24.0
-21.0,-20.0,-257.0,-29.0,-20.0,25.0
-19.0,-17.0,-258.0,-27.0,-23.0,27.0
-23.0,-17.0,-260.0,-29.0,-24.0,28.0
-20.0,-22.0,-258.0,-35.0,-24.0,29.0
-22.0,-19.0,-256.0,-44.0,-19.0,28.0
-25.0,-22.0,-252.0,-54.0,-14.0,24.0
-24.0,-23.0,-257.0,-60.0,-5.0,22.0
-23.0,-23.0,-254.0,-61.0,3.0,19.0
-27.0,-26.0,-253.0,-59.0,11.0,15.0
-26.0,-30.0,-252.0,-53.0,15.0,14.0
-27.0,-23.0,-256.0,-45.0,19.0,13.0
-25.0,-22.0,-257.0,-35.0,21.0,14.0
-23.0,-22.0,-256.0,-26.0,21.0,14.0
-24.0,-21.0,-257.0,-18.0,20.0,13.0
-23.0,-20.0,-255.0,-16.0,18.0,15.0
-21.0,-21.0,-255.0,-14.0,16.0,19.0
-26.0,-18.0,-255.0,-15.0,13.0,18.0
-24.0,-21.0,-253.0,-16.0,10.0,19.0
-23.0,-18.0,-255.0,-16.0,6.0,18.0
-24.0,-23.0,-255.0,-15.0,2.0,17.0
-19.0,-21.0,-254.0,-13.0,-2.0,14.0
-20.0,-19.0,-255.0,-10.0,-7.0,9.0
-22.0,-20.0,-256.0,-7.0,-11.0,9.0
-21.0,-20.0,-257.0,-2.0,-14.0,9.0
-25.0,-22.0,-260.0,3.0,-18.0,9.0
-25.0,-18.0,-258.0,7.0,-19.0,8.0
-25.0,-21.0,-257.0,10.0,-21.0,6.0
-29.0,-19.0,-256.0,13.0,-20.0,4.0
-25.0,-24.0,-257.0,13.0,-18.0,3.0
-25.0,-23.0,-256.0,15.0,-14.0,2.0
-22.0,-21.0,-257.0,16.0,-10.0,1.0
-24.0,-20.0,-257.0,15.0,-7.0,1.0
-21.0,-23.0,-261.0,18.0,-5.0,2.0
-18.0,-23.0,-258.0,19.0,-5.0,4.0
-18.0,-21.0,-261.0,23.0,-7.0,5.0
-20.0,-17.0,-256.0,24.0,-8.0,6.0
-21.0,-22.0,-257.0,24.0,-10.0,5.0
-23.0,-20.0,-258.0,25.0,-12.0,5.0
-24.0,-20.0,-257.0,25.0,-14.0,4.0
-24.0,-17.0,-258.0,24.0,-16.0,5.0
-25.0,-18.0,-258.0,22.0,-16.0,3.0
-27.0,-13.0,-256.0,19.0,-16.0,4.0
-29.0,-15.0,-257.0,14.0,-16.0,3.0
-29.0,-18.0,-260.0,10.0,-16.0,2.0
-29.0,-14.0,-260.0,9.0,-16.0,0.0
-31.0,-15.0,-261.0,7.0,-17.0,-1.0
-30.0,-15.0,-260.0,7.0,-18.0,-3.0
-31.0,-12.0,-261.0,9.0,-20.0,-4.0
-26.0,-13.0,-260.0,11.0,-20.0,-5.0
-28.0,-13.0,-263.0,14.0,-20.0,-6.0
-27.0,-13.0,-264.0,15.0,-21.0,-6.0
-26.0,-13.0,-260.0,18.0,-24.0,-6.0
-27.0,-15.0,-261.0,19.0,-26.0,-4.0
-28.0,-14.0,-260.0,19.0,-27.0,0.0
-23.0,-18.0,-259.0,22.0,-30.0,5.0
-28.0,-17.0,-260.0,23.0,-33.0,8.0
-22.0,-16.0,-255.0,23.0,-36.0,10.0
-26.0,-15.0,-255.0,21.0,-38.0,12.0
-31.0,-15.0,-256.0,18.0,-40.0,12.0
-29.0,-17.0,-253.0,15.0,-39.0,12.0
-26.0,-19.0,-257.0,8.0,-37.0,10.0
-29.0,-18.0,-253.0,1.0,-35.0,12.0
-25.0,-21.0,-259.0,-3.0,-35.0,8.0
-25.0,-21.0,-258.0,-8.0,-34.0,8.0
-29.0,-18.0,-259.0,-12.0,-34.0,8.0
-21.0,-18.0,-257.0,-16.0,-34.0,8.0
-23.0,-21.0,-259.0,-18.0,-37.0,7.0
-25.0,-18.0,-261.0,-19.0,-40.0,7.0
-29.0,-19.0,-262.0,-21.0,-43.0,5.0
-27.0,-21.0,-262.0,-21.0,-47.0,6.0
-32.0,-18.0,-262.0,-21.0,-50.0,5.0
-29.0,-21.0,-260.0,-18.0,-56.0,6.0
-27.0,-20.0,-259.0,-15.0,-60.0,7.0
-33.0,-16.0,-260.0,-9.0,-64.0,6.0
-29.0,-17.0,-263.0,-5.0,-65.0,7.0
-26.0,-21.0,-259.0,-2.0,-66.0,8.0
-28.0,-20.0,-256.0,-2.0,-70.0,11.0
-23.0,-18.0,-263.0,-6.0,-72.0,12.0
-21.0,-22.0,-265.0,-16.0,-78.0,18.0
-20.0,-20.0,-264.0,-30.0,-84.0,25.0
-18.0,-20.0,-272.0,-48.0,-93.0,33.0
-17.0,-23.0,-270.0,-69.0,-102.0,41.0
-15.0,-19.0,-277.0,-94.0,-109.0,52.0
-18.0,-23.0,-279.0,-122.0,-113.0,60.0
-20.0,-24.0,-280.0,-147.0,-117.0,67.0
-25.0,-26.0,-282.0,-173.0,-116.0,71.0
-33.0,-18.0,-288.0,-196.0,-108.0,73.0
-30.0,-26.0,-289.0,-216.0,-96.0,71.0
-40.0,-27.0,-294.0,-231.0,-84.0,70.0
-40.0,-23.0,-298.0,-240.0,-71.0,70.0
-46.0,-26.0,-305.0,-242.0,-63.0,68.0
-44.0,-26.0,-309.0,-234.0,-58.0,67.0
-41.0,-48.0,-327.0,-251.0,-72.0,21.0
-40.0,-12.0,-318.0,-307.0,-102.0,-24.0
-32.0,-19.0,-329.0,-282.0,-132.0,15.0
-43.0,-19.0,-331.0,-201.0,-155.0,39.0
-41.0,-31.0,-340.0,-133.0,-175.0,36.0
-42.0,-26.0,-336.0,-86.0,-190.0,22.0
-42.0,-26.0,-338.0,-53.0,-199.0,12.0
-44.0,-26.0,-330.0,-21.0,-199.0,6.0
-44.0,-26.0,-337.0,5.0,-190.0,-2.0
-51.0,-27.0,-332.0,-2.0,-173.0,-37.0
-43.0,1.0,-331.0,-35.0,-149.0,-59.0
-45.0,-6.0,-333.0,-16.0,-119.0,-29.0
-45.0,-4.0,-333.0,22.0,-93.0,-13.0
-42.0,-6.0,-331.0,44.0,-75.0,-7.0
-43.0,0.0,-335.0,50.0,-64.0,-3.0
-43.0,0.0,-325.0,50.0,-63.0,0.0
-42.0,5.0,-324.0,50.0,-70.0,3.0
-51.0,3.0,-326.0,50.0,-80.0,4.0
-47.0,1.0,-321.0,49.0,-89.0,-4.0
-48.0,0.0,-324.0,49.0,-100.0,-15.0
-46.0,-3.0,-322.0,48.0,-114.0,-26.0
-52.0,-9.0,-327.0,36.0,-129.0,-37.0
-51.0,-5.0,-321.0,6.0,-141.0,-58.0
-45.0,0.0,-319.0,-10.0,-148.0,-68.0
-51.0,-6.0,-318.0,22.0,-157.0,-68.0
-50.0,-15.0,-318.0,58.0,-162.0,-74.0
-52.0,-11.0,-326.0,82.0,-164.0,-79.0
-53.0,-16.0,-325.0,101.0,-167.0,-84.0
-50.0,-8.0,-328.0,120.0,-172.0,-83.0
-51.0,-7.0,-329.0,137.0,-180.0,-91.0
-51.0,-8.0,-328.0,150.0,-183.0,-97.0
-53.0,-8.0,-327.0,164.0,-182.0,-105.0
-55.0,-6.0,-329.0,177.0,-179.0,-110.0
-57.0,-8.0,-327.0,190.0,-175.0,-113.0
-57.0,-8.0,-326.0,210.0,-169.0,-116.0
-53.0,-9.0,-327.0,233.0,-162.0,-120.0
-53.0,-13.0,-324.0,259.0,-155.0,-119.0
-49.0,-13.0,-321.0,292.0,-149.0,-119.0
-47.0,-17.0,-318.0,335.0,-141.0,-130.0
-52.0,-16.0,-315.0,383.0,-133.0,-146.0
-49.0,-17.0,-314.0,434.0,-127.0,-164.0
-47.0,-18.0,-313.0,482.0,-121.0,-181.0
-43.0,-20.0,-311.0,531.0,-111.0,-193.0
-46.0,-20.0,-307.0,582.0,-98.0,-198.0
-46.0,-18.0,-302.0,634.0,-85.0,-205.0
-45.0,-15.0,-296.0,691.0,-71.0,-213.0
-47.0,-21.0,-294.0,750.0,-54.0,-215.0
-48.0,-26.0,-287.0,807.0,-43.0,-225.0
-40.0,-29.0,-280.0,862.0,-32.0,-230.0
-50.0,-26.0,-279.0,921.0,-23.0,-234.0
-44.0,-29.0,-277.0,975.0,-20.0,-241.0
-42.0,-31.0,-274.0,1025.0,-13.0,-244.0
-43.0,-32.0,-269.0,1069.0,-1.0,-246.0
-40.0,-37.0,-266.0,1111.0,14.0,-245.0
-39.0,-38.0,-264.0,1149.0,31.0,-243.0
-37.0,-40.0,-264.0,1173.0,44.0,-241.0
-38.0,-40.0,-259.0,1187.0,54.0,-236.0
-40.0,-46.0,-255.0,1192.0,59.0,-235.0
-36.0,-41.0,-253.0,1185.0,64.0,-235.0
-37.0,-50.0,-252.0,1172.0,70.0,-233.0
-36.0,-51.0,-251.0,1154.0,79.0,-235.0
-41.0,-49.0,-247.0,1137.0,88.0,-236.0
-42.0,-49.0,-248.0,1121.0,98.0,-227.0
-40.0,-51.0,-249.0,1104.0,105.0,-218.0
-41.0,-51.0,-250.0,1083.0,116.0,-207.0
-49.0,-46.0,-246.0,1057.0,120.0,-192.0
-42.0,-51.0,-247.0,1027.0,119.0,-182.0
-43.0,-50.0,-248.0,991.0,116.0,-176.0
-42.0,-54.0,-243.0,952.0,117.0,-165.0
-40.0,-50.0,-243.0,920.0,121.0,-155.0
-42.0,-61.0,-239.0,894.0,126.0,-146.0
-38.0,-63.0,-245.0,880.0,126.0,-152.0
-40.0,-66.0,-236.0,879.0,141.0,-152.0
-38.0,-72.0,-235.0,894.0,156.0,-149.0
-40.0,-76.0,-237.0,924.0,170.0,-146.0
-37.0,-77.0,-238.0,952.0,184.0,-147.0
-37.0,-81.0,-237.0,982.0,195.0,-151.0
-36.0,-79.0,-235.0,1012.0,205.0,-155.0
-30.0,-80.0,-237.0,1040.0,211.0,-164.0
-37.0,-84.0,-236.0,1060.0,218.0,-177.0
-36.0,-83.0,-234.0,1077.0,225.0,-185.0
-29.0,-81.0,-235.0,1091.0,228.0,-186.0
-32.0,-93.0,-231.0,1105.0,226.0,-188.0
-38.0,-93.0,-230.0,1118.0,217.0,-199.0
-36.0,-92.0,-226.0,1135.0,213.0,-204.0
-33.0,-90.0,-227.0,1152.0,215.0,-201.0
-35.0,-82.0,-224.0,1176.0,215.0,-198.0
-34.0,-97.0,-225.0,1209.0,214.0,-188.0
-38.0,-94.0,-222.0,1237.0,207.0,-198.0
-34.0,-99.0,-216.0,1261.0,195.0,-203.0
-34.0,-98.0,-221.0,1277.0,185.0,-204.0
-34.0,-100.0,-221.0,1290.0,181.0,-183.0
-36.0,-101.0,-215.0,1289.0,177.0,-175.0
-36.0,-92.0,-217.0,1280.0,172.0,-175.0
-36.0,-91.0,-215.0,1264.0,171.0,-180.0
-30.0,-94.0,-215.0,1245.0,172.0,-174.0
-21.0,-90.0,-214.0,1229.0,178.0,-158.0
-24.0,-93.0,-216.0,1218.0,185.0,-139.0
-23.0,-96.0,-212.0,1205.0,191.0,-137.0
-16.0,-97.0,-207.0,1189.0,199.0,-135.0
-20.0,-99.0,-210.0,1176.0,205.0,-140.0
-17.0,-97.0,-207.0,1161.0,211.0,-130.0
-15.0,-104.0,-210.0,1147.0,217.0,-106.0
-16.0,-102.0,-208.0,1127.0,219.0,-101.0
-20.0,-108.0,-207.0,1106.0,219.0,-104.0
-20.0,-111.0,-204.0,1083.0,219.0,-102.0
-22.0,-113.0,-203.0,1065.0,217.0,-99.0
-25.0,-111.0,-202.0,1050.0,209.0,-95.0
-23.0,-119.0,-201.0,1045.0,199.0,-68.0
-25.0,-122.0,-200.0,1037.0,190.0,-56.0
-32.0,-124.0,-203.0,1026.0,178.0,-53.0
-30.0,-121.0,-201.0,1016.0,164.0,-53.0
-34.0,-121.0,-202.0,1001.0,152.0,-50.0
-28.0,-125.0,-204.0,988.0,140.0,-53.0
-29.0,-120.0,-209.0,980.0,126.0,-69.0
-29.0,-122.0,-201.0,966.0,114.0,-59.0
-17.0,-126.0,-203.0,965.0,109.0,-45.0
-25.0,-125.0,-199.0,980.0,106.0,-43.0
-24.0,-123.0,-202.0,996.0,104.0,-51.0
-25.0,-122.0,-198.0,1014.0,101.0,-57.0
-26.0,-121.0,-200.0,1026.0,91.0,-57.0
-27.0,-123.0,-198.0,1028.0,82.0,-57.0
-23.0,-120.0,-200.0,1024.0,72.0,-58.0
-23.0,-124.0,-197.0,1016.0,61.0,-61.0
-22.0,-122.0,-197.0,1009.0,51.0,-70.0
-13.0,-125.0,-198.0,1009.0,42.0,-77.0
-21.0,-130.0,-194.0,1020.0,39.0,-58.0
-21.0,-128.0,-193.0,1031.0,38.0,-68.0
-25.0,-126.0,-193.0,1045.0,35.0,-94.0
-18.0,-127.0,-189.0,1052.0,36.0,-97.0
-19.0,-124.0,-192.0,1054.0,41.0,-94.0
-22.0,-119.0,-188.0,1051.0,46.0,-95.0
-22.0,-119.0,-188.0,1045.0,52.0,-94.0
-21.0,-118.0,-194.0,1030.0,58.0,-93.0
-25.0,-109.0,-188.0,1005.0,67.0,-90.0
-14.0,-121.0,-191.0,986.0,74.0,-56.0
-15.0,-123.0,-184.0,962.0,75.0,-47.0
-23.0,-126.0,-183.0,939.0,63.0,-60.0
-20.0,-129.0,-178.0,918.0,49.0,-71.0
-23.0,-132.0,-179.0,905.0,36.0,-78.0
-24.0,-135.0,-172.0,903.0,25.0,-99.0
-19.0,-132.0,-170.0,912.0,12.0,-117.0
-18.0,-132.0,-166.0,923.0,3.0,-114.0
-19.0,-136.0,-164.0,937.0,0.0,-119.0
-24.0,-128.0,-162.0,955.0,0.0,-123.0
-16.0,-135.0,-171.0,991.0,3.0,-103.0
-20.0,-140.0,-168.0,1019.0,13.0,-108.0
-16.0,-142.0,-160.0,1043.0,24.0,-129.0
-16.0,-137.0,-164.0,1059.0,33.0,-145.0
-20.0,-135.0,-167.0,1072.0,41.0,-155.0
-22.0,-131.0,-166.0,1079.0,50.0,-167.0
-25.0,-134.0,-168.0,1093.0,56.0,-203.0
-36.0,-117.0,-163.0,1094.0,62.0,-191.0
-16.0,-141.0,-173.0,1109.0,63.0,-126.0
-29.0,-140.0,-170.0,1104.0,67.0,-119.0
-31.0,-135.0,-173.0,1093.0,70.0,-136.0
-31.0,-136.0,-166.0,1078.0,70.0,-151.0
-26.0,-134.0,-165.0,1067.0,63.0,-161.0
-23.0,-132.0,-168.0,1056.0,53.0,-167.0
-25.0,-130.0,-165.0,1048.0,47.0,-170.0
-29.0,-118.0,-162.0,1045.0,40.0,-185.0
-15.0,-134.0,-168.0,1054.0,39.0,-170.0
-16.0,-129.0,-165.0,1038.0,43.0,-170.0
-16.0,-129.0,-163.0,1010.0,49.0,-171.0
-8.0,-128.0,-158.0,975.0,51.0,-165.0
-7.0,-130.0,-152.0,932.0,50.0,-155.0
-7.0,-128.0,-152.0,872.0,47.0,-143.0
-13.0,-129.0,-154.0,814.0,41.0,-132.0
-14.0,-128.0,-149.0,757.0,38.0,-119.0
-14.0,-126.0,-150.0,730.0,33.0,-113.0
-4.0,-145.0,-140.0,715.0,31.0,-65.0
-7.0,-141.0,-141.0,684.0,27.0,-80.0
-4.0,-143.0,-139.0,650.0,20.0,-95.0
-5.0,-140.0,-144.0,614.0,15.0,-99.0
-4.0,-143.0,-137.0,582.0,15.0,-100.0
-3.0,-144.0,-139.0,554.0,20.0,-100.0
-3.0,-141.0,-139.0,525.0,27.0,-98.0
-5.0,-141.0,-145.0,495.0,37.0,-97.0
-2.0,-142.0,-144.0,465.0,49.0,-93.0
-2.0,-143.0,-148.0,437.0,62.0,-89.0
-3.0,-147.0,-145.0,420.0,74.0,-82.0
-4.0,-145.0,-147.0,407.0,87.0,-78.0
-4.0,-150.0,-146.0,400.0,97.0,-75.0
-6.0,-153.0,-142.0,396.0,107.0,-72.0
-11.0,-155.0,-146.0,396.0,111.0,-70.0
-9.0,-160.0,-146.0,400.0,106.0,-63.0
-16.0,-158.0,-146.0,408.0,94.0,-59.0
-19.0,-157.0,-146.0,420.0,80.0,-47.0
-14.0,-150.0,-148.0,441.0,66.0,-8.0
-16.0,-170.0,-149.0,461.0,58.0,29.0
-25.0,-167.0,-149.0,458.0,50.0,5.0
-20.0,-171.0,-154.0,444.0,40.0,-17.0
-18.0,-163.0,-150.0,423.0,30.0,-24.0
-29.0,-165.0,-154.0,414.0,27.0,-56.0
-16.0,-168.0,-152.0,404.0,27.0,-55.0
-18.0,-169.0,-153.0,392.0,29.0,-31.0
-15.0,-165.0,-150.0,380.0,35.0,-20.0
-16.0,-166.0,-153.0,368.0,41.0,-13.0
-15.0,-170.0,-150.0,357.0,40.0,-7.0
-10.0,-172.0,-148.0,344.0,38.0,-3.0
-13.0,-176.0,-151.0,336.0,35.0,-3.0
-8.0,-178.0,-145.0,332.0,32.0,-2.0
-12.0,-179.0,-150.0,332.0,30.0,-2.0
-10.0,-182.0,-152.0,339.0,32.0,2.0
-11.0,-180.0,-151.0,345.0,37.0,5.0
-8.0,-183.0,-155.0,349.0,47.0,12.0
-6.0,-185.0,-155.0,346.0,60.0,15.0
-5.0,-187.0,-158.0,343.0,71.0,14.0
-6.0,-186.0,-155.0,345.0,78.0,12.0
-5.0,-191.0,-158.0,356.0,82.0,10.0
-9.0,-189.0,-154.0,371.0,83.0,10.0
-6.0,-193.0,-154.0,383.0,86.0,11.0
-12.0,-197.0,-148.0,395.0,89.0,11.0
-9.0,-192.0,-156.0,401.0,93.0,14.0
-10.0,-193.0,-154.0,405.0,101.0,18.0
-10.0,-194.0,-154.0,409.0,107.0,24.0
-10.0,-197.0,-152.0,412.0,110.0,32.0
-10.0,-197.0,-153.0,415.0,112.0,37.0
-13.0,-196.0,-151.0,420.0,113.0,41.0
-14.0,-198.0,-155.0,427.0,116.0,44.0
-12.0,-196.0,-152.0,436.0,120.0,43.0
-10.0,-193.0,-154.0,442.0,124.0,48.0
-9.0,-195.0,-154.0,447.0,126.0,53.0
-9.0,-190.0,-157.0,446.0,129.0,55.0
-8.0,-193.0,-154.0,442.0,130.0,58.0
-8.0,-194.0,-157.0,435.0,128.0,59.0
-9.0,-195.0,-148.0,424.0,126.0,56.0
-9.0,-190.0,-144.0,422.0,120.0,58.0
-4.0,-201.0,-146.0,442.0,112.0,89.0
-10.0,-199.0,-141.0,450.0,101.0,73.0
-12.0,-199.0,-136.0,455.0,89.0,62.0
-16.0,-197.0,-137.0,459.0,81.0,59.0
-15.0,-193.0,-142.0,458.0,76.0,60.0
-20.0,-192.0,-141.0,454.0,73.0,59.0
-19.0,-195.0,-138.0,449.0,73.0,61.0
-22.0,-191.0,-135.0,444.0,73.0,67.0
-22.0,-188.0,-135.0,439.0,70.0,69.0
-21.0,-190.0,-138.0,432.0,67.0,71.0
-25.0,-189.0,-136.0,421.0,61.0,71.0
-21.0,-193.0,-137.0,406.0,54.0,71.0
-20.0,-194.0,-136.0,390.0,44.0,69.0
-25.0,-195.0,-135.0,377.0,32.0,65.0
-22.0,-195.0,-134.0,369.0,25.0,62.0
-23.0,-197.0,-135.0,364.0,18.0,61.0
-20.0,-201.0,-135.0,367.0,15.0,59.0
-23.0,-208.0,-135.0,374.0,15.0,57.0
-21.0,-204.0,-138.0,381.0,19.0,55.0
-23.0,-203.0,-136.0,386.0,22.0,55.0
-26.0,-184.0,-136.0,388.0,26.0,61.0
-20.0,-209.0,-139.0,409.0,40.0,117.0
-29.0,-208.0,-135.0,399.0,51.0,87.0
-25.0,-208.0,-135.0,389.0,45.0,68.0
-22.0,-205.0,-138.0,381.0,37.0,55.0
-21.0,-202.0,-142.0,372.0,33.0,47.0
-17.0,-206.0,-138.0,364.0,34.0,42.0
-15.0,-208.0,-138.0,354.0,34.0,40.0
-21.0,-198.0,-134.0,343.0,34.0,30.0
-25.0,-206.0,-136.0,347.0,32.0,-12.0
-14.0,-203.0,-131.0,341.0,28.0,16.0
-16.0,-207.0,-134.0,337.0,26.0,22.0
-14.0,-207.0,-131.0,337.0,21.0,21.0
-15.0,-207.0,-133.0,338.0,9.0,17.0
-18.0,-204.0,-130.0,337.0,-2.0,11.0
-19.0,-204.0,-132.0,336.0,-10.0,4.0
-17.0,-212.0,-125.0,335.0,-14.0,1.0
-18.0,-215.0,-131.0,334.0,-15.0,0.0
-18.0,-219.0,-126.0,336.0,-11.0,2.0
-22.0,-220.0,-123.0,344.0,-6.0,0.0
-19.0,-222.0,-124.0,355.0,-5.0,1.0
-20.0,-221.0,-125.0,367.0,-6.0,0.0
-22.0,-210.0,-120.0,374.0,-8.0,2.0
-19.0,-223.0,-125.0,376.0,-9.0,16.0
-23.0,-219.0,-127.0,357.0,-13.0,3.0
-23.0,-216.0,-126.0,332.0,-26.0,-2.0
-24.0,-218.0,-129.0,302.0,-38.0,-4.0
-27.0,-217.0,-129.0,272.0,-49.0,-2.0
-26.0,-215.0,-131.0,244.0,-57.0,0.0
-20.0,-218.0,-129.0,220.0,-62.0,4.0
-23.0,-217.0,-130.0,200.0,-67.0,8.0
-22.0,-216.0,-126.0,182.0,-77.0,16.0
-18.0,-217.0,-126.0,170.0,-86.0,20.0
-18.0,-216.0,-126.0,162.0,-92.0,20.0
-17.0,-215.0,-125.0,159.0,-99.0,22.0
-15.0,-212.0,-121.0,160.0,-104.0,25.0
-15.0,-213.0,-118.0,164.0,-107.0,29.0
-12.0,-211.0,-117.0,162.0,-108.0,36.0
-11.0,-212.0,-119.0,157.0,-111.0,43.0
-12.0,-209.0,-112.0,150.0,-118.0,53.0
-10.0,-217.0,-114.0,155.0,-120.0,58.0
-17.0,-217.0,-109.0,169.0,-118.0,57.0
-14.0,-223.0,-122.0,186.0,-113.0,50.0
-14.0,-223.0,-124.0,195.0,-107.0,44.0
-17.0,-218.0,-128.0,192.0,-98.0,41.0
-17.0,-216.0,-131.0,170.0,-90.0,41.0
-17.0,-216.0,-134.0,135.0,-82.0,36.0
-16.0,-215.0,-135.0,89.0,-73.0,33.0
-14.0,-217.0,-134.0,41.0,-65.0,28.0
-13.0,-218.0,-134.0,-5.0,-59.0,24.0
-11.0,-223.0,-131.0,-39.0,-56.0,21.0
-10.0,-224.0,-126.0,-63.0,-55.0,20.0
-14.0,-223.0,-123.0,-75.0,-57.0,21.0
-15.0,-225.0,-125.0,-75.0,-57.0,20.0
-9.0,-225.0,-123.0,-60.0,-53.0,19.0
-15.0,-224.0,-125.0,-40.0,-50.0,19.0
-14.0,-225.0,-121.0,-19.0,-45.0,19.0
-17.0,-220.0,-123.0,1.0,-40.0,16.0
-13.0,-221.0,-124.0,18.0,-37.0,12.0
-15.0,-221.0,-124.0,36.0,-32.0,10.0
-10.0,-220.0,-124.0,47.0,-27.0,6.0
-16.0,-222.0,-128.0,46.0,-7.0,-3.0
-17.0,-226.0,-121.0,39.0,17.0,-6.0
-15.0,-210.0,-116.0,31.0,26.0,4.0
-12.0,-208.0,-109.0,28.0,16.0,34.0
-13.0,-211.0,-105.0,28.0,-4.0,58.0
-21.0,-215.0,-105.0,35.0,-24.0,64.0
-21.0,-218.0,-111.0,50.0,-44.0,58.0
-25.0,-219.0,-110.0,69.0,-59.0,50.0
-33.0,-205.0,-115.0,89.0,-61.0,60.0
-21.0,-233.0,-119.0,112.0,-53.0,103.0
-30.0,-224.0,-114.0,106.0,-47.0,64.0
-23.0,-224.0,-119.0,97.0,-44.0,36.0
-24.0,-227.0,-120.0,84.0,-36.0,26.0
-23.0,-224.0,-121.0,71.0,-25.0,27.0
-17.0,-228.0,-119.0,67.0,-20.0,33.0
-19.0,-230.0,-119.0,82.0,-14.0,33.0
-21.0,-233.0,-121.0,99.0,-5.0,29.0
-26.0,-235.0,-119.0,108.0,9.0,21.0
-23.0,-230.0,-117.0,116.0,20.0,22.0
-16.0,-223.0,-119.0,118.0,27.0,24.0
-16.0,-225.0,-115.0,115.0,31.0,29.0
-19.0,-225.0,-117.0,115.0,31.0,25.0
-17.0,-218.0,-113.0,123.0,22.0,23.0
-18.0,-220.0,-122.0,126.0,9.0,22.0
-15.0,-217.0,-119.0,119.0,0.0,21.0
-18.0,-213.0,-122.0,105.0,-5.0,19.0
-18.0,-216.0,-119.0,80.0,-9.0,24.0
-17.0,-216.0,-118.0,60.0,-10.0,27.0
-18.0,-219.0,-113.0,47.0,-7.0,26.0
-21.0,-222.0,-123.0,47.0,-5.0,29.0
-19.0,-219.0,-123.0,56.0,-1.0,33.0
-21.0,-224.0,-128.0,70.0,1.0,37.0
-22.0,-221.0,-124.0,87.0,1.0,43.0
-20.0,-227.0,-125.0,102.0,1.0,48.0
-25.0,-219.0,-125.0,112.0,0.0,45.0
-21.0,-229.0,-120.0,119.0,-2.0,42.0
-19.0,-227.0,-124.0,124.0,-4.0,39.0
-20.0,-226.0,-121.0,122.0,-7.0,40.0
-21.0,-222.0,-123.0,117.0,-5.0,39.0
-19.0,-225.0,-126.0,108.0,-1.0,38.0
-20.0,-224.0,-125.0,97.0,3.0,39.0
-21.0,-225.0,-125.0,84.0,8.0,41.0
-22.0,-227.0,-122.0,77.0,10.0,43.0
-22.0,-227.0,-118.0,78.0,11.0,42.0
-22.0,-228.0,-118.0,90.0,10.0,39.0
-22.0,-234.0,-117.0,106.0,11.0,40.0
-23.0,-228.0,-119.0,129.0,16.0,38.0
-23.0,-226.0,-120.0,148.0,19.0,39.0
-22.0,-227.0,-117.0,156.0,20.0,43.0
-21.0,-228.0,-113.0,171.0,26.0,35.0
-19.0,-227.0,-110.0,196.0,34.0,25.0
-19.0,-229.0,-114.0,216.0,41.0,21.0
-25.0,-218.0,-120.0,234.0,48.0,12.0
-21.0,-224.0,-118.0,230.0,55.0,16.0
-22.0,-224.0,-116.0,219.0,63.0,12.0
-22.0,-228.0,-113.0,211.0,71.0,10.0
-22.0,-225.0,-115.0,217.0,74.0,0.0
-18.0,-227.0,-110.0,226.0,75.0,-6.0
-20.0,-228.0,-106.0,242.0,77.0,-25.0
-21.0,-228.0,-116.0,248.0,77.0,-28.0
-25.0,-221.0,-119.0,239.0,78.0,-27.0
-19.0,-226.0,-111.0,209.0,80.0,-18.0
-20.0,-223.0,-117.0,185.0,78.0,-22.0
-21.0,-222.0,-109.0,167.0,77.0,-33.0
-20.0,-223.0,-108.0,150.0,76.0,-41.0
-20.0,-225.0,-114.0,131.0,68.0,-40.0
-22.0,-223.0,-113.0,112.0,60.0,-39.0
-26.0,-215.0,-110.0,104.0,53.0,-48.0
-19.0,-226.0,-115.0,100.0,46.0,-49.0
-19.0,-222.0,-115.0,110.0,42.0,-54.0
-27.0,-216.0,-115.0,126.0,44.0,-62.0
-14.0,-202.0,-115.0,121.0,37.0,-42.0
-10.0,-216.0,-112.0,69.0,11.0,30.0
-27.0,-224.0,-116.0,19.0,0.0,50.0
-27.0,-215.0,-115.0,3.0,11.0,44.0
-31.0,-218.0,-116.0,1.0,17.0,43.0
-20.0,-225.0,-116.0,-4.0,14.0,45.0
-19.0,-224.0,-114.0,15.0,16.0,33.0
-32.0,-226.0,-124.0,56.0,20.0,23.0
-28.0,-221.0,-120.0,83.0,22.0,33.0
-25.0,-226.0,-120.0,101.0,24.0,31.0
-27.0,-222.0,-124.0,120.0,32.0,24.0
-24.0,-225.0,-120.0,134.0,43.0,20.0
