-21.0,-253.0,-21.0,16.0,26.0,-15.0
-21.0,-253.0,-28.0,16.0,25.0,-12.0
-19.0,-257.0,-25.0,14.0,25.0,-11.0
-21.0,-257.0,-25.0,13.0,26.0,-9.0
-21.0,-253.0,-24.0,11.0,24.0,-8.0
-19.0,-256.0,-21.0,13.0,22.0,-8.0
-22.0,-252.0,-22.0,18.0,20.0,-7.0
-18.0,-254.0,-21.0,22.0,19.0,-8.0
-20.0,-256.0,-21.0,23.0,20.0,-8.0
-23.0,-252.0,-21.0,25.0,18.0,-8.0
-21.0,-267.0,-20.0,24.0,17.0,-12.0
-25.0,-255.0,-21.0,21.0,16.0,-13.0
-25.0,-257.0,-25.0,21.0,17.0,-18.0
-20.0,-258.0,-23.0,23.0,17.0,-21.0
-22.0,-257.0,-23.0,28.0,16.0,-20.0
-24.0,-254.0,-21.0,35.0,16.0,-21.0
-24.0,-255.0,-28.0,43.0,16.0,-22.0
-25.0,-255.0,-24.0,52.0,16.0,-22.0
-24.0,-255.0,-26.0,60.0,14.0,-21.0
-23.0,-254.0,-23.0,68.0,12.0,-23.0
-22.0,-257.0,-23.0,73.0,9.0,-23.0
-23.0,-251.0,-22.0,76.0,7.0,-24.0
-22.0,-252.0,-22.0,77.0,5.0,-22.0
-20.0,-254.0,-27.0,75.0,4.0,-22.0
-23.0,-253.0,-26.0,72.0,6.0,-20.0
-24.0,-250.0,-22.0,68.0,7.0,-18.0
-21.0,-252.0,-20.0,63.0,7.0,-17.0
-23.0,-251.0,-22.0,58.0,8.0,-16.0
-23.0,-254.0,-21.0,55.0,8.0,-13.0
-24.0,-253.0,-21.0,56.0,6.0,-10.0
-26.0,-257.0,-25.0,59.0,5.0,-8.0
-22.0,-254.0,-21.0,66.0,4.0,-6.0
-19.0,-263.0,-17.0,70.0,3.0,-4.0
-25.0,-251.0,-26.0,72.0,5.0,-3.0
-22.0,-253.0,-26.0,72.0,7.0,0.0
-21.0,-255.0,-25.0,68.0,8.0,1.0
-23.0,-253.0,-24.0,63.0,9.0,2.0
-22.0,-254.0,-25.0,57.0,8.0,4.0
-25.0,-257.0,-23.0,50.0,8.0,7.0
-25.0,-257.0,-26.0,45.0,7.0,9.0
-27.0,-256.0,-28.0,40.0,6.0,10.0
-22.0,-259.0,-22.0,36.0,6.0,12.0
-23.0,-260.0,-23.0,30.0,6.0,13.0
-23.0,-256.0,-24.0,28.0,6.0,14.0
-20.0,-259.0,-27.0,25.0,10.0,15.0
-19.0,-262.0,-22.0,25.0,14.0,13.0
-20.0,-260.0,-23.0,23.0,22.0,11.0
-20.0,-260.0,-22.0,21.0,28.0,9.0
-21.0,-257.0,-25.0,18.0,32.0,6.0
-24.0,-258.0,-25.0,19.0,36.0,4.0
-26.0,-258.0,-21.0,18.0,38.0,6.0
-27.0,-259.0,-25.0,18.0,38.0,5.0
-26.0,-259.0,-23.0,17.0,36.0,5.0
-24.0,-256.0,-19.0,18.0,34.0,7.0
-24.0,-261.0,-27.0,19.0,31.0,6.0
-23.0,-262.0,-19.0,22.0,28.0,5.0
-22.0,-259.0,-22.0,23.0,29.0,5.0
-22.0,-261.0,-19.0,25.0,31.0,3.0
-25.0,-260.0,-21.0,31.0,33.0,0.0
-24.0,-262.0,-20.0,37.0,35.0,-2.0
-21.0,-266.0,-20.0,45.0,36.0,-9.0
-24.0,-262.0,-21.0,49.0,40.0,-11.0
-25.0,-260.0,-19.0,57.0,41.0,-14.0
-23.0,-264.0,-20.0,65.0,44.0,-18.0
-23.0,-259.0,-27.0,72.0,48.0,-21.0
-22.0,-258.0,-21.0,76.0,51.0,-26.0
-24.0,-257.0,-21.0,79.0,54.0,-28.0
-24.0,-257.0,-20.0,78.0,55.0,-32.0
-21.0,-255.0,-24.0,76.0,57.0,-35.0
-21.0,-251.0,-23.0,72.0,59.0,-36.0
-22.0,-250.0,-22.0,64.0,62.0,-38.0
-24.0,-252.0,-22.0,55.0,63.0,-40.0
-23.0,-251.0,-25.0,48.0,68.0,-39.0
-25.0,-251.0,-19.0,40.0,69.0,-38.0
-25.0,-254.0,-19.0,33.0,70.0,-37.0
-23.0,-252.0,-20.0,29.0,71.0,-34.0
-24.0,-255.0,-19.0,27.0,71.0,-31.0
-24.0,-254.0,-23.0,25.0,71.0,-27.0
-22.0,-255.0,-21.0,25.0,70.0,-22.0
-26.0,-256.0,-18.0,25.0,69.0,-19.0
-24.0,-255.0,-20.0,26.0,70.0,-14.0
-23.0,-255.0,-19.0,27.0,72.0,-11.0
-22.0,-251.0,-20.0,30.0,72.0,-8.0
-22.0,-256.0,-20.0,30.0,73.0,-5.0
-20.0,-254.0,-20.0,29.0,76.0,-4.0
-19.0,-254.0,-16.0,30.0,80.0,-4.0
-25.0,-252.0,-20.0,32.0,81.0,-4.0
-25.0,-253.0,-18.0,34.0,85.0,-3.0
-23.0,-252.0,-19.0,33.0,87.0,-4.0
-24.0,-253.0,-21.0,31.0,89.0,-8.0
-26.0,-250.0,-20.0,30.0,89.0,-13.0
-24.0,-253.0,-16.0,33.0,90.0,-17.0
-22.0,-252.0,-14.0,39.0,92.0,-18.0
-23.0,-255.0,-22.0,55.0,90.0,-26.0
-23.0,-255.0,-17.0,60.0,87.0,-31.0
-17.0,-263.0,-11.0,56.0,88.0,-33.0
-18.0,-259.0,-17.0,60.0,88.0,-38.0
-25.0,-259.0,-12.0,57.0,92.0,-38.0
-19.0,-258.0,-15.0,52.0,98.0,-42.0
-19.0,-261.0,-14.0,46.0,103.0,-46.0
-19.0,-260.0,-18.0,43.0,109.0,-49.0
-20.0,-265.0,-18.0,41.0,112.0,-51.0
-21.0,-264.0,-17.0,42.0,116.0,-54.0
-24.0,-262.0,-17.0,39.0,119.0,-55.0
-25.0,-270.0,-21.0,29.0,121.0,-55.0
-26.0,-266.0,-22.0,13.0,124.0,-55.0
-23.0,-270.0,-23.0,-4.0,128.0,-53.0
-25.0,-272.0,-22.0,-15.0,129.0,-50.0
-23.0,-274.0,-25.0,-24.0,130.0,-45.0
-25.0,-278.0,-32.0,-39.0,131.0,-39.0
-26.0,-282.0,-31.0,-57.0,134.0,-33.0
-26.0,-286.0,-31.0,-70.0,138.0,-29.0
-24.0,-289.0,-36.0,-82.0,140.0,-27.0
-23.0,-292.0,-35.0,-96.0,141.0,-22.0
-25.0,-296.0,-40.0,-106.0,143.0,-18.0
-22.0,-298.0,-44.0,-117.0,148.0,-12.0
-21.0,-302.0,-44.0,-131.0,155.0,-8.0
-20.0,-306.0,-49.0,-148.0,160.0,-9.0
-24.0,-308.0,-49.0,-162.0,165.0,-10.0
-22.0,-310.0,-51.0,-171.0,172.0,-9.0
-20.0,-310.0,-55.0,-180.0,180.0,-6.0
-20.0,-311.0,-54.0,-187.0,189.0,-3.0
-22.0,-313.0,-49.0,-194.0,195.0,-4.0
-22.0,-313.0,-47.0,-201.0,198.0,-2.0
-25.0,-310.0,-45.0,-209.0,198.0,2.0
-24.0,-312.0,-42.0,-215.0,198.0,5.0
-26.0,-311.0,-40.0,-222.0,198.0,6.0
-27.0,-310.0,-40.0,-229.0,194.0,4.0
-26.0,-306.0,-37.0,-239.0,190.0,4.0
-26.0,-302.0,-37.0,-249.0,184.0,6.0
-26.0,-306.0,-39.0,-259.0,178.0,7.0
-30.0,-302.0,-35.0,-267.0,175.0,10.0
-28.0,-306.0,-35.0,-274.0,169.0,13.0
-24.0,-305.0,-30.0,-282.0,166.0,14.0
-27.0,-302.0,-27.0,-289.0,163.0,17.0
-21.0,-300.0,-31.0,-296.0,161.0,21.0
-21.0,-298.0,-27.0,-297.0,159.0,22.0
-24.0,-295.0,-23.0,-300.0,159.0,22.0
-24.0,-289.0,-22.0,-307.0,158.0,21.0
-21.0,-287.0,-36.0,-322.0,156.0,23.0
-26.0,-287.0,-29.0,-343.0,156.0,25.0
-27.0,-287.0,-27.0,-364.0,156.0,26.0
-28.0,-284.0,-27.0,-380.0,155.0,29.0
-25.0,-286.0,-32.0,-393.0,152.0,33.0
-18.0,-287.0,-25.0,-402.0,148.0,38.0
-21.0,-287.0,-31.0,-412.0,146.0,40.0
-18.0,-286.0,-31.0,-418.0,144.0,42.0
-21.0,-284.0,-29.0,-421.0,142.0,44.0
-25.0,-279.0,-28.0,-422.0,140.0,46.0
-24.0,-280.0,-29.0,-425.0,138.0,52.0
-25.0,-281.0,-30.0,-429.0,136.0,57.0
-25.0,-279.0,-32.0,-437.0,134.0,65.0
-23.0,-278.0,-34.0,-447.0,131.0,68.0
-26.0,-273.0,-36.0,-461.0,128.0,74.0
-25.0,-272.0,-37.0,-478.0,127.0,77.0
-24.0,-269.0,-35.0,-492.0,129.0,80.0
-23.0,-275.0,-40.0,-500.0,130.0,81.0
-24.0,-277.0,-40.0,-507.0,135.0,79.0
-21.0,-284.0,-41.0,-517.0,139.0,79.0
-20.0,-286.0,-40.0,-525.0,141.0,81.0
-21.0,-286.0,-42.0,-527.0,144.0,86.0
-18.0,-293.0,-52.0,-521.0,144.0,91.0
-22.0,-284.0,-44.0,-509.0,146.0,97.0
-14.0,-280.0,-50.0,-494.0,151.0,102.0
-17.0,-282.0,-54.0,-483.0,153.0,104.0
-14.0,-280.0,-54.0,-476.0,162.0,105.0
-12.0,-279.0,-60.0,-477.0,170.0,103.0
-11.0,-272.0,-60.0,-484.0,180.0,97.0
-23.0,-271.0,-60.0,-498.0,187.0,90.0
-25.0,-267.0,-56.0,-519.0,191.0,83.0
-30.0,-265.0,-56.0,-543.0,193.0,72.0
-36.0,-270.0,-57.0,-563.0,193.0,59.0
-38.0,-267.0,-60.0,-574.0,194.0,47.0
-37.0,-264.0,-57.0,-580.0,196.0,41.0
-37.0,-269.0,-55.0,-581.0,198.0,39.0
-35.0,-268.0,-60.0,-579.0,200.0,33.0
-31.0,-264.0,-54.0,-577.0,205.0,29.0
-22.0,-265.0,-57.0,-574.0,211.0,27.0
-19.0,-262.0,-53.0,-574.0,219.0,24.0
-17.0,-263.0,-58.0,-577.0,221.0,22.0
-21.0,-259.0,-57.0,-589.0,225.0,16.0
-24.0,-261.0,-57.0,-605.0,228.0,11.0
-25.0,-253.0,-64.0,-628.0,232.0,9.0
-34.0,-261.0,-56.0,-646.0,232.0,13.0
-34.0,-260.0,-57.0,-663.0,229.0,17.0
-37.0,-265.0,-55.0,-679.0,222.0,21.0
-38.0,-267.0,-60.0,-695.0,215.0,24.0
-37.0,-268.0,-56.0,-710.0,209.0,25.0
-36.0,-269.0,-57.0,-719.0,203.0,26.0
-34.0,-273.0,-56.0,-724.0,198.0,24.0
-32.0,-275.0,-62.0,-722.0,195.0,21.0
-33.0,-274.0,-59.0,-716.0,193.0,21.0
-37.0,-273.0,-66.0,-709.0,192.0,22.0
-37.0,-277.0,-65.0,-701.0,193.0,27.0
-36.0,-282.0,-68.0,-693.0,191.0,31.0
-31.0,-277.0,-68.0,-683.0,194.0,36.0
-29.0,-271.0,-72.0,-669.0,198.0,38.0
-26.0,-274.0,-70.0,-653.0,203.0,37.0
-24.0,-270.0,-73.0,-638.0,210.0,31.0
-21.0,-272.0,-76.0,-627.0,214.0,26.0
-26.0,-270.0,-78.0,-621.0,209.0,19.0
-28.0,-268.0,-75.0,-619.0,201.0,14.0
-30.0,-262.0,-83.0,-622.0,187.0,13.0
-32.0,-271.0,-85.0,-627.0,178.0,13.0
-34.0,-263.0,-87.0,-633.0,171.0,15.0
-31.0,-264.0,-92.0,-640.0,169.0,17.0
-31.0,-265.0,-87.0,-642.0,169.0,21.0
-32.0,-264.0,-88.0,-642.0,169.0,31.0
-29.0,-265.0,-89.0,-635.0,169.0,41.0
-23.0,-267.0,-91.0,-627.0,171.0,48.0
-23.0,-272.0,-91.0,-621.0,174.0,53.0
-20.0,-269.0,-92.0,-616.0,178.0,55.0
-22.0,-265.0,-92.0,-614.0,182.0,57.0
-19.0,-265.0,-97.0,-611.0,181.0,61.0
-26.0,-265.0,-97.0,-611.0,181.0,60.0
-23.0,-263.0,-102.0,-619.0,178.0,58.0
-24.0,-266.0,-107.0,-629.0,176.0,54.0
-29.0,-266.0,-104.0,-637.0,176.0,44.0
-25.0,-274.0,-110.0,-639.0,176.0,30.0
-29.0,-271.0,-107.0,-635.0,181.0,17.0
-33.0,-269.0,-106.0,-626.0,188.0,4.0
-30.0,-268.0,-107.0,-611.0,196.0,-5.0
-34.0,-263.0,-108.0,-595.0,203.0,-12.0
-37.0,-263.0,-103.0,-577.0,206.0,-15.0
-34.0,-262.0,-104.0,-555.0,203.0,-17.0
-36.0,-264.0,-103.0,-531.0,193.0,-16.0
-32.0,-261.0,-105.0,-505.0,184.0,-19.0
-30.0,-261.0,-101.0,-480.0,179.0,-20.0
-28.0,-260.0,-104.0,-454.0,175.0,-17.0
-23.0,-258.0,-107.0,-425.0,176.0,-16.0
-21.0,-259.0,-103.0,-394.0,186.0,-15.0
-24.0,-261.0,-108.0,-357.0,197.0,-15.0
-19.0,-266.0,-110.0,-314.0,209.0,-16.0
-20.0,-262.0,-109.0,-263.0,223.0,-22.0
-21.0,-264.0,-109.0,-207.0,237.0,-26.0
-19.0,-263.0,-117.0,-143.0,243.0,-30.0
-23.0,-261.0,-108.0,-77.0,246.0,-33.0
-23.0,-258.0,-107.0,-9.0,241.0,-33.0
-28.0,-255.0,-110.0,55.0,233.0,-30.0
-23.0,-250.0,-111.0,110.0,227.0,-23.0
-30.0,-245.0,-103.0,149.0,233.0,-7.0
-28.0,-241.0,-103.0,201.0,212.0,7.0
-21.0,-237.0,-102.0,253.0,197.0,19.0
-16.0,-228.0,-100.0,294.0,195.0,30.0
-12.0,-221.0,-98.0,322.0,196.0,47.0
-14.0,-231.0,-117.0,324.0,189.0,53.0
-5.0,-211.0,-89.0,291.0,193.0,68.0
-1.0,-216.0,-92.0,274.0,195.0,80.0
0.0,-210.0,-87.0,258.0,199.0,86.0
2.0,-211.0,-88.0,233.0,200.0,94.0
4.0,-212.0,-85.0,204.0,205.0,94.0
0.0,-213.0,-74.0,178.0,216.0,87.0
-5.0,-219.0,-77.0,169.0,218.0,78.0
-7.0,-230.0,-77.0,163.0,223.0,63.0
-14.0,-238.0,-77.0,152.0,233.0,47.0
-2.0,-217.0,-81.0,144.0,240.0,33.0
-6.0,-228.0,-70.0,153.0,247.0,17.0
-8.0,-232.0,-74.0,175.0,253.0,2.0
-15.0,-233.0,-75.0,206.0,268.0,-7.0
-15.0,-238.0,-72.0,237.0,279.0,-11.0
-19.0,-238.0,-77.0,271.0,273.0,-14.0
-14.0,-240.0,-82.0,307.0,261.0,-19.0
-20.0,-233.0,-89.0,340.0,257.0,-27.0
-24.0,-235.0,-77.0,368.0,248.0,-28.0
-23.0,-228.0,-83.0,396.0,231.0,-30.0
-27.0,-222.0,-81.0,423.0,219.0,-30.0
-37.0,-229.0,-77.0,437.0,208.0,-27.0
-30.0,-229.0,-97.0,445.0,195.0,-20.0
-26.0,-233.0,-80.0,457.0,181.0,-15.0
-15.0,-229.0,-74.0,466.0,165.0,-12.0
-21.0,-237.0,-79.0,467.0,151.0,-12.0
-7.0,-245.0,-66.0,463.0,145.0,-7.0
-11.0,-240.0,-75.0,468.0,150.0,1.0
-7.0,-242.0,-72.0,464.0,158.0,-4.0
-12.0,-238.0,-74.0,466.0,158.0,-9.0
-8.0,-238.0,-71.0,472.0,162.0,-12.0
-8.0,-239.0,-67.0,472.0,168.0,-17.0
-4.0,-235.0,-66.0,485.0,174.0,-13.0
-11.0,-249.0,-65.0,505.0,172.0,-5.0
-10.0,-243.0,-66.0,550.0,169.0,6.0
2.0,-242.0,-64.0,576.0,159.0,-1.0
-11.0,-242.0,-75.0,603.0,146.0,-13.0
-23.0,-238.0,-61.0,587.0,123.0,-23.0
-6.0,-247.0,-62.0,591.0,118.0,-14.0
-6.0,-259.0,-62.0,629.0,117.0,14.0
-18.0,-239.0,-65.0,660.0,122.0,2.0
-14.0,-252.0,-59.0,678.0,119.0,-4.0
-21.0,-246.0,-59.0,703.0,102.0,9.0
-18.0,-251.0,-56.0,723.0,88.0,22.0
-21.0,-249.0,-59.0,748.0,86.0,31.0
-16.0,-251.0,-53.0,772.0,88.0,53.0
-8.0,-239.0,-49.0,784.0,84.0,66.0
-23.0,-248.0,-50.0,787.0,82.0,71.0
-9.0,-240.0,-48.0,778.0,86.0,82.0
-12.0,-248.0,-38.0,775.0,79.0,100.0
-26.0,-248.0,-20.0,789.0,67.0,126.0
-17.0,-246.0,-33.0,825.0,49.0,146.0
-20.0,-248.0,-22.0,870.0,43.0,156.0
-10.0,-223.0,-27.0,905.0,53.0,150.0
-23.0,-239.0,-44.0,924.0,67.0,145.0
-22.0,-232.0,-65.0,935.0,79.0,141.0
-16.0,-232.0,-58.0,926.0,96.0,138.0
-10.0,-218.0,-48.0,911.0,110.0,143.0
-9.0,-214.0,-52.0,891.0,120.0,149.0
-8.0,-208.0,-53.0,861.0,117.0,155.0
-3.0,-206.0,-49.0,828.0,110.0,158.0
-14.0,-210.0,-43.0,790.0,108.0,159.0
0.0,-198.0,-77.0,743.0,106.0,164.0
1.0,-197.0,-47.0,689.0,100.0,168.0
8.0,-192.0,-45.0,639.0,105.0,165.0
7.0,-200.0,-38.0,590.0,127.0,159.0
4.0,-202.0,-35.0,542.0,157.0,148.0
4.0,-198.0,-32.0,496.0,181.0,140.0
2.0,-197.0,-30.0,453.0,204.0,125.0
12.0,-193.0,-32.0,419.0,216.0,109.0
1.0,-208.0,-17.0,398.0,221.0,88.0
3.0,-212.0,-9.0,394.0,225.0,68.0
7.0,-210.0,-9.0,405.0,227.0,50.0
-11.0,-204.0,-16.0,421.0,221.0,40.0
-10.0,-206.0,-16.0,434.0,212.0,34.0
-13.0,-202.0,-20.0,446.0,209.0,27.0
-15.0,-202.0,-25.0,449.0,209.0,21.0
-31.0,-193.0,-30.0,447.0,206.0,16.0
-27.0,-197.0,-35.0,450.0,199.0,5.0
-20.0,-200.0,-34.0,446.0,197.0,-9.0
-26.0,-203.0,-19.0,446.0,200.0,-34.0
-29.0,-205.0,-29.0,480.0,193.0,-33.0
-29.0,-195.0,-36.0,508.0,185.0,-25.0
-21.0,-195.0,-36.0,492.0,168.0,-20.0
-15.0,-190.0,-34.0,450.0,147.0,-21.0
-15.0,-199.0,-34.0,405.0,133.0,-24.0
-15.0,-201.0,-38.0,369.0,119.0,-23.0
-11.0,-203.0,-40.0,336.0,109.0,-18.0
-13.0,-212.0,-32.0,313.0,94.0,-13.0
-10.0,-220.0,-31.0,294.0,82.0,-14.0
-10.0,-224.0,-33.0,283.0,72.0,-16.0
-14.0,-230.0,-29.0,284.0,67.0,-22.0
-22.0,-227.0,-34.0,298.0,65.0,-31.0
-16.0,-232.0,-29.0,315.0,68.0,-38.0
-11.0,-240.0,-31.0,326.0,76.0,-41.0
-9.0,-234.0,-41.0,335.0,83.0,-42.0
-15.0,-238.0,-39.0,341.0,90.0,-40.0
-26.0,-244.0,-27.0,348.0,90.0,-41.0
-29.0,-238.0,-36.0,352.0,84.0,-37.0
-30.0,-238.0,-38.0,352.0,73.0,-32.0
-33.0,-235.0,-39.0,343.0,64.0,-30.0
-29.0,-234.0,-40.0,333.0,66.0,-25.0
-24.0,-238.0,-35.0,321.0,73.0,-24.0
-26.0,-234.0,-31.0,318.0,79.0,-18.0
-31.0,-231.0,-23.0,324.0,80.0,-3.0
-36.0,-235.0,-26.0,333.0,70.0,15.0
-36.0,-227.0,-21.0,336.0,46.0,31.0
-40.0,-238.0,-26.0,338.0,17.0,44.0
-44.0,-241.0,-19.0,340.0,-13.0,55.0
-46.0,-239.0,-24.0,351.0,-42.0,66.0
-48.0,-242.0,-26.0,364.0,-70.0,73.0
-53.0,-246.0,-22.0,377.0,-92.0,76.0
-43.0,-243.0,-23.0,401.0,-106.0,82.0
-43.0,-239.0,-22.0,432.0,-114.0,87.0
-46.0,-236.0,-24.0,462.0,-124.0,96.0
-48.0,-234.0,-27.0,487.0,-137.0,107.0
-43.0,-236.0,-27.0,501.0,-150.0,116.0
-40.0,-234.0,-23.0,504.0,-159.0,122.0
-42.0,-230.0,-23.0,495.0,-156.0,119.0
-39.0,-226.0,-30.0,480.0,-143.0,116.0
-35.0,-229.0,-22.0,459.0,-128.0,119.0
-34.0,-228.0,-20.0,441.0,-115.0,126.0
-35.0,-230.0,-15.0,441.0,-108.0,136.0
-29.0,-232.0,-14.0,453.0,-104.0,144.0
-29.0,-235.0,-11.0,467.0,-103.0,154.0
-31.0,-236.0,-8.0,480.0,-104.0,162.0
-30.0,-241.0,-7.0,495.0,-113.0,171.0
-29.0,-243.0,-10.0,509.0,-125.0,172.0
-26.0,-244.0,-13.0,523.0,-131.0,167.0
-27.0,-241.0,-19.0,531.0,-129.0,160.0
-22.0,-242.0,-23.0,532.0,-120.0,154.0
-22.0,-244.0,-25.0,519.0,-109.0,150.0
-21.0,-245.0,-30.0,496.0,-101.0,145.0
-19.0,-247.0,-22.0,468.0,-90.0,135.0
-22.0,-245.0,-22.0,451.0,-73.0,122.0
-20.0,-245.0,-22.0,442.0,-56.0,108.0
-21.0,-245.0,-20.0,437.0,-48.0,91.0
-25.0,-241.0,-19.0,433.0,-54.0,72.0
-25.0,-238.0,-17.0,432.0,-64.0,55.0
-29.0,-238.0,-22.0,428.0,-74.0,39.0
-33.0,-228.0,-25.0,417.0,-84.0,25.0
-35.0,-226.0,-20.0,396.0,-92.0,15.0
-35.0,-226.0,-20.0,366.0,-104.0,6.0
-36.0,-225.0,-25.0,333.0,-120.0,-6.0
-34.0,-225.0,-21.0,302.0,-137.0,-21.0
-32.0,-225.0,-18.0,275.0,-150.0,-36.0
-25.0,-234.0,-18.0,251.0,-160.0,-51.0
-23.0,-236.0,-19.0,228.0,-166.0,-64.0
-22.0,-240.0,-12.0,212.0,-171.0,-74.0
-22.0,-242.0,-14.0,209.0,-178.0,-77.0
-23.0,-243.0,-8.0,206.0,-194.0,-75.0
-18.0,-246.0,-12.0,201.0,-217.0,-74.0
-21.0,-246.0,-11.0,202.0,-244.0,-76.0
-18.0,-245.0,-14.0,200.0,-271.0,-79.0
-17.0,-245.0,-16.0,192.0,-287.0,-83.0
-14.0,-247.0,-18.0,179.0,-293.0,-86.0
-15.0,-251.0,-10.0,170.0,-288.0,-89.0
-16.0,-252.0,-14.0,169.0,-276.0,-90.0
-12.0,-254.0,-13.0,176.0,-265.0,-89.0
-9.0,-259.0,-12.0,181.0,-263.0,-92.0
-8.0,-260.0,-11.0,180.0,-269.0,-95.0
-9.0,-255.0,-13.0,178.0,-274.0,-94.0
-11.0,-256.0,-14.0,173.0,-275.0,-93.0
-8.0,-250.0,-14.0,172.0,-275.0,-92.0
-15.0,-251.0,-7.0,167.0,-273.0,-93.0
-17.0,-251.0,-5.0,164.0,-269.0,-93.0
-18.0,-251.0,-5.0,159.0,-267.0,-92.0
-17.0,-253.0,-7.0,161.0,-265.0,-93.0
-19.0,-249.0,-10.0,158.0,-263.0,-94.0
-15.0,-250.0,-8.0,147.0,-258.0,-93.0
-17.0,-249.0,-11.0,132.0,-255.0,-93.0
-17.0,-249.0,-11.0,117.0,-253.0,-93.0
-15.0,-252.0,-8.0,100.0,-245.0,-95.0
-17.0,-252.0,-8.0,89.0,-235.0,-97.0
-19.0,-252.0,-6.0,84.0,-232.0,-100.0
-17.0,-250.0,-3.0,84.0,-234.0,-103.0
-13.0,-249.0,-2.0,76.0,-240.0,-104.0
-17.0,-248.0,-4.0,64.0,-239.0,-102.0
-10.0,-245.0,-6.0,45.0,-236.0,-101.0
-9.0,-246.0,-6.0,25.0,-226.0,-100.0
-9.0,-247.0,-4.0,11.0,-208.0,-98.0
-6.0,-248.0,-4.0,6.0,-182.0,-96.0
-11.0,-247.0,2.0,4.0,-162.0,-90.0
-12.0,-246.0,0.0,-4.0,-156.0,-82.0
-11.0,-246.0,1.0,-23.0,-151.0,-76.0
-7.0,-248.0,1.0,-44.0,-143.0,-67.0
-5.0,-253.0,1.0,-60.0,-131.0,-62.0
-10.0,-255.0,6.0,-64.0,-114.0,-58.0
-11.0,-257.0,7.0,-65.0,-104.0,-58.0
-8.0,-254.0,7.0,-66.0,-100.0,-59.0
-8.0,-256.0,7.0,-69.0,-94.0,-66.0
-7.0,-254.0,9.0,-71.0,-80.0,-75.0
-7.0,-255.0,9.0,-69.0,-60.0,-85.0
-9.0,-253.0,9.0,-66.0,-45.0,-94.0
-10.0,-249.0,8.0,-60.0,-37.0,-102.0
-12.0,-248.0,8.0,-52.0,-30.0,-108.0
-13.0,-246.0,6.0,-41.0,-21.0,-111.0
-18.0,-241.0,4.0,-33.0,-14.0,-116.0
-17.0,-242.0,5.0,-36.0,-5.0,-119.0
-19.0,-245.0,5.0,-49.0,-1.0,-121.0
-22.0,-247.0,2.0,-64.0,8.0,-120.0
-21.0,-249.0,5.0,-79.0,14.0,-119.0
-18.0,-254.0,7.0,-92.0,18.0,-125.0
-13.0,-256.0,5.0,-98.0,21.0,-131.0
-12.0,-257.0,7.0,-104.0,27.0,-131.0
-15.0,-257.0,7.0,-102.0,35.0,-128.0
-16.0,-260.0,7.0,-94.0,42.0,-124.0
-21.0,-258.0,9.0,-81.0,52.0,-119.0
-21.0,-259.0,7.0,-68.0,55.0,-112.0
-20.0,-255.0,3.0,-61.0,43.0,-106.0
-18.0,-249.0,7.0,-60.0,30.0,-103.0
-18.0,-248.0,3.0,-60.0,24.0,-102.0
-22.0,-249.0,0.0,-67.0,31.0,-97.0
-22.0,-250.0,-1.0,-80.0,40.0,-89.0
-24.0,-254.0,6.0,-98.0,47.0,-85.0
-20.0,-254.0,8.0,-113.0,42.0,-85.0
-23.0,-256.0,11.0,-121.0,35.0,-84.0
-23.0,-259.0,10.0,-118.0,35.0,-79.0
-17.0,-255.0,7.0,-110.0,39.0,-78.0
-15.0,-266.0,6.0,-102.0,42.0,-78.0
-18.0,-259.0,7.0,-100.0,39.0,-78.0
-16.0,-261.0,8.0,-97.0,34.0,-76.0
-20.0,-259.0,9.0,-90.0,37.0,-71.0
-23.0,-259.0,9.0,-82.0,38.0,-66.0
-23.0,-258.0,9.0,-72.0,36.0,-67.0
-23.0,-261.0,9.0,-61.0,29.0,-65.0
-25.0,-260.0,6.0,-48.0,20.0,-66.0
-20.0,-256.0,7.0,-44.0,11.0,-68.0
-17.0,-258.0,7.0,-43.0,9.0,-71.0
-7.0,-268.0,2.0,-38.0,10.0,-69.0
-14.0,-259.0,6.0,-35.0,16.0,-65.0
-16.0,-261.0,3.0,-33.0,20.0,-61.0
-15.0,-260.0,6.0,-30.0,25.0,-57.0
-17.0,-262.0,9.0,-27.0,32.0,-51.0
-17.0,-262.0,8.0,-20.0,32.0,-43.0
-21.0,-262.0,9.0,-14.0,27.0,-38.0
-18.0,-262.0,9.0,-8.0,18.0,-34.0
-17.0,-261.0,10.0,-2.0,18.0,-30.0
-19.0,-260.0,10.0,1.0,19.0,-25.0
-15.0,-265.0,4.0,-6.0,24.0,-19.0
-10.0,-268.0,21.0,-15.0,29.0,-15.0
-15.0,-262.0,8.0,-16.0,33.0,-10.0
-11.0,-263.0,7.0,-9.0,41.0,-4.0
-13.0,-263.0,5.0,-1.0,52.0,-4.0
-11.0,-261.0,5.0,12.0,62.0,-4.0
-12.0,-260.0,5.0,27.0,69.0,-6.0
-9.0,-259.0,8.0,41.0,75.0,-10.0
-12.0,-256.0,6.0,52.0,80.0,-16.0
-8.0,-260.0,7.0,65.0,88.0,-24.0
-10.0,-259.0,0.0,77.0,102.0,-30.0
-11.0,-254.0,4.0,88.0,119.0,-35.0
-13.0,-260.0,2.0,102.0,132.0,-40.0
-9.0,-265.0,2.0,122.0,139.0,-45.0
-8.0,-263.0,5.0,146.0,142.0,-47.0
-11.0,-262.0,7.0,170.0,150.0,-52.0
-9.0,-256.0,10.0,187.0,161.0,-55.0
-12.0,-249.0,12.0,192.0,169.0,-59.0
-8.0,-249.0,10.0,185.0,171.0,-59.0
-11.0,-251.0,10.0,169.0,177.0,-59.0
-11.0,-248.0,11.0,150.0,191.0,-61.0
-14.0,-248.0,11.0,135.0,207.0,-60.0
-17.0,-249.0,11.0,122.0,220.0,-59.0
-19.0,-253.0,12.0,108.0,223.0,-57.0
-24.0,-258.0,12.0,98.0,221.0,-54.0
-23.0,-260.0,10.0,89.0,211.0,-52.0
-20.0,-261.0,14.0,89.0,204.0,-50.0
-22.0,-257.0,17.0,97.0,197.0,-50.0
-23.0,-259.0,14.0,104.0,198.0,-46.0
-24.0,-256.0,15.0,109.0,197.0,-44.0
-21.0,-258.0,15.0,112.0,191.0,-39.0
-19.0,-259.0,17.0,114.0,181.0,-37.0
-20.0,-256.0,16.0,117.0,169.0,-34.0
-20.0,-251.0,18.0,117.0,158.0,-34.0
-17.0,-247.0,19.0,113.0,153.0,-34.0
-20.0,-247.0,18.0,110.0,146.0,-36.0
-18.0,-248.0,17.0,108.0,141.0,-39.0
-22.0,-244.0,15.0,98.0,138.0,-42.0
-22.0,-246.0,19.0,84.0,133.0,-43.0
-25.0,-247.0,20.0,67.0,125.0,-42.0
-26.0,-247.0,21.0,51.0,113.0,-39.0
-28.0,-248.0,20.0,38.0,96.0,-33.0
-28.0,-250.0,19.0,24.0,84.0,-27.0
-25.0,-257.0,18.0,12.0,75.0,-21.0
-28.0,-257.0,23.0,9.0,66.0,-19.0
-23.0,-260.0,21.0,13.0,64.0,-16.0
-23.0,-258.0,20.0,22.0,62.0,-12.0
-25.0,-263.0,16.0,28.0,56.0,-6.0
-29.0,-258.0,19.0,35.0,42.0,-2.0
-24.0,-257.0,16.0,41.0,21.0,1.0
-24.0,-256.0,19.0,46.0,1.0,4.0
-17.0,-254.0,14.0,49.0,-16.0,5.0
-20.0,-251.0,17.0,49.0,-28.0,7.0
-17.0,-252.0,16.0,46.0,-34.0,7.0
-14.0,-249.0,15.0,39.0,-35.0,7.0
-15.0,-251.0,14.0,30.0,-32.0,3.0
-16.0,-253.0,15.0,29.0,-31.0,-2.0
-14.0,-257.0,16.0,33.0,-35.0,-6.0
-15.0,-256.0,9.0,38.0,-38.0,-13.0
-18.0,-252.0,17.0,44.0,-38.0,-17.0
-14.0,-254.0,17.0,49.0,-36.0,-22.0
-21.0,-251.0,13.0,56.0,-36.0,-25.0
-17.0,-254.0,18.0,62.0,-40.0,-26.0
-13.0,-251.0,15.0,61.0,-45.0,-27.0
-17.0,-255.0,13.0,55.0,-46.0,-24.0
-17.0,-256.0,10.0,47.0,-46.0,-20.0
-15.0,-259.0,8.0,39.0,-47.0,-14.0
-21.0,-260.0,12.0,37.0,-48.0,-12.0
-23.0,-259.0,8.0,39.0,-56.0,-11.0
-19.0,-259.0,9.0,44.0,-65.0,-10.0
-22.0,-260.0,11.0,47.0,-71.0,-8.0
-18.0,-260.0,10.0,47.0,-72.0,-7.0
-14.0,-258.0,10.0,49.0,-73.0,-4.0
-17.0,-255.0,13.0,52.0,-78.0,1.0
-18.0,-258.0,13.0,56.0,-84.0,6.0
-19.0,-258.0,11.0,55.0,-88.0,9.0
-15.0,-255.0,16.0,51.0,-88.0,14.0
-16.0,-251.0,8.0,43.0,-87.0,17.0
-16.0,-254.0,12.0,34.0,-86.0,21.0
-13.0,-257.0,9.0,24.0,-87.0,25.0
-17.0,-257.0,13.0,15.0,-85.0,27.0
-17.0,-256.0,13.0,10.0,-82.0,26.0
-16.0,-258.0,12.0,9.0,-75.0,24.0
-18.0,-254.0,14.0,10.0,-71.0,20.0
-16.0,-255.0,16.0,7.0,-74.0,18.0
-17.0,-255.0,14.0,-5.0,-78.0,18.0
-19.0,-259.0,12.0,-25.0,-85.0,23.0
-27.0,-257.0,10.0,-42.0,-91.0,29.0
-20.0,-260.0,11.0,-53.0,-93.0,34.0
-17.0,-259.0,13.0,-52.0,-96.0,34.0
-18.0,-260.0,12.0,-47.0,-102.0,37.0
-15.0,-260.0,11.0,-43.0,-112.0,44.0
-16.0,-258.0,17.0,-40.0,-126.0,50.0
-10.0,-261.0,17.0,-33.0,-137.0,57.0
-12.0,-259.0,22.0,-22.0,-144.0,63.0
-10.0,-255.0,20.0,-12.0,-144.0,67.0
-14.0,-257.0,21.0,-6.0,-147.0,73.0
-17.0,-251.0,19.0,-4.0,-153.0,76.0
-17.0,-252.0,15.0,-9.0,-161.0,79.0
-12.0,-252.0,16.0,-11.0,-164.0,83.0
-15.0,-251.0,20.0,-8.0,-163.0,86.0
-11.0,-250.0,20.0,-4.0,-157.0,86.0
-14.0,-249.0,24.0,-6.0,-152.0,88.0
-13.0,-250.0,20.0,-14.0,-146.0,87.0
-12.0,-252.0,24.0,-23.0,-143.0,86.0
-15.0,-249.0,22.0,-32.0,-139.0,84.0
-15.0,-252.0,21.0,-39.0,-132.0,82.0
-15.0,-254.0,18.0,-46.0,-127.0,80.0
-18.0,-251.0,22.0,-52.0,-125.0,78.0
-14.0,-252.0,19.0,-55.0,-122.0,77.0
-14.0,-256.0,19.0,-56.0,-116.0,79.0
-14.0,-258.0,22.0,-56.0,-110.0,81.0
-13.0,-256.0,20.0,-52.0,-105.0,81.0
-13.0,-257.0,22.0,-43.0,-99.0,80.0
-11.0,-259.0,20.0,-28.0,-90.0,80.0
-11.0,-258.0,19.0,-13.0,-77.0,79.0
-7.0,-258.0,15.0,0.0,-65.0,75.0
