19.0,-251.0,-14.0,-28.0,45.0,1.0
15.0,-254.0,-12.0,-16.0,50.0,5.0
16.0,-251.0,-11.0,-7.0,52.0,3.0
17.0,-252.0,-10.0,3.0,55.0,7.0
15.0,-251.0,-9.0,12.0,58.0,3.0
12.0,-247.0,-12.0,17.0,61.0,4.0
14.0,-249.0,-15.0,18.0,62.0,-1.0
17.0,-252.0,-9.0,14.0,63.0,-1.0
15.0,-247.0,-12.0,11.0,62.0,-4.0
16.0,-249.0,-11.0,11.0,61.0,-2.0
15.0,-249.0,-11.0,12.0,63.0,-2.0
18.0,-246.0,-8.0,17.0,64.0,2.0
16.0,-247.0,-16.0,20.0,66.0,0.0
14.0,-251.0,-14.0,21.0,66.0,5.0
16.0,-253.0,-9.0,21.0,66.0,4.0
16.0,-252.0,-12.0,22.0,67.0,5.0
14.0,-253.0,-12.0,27.0,67.0,0.0
13.0,-251.0,-13.0,33.0,68.0,2.0
13.0,-252.0,-12.0,36.0,69.0,0.0
13.0,-252.0,-16.0,37.0,71.0,1.0
15.0,-252.0,-12.0,32.0,71.0,-2.0
18.0,-254.0,-15.0,26.0,69.0,0.0
16.0,-256.0,-15.0,19.0,68.0,0.0
15.0,-257.0,-15.0,12.0,64.0,3.0
14.0,-254.0,-15.0,12.0,61.0,5.0
14.0,-256.0,-17.0,13.0,58.0,9.0
14.0,-257.0,-15.0,18.0,58.0,7.0
15.0,-256.0,-18.0,23.0,57.0,11.0
15.0,-258.0,-18.0,27.0,58.0,7.0
18.0,-257.0,-12.0,30.0,57.0,10.0
17.0,-255.0,-17.0,35.0,57.0,6.0
13.0,-253.0,-18.0,34.0,57.0,4.0
16.0,-258.0,-20.0,30.0,55.0,2.0
16.0,-254.0,-13.0,24.0,56.0,4.0
15.0,-254.0,-16.0,18.0,54.0,4.0
18.0,-254.0,-12.0,14.0,54.0,6.0
13.0,-254.0,-16.0,15.0,53.0,5.0
13.0,-259.0,-12.0,18.0,52.0,6.0
15.0,-256.0,-11.0,18.0,51.0,3.0
18.0,-262.0,-16.0,16.0,49.0,6.0
17.0,-259.0,-18.0,19.0,48.0,3.0
16.0,-260.0,-18.0,23.0,47.0,4.0
16.0,-260.0,-16.0,28.0,49.0,1.0
15.0,-258.0,-16.0,29.0,50.0,1.0
16.0,-259.0,-16.0,30.0,52.0,-2.0
17.0,-257.0,-22.0,29.0,53.0,1.0
16.0,-254.0,-23.0,28.0,54.0,0.0
17.0,-257.0,-19.0,23.0,56.0,5.0
14.0,-258.0,-21.0,17.0,56.0,4.0
16.0,-259.0,-17.0,12.0,60.0,10.0
16.0,-258.0,-16.0,15.0,59.0,9.0
17.0,-258.0,-21.0,18.0,59.0,9.0
10.0,-258.0,-17.0,17.0,59.0,5.0
14.0,-258.0,-16.0,14.0,58.0,5.0
15.0,-259.0,-19.0,10.0,57.0,2.0
13.0,-257.0,-19.0,9.0,57.0,7.0
13.0,-255.0,-14.0,11.0,58.0,7.0
14.0,-256.0,-18.0,14.0,58.0,9.0
16.0,-255.0,-19.0,17.0,59.0,6.0
15.0,-253.0,-18.0,15.0,60.0,7.0
14.0,-257.0,-19.0,5.0,58.0,6.0
12.0,-258.0,-15.0,-6.0,56.0,11.0
12.0,-254.0,-17.0,-13.0,56.0,12.0
13.0,-257.0,-17.0,-16.0,57.0,12.0
10.0,-257.0,-17.0,-13.0,58.0,8.0
15.0,-255.0,-18.0,-13.0,57.0,8.0
10.0,-257.0,-15.0,-11.0,57.0,7.0
13.0,-257.0,-15.0,-5.0,55.0,11.0
15.0,-256.0,-13.0,1.0,52.0,9.0
17.0,-258.0,-16.0,7.0,48.0,10.0
15.0,-253.0,-16.0,7.0,46.0,9.0
10.0,-253.0,-19.0,4.0,46.0,10.0
13.0,-255.0,-19.0,-6.0,47.0,10.0
12.0,-258.0,-21.0,-21.0,46.0,12.0
12.0,-255.0,-13.0,-34.0,48.0,10.0
14.0,-257.0,-10.0,-38.0,46.0,11.0
14.0,-258.0,-10.0,-29.0,45.0,7.0
13.0,-258.0,-11.0,-15.0,45.0,7.0
16.0,-258.0,-14.0,0.0,45.0,5.0
14.0,-255.0,-11.0,11.0,46.0,4.0
16.0,-256.0,-15.0,16.0,48.0,2.0
13.0,-251.0,-15.0,16.0,50.0,4.0
14.0,-252.0,-19.0,8.0,52.0,2.0
12.0,-252.0,-20.0,-6.0,55.0,4.0
14.0,-251.0,-20.0,-25.0,59.0,5.0
11.0,-256.0,-17.0,-40.0,63.0,10.0
12.0,-256.0,-14.0,-48.0,65.0,10.0
12.0,-254.0,-11.0,-47.0,64.0,10.0
14.0,-255.0,-12.0,-40.0,63.0,6.0
14.0,-257.0,-5.0,-28.0,61.0,3.0
14.0,-258.0,-9.0,-20.0,58.0,1.0
14.0,-255.0,-10.0,-12.0,55.0,1.0
11.0,-255.0,-10.0,-7.0,52.0,-1.0
17.0,-255.0,-9.0,-4.0,52.0,0.0
13.0,-253.0,-11.0,-1.0,51.0,-1.0
15.0,-254.0,-13.0,-2.0,51.0,0.0
13.0,-254.0,-16.0,-6.0,52.0,0.0
13.0,-252.0,-11.0,-13.0,53.0,1.0
17.0,-256.0,-10.0,-20.0,55.0,1.0
13.0,-253.0,-7.0,-21.0,56.0,-1.0
15.0,-255.0,-8.0,-18.0,53.0,-3.0
13.0,-255.0,-10.0,-13.0,52.0,-5.0
14.0,-254.0,-11.0,-6.0,52.0,-6.0
14.0,-252.0,-12.0,-2.0,53.0,-5.0
13.0,-254.0,-8.0,-2.0,53.0,-5.0
16.0,-256.0,-11.0,-4.0,53.0,-3.0
15.0,-255.0,-15.0,-6.0,53.0,-2.0
14.0,-254.0,-13.0,-7.0,53.0,-3.0
12.0,-253.0,-13.0,-6.0,51.0,-4.0
15.0,-254.0,-14.0,-8.0,50.0,-3.0
15.0,-257.0,-11.0,-7.0,50.0,-4.0
12.0,-256.0,-12.0,-5.0,51.0,-5.0
12.0,-256.0,-9.0,2.0,50.0,-8.0
18.0,-256.0,-16.0,9.0,50.0,-10.0
11.0,-254.0,-16.0,10.0,52.0,-14.0
15.0,-255.0,-17.0,6.0,54.0,-14.0
13.0,-251.0,-14.0,-1.0,55.0,-13.0
14.0,-253.0,-14.0,-9.0,55.0,-13.0
14.0,-253.0,-17.0,-10.0,54.0,-12.0
14.0,-251.0,-15.0,-12.0,55.0,-12.0
17.0,-256.0,-15.0,-10.0,56.0,-12.0
11.0,-256.0,-12.0,-9.0,56.0,-11.0
13.0,-258.0,-17.0,-4.0,55.0,-11.0
11.0,-256.0,-13.0,-3.0,54.0,-11.0
13.0,-256.0,-14.0,-2.0,53.0,-9.0
16.0,-257.0,-14.0,-2.0,51.0,-6.0
14.0,-255.0,-18.0,-3.0,49.0,-10.0
14.0,-255.0,-17.0,-2.0,44.0,-14.0
16.0,-255.0,-14.0,-2.0,41.0,-15.0
14.0,-256.0,-20.0,-3.0,38.0,-12.0
16.0,-255.0,-16.0,-3.0,39.0,-8.0
11.0,-255.0,-17.0,-4.0,42.0,-8.0
13.0,-254.0,-17.0,-10.0,45.0,-8.0
16.0,-258.0,-12.0,-15.0,45.0,-8.0
17.0,-258.0,-11.0,-18.0,42.0,-9.0
13.0,-258.0,-14.0,-18.0,45.0,-9.0
15.0,-259.0,-16.0,-15.0,46.0,-8.0
15.0,-258.0,-15.0,-13.0,50.0,-8.0
17.0,-257.0,-18.0,-13.0,53.0,-9.0
17.0,-256.0,-14.0,-14.0,57.0,-11.0
15.0,-258.0,-19.0,-18.0,60.0,-12.0
15.0,-255.0,-18.0,-25.0,64.0,-14.0
16.0,-256.0,-20.0,-33.0,65.0,-13.0
13.0,-256.0,-20.0,-41.0,69.0,-12.0
15.0,-259.0,-16.0,-45.0,69.0,-10.0
15.0,-260.0,-15.0,-45.0,69.0,-7.0
14.0,-259.0,-20.0,-41.0,65.0,-7.0
14.0,-260.0,-16.0,-35.0,62.0,-8.0
15.0,-258.0,-14.0,-30.0,57.0,-8.0
13.0,-258.0,-18.0,-23.0,52.0,-9.0
12.0,-257.0,-16.0,-21.0,48.0,-9.0
13.0,-256.0,-17.0,-22.0,50.0,-8.0
13.0,-257.0,-15.0,-27.0,51.0,-7.0
16.0,-255.0,-17.0,-34.0,58.0,-6.0
16.0,-257.0,-18.0,-39.0,62.0,-9.0
14.0,-257.0,-14.0,-42.0,66.0,-9.0
15.0,-258.0,-17.0,-46.0,74.0,-12.0
17.0,-259.0,-20.0,-46.0,75.0,-15.0
18.0,-257.0,-15.0,-47.0,77.0,-16.0
18.0,-258.0,-14.0,-44.0,78.0,-19.0
19.0,-258.0,-16.0,-40.0,78.0,-20.0
19.0,-258.0,-17.0,-38.0,79.0,-24.0
16.0,-255.0,-22.0,-40.0,82.0,-27.0
17.0,-255.0,-19.0,-43.0,84.0,-30.0
14.0,-254.0,-23.0,-53.0,83.0,-36.0
18.0,-258.0,-22.0,-67.0,84.0,-39.0
13.0,-258.0,-20.0,-81.0,85.0,-40.0
15.0,-254.0,-21.0,-89.0,84.0,-41.0
14.0,-254.0,-20.0,-93.0,85.0,-41.0
14.0,-253.0,-21.0,-95.0,85.0,-38.0
16.0,-258.0,-18.0,-95.0,82.0,-33.0
12.0,-255.0,-17.0,-94.0,77.0,-30.0
13.0,-258.0,-16.0,-91.0,75.0,-25.0
16.0,-259.0,-16.0,-87.0,68.0,-22.0
15.0,-257.0,-15.0,-86.0,62.0,-20.0
14.0,-259.0,-16.0,-84.0,53.0,-20.0
12.0,-259.0,-16.0,-81.0,41.0,-18.0
12.0,-260.0,-14.0,-80.0,35.0,-18.0
14.0,-257.0,-16.0,-77.0,29.0,-16.0
16.0,-254.0,-12.0,-73.0,25.0,-17.0
14.0,-255.0,-13.0,-72.0,26.0,-15.0
17.0,-254.0,-15.0,-73.0,28.0,-15.0
15.0,-251.0,-17.0,-76.0,32.0,-12.0
17.0,-253.0,-15.0,-80.0,37.0,-10.0
18.0,-250.0,-21.0,-84.0,46.0,-7.0
16.0,-250.0,-16.0,-88.0,54.0,-5.0
19.0,-251.0,-16.0,-88.0,58.0,-2.0
18.0,-251.0,-17.0,-89.0,60.0,-3.0
15.0,-253.0,-16.0,-95.0,60.0,-2.0
13.0,-250.0,-18.0,-101.0,58.0,-3.0
16.0,-257.0,-18.0,-104.0,55.0,-2.0
19.0,-255.0,-12.0,-102.0,53.0,-3.0
14.0,-253.0,-15.0,-98.0,49.0,-1.0
14.0,-251.0,-13.0,-89.0,47.0,-1.0
16.0,-253.0,-18.0,-79.0,45.0,2.0
14.0,-253.0,-13.0,-75.0,43.0,3.0
13.0,-250.0,-21.0,-72.0,43.0,7.0
15.0,-250.0,-16.0,-75.0,42.0,8.0
14.0,-250.0,-18.0,-81.0,43.0,12.0
13.0,-250.0,-16.0,-84.0,43.0,12.0
12.0,-251.0,-13.0,-82.0,41.0,12.0
14.0,-250.0,-14.0,-79.0,42.0,10.0
18.0,-253.0,-14.0,-74.0,41.0,7.0
21.0,-252.0,-16.0,-67.0,41.0,4.0
19.0,-250.0,-13.0,-63.0,43.0,3.0
16.0,-250.0,-15.0,-61.0,44.0,3.0
16.0,-249.0,-19.0,-61.0,45.0,4.0
16.0,-249.0,-14.0,-61.0,46.0,2.0
15.0,-247.0,-18.0,-63.0,48.0,5.0
17.0,-253.0,-21.0,-65.0,47.0,3.0
17.0,-252.0,-21.0,-65.0,47.0,4.0
17.0,-252.0,-17.0,-65.0,49.0,2.0
15.0,-255.0,-14.0,-64.0,50.0,3.0
16.0,-255.0,-18.0,-64.0,48.0,3.0
14.0,-254.0,-17.0,-60.0,46.0,4.0
14.0,-254.0,-17.0,-53.0,45.0,0.0
13.0,-253.0,-15.0,-47.0,44.0,0.0
16.0,-250.0,-17.0,-39.0,44.0,-2.0
15.0,-253.0,-22.0,-35.0,43.0,2.0
13.0,-250.0,-19.0,-33.0,43.0,0.0
17.0,-255.0,-20.0,-34.0,45.0,2.0
18.0,-253.0,-24.0,-37.0,47.0,0.0
16.0,-256.0,-23.0,-39.0,47.0,3.0
15.0,-256.0,-20.0,-38.0,48.0,1.0
13.0,-254.0,-23.0,-40.0,43.0,1.0
11.0,-253.0,-21.0,-42.0,38.0,-1.0
9.0,-252.0,-24.0,-42.0,32.0,2.0
9.0,-254.0,-23.0,-44.0,24.0,2.0
12.0,-254.0,-25.0,-49.0,16.0,3.0
11.0,-256.0,-26.0,-52.0,8.0,-1.0
11.0,-253.0,-25.0,-51.0,0.0,1.0
12.0,-257.0,-28.0,-51.0,-10.0,2.0
15.0,-259.0,-29.0,-55.0,-19.0,5.0
12.0,-262.0,-26.0,-60.0,-30.0,4.0
15.0,-263.0,-31.0,-66.0,-42.0,6.0
13.0,-269.0,-30.0,-77.0,-52.0,0.0
14.0,-269.0,-28.0,-87.0,-61.0,0.0
13.0,-274.0,-34.0,-99.0,-69.0,-2.0
14.0,-273.0,-37.0,-111.0,-77.0,-2.0
18.0,-276.0,-42.0,-124.0,-80.0,-2.0
25.0,-279.0,-44.0,-138.0,-82.0,0.0
26.0,-282.0,-47.0,-151.0,-76.0,1.0
27.0,-280.0,-51.0,-165.0,-67.0,4.0
28.0,-286.0,-52.0,-181.0,-51.0,2.0
29.0,-287.0,-50.0,-197.0,-28.0,2.0
23.0,-286.0,-56.0,-214.0,-9.0,-3.0
19.0,-288.0,-52.0,-242.0,8.0,-4.0
16.0,-292.0,-54.0,-270.0,20.0,-6.0
16.0,-294.0,-47.0,-297.0,31.0,-2.0
11.0,-295.0,-44.0,-316.0,37.0,-2.0
4.0,-290.0,-40.0,-326.0,41.0,2.0
2.0,-290.0,-43.0,-334.0,42.0,5.0
5.0,-287.0,-44.0,-343.0,38.0,15.0
3.0,-289.0,-40.0,-357.0,28.0,21.0
1.0,-288.0,-34.0,-378.0,14.0,33.0
4.0,-287.0,-34.0,-392.0,-1.0,40.0
1.0,-288.0,-68.0,-407.0,-15.0,46.0
14.0,-288.0,-38.0,-424.0,-21.0,49.0
14.0,-287.0,-36.0,-438.0,-21.0,57.0
22.0,-286.0,-45.0,-452.0,-11.0,62.0
25.0,-289.0,-44.0,-465.0,2.0,69.0
23.0,-287.0,-41.0,-480.0,19.0,73.0
18.0,-288.0,-48.0,-488.0,38.0,81.0
18.0,-287.0,-39.0,-497.0,55.0,82.0
17.0,-284.0,-46.0,-505.0,66.0,84.0
15.0,-281.0,-43.0,-518.0,72.0,79.0
13.0,-277.0,-47.0,-536.0,76.0,79.0
13.0,-279.0,-47.0,-560.0,78.0,76.0
14.0,-280.0,-50.0,-581.0,78.0,76.0
14.0,-277.0,-50.0,-598.0,78.0,70.0
13.0,-275.0,-51.0,-615.0,83.0,70.0
14.0,-278.0,-57.0,-632.0,90.0,61.0
18.0,-277.0,-54.0,-647.0,90.0,56.0
16.0,-273.0,-49.0,-670.0,88.0,48.0
17.0,-275.0,-50.0,-687.0,84.0,43.0
19.0,-280.0,-51.0,-701.0,83.0,34.0
18.0,-273.0,-55.0,-712.0,82.0,31.0
20.0,-273.0,-58.0,-724.0,83.0,25.0
23.0,-277.0,-58.0,-729.0,87.0,28.0
22.0,-276.0,-63.0,-734.0,92.0,22.0
27.0,-278.0,-61.0,-742.0,92.0,17.0
24.0,-279.0,-67.0,-754.0,94.0,9.0
21.0,-278.0,-65.0,-765.0,98.0,2.0
14.0,-281.0,-66.0,-777.0,104.0,-5.0
13.0,-278.0,-69.0,-788.0,110.0,-7.0
6.0,-279.0,-69.0,-804.0,114.0,-17.0
5.0,-275.0,-74.0,-824.0,128.0,-17.0
5.0,-276.0,-77.0,-843.0,141.0,-18.0
5.0,-279.0,-74.0,-861.0,155.0,-9.0
6.0,-278.0,-78.0,-871.0,167.0,-3.0
13.0,-275.0,-81.0,-876.0,168.0,11.0
14.0,-273.0,-82.0,-877.0,175.0,24.0
16.0,-273.0,-81.0,-877.0,178.0,37.0
19.0,-269.0,-86.0,-890.0,187.0,39.0
19.0,-270.0,-87.0,-907.0,200.0,44.0
14.0,-264.0,-86.0,-926.0,217.0,40.0
14.0,-263.0,-85.0,-946.0,233.0,41.0
14.0,-262.0,-87.0,-970.0,254.0,43.0
14.0,-263.0,-83.0,-993.0,273.0,48.0
11.0,-261.0,-77.0,-1011.0,283.0,47.0
9.0,-263.0,-82.0,-1017.0,286.0,53.0
4.0,-262.0,-83.0,-1018.0,277.0,53.0
3.0,-261.0,-83.0,-1007.0,261.0,59.0
7.0,-261.0,-85.0,-997.0,248.0,63.0
9.0,-262.0,-83.0,-989.0,238.0,74.0
11.0,-260.0,-82.0,-981.0,232.0,80.0
14.0,-260.0,-75.0,-964.0,229.0,88.0
9.0,-257.0,-71.0,-937.0,226.0,86.0
17.0,-256.0,-72.0,-902.0,222.0,91.0
15.0,-254.0,-74.0,-869.0,221.0,89.0
14.0,-250.0,-68.0,-844.0,222.0,92.0
18.0,-251.0,-71.0,-825.0,228.0,91.0
21.0,-251.0,-71.0,-806.0,236.0,92.0
21.0,-247.0,-73.0,-789.0,245.0,88.0
25.0,-250.0,-75.0,-767.0,258.0,86.0
22.0,-246.0,-76.0,-744.0,271.0,79.0
29.0,-250.0,-74.0,-724.0,286.0,76.0
26.0,-251.0,-78.0,-705.0,301.0,65.0
21.0,-252.0,-79.0,-682.0,307.0,55.0
19.0,-252.0,-85.0,-657.0,306.0,38.0
17.0,-251.0,-87.0,-624.0,305.0,26.0
14.0,-247.0,-93.0,-594.0,292.0,5.0
11.0,-248.0,-93.0,-559.0,279.0,0.0
18.0,-244.0,-96.0,-535.0,262.0,-11.0
10.0,-244.0,-100.0,-520.0,242.0,-22.0
15.0,-240.0,-106.0,-507.0,228.0,-30.0
15.0,-243.0,-106.0,-498.0,228.0,-31.0
16.0,-240.0,-111.0,-493.0,231.0,-35.0
20.0,-240.0,-107.0,-488.0,237.0,-33.0
18.0,-242.0,-106.0,-486.0,241.0,-42.0
17.0,-241.0,-108.0,-484.0,242.0,-46.0
11.0,-238.0,-105.0,-476.0,240.0,-52.0
13.0,-241.0,-102.0,-468.0,233.0,-46.0
17.0,-244.0,-100.0,-460.0,226.0,-43.0
14.0,-243.0,-104.0,-451.0,227.0,-38.0
11.0,-245.0,-105.0,-448.0,227.0,-44.0
17.0,-245.0,-112.0,-443.0,222.0,-43.0
14.0,-241.0,-106.0,-435.0,220.0,-48.0
18.0,-245.0,-108.0,-422.0,215.0,-43.0
13.0,-246.0,-113.0,-408.0,210.0,-48.0
11.0,-243.0,-115.0,-397.0,206.0,-42.0
12.0,-242.0,-113.0,-392.0,195.0,-42.0
13.0,-244.0,-111.0,-387.0,180.0,-37.0
11.0,-242.0,-114.0,-382.0,164.0,-36.0
11.0,-237.0,-117.0,-380.0,149.0,-36.0
11.0,-237.0,-116.0,-387.0,134.0,-42.0
11.0,-237.0,-116.0,-390.0,123.0,-41.0
10.0,-241.0,-117.0,-393.0,113.0,-45.0
16.0,-240.0,-118.0,-396.0,106.0,-44.0
17.0,-245.0,-121.0,-400.0,98.0,-47.0
13.0,-248.0,-121.0,-401.0,86.0,-48.0
15.0,-243.0,-120.0,-384.0,70.0,-53.0
15.0,-245.0,-122.0,-372.0,62.0,-53.0
12.0,-245.0,-123.0,-354.0,55.0,-53.0
13.0,-244.0,-123.0,-330.0,50.0,-46.0
12.0,-244.0,-119.0,-305.0,44.0,-42.0
11.0,-239.0,-120.0,-282.0,44.0,-32.0
12.0,-240.0,-119.0,-264.0,48.0,-29.0
11.0,-238.0,-118.0,-250.0,49.0,-25.0
18.0,-237.0,-121.0,-240.0,46.0,-26.0
11.0,-233.0,-117.0,-241.0,51.0,-24.0
16.0,-236.0,-118.0,-242.0,62.0,-20.0
17.0,-234.0,-124.0,-241.0,66.0,-17.0
12.0,-234.0,-119.0,-238.0,64.0,-20.0
17.0,-237.0,-116.0,-239.0,64.0,-19.0
9.0,-237.0,-117.0,-241.0,63.0,-24.0
15.0,-237.0,-120.0,-244.0,56.0,-21.0
10.0,-236.0,-120.0,-250.0,51.0,-27.0
17.0,-235.0,-120.0,-254.0,48.0,-27.0
14.0,-241.0,-126.0,-258.0,55.0,-31.0
11.0,-242.0,-127.0,-258.0,68.0,-29.0
11.0,-240.0,-123.0,-256.0,73.0,-31.0
9.0,-239.0,-123.0,-260.0,66.0,-28.0
11.0,-238.0,-121.0,-260.0,53.0,-30.0
11.0,-238.0,-125.0,-257.0,52.0,-28.0
17.0,-240.0,-123.0,-254.0,58.0,-29.0
18.0,-237.0,-121.0,-250.0,58.0,-23.0
17.0,-238.0,-123.0,-244.0,61.0,-20.0
18.0,-238.0,-124.0,-236.0,58.0,-16.0
15.0,-239.0,-126.0,-222.0,46.0,-16.0
14.0,-238.0,-123.0,-210.0,35.0,-13.0
16.0,-236.0,-122.0,-201.0,27.0,-14.0
16.0,-235.0,-121.0,-194.0,26.0,-11.0
15.0,-234.0,-120.0,-191.0,22.0,-12.0
13.0,-236.0,-124.0,-190.0,22.0,-9.0
14.0,-230.0,-121.0,-190.0,23.0,-8.0
11.0,-228.0,-121.0,-189.0,25.0,-3.0
12.0,-227.0,-124.0,-191.0,24.0,-1.0
13.0,-223.0,-122.0,-199.0,19.0,5.0
7.0,-220.0,-124.0,-205.0,17.0,5.0
10.0,-224.0,-134.0,-216.0,16.0,8.0
8.0,-221.0,-128.0,-230.0,10.0,12.0
9.0,-226.0,-135.0,-242.0,6.0,18.0
8.0,-226.0,-132.0,-254.0,3.0,18.0
12.0,-229.0,-132.0,-264.0,-3.0,21.0
10.0,-229.0,-128.0,-267.0,3.0,23.0
12.0,-231.0,-131.0,-266.0,9.0,29.0
15.0,-235.0,-127.0,-258.0,16.0,31.0
21.0,-232.0,-127.0,-246.0,21.0,37.0
21.0,-232.0,-126.0,-233.0,32.0,31.0
16.0,-228.0,-125.0,-219.0,42.0,32.0
15.0,-222.0,-122.0,-209.0,49.0,32.0
14.0,-225.0,-122.0,-202.0,50.0,37.0
14.0,-224.0,-120.0,-194.0,52.0,37.0
12.0,-220.0,-125.0,-188.0,55.0,38.0
15.0,-220.0,-125.0,-185.0,60.0,33.0
11.0,-215.0,-128.0,-189.0,65.0,31.0
13.0,-214.0,-130.0,-197.0,72.0,25.0
15.0,-215.0,-136.0,-209.0,84.0,18.0
10.0,-219.0,-137.0,-230.0,93.0,10.0
11.0,-222.0,-130.0,-243.0,90.0,1.0
12.0,-222.0,-133.0,-246.0,86.0,-7.0
15.0,-228.0,-138.0,-247.0,78.0,-17.0
16.0,-232.0,-131.0,-238.0,69.0,-24.0
15.0,-232.0,-134.0,-221.0,62.0,-26.0
12.0,-237.0,-135.0,-201.0,55.0,-29.0
14.0,-237.0,-140.0,-182.0,44.0,-25.0
13.0,-238.0,-139.0,-153.0,43.0,-20.0
13.0,-235.0,-137.0,-128.0,41.0,-8.0
13.0,-235.0,-137.0,-102.0,41.0,0.0
12.0,-233.0,-136.0,-84.0,39.0,3.0
11.0,-233.0,-138.0,-68.0,39.0,0.0
10.0,-232.0,-140.0,-54.0,39.0,-1.0
9.0,-227.0,-144.0,-48.0,40.0,-10.0
11.0,-223.0,-142.0,-54.0,40.0,-12.0
14.0,-224.0,-142.0,-65.0,42.0,-20.0
13.0,-225.0,-141.0,-85.0,39.0,-23.0
11.0,-222.0,-138.0,-105.0,39.0,-25.0
11.0,-223.0,-144.0,-124.0,36.0,-21.0
10.0,-223.0,-144.0,-145.0,30.0,-16.0
10.0,-226.0,-147.0,-157.0,20.0,-7.0
12.0,-231.0,-144.0,-162.0,14.0,2.0
14.0,-231.0,-147.0,-157.0,8.0,11.0
16.0,-236.0,-143.0,-139.0,8.0,18.0
17.0,-233.0,-145.0,-121.0,14.0,25.0
20.0,-238.0,-145.0,-99.0,21.0,30.0
22.0,-239.0,-141.0,-78.0,29.0,37.0
18.0,-236.0,-145.0,-59.0,31.0,41.0
19.0,-236.0,-141.0,-39.0,27.0,43.0
20.0,-235.0,-140.0,-20.0,18.0,41.0
19.0,-233.0,-141.0,-8.0,7.0,38.0
21.0,-231.0,-139.0,-1.0,-4.0,31.0
22.0,-228.0,-137.0,5.0,-11.0,25.0
16.0,-226.0,-142.0,10.0,-12.0,18.0
22.0,-231.0,-141.0,14.0,-11.0,17.0
18.0,-224.0,-138.0,17.0,-7.0,19.0
17.0,-230.0,-145.0,15.0,1.0,18.0
14.0,-224.0,-145.0,12.0,4.0,14.0
14.0,-230.0,-138.0,10.0,4.0,13.0
8.0,-225.0,-138.0,16.0,2.0,14.0
14.0,-232.0,-138.0,25.0,5.0,14.0
16.0,-236.0,-139.0,41.0,4.0,17.0
15.0,-233.0,-136.0,60.0,4.0,18.0
16.0,-234.0,-140.0,84.0,10.0,14.0
14.0,-238.0,-135.0,108.0,15.0,14.0
15.0,-235.0,-134.0,129.0,18.0,15.0
14.0,-232.0,-137.0,149.0,16.0,19.0
12.0,-230.0,-133.0,166.0,11.0,20.0
14.0,-230.0,-131.0,176.0,2.0,26.0
14.0,-229.0,-134.0,190.0,-5.0,29.0
13.0,-226.0,-133.0,202.0,-10.0,30.0
14.0,-226.0,-135.0,213.0,-10.0,30.0
18.0,-227.0,-135.0,226.0,-10.0,32.0
17.0,-227.0,-135.0,235.0,-3.0,29.0
19.0,-224.0,-131.0,242.0,6.0,23.0
20.0,-222.0,-134.0,248.0,18.0,17.0
18.0,-219.0,-130.0,249.0,30.0,11.0
18.0,-224.0,-129.0,250.0,39.0,3.0
23.0,-222.0,-131.0,250.0,34.0,-6.0
18.0,-227.0,-131.0,252.0,26.0,-10.0
18.0,-224.0,-131.0,263.0,19.0,-13.0
17.0,-226.0,-128.0,280.0,13.0,-14.0
18.0,-228.0,-129.0,300.0,4.0,-14.0
17.0,-231.0,-130.0,320.0,-2.0,-15.0
18.0,-229.0,-130.0,337.0,-8.0,-11.0
14.0,-225.0,-126.0,347.0,-11.0,-7.0
13.0,-225.0,-128.0,349.0,-13.0,0.0
14.0,-223.0,-123.0,349.0,-8.0,6.0
15.0,-220.0,-120.0,347.0,1.0,12.0
17.0,-220.0,-123.0,345.0,10.0,16.0
14.0,-214.0,-121.0,334.0,24.0,19.0
15.0,-214.0,-119.0,319.0,40.0,22.0
12.0,-219.0,-117.0,305.0,51.0,26.0
14.0,-213.0,-118.0,293.0,58.0,29.0
12.0,-212.0,-119.0,280.0,60.0,30.0
15.0,-216.0,-121.0,271.0,59.0,25.0
16.0,-217.0,-120.0,267.0,56.0,20.0
16.0,-214.0,-118.0,266.0,56.0,11.0
16.0,-213.0,-117.0,274.0,56.0,7.0
21.0,-215.0,-115.0,285.0,56.0,3.0
18.0,-214.0,-116.0,301.0,56.0,-4.0
15.0,-212.0,-111.0,321.0,56.0,-8.0
18.0,-215.0,-114.0,339.0,59.0,-11.0
13.0,-213.0,-113.0,363.0,60.0,-12.0
10.0,-214.0,-108.0,385.0,55.0,-12.0
6.0,-212.0,-108.0,405.0,48.0,-8.0
5.0,-209.0,-111.0,423.0,40.0,-4.0
3.0,-212.0,-109.0,434.0,26.0,6.0
2.0,-211.0,-109.0,443.0,13.0,18.0
4.0,-213.0,-111.0,443.0,4.0,28.0
3.0,-211.0,-106.0,443.0,1.0,31.0
5.0,-213.0,-103.0,446.0,3.0,35.0
2.0,-212.0,-106.0,444.0,10.0,37.0
4.0,-212.0,-109.0,443.0,15.0,41.0
6.0,-213.0,-105.0,443.0,26.0,43.0
6.0,-212.0,-102.0,447.0,35.0,41.0
11.0,-213.0,-104.0,454.0,41.0,41.0
10.0,-212.0,-105.0,462.0,47.0,39.0
10.0,-207.0,-98.0,474.0,48.0,37.0
12.0,-210.0,-95.0,483.0,48.0,35.0
15.0,-211.0,-98.0,489.0,47.0,29.0
17.0,-210.0,-96.0,497.0,44.0,25.0
15.0,-209.0,-99.0,506.0,43.0,19.0
16.0,-210.0,-95.0,506.0,40.0,13.0
17.0,-210.0,-97.0,501.0,36.0,4.0
14.0,-210.0,-99.0,490.0,29.0,0.0
13.0,-210.0,-102.0,474.0,29.0,-3.0
12.0,-214.0,-103.0,459.0,28.0,-2.0
10.0,-213.0,-101.0,455.0,31.0,-4.0
6.0,-216.0,-100.0,463.0,34.0,-4.0
5.0,-219.0,-100.0,481.0,34.0,-2.0
7.0,-224.0,-103.0,495.0,42.0,5.0
4.0,-224.0,-101.0,502.0,51.0,7.0
4.0,-226.0,-101.0,506.0,57.0,8.0
2.0,-222.0,-103.0,509.0,62.0,6.0
4.0,-227.0,-100.0,508.0,65.0,6.0
5.0,-225.0,-102.0,497.0,66.0,8.0
5.0,-222.0,-104.0,482.0,69.0,8.0
9.0,-224.0,-99.0,463.0,70.0,7.0
11.0,-225.0,-95.0,448.0,70.0,9.0
13.0,-225.0,-92.0,432.0,73.0,6.0
11.0,-225.0,-92.0,426.0,73.0,5.0
14.0,-231.0,-90.0,428.0,71.0,2.0
12.0,-229.0,-89.0,427.0,64.0,0.0
12.0,-230.0,-88.0,429.0,59.0,-3.0
15.0,-232.0,-96.0,429.0,49.0,0.0
15.0,-230.0,-100.0,425.0,39.0,5.0
13.0,-231.0,-101.0,412.0,34.0,6.0
14.0,-234.0,-104.0,390.0,34.0,4.0
15.0,-233.0,-98.0,375.0,48.0,4.0
9.0,-234.0,-96.0,363.0,63.0,0.0
9.0,-231.0,-94.0,353.0,74.0,4.0
8.0,-233.0,-90.0,342.0,78.0,7.0
7.0,-236.0,-83.0,335.0,79.0,10.0
5.0,-237.0,-86.0,337.0,79.0,6.0
5.0,-237.0,-89.0,345.0,77.0,8.0
3.0,-237.0,-91.0,356.0,73.0,8.0
0.0,-235.0,-89.0,364.0,64.0,12.0
2.0,-238.0,-91.0,363.0,53.0,11.0
4.0,-235.0,-93.0,357.0,45.0,10.0
3.0,-235.0,-95.0,347.0,47.0,6.0
2.0,-236.0,-90.0,319.0,52.0,10.0
8.0,-234.0,-89.0,289.0,57.0,2.0
5.0,-232.0,-82.0,274.0,58.0,-7.0
4.0,-232.0,-80.0,280.0,62.0,-8.0
5.0,-235.0,-80.0,284.0,72.0,-5.0
8.0,-234.0,-84.0,285.0,74.0,-8.0
12.0,-234.0,-85.0,293.0,66.0,-7.0
10.0,-239.0,-81.0,291.0,62.0,-10.0
9.0,-239.0,-82.0,284.0,58.0,-7.0
9.0,-238.0,-81.0,279.0,56.0,-7.0
10.0,-242.0,-84.0,279.0,56.0,-5.0
9.0,-237.0,-77.0,281.0,58.0,-5.0
14.0,-238.0,-79.0,287.0,62.0,8.0
11.0,-236.0,-77.0,299.0,64.0,9.0
10.0,-233.0,-80.0,308.0,72.0,3.0
9.0,-234.0,-79.0,312.0,78.0,-6.0
7.0,-228.0,-77.0,301.0,91.0,-3.0
11.0,-231.0,-77.0,284.0,103.0,-10.0
6.0,-226.0,-76.0,271.0,112.0,-11.0
11.0,-232.0,-79.0,258.0,121.0,-12.0
12.0,-231.0,-81.0,247.0,133.0,-16.0
6.0,-229.0,-80.0,236.0,145.0,-23.0
7.0,-228.0,-81.0,226.0,148.0,-23.0
6.0,-224.0,-76.0,207.0,138.0,-18.0
10.0,-224.0,-75.0,198.0,128.0,-17.0
6.0,-229.0,-71.0,202.0,119.0,-22.0
7.0,-229.0,-71.0,216.0,112.0,-28.0
0.0,-229.0,-74.0,234.0,109.0,-34.0
-1.0,-228.0,-74.0,254.0,105.0,-35.0
-3.0,-226.0,-78.0,265.0,101.0,-37.0
-5.0,-225.0,-77.0,258.0,99.0,-34.0
-7.0,-225.0,-76.0,243.0,96.0,-36.0
-7.0,-225.0,-73.0,226.0,93.0,-34.0
-2.0,-226.0,-74.0,211.0,89.0,-34.0
-1.0,-228.0,-75.0,198.0,85.0,-29.0
0.0,-229.0,-71.0,191.0,91.0,-28.0
-1.0,-227.0,-72.0,186.0,101.0,-26.0
3.0,-229.0,-71.0,190.0,107.0,-29.0
1.0,-231.0,-71.0,199.0,107.0,-30.0
0.0,-225.0,-65.0,198.0,103.0,-37.0
5.0,-229.0,-74.0,207.0,93.0,-40.0
-2.0,-229.0,-64.0,209.0,98.0,-51.0
2.0,-229.0,-67.0,230.0,93.0,-47.0
5.0,-223.0,-69.0,243.0,90.0,-48.0
6.0,-223.0,-76.0,253.0,97.0,-48.0
1.0,-225.0,-77.0,248.0,109.0,-51.0
0.0,-223.0,-74.0,238.0,116.0,-53.0
1.0,-226.0,-73.0,236.0,113.0,-56.0
1.0,-223.0,-77.0,239.0,108.0,-54.0
3.0,-221.0,-75.0,241.0,109.0,-57.0
