18.0,-252.0,-27.0,-100.0,-14.0,4.0
20.0,-254.0,-25.0,-96.0,-17.0,4.0
23.0,-253.0,-27.0,-95.0,-19.0,2.0
24.0,-254.0,-28.0,-91.0,-21.0,2.0
21.0,-253.0,-29.0,-92.0,-22.0,2.0
21.0,-253.0,-27.0,-92.0,-23.0,4.0
25.0,-252.0,-32.0,-94.0,-24.0,4.0
22.0,-251.0,-28.0,-98.0,-23.0,4.0
20.0,-250.0,-28.0,-101.0,-23.0,4.0
20.0,-252.0,-27.0,-105.0,-23.0,5.0
19.0,-253.0,-32.0,-105.0,-22.0,5.0
21.0,-252.0,-30.0,-107.0,-21.0,6.0
18.0,-253.0,-27.0,-106.0,-21.0,5.0
18.0,-254.0,-30.0,-101.0,-20.0,6.0
18.0,-249.0,-28.0,-98.0,-22.0,6.0
27.0,-257.0,-33.0,-95.0,-25.0,6.0
25.0,-253.0,-28.0,-102.0,-21.0,16.0
17.0,-255.0,-31.0,-103.0,-18.0,10.0
19.0,-249.0,-36.0,-108.0,-23.0,3.0
23.0,-253.0,-31.0,-117.0,-27.0,4.0
20.0,-252.0,-33.0,-132.0,-29.0,4.0
21.0,-255.0,-33.0,-145.0,-28.0,3.0
25.0,-259.0,-36.0,-155.0,-29.0,3.0
20.0,-261.0,-37.0,-164.0,-34.0,-5.0
16.0,-257.0,-30.0,-172.0,-38.0,4.0
17.0,-256.0,-31.0,-165.0,-43.0,16.0
15.0,-253.0,-34.0,-151.0,-51.0,10.0
16.0,-252.0,-34.0,-138.0,-61.0,7.0
24.0,-254.0,-34.0,-130.0,-70.0,9.0
20.0,-257.0,-32.0,-130.0,-72.0,12.0
19.0,-256.0,-38.0,-137.0,-72.0,13.0
19.0,-250.0,-35.0,-140.0,-72.0,9.0
18.0,-255.0,-33.0,-146.0,-74.0,5.0
16.0,-259.0,-33.0,-154.0,-73.0,14.0
13.0,-256.0,-36.0,-163.0,-73.0,22.0
14.0,-251.0,-34.0,-167.0,-80.0,22.0
19.0,-248.0,-35.0,-165.0,-93.0,21.0
22.0,-251.0,-40.0,-157.0,-98.0,15.0
18.0,-254.0,-39.0,-152.0,-97.0,15.0
18.0,-259.0,-34.0,-160.0,-94.0,23.0
19.0,-259.0,-33.0,-165.0,-96.0,24.0
17.0,-255.0,-33.0,-158.0,-101.0,17.0
18.0,-256.0,-33.0,-151.0,-109.0,15.0
12.0,-260.0,-38.0,-141.0,-113.0,19.0
15.0,-257.0,-35.0,-134.0,-114.0,27.0
17.0,-253.0,-37.0,-122.0,-118.0,23.0
19.0,-253.0,-37.0,-107.0,-124.0,16.0
21.0,-252.0,-36.0,-95.0,-122.0,14.0
19.0,-252.0,-37.0,-87.0,-114.0,11.0
19.0,-253.0,-37.0,-82.0,-107.0,9.0
17.0,-251.0,-36.0,-78.0,-100.0,5.0
21.0,-249.0,-34.0,-74.0,-95.0,4.0
18.0,-249.0,-33.0,-73.0,-90.0,5.0
17.0,-249.0,-43.0,-70.0,-88.0,4.0
19.0,-249.0,-30.0,-70.0,-90.0,4.0
21.0,-249.0,-32.0,-70.0,-94.0,9.0
24.0,-255.0,-30.0,-75.0,-100.0,8.0
13.0,-249.0,-31.0,-84.0,-105.0,1.0
18.0,-249.0,-32.0,-88.0,-104.0,8.0
20.0,-248.0,-32.0,-95.0,-104.0,15.0
15.0,-247.0,-30.0,-100.0,-102.0,21.0
17.0,-250.0,-36.0,-110.0,-105.0,22.0
14.0,-249.0,-34.0,-121.0,-109.0,21.0
7.0,-248.0,-33.0,-132.0,-114.0,18.0
0.0,-252.0,-40.0,-148.0,-115.0,18.0
-1.0,-253.0,-31.0,-166.0,-111.0,30.0
-7.0,-249.0,-33.0,-174.0,-112.0,26.0
11.0,-247.0,-34.0,-181.0,-123.0,18.0
18.0,-250.0,-36.0,-189.0,-127.0,8.0
26.0,-250.0,-41.0,-203.0,-119.0,-4.0
20.0,-253.0,-40.0,-224.0,-101.0,-22.0
17.0,-261.0,-38.0,-247.0,-85.0,-40.0
11.0,-259.0,-42.0,-277.0,-76.0,-63.0
12.0,-268.0,-40.0,-310.0,-76.0,-84.0
14.0,-269.0,-41.0,-343.0,-87.0,-109.0
28.0,-273.0,-51.0,-369.0,-101.0,-136.0
38.0,-271.0,-52.0,-385.0,-109.0,-168.0
45.0,-267.0,-65.0,-396.0,-93.0,-204.0
43.0,-261.0,-71.0,-415.0,-56.0,-228.0
43.0,-257.0,-70.0,-441.0,-4.0,-238.0
19.0,-247.0,-70.0,-459.0,46.0,-230.0
11.0,-240.0,-70.0,-462.0,77.0,-196.0
7.0,-241.0,-68.0,-450.0,84.0,-159.0
10.0,-242.0,-70.0,-433.0,76.0,-134.0
0.0,-238.0,-67.0,-415.0,59.0,-117.0
-10.0,-234.0,-63.0,-406.0,34.0,-90.0
-7.0,-236.0,-58.0,-406.0,-7.0,-65.0
7.0,-227.0,-66.0,-425.0,-55.0,-47.0
-1.0,-229.0,-72.0,-458.0,-99.0,-46.0
-4.0,-226.0,-71.0,-504.0,-137.0,-55.0
-12.0,-227.0,-72.0,-552.0,-165.0,-58.0
-15.0,-225.0,-72.0,-597.0,-192.0,-54.0
-6.0,-225.0,-77.0,-634.0,-210.0,-40.0
-2.0,-225.0,-76.0,-662.0,-216.0,-39.0
2.0,-226.0,-76.0,-684.0,-198.0,-40.0
9.0,-225.0,-79.0,-694.0,-179.0,-43.0
14.0,-226.0,-82.0,-701.0,-152.0,-45.0
23.0,-226.0,-98.0,-697.0,-127.0,-44.0
22.0,-226.0,-86.0,-691.0,-103.0,-50.0
25.0,-228.0,-88.0,-685.0,-79.0,-57.0
24.0,-231.0,-89.0,-683.0,-58.0,-55.0
25.0,-227.0,-94.0,-689.0,-40.0,-51.0
25.0,-230.0,-94.0,-693.0,-28.0,-47.0
24.0,-224.0,-99.0,-702.0,-22.0,-44.0
23.0,-220.0,-94.0,-711.0,-17.0,-35.0
22.0,-214.0,-94.0,-722.0,-11.0,-24.0
23.0,-209.0,-97.0,-736.0,-5.0,-19.0
15.0,-212.0,-83.0,-751.0,8.0,-11.0
19.0,-199.0,-91.0,-763.0,24.0,-5.0
17.0,-196.0,-79.0,-767.0,45.0,-1.0
16.0,-194.0,-83.0,-764.0,64.0,5.0
18.0,-186.0,-73.0,-756.0,83.0,13.0
17.0,-188.0,-70.0,-735.0,104.0,22.0
19.0,-186.0,-68.0,-704.0,127.0,32.0
17.0,-190.0,-64.0,-669.0,157.0,44.0
16.0,-189.0,-60.0,-637.0,181.0,54.0
10.0,-187.0,-59.0,-604.0,200.0,55.0
12.0,-186.0,-61.0,-574.0,208.0,66.0
13.0,-184.0,-59.0,-554.0,206.0,77.0
7.0,-180.0,-60.0,-543.0,194.0,89.0
7.0,-185.0,-66.0,-553.0,182.0,106.0
10.0,-185.0,-59.0,-579.0,171.0,117.0
11.0,-188.0,-64.0,-615.0,163.0,121.0
12.0,-192.0,-70.0,-649.0,162.0,123.0
10.0,-192.0,-68.0,-677.0,164.0,123.0
22.0,-196.0,-72.0,-691.0,170.0,125.0
26.0,-199.0,-80.0,-694.0,185.0,126.0
28.0,-203.0,-81.0,-685.0,197.0,124.0
26.0,-201.0,-85.0,-678.0,203.0,124.0
30.0,-198.0,-93.0,-675.0,208.0,132.0
24.0,-198.0,-98.0,-688.0,203.0,130.0
19.0,-190.0,-109.0,-712.0,192.0,133.0
15.0,-188.0,-104.0,-743.0,176.0,135.0
12.0,-190.0,-95.0,-766.0,152.0,136.0
8.0,-193.0,-96.0,-768.0,125.0,132.0
3.0,-198.0,-89.0,-743.0,98.0,122.0
-1.0,-201.0,-84.0,-696.0,76.0,106.0
-2.0,-207.0,-80.0,-632.0,48.0,92.0
-5.0,-209.0,-86.0,-557.0,20.0,80.0
-11.0,-209.0,-90.0,-487.0,-3.0,74.0
-12.0,-211.0,-102.0,-437.0,-18.0,75.0
-15.0,-208.0,-103.0,-413.0,-27.0,79.0
-15.0,-203.0,-109.0,-416.0,-30.0,78.0
-7.0,-202.0,-113.0,-439.0,-22.0,76.0
-6.0,-199.0,-111.0,-480.0,3.0,75.0
-3.0,-200.0,-104.0,-524.0,33.0,75.0
-1.0,-202.0,-96.0,-560.0,55.0,72.0
4.0,-203.0,-91.0,-570.0,69.0,73.0
5.0,-200.0,-81.0,-562.0,76.0,81.0
9.0,-205.0,-81.0,-546.0,75.0,92.0
13.0,-210.0,-78.0,-533.0,67.0,98.0
18.0,-209.0,-75.0,-519.0,53.0,101.0
26.0,-205.0,-78.0,-512.0,38.0,106.0
29.0,-205.0,-76.0,-513.0,24.0,110.0
28.0,-202.0,-73.0,-522.0,7.0,108.0
35.0,-208.0,-65.0,-533.0,-9.0,96.0
35.0,-207.0,-61.0,-540.0,-22.0,78.0
31.0,-212.0,-65.0,-539.0,-28.0,54.0
31.0,-211.0,-61.0,-541.0,-26.0,39.0
29.0,-217.0,-67.0,-544.0,-18.0,24.0
32.0,-217.0,-71.0,-562.0,-5.0,11.0
29.0,-214.0,-86.0,-596.0,9.0,-3.0
28.0,-211.0,-92.0,-637.0,28.0,-14.0
29.0,-211.0,-100.0,-686.0,47.0,-24.0
25.0,-209.0,-108.0,-741.0,73.0,-34.0
24.0,-203.0,-114.0,-788.0,99.0,-41.0
21.0,-206.0,-119.0,-827.0,125.0,-41.0
16.0,-208.0,-120.0,-845.0,149.0,-36.0
14.0,-206.0,-116.0,-838.0,169.0,-26.0
13.0,-207.0,-117.0,-807.0,185.0,-14.0
12.0,-209.0,-103.0,-757.0,193.0,-2.0
6.0,-210.0,-98.0,-693.0,190.0,15.0
5.0,-212.0,-89.0,-628.0,173.0,32.0
-2.0,-212.0,-82.0,-566.0,147.0,44.0
-5.0,-214.0,-82.0,-517.0,117.0,60.0
-5.0,-214.0,-83.0,-485.0,86.0,65.0
-4.0,-215.0,-80.0,-473.0,56.0,63.0
-5.0,-216.0,-77.0,-479.0,34.0,56.0
-4.0,-218.0,-83.0,-514.0,15.0,51.0
6.0,-222.0,-86.0,-561.0,-5.0,40.0
8.0,-223.0,-91.0,-618.0,-33.0,23.0
9.0,-224.0,-97.0,-671.0,-63.0,18.0
20.0,-233.0,-98.0,-726.0,-98.0,21.0
28.0,-223.0,-113.0,-770.0,-130.0,13.0
29.0,-225.0,-119.0,-790.0,-144.0,22.0
32.0,-227.0,-119.0,-793.0,-148.0,40.0
33.0,-233.0,-129.0,-779.0,-152.0,60.0
30.0,-234.0,-132.0,-748.0,-154.0,79.0
36.0,-234.0,-137.0,-709.0,-152.0,102.0
32.0,-230.0,-143.0,-659.0,-144.0,113.0
28.0,-230.0,-139.0,-608.0,-132.0,123.0
30.0,-229.0,-138.0,-569.0,-125.0,128.0
26.0,-227.0,-137.0,-549.0,-124.0,126.0
28.0,-228.0,-127.0,-547.0,-127.0,119.0
18.0,-220.0,-124.0,-563.0,-132.0,105.0
22.0,-222.0,-121.0,-585.0,-136.0,82.0
18.0,-228.0,-115.0,-615.0,-137.0,56.0
13.0,-226.0,-119.0,-642.0,-134.0,25.0
6.0,-229.0,-118.0,-672.0,-131.0,1.0
5.0,-231.0,-119.0,-709.0,-125.0,-15.0
9.0,-233.0,-118.0,-745.0,-115.0,-32.0
1.0,-237.0,-121.0,-783.0,-110.0,-38.0
7.0,-239.0,-121.0,-819.0,-114.0,-39.0
8.0,-244.0,-133.0,-849.0,-128.0,-40.0
5.0,-240.0,-136.0,-860.0,-147.0,-28.0
-2.0,-244.0,-143.0,-846.0,-174.0,-21.0
4.0,-242.0,-149.0,-805.0,-205.0,-12.0
0.0,-241.0,-149.0,-727.0,-231.0,11.0
0.0,-241.0,-159.0,-620.0,-252.0,38.0
3.0,-241.0,-160.0,-498.0,-260.0,61.0
-1.0,-237.0,-168.0,-377.0,-258.0,74.0
-7.0,-232.0,-168.0,-268.0,-253.0,90.0
-4.0,-225.0,-166.0,-184.0,-250.0,106.0
-1.0,-218.0,-159.0,-130.0,-255.0,117.0
-1.0,-215.0,-164.0,-114.0,-267.0,121.0
8.0,-208.0,-158.0,-131.0,-287.0,113.0
7.0,-202.0,-157.0,-190.0,-307.0,95.0
15.0,-200.0,-153.0,-287.0,-324.0,94.0
16.0,-199.0,-151.0,-401.0,-334.0,88.0
20.0,-200.0,-146.0,-521.0,-325.0,67.0
26.0,-207.0,-150.0,-638.0,-296.0,45.0
33.0,-212.0,-158.0,-752.0,-256.0,19.0
38.0,-218.0,-155.0,-864.0,-214.0,-10.0
44.0,-228.0,-158.0,-968.0,-169.0,-30.0
43.0,-237.0,-164.0,-1053.0,-127.0,-52.0
42.0,-244.0,-161.0,-1110.0,-105.0,-55.0
41.0,-249.0,-161.0,-1118.0,-100.0,-34.0
42.0,-258.0,-172.0,-1067.0,-108.0,2.0
29.0,-264.0,-179.0,-950.0,-128.0,31.0
18.0,-262.0,-183.0,-784.0,-155.0,62.0
8.0,-266.0,-183.0,-589.0,-180.0,84.0
0.0,-262.0,-191.0,-380.0,-194.0,99.0
-13.0,-258.0,-185.0,-203.0,-200.0,111.0
-15.0,-252.0,-187.0,-69.0,-201.0,121.0
-21.0,-245.0,-185.0,16.0,-195.0,115.0
-19.0,-233.0,-182.0,44.0,-179.0,108.0
-9.0,-225.0,-177.0,21.0,-160.0,88.0
-1.0,-219.0,-176.0,-42.0,-137.0,60.0
7.0,-213.0,-167.0,-131.0,-110.0,27.0
9.0,-209.0,-169.0,-224.0,-86.0,3.0
15.0,-211.0,-162.0,-316.0,-77.0,2.0
25.0,-214.0,-156.0,-369.0,-77.0,-2.0
29.0,-217.0,-155.0,-380.0,-86.0,-8.0
23.0,-223.0,-156.0,-350.0,-105.0,-3.0
30.0,-232.0,-163.0,-295.0,-131.0,12.0
30.0,-247.0,-165.0,-218.0,-162.0,14.0
25.0,-250.0,-175.0,-124.0,-188.0,17.0
16.0,-254.0,-170.0,-35.0,-202.0,2.0
18.0,-258.0,-185.0,61.0,-192.0,2.0
8.0,-258.0,-184.0,138.0,-161.0,19.0
7.0,-259.0,-185.0,204.0,-131.0,35.0
-2.0,-254.0,-185.0,251.0,-100.0,43.0
-11.0,-246.0,-185.0,280.0,-84.0,41.0
-18.0,-239.0,-191.0,301.0,-75.0,30.0
-17.0,-229.0,-192.0,282.0,-79.0,30.0
-11.0,-220.0,-191.0,229.0,-78.0,42.0
-16.0,-210.0,-189.0,163.0,-72.0,39.0
-9.0,-212.0,-184.0,102.0,-73.0,21.0
-5.0,-202.0,-182.0,43.0,-74.0,-8.0
3.0,-198.0,-181.0,-26.0,-80.0,-33.0
17.0,-203.0,-182.0,-93.0,-79.0,-46.0
20.0,-208.0,-183.0,-160.0,-69.0,-64.0
21.0,-204.0,-185.0,-230.0,-68.0,-76.0
28.0,-214.0,-181.0,-302.0,-68.0,-79.0
17.0,-212.0,-186.0,-362.0,-72.0,-77.0
16.0,-208.0,-187.0,-426.0,-93.0,-65.0
17.0,-206.0,-186.0,-498.0,-119.0,-53.0
19.0,-209.0,-185.0,-583.0,-135.0,-37.0
6.0,-206.0,-191.0,-661.0,-147.0,-40.0
18.0,-209.0,-189.0,-727.0,-168.0,-45.0
2.0,-203.0,-202.0,-785.0,-164.0,-62.0
1.0,-206.0,-197.0,-839.0,-169.0,-60.0
-3.0,-213.0,-202.0,-893.0,-180.0,-52.0
1.0,-206.0,-201.0,-954.0,-194.0,-57.0
0.0,-209.0,-204.0,-990.0,-192.0,-41.0
4.0,-205.0,-206.0,-1019.0,-175.0,-34.0
-1.0,-202.0,-199.0,-1044.0,-143.0,-42.0
8.0,-205.0,-203.0,-1076.0,-102.0,-37.0
14.0,-205.0,-204.0,-1107.0,-64.0,-45.0
5.0,-207.0,-208.0,-1135.0,-29.0,-65.0
-2.0,-218.0,-209.0,-1172.0,-18.0,-72.0
7.0,-200.0,-213.0,-1228.0,-32.0,-92.0
6.0,-206.0,-211.0,-1262.0,-40.0,-84.0
1.0,-208.0,-216.0,-1274.0,-51.0,-79.0
16.0,-215.0,-209.0,-1267.0,-74.0,-60.0
7.0,-214.0,-233.0,-1222.0,-87.0,-64.0
0.0,-213.0,-231.0,-1173.0,-61.0,-65.0
-4.0,-207.0,-232.0,-1137.0,-50.0,-64.0
3.0,-209.0,-243.0,-1117.0,-47.0,-51.0
-13.0,-218.0,-242.0,-1124.0,-39.0,-52.0
6.0,-199.0,-241.0,-1170.0,-37.0,-81.0
14.0,-200.0,-233.0,-1208.0,-13.0,-36.0
6.0,-196.0,-230.0,-1232.0,0.0,-51.0
1.0,-201.0,-221.0,-1251.0,1.0,-78.0
-2.0,-209.0,-218.0,-1267.0,-5.0,-77.0
1.0,-187.0,-225.0,-1311.0,-10.0,-109.0
-10.0,-194.0,-222.0,-1337.0,-6.0,-114.0
-7.0,-195.0,-230.0,-1371.0,-22.0,-85.0
-9.0,-192.0,-235.0,-1406.0,-28.0,-87.0
-3.0,-186.0,-230.0,-1427.0,-9.0,-117.0
-6.0,-196.0,-233.0,-1441.0,21.0,-125.0
3.0,-195.0,-226.0,-1442.0,21.0,-55.0
6.0,-192.0,-231.0,-1408.0,19.0,-84.0
0.0,-188.0,-240.0,-1363.0,23.0,-107.0
2.0,-184.0,-242.0,-1346.0,33.0,-116.0
-9.0,-190.0,-240.0,-1363.0,45.0,-91.0
-16.0,-189.0,-246.0,-1339.0,14.0,-85.0
-8.0,-191.0,-246.0,-1306.0,-32.0,-58.0
-2.0,-197.0,-254.0,-1304.0,-74.0,-29.0
-17.0,-242.0,-257.0,-1250.0,-106.0,-88.0
4.0,-194.0,-270.0,-1199.0,-123.0,-155.0
10.0,-204.0,-265.0,-1116.0,-121.0,-55.0
-5.0,-196.0,-269.0,-1017.0,-132.0,-100.0
-2.0,-195.0,-267.0,-901.0,-130.0,-129.0
-7.0,-190.0,-271.0,-791.0,-123.0,-132.0
2.0,-192.0,-260.0,-752.0,-120.0,-61.0
-14.0,-176.0,-269.0,-713.0,-138.0,-101.0
-16.0,-163.0,-263.0,-702.0,-158.0,-164.0
-13.0,-170.0,-264.0,-711.0,-166.0,-151.0
-16.0,-169.0,-260.0,-702.0,-191.0,-101.0
-23.0,-167.0,-266.0,-675.0,-223.0,-112.0
-24.0,-172.0,-265.0,-664.0,-242.0,-123.0
-16.0,-178.0,-267.0,-679.0,-255.0,-70.0
-24.0,-166.0,-272.0,-666.0,-260.0,-116.0
-26.0,-174.0,-270.0,-610.0,-242.0,-160.0
-21.0,-174.0,-268.0,-553.0,-232.0,-181.0
-3.0,-182.0,-269.0,-522.0,-227.0,-141.0
-8.0,-166.0,-273.0,-496.0,-231.0,-177.0
-7.0,-168.0,-276.0,-446.0,-220.0,-210.0
2.0,-179.0,-263.0,-402.0,-216.0,-207.0
7.0,-182.0,-258.0,-365.0,-217.0,-204.0
8.0,-182.0,-252.0,-326.0,-228.0,-196.0
9.0,-176.0,-256.0,-273.0,-249.0,-191.0
10.0,-174.0,-250.0,-207.0,-271.0,-187.0
9.0,-168.0,-251.0,-136.0,-287.0,-182.0
0.0,-166.0,-258.0,-72.0,-300.0,-180.0
-2.0,-158.0,-261.0,-31.0,-307.0,-175.0
-8.0,-151.0,-261.0,-17.0,-306.0,-171.0
-8.0,-149.0,-262.0,-26.0,-297.0,-171.0
-10.0,-150.0,-268.0,-45.0,-283.0,-168.0
-12.0,-151.0,-272.0,-71.0,-266.0,-167.0
-5.0,-151.0,-272.0,-96.0,-245.0,-169.0
-3.0,-152.0,-272.0,-112.0,-215.0,-169.0
-5.0,-155.0,-274.0,-126.0,-176.0,-172.0
1.0,-153.0,-272.0,-143.0,-141.0,-173.0
-19.0,-151.0,-275.0,-163.0,-102.0,-168.0
9.0,-149.0,-268.0,-217.0,-67.0,-99.0
31.0,-205.0,-276.0,-233.0,-57.0,-141.0
0.0,-122.0,-271.0,-283.0,-39.0,-215.0
13.0,-139.0,-266.0,-288.0,-17.0,-140.0
-15.0,-143.0,-252.0,-266.0,-13.0,-125.0
-10.0,-153.0,-246.0,-256.0,-36.0,-104.0
-17.0,-160.0,-241.0,-252.0,-67.0,-94.0
-27.0,-156.0,-220.0,-251.0,-97.0,-78.0
-35.0,-148.0,-221.0,-224.0,-136.0,-86.0
-31.0,-141.0,-226.0,-188.0,-174.0,-91.0
-30.0,-139.0,-232.0,-160.0,-200.0,-91.0
-25.0,-137.0,-238.0,-149.0,-210.0,-86.0
-21.0,-134.0,-248.0,-162.0,-211.0,-83.0
-15.0,-136.0,-256.0,-190.0,-202.0,-77.0
-14.0,-143.0,-260.0,-226.0,-190.0,-70.0
-28.0,-150.0,-279.0,-263.0,-176.0,-67.0
-3.0,-148.0,-263.0,-346.0,-161.0,11.0
-7.0,-139.0,-269.0,-370.0,-153.0,-59.0
-8.0,-152.0,-268.0,-338.0,-122.0,-74.0
-6.0,-155.0,-270.0,-308.0,-85.0,-83.0
-7.0,-155.0,-263.0,-287.0,-55.0,-93.0
-15.0,-120.0,-265.0,-305.0,-29.0,-171.0
0.0,-139.0,-253.0,-315.0,13.0,-121.0
1.0,-143.0,-251.0,-261.0,24.0,-97.0
-3.0,-143.0,-246.0,-220.0,42.0,-80.0
-3.0,-147.0,-244.0,-205.0,53.0,-69.0
-2.0,-140.0,-237.0,-201.0,56.0,-67.0
-2.0,-138.0,-229.0,-202.0,61.0,-60.0
-7.0,-141.0,-230.0,-196.0,59.0,-51.0
-4.0,-141.0,-229.0,-193.0,54.0,-40.0
4.0,-144.0,-231.0,-204.0,50.0,-25.0
6.0,-147.0,-236.0,-214.0,51.0,-6.0
16.0,-154.0,-242.0,-219.0,51.0,12.0
16.0,-160.0,-244.0,-212.0,51.0,29.0
15.0,-161.0,-250.0,-192.0,50.0,41.0
3.0,-161.0,-254.0,-163.0,53.0,42.0
-4.0,-163.0,-265.0,-122.0,53.0,44.0
-13.0,-161.0,-268.0,-80.0,52.0,44.0
-14.0,-162.0,-274.0,-41.0,44.0,40.0
-13.0,-159.0,-273.0,-2.0,30.0,33.0
-15.0,-159.0,-271.0,42.0,7.0,19.0
-15.0,-155.0,-271.0,90.0,-23.0,1.0
-9.0,-153.0,-263.0,146.0,-46.0,-20.0
6.0,-148.0,-260.0,210.0,-59.0,-47.0
12.0,-141.0,-249.0,284.0,-57.0,-69.0
-6.0,-132.0,-253.0,354.0,-45.0,-85.0
-16.0,-130.0,-255.0,401.0,-33.0,-88.0
-15.0,-132.0,-252.0,408.0,-20.0,-79.0
-3.0,-129.0,-249.0,386.0,1.0,-71.0
7.0,-127.0,-244.0,363.0,31.0,-76.0
-4.0,-123.0,-251.0,356.0,51.0,-94.0
-13.0,-122.0,-253.0,336.0,56.0,-99.0
-34.0,-122.0,-261.0,283.0,58.0,-93.0
-28.0,-127.0,-263.0,194.0,38.0,-77.0
-9.0,-137.0,-262.0,94.0,25.0,-59.0
-11.0,-138.0,-251.0,7.0,31.0,-47.0
-13.0,-143.0,-253.0,-41.0,41.0,-46.0
-7.0,-144.0,-253.0,-56.0,13.0,-50.0
-11.0,-146.0,-253.0,-39.0,-28.0,-53.0
-11.0,-149.0,-256.0,-8.0,-74.0,-60.0
-4.0,-150.0,-252.0,32.0,-102.0,-63.0
-15.0,-144.0,-242.0,78.0,-102.0,-67.0
-15.0,-144.0,-245.0,118.0,-89.0,-66.0
-15.0,-140.0,-242.0,139.0,-75.0,-62.0
-25.0,-137.0,-246.0,140.0,-71.0,-56.0
-19.0,-139.0,-244.0,130.0,-75.0,-51.0
-15.0,-142.0,-233.0,116.0,-75.0,-51.0
-7.0,-141.0,-245.0,103.0,-79.0,-50.0
-11.0,-146.0,-243.0,99.0,-87.0,-42.0
-8.0,-143.0,-245.0,99.0,-95.0,-34.0
-13.0,-142.0,-243.0,98.0,-98.0,-20.0
-14.0,-149.0,-238.0,94.0,-101.0,-8.0
-15.0,-151.0,-247.0,90.0,-99.0,4.0
-8.0,-152.0,-241.0,87.0,-92.0,10.0
-12.0,-148.0,-239.0,84.0,-79.0,21.0
-10.0,-149.0,-236.0,82.0,-66.0,27.0
-13.0,-144.0,-235.0,88.0,-52.0,31.0
-14.0,-149.0,-238.0,97.0,-45.0,36.0
-13.0,-147.0,-238.0,103.0,-38.0,39.0
-12.0,-145.0,-237.0,103.0,-31.0,47.0
-9.0,-145.0,-235.0,93.0,-13.0,48.0
-8.0,-149.0,-231.0,81.0,4.0,53.0
-14.0,-149.0,-234.0,66.0,11.0,53.0
-9.0,-151.0,-230.0,65.0,23.0,65.0
-6.0,-152.0,-230.0,71.0,36.0,67.0
-6.0,-152.0,-227.0,79.0,50.0,72.0
-4.0,-149.0,-223.0,85.0,62.0,75.0
-3.0,-155.0,-213.0,92.0,66.0,76.0
-7.0,-145.0,-234.0,95.0,65.0,79.0
-12.0,-144.0,-234.0,92.0,54.0,81.0
-14.0,-144.0,-237.0,84.0,40.0,79.0
-13.0,-145.0,-236.0,71.0,32.0,80.0
-12.0,-145.0,-234.0,52.0,31.0,81.0
-12.0,-145.0,-235.0,38.0,30.0,84.0
-12.0,-151.0,-234.0,32.0,27.0,85.0
-14.0,-152.0,-240.0,34.0,28.0,86.0
-13.0,-152.0,-237.0,40.0,31.0,86.0
-9.0,-157.0,-239.0,48.0,44.0,85.0
-4.0,-145.0,-247.0,52.0,65.0,79.0
-9.0,-156.0,-235.0,61.0,78.0,80.0
-6.0,-150.0,-233.0,76.0,86.0,75.0
-5.0,-151.0,-236.0,87.0,91.0,69.0
-5.0,-151.0,-229.0,98.0,92.0,63.0
-6.0,-149.0,-230.0,104.0,92.0,60.0
-9.0,-147.0,-224.0,103.0,90.0,56.0
-8.0,-149.0,-233.0,100.0,83.0,52.0
-7.0,-148.0,-230.0,97.0,77.0,49.0
-14.0,-150.0,-233.0,91.0,73.0,45.0
-7.0,-153.0,-236.0,88.0,71.0,39.0
-18.0,-146.0,-242.0,87.0,70.0,34.0
-8.0,-151.0,-234.0,88.0,68.0,25.0
-6.0,-153.0,-236.0,95.0,64.0,18.0
-7.0,-152.0,-236.0,101.0,58.0,12.0
-7.0,-152.0,-235.0,103.0,53.0,6.0
-6.0,-153.0,-234.0,105.0,48.0,-1.0
-8.0,-152.0,-233.0,101.0,47.0,-5.0
-11.0,-153.0,-234.0,97.0,44.0,-9.0
-10.0,-152.0,-234.0,90.0,42.0,-13.0
-6.0,-151.0,-235.0,82.0,40.0,-15.0
-6.0,-152.0,-235.0,74.0,37.0,-16.0
-9.0,-150.0,-217.0,70.0,34.0,-16.0
-6.0,-151.0,-235.0,66.0,29.0,-17.0
-7.0,-154.0,-230.0,62.0,21.0,-18.0
-5.0,-150.0,-231.0,58.0,14.0,-19.0
-6.0,-153.0,-235.0,50.0,8.0,-20.0
-2.0,-150.0,-234.0,43.0,4.0,-19.0
-1.0,-150.0,-235.0,35.0,-3.0,-20.0
-2.0,-152.0,-235.0,29.0,-8.0,-19.0
-1.0,-156.0,-235.0,24.0,-12.0,-17.0
-3.0,-154.0,-233.0,18.0,-13.0,-14.0
-7.0,-155.0,-233.0,13.0,-14.0,-14.0
-2.0,-156.0,-234.0,7.0,-17.0,-14.0
-5.0,-154.0,-239.0,1.0,-17.0,-15.0
-6.0,-154.0,-236.0,-3.0,-18.0,-15.0
-10.0,-156.0,-237.0,-10.0,-19.0,-16.0
-10.0,-157.0,-233.0,-14.0,-20.0,-16.0
-12.0,-155.0,-240.0,-14.0,-23.0,-16.0
-11.0,-158.0,-241.0,-12.0,-24.0,-17.0
-8.0,-159.0,-239.0,-5.0,-25.0,-16.0
-9.0,-158.0,-241.0,-1.0,-29.0,-15.0
-10.0,-155.0,-236.0,2.0,-32.0,-15.0
-8.0,-157.0,-233.0,1.0,-34.0,-16.0
-12.0,-155.0,-233.0,-3.0,-35.0,-16.0
-12.0,-154.0,-237.0,-9.0,-36.0,-15.0
-10.0,-159.0,-234.0,-14.0,-38.0,-16.0
-13.0,-156.0,-230.0,-19.0,-42.0,-15.0
-13.0,-159.0,-234.0,-20.0,-46.0,-13.0
-10.0,-160.0,-233.0,-16.0,-50.0,-13.0
-13.0,-158.0,-233.0,-9.0,-52.0,-13.0
-13.0,-160.0,-229.0,3.0,-56.0,-14.0
-12.0,-159.0,-236.0,13.0,-59.0,-15.0
-12.0,-160.0,-237.0,25.0,-61.0,-18.0
-13.0,-158.0,-237.0,40.0,-64.0,-20.0
-13.0,-159.0,-235.0,49.0,-65.0,-19.0
-13.0,-158.0,-234.0,52.0,-68.0,-20.0
-13.0,-152.0,-237.0,53.0,-70.0,-24.0
-15.0,-149.0,-240.0,51.0,-72.0,-25.0
-9.0,-152.0,-236.0,40.0,-72.0,-27.0
-10.0,-154.0,-236.0,29.0,-71.0,-28.0
-12.0,-154.0,-236.0,20.0,-70.0,-29.0
-11.0,-155.0,-236.0,16.0,-70.0,-29.0
-11.0,-156.0,-234.0,15.0,-67.0,-28.0
-14.0,-156.0,-238.0,18.0,-62.0,-25.0
-14.0,-152.0,-235.0,19.0,-58.0,-24.0
-15.0,-151.0,-233.0,23.0,-53.0,-23.0
-13.0,-154.0,-236.0,25.0,-48.0,-20.0
-15.0,-156.0,-235.0,28.0,-43.0,-20.0
-13.0,-156.0,-232.0,34.0,-41.0,-17.0
-14.0,-154.0,-232.0,41.0,-38.0,-16.0
-13.0,-155.0,-239.0,43.0,-37.0,-15.0
-13.0,-151.0,-232.0,43.0,-37.0,-13.0
-12.0,-151.0,-232.0,45.0,-39.0,-12.0
-13.0,-149.0,-232.0,44.0,-41.0,-11.0
-13.0,-150.0,-233.0,39.0,-44.0,-9.0
-11.0,-153.0,-229.0,34.0,-48.0,-6.0
-14.0,-150.0,-234.0,27.0,-47.0,-3.0
-15.0,-152.0,-230.0,16.0,-48.0,-1.0
-16.0,-153.0,-234.0,5.0,-47.0,1.0
-16.0,-151.0,-232.0,-4.0,-41.0,6.0
-15.0,-152.0,-228.0,-11.0,-38.0,9.0
-14.0,-151.0,-232.0,-13.0,-34.0,12.0
-9.0,-158.0,-230.0,-10.0,-29.0,18.0
-12.0,-156.0,-235.0,-5.0,-24.0,19.0
-15.0,-155.0,-231.0,2.0,-21.0,21.0
-14.0,-154.0,-232.0,10.0,-18.0,24.0
-14.0,-152.0,-232.0,19.0,-15.0,25.0
-15.0,-154.0,-231.0,27.0,-11.0,27.0
-14.0,-152.0,-230.0,34.0,-9.0,29.0
-14.0,-156.0,-228.0,35.0,-5.0,32.0
-16.0,-154.0,-230.0,37.0,-1.0,34.0
-13.0,-155.0,-230.0,38.0,3.0,36.0
-14.0,-154.0,-227.0,34.0,4.0,38.0
-15.0,-154.0,-225.0,28.0,8.0,39.0
-16.0,-155.0,-227.0,20.0,10.0,41.0
-14.0,-157.0,-227.0,13.0,10.0,41.0
-13.0,-154.0,-228.0,5.0,11.0,43.0
-13.0,-155.0,-228.0,-6.0,12.0,42.0
-15.0,-155.0,-230.0,-17.0,12.0,42.0
-16.0,-155.0,-229.0,-20.0,11.0,42.0
-14.0,-159.0,-227.0,-20.0,9.0,41.0
-16.0,-157.0,-229.0,-19.0,7.0,42.0
-15.0,-159.0,-231.0,-14.0,5.0,39.0
-15.0,-159.0,-231.0,-8.0,7.0,38.0
-14.0,-155.0,-228.0,-4.0,13.0,34.0
-15.0,-156.0,-231.0,-3.0,20.0,31.0
-15.0,-154.0,-229.0,-3.0,30.0,29.0
-14.0,-155.0,-229.0,-6.0,37.0,27.0
-12.0,-153.0,-226.0,-13.0,45.0,28.0
-14.0,-152.0,-229.0,-20.0,50.0,28.0
-12.0,-153.0,-227.0,-29.0,55.0,30.0
-14.0,-153.0,-226.0,-36.0,59.0,32.0
-13.0,-153.0,-227.0,-41.0,61.0,38.0
-9.0,-155.0,-231.0,-48.0,62.0,40.0
-12.0,-156.0,-229.0,-51.0,59.0,44.0
-12.0,-156.0,-228.0,-51.0,60.0,49.0
-10.0,-159.0,-231.0,-50.0,58.0,54.0
-6.0,-160.0,-232.0,-47.0,63.0,58.0
-7.0,-159.0,-230.0,-39.0,70.0,64.0
-4.0,-157.0,-232.0,-34.0,79.0,69.0
-3.0,-160.0,-230.0,-31.0,92.0,77.0
-4.0,-154.0,-233.0,-27.0,104.0,89.0
-5.0,-150.0,-230.0,-25.0,119.0,100.0
-3.0,-151.0,-230.0,-31.0,130.0,108.0
-5.0,-152.0,-231.0,-45.0,138.0,115.0
-8.0,-153.0,-231.0,-64.0,144.0,118.0
-7.0,-151.0,-226.0,-84.0,142.0,117.0
-6.0,-156.0,-224.0,-94.0,134.0,112.0
-15.0,-159.0,-227.0,-94.0,123.0,106.0
-15.0,-160.0,-229.0,-82.0,111.0,97.0
-16.0,-164.0,-226.0,-69.0,100.0,87.0
-16.0,-164.0,-229.0,-62.0,93.0,81.0
-20.0,-164.0,-221.0,-56.0,86.0,74.0
-23.0,-161.0,-221.0,-49.0,74.0,64.0
-29.0,-159.0,-224.0,-41.0,60.0,51.0
-29.0,-155.0,-225.0,-41.0,44.0,37.0
-28.0,-152.0,-224.0,-45.0,31.0,26.0
-26.0,-154.0,-222.0,-53.0,21.0,17.0
-20.0,-149.0,-228.0,-63.0,9.0,10.0
-17.0,-161.0,-217.0,-72.0,-4.0,5.0
-21.0,-153.0,-227.0,-82.0,-17.0,-1.0
-21.0,-157.0,-229.0,-92.0,-29.0,-6.0
-17.0,-157.0,-227.0,-99.0,-42.0,-12.0
-17.0,-158.0,-228.0,-99.0,-48.0,-20.0
-18.0,-157.0,-230.0,-99.0,-52.0,-25.0
-15.0,-159.0,-230.0,-95.0,-54.0,-29.0
-12.0,-157.0,-231.0,-90.0,-54.0,-30.0
-13.0,-157.0,-228.0,-84.0,-52.0,-31.0
-12.0,-157.0,-226.0,-76.0,-46.0,-31.0
-11.0,-158.0,-230.0,-70.0,-40.0,-30.0
-15.0,-155.0,-231.0,-65.0,-32.0,-30.0
-12.0,-157.0,-230.0,-65.0,-23.0,-27.0
-16.0,-154.0,-230.0,-63.0,-16.0,-25.0
-15.0,-155.0,-227.0,-62.0,-11.0,-23.0
-14.0,-155.0,-227.0,-61.0,-5.0,-23.0
-16.0,-156.0,-233.0,-62.0,-4.0,-23.0
