-19.0,-248.0,-16.0,54.0,12.0,-9.0
-17.0,-250.0,-19.0,54.0,10.0,-10.0
-19.0,-252.0,-13.0,54.0,10.0,-9.0
-18.0,-246.0,-17.0,55.0,10.0,-9.0
-16.0,-248.0,-14.0,53.0,10.0,-11.0
-16.0,-250.0,-10.0,52.0,9.0,-10.0
-19.0,-248.0,-16.0,51.0,9.0,-9.0
-17.0,-250.0,-18.0,50.0,9.0,-10.0
-17.0,-252.0,-17.0,50.0,10.0,-9.0
-15.0,-251.0,-14.0,50.0,11.0,-8.0
-16.0,-249.0,-15.0,49.0,13.0,-10.0
-16.0,-252.0,-16.0,48.0,13.0,-10.0
-17.0,-250.0,-15.0,46.0,13.0,-10.0
-18.0,-247.0,-17.0,45.0,15.0,-10.0
-13.0,-251.0,-14.0,46.0,17.0,-9.0
-19.0,-248.0,-18.0,47.0,18.0,-12.0
-20.0,-250.0,-12.0,47.0,18.0,-12.0
-16.0,-251.0,-18.0,47.0,18.0,-13.0
-17.0,-255.0,-17.0,46.0,18.0,-9.0
-19.0,-248.0,-14.0,47.0,18.0,-8.0
-19.0,-249.0,-17.0,47.0,18.0,-10.0
-19.0,-249.0,-12.0,48.0,18.0,-9.0
-19.0,-248.0,-17.0,46.0,18.0,-8.0
-18.0,-250.0,-18.0,46.0,18.0,-9.0
-17.0,-248.0,-17.0,45.0,17.0,-9.0
-19.0,-249.0,-15.0,43.0,18.0,-9.0
-15.0,-253.0,-19.0,42.0,18.0,-10.0
-18.0,-248.0,-19.0,43.0,18.0,-11.0
-15.0,-252.0,-13.0,43.0,19.0,-9.0
-15.0,-251.0,-16.0,43.0,18.0,-8.0
-18.0,-249.0,-16.0,43.0,18.0,-9.0
-18.0,-252.0,-11.0,44.0,16.0,-8.0
-18.0,-250.0,-14.0,45.0,17.0,-7.0
-18.0,-253.0,-15.0,45.0,16.0,-6.0
-20.0,-249.0,-16.0,45.0,16.0,-9.0
-18.0,-249.0,-10.0,46.0,15.0,-11.0
-20.0,-248.0,-15.0,47.0,15.0,-10.0
-17.0,-250.0,-15.0,46.0,15.0,-9.0
-19.0,-250.0,-16.0,44.0,13.0,-12.0
-17.0,-251.0,-17.0,43.0,11.0,-13.0
-18.0,-250.0,-13.0,42.0,10.0,-13.0
-18.0,-252.0,-16.0,40.0,10.0,-13.0
-17.0,-255.0,-13.0,40.0,10.0,-13.0
-19.0,-252.0,-12.0,41.0,10.0,-13.0
-15.0,-249.0,-13.0,42.0,11.0,-14.0
-16.0,-253.0,-16.0,41.0,14.0,-16.0
-16.0,-249.0,-20.0,42.0,16.0,-16.0
-15.0,-250.0,-13.0,41.0,18.0,-15.0
-18.0,-248.0,-16.0,39.0,19.0,-15.0
-17.0,-251.0,-14.0,36.0,21.0,-13.0
-17.0,-249.0,-15.0,37.0,21.0,-14.0
-18.0,-251.0,-16.0,36.0,20.0,-14.0
-15.0,-251.0,-13.0,37.0,19.0,-14.0
-16.0,-248.0,-16.0,38.0,20.0,-14.0
-13.0,-251.0,-15.0,37.0,19.0,-14.0
-17.0,-247.0,-13.0,36.0,21.0,-13.0
-16.0,-254.0,-14.0,33.0,20.0,-12.0
-16.0,-250.0,-15.0,32.0,21.0,-11.0
-17.0,-252.0,-15.0,31.0,21.0,-11.0
-18.0,-250.0,-13.0,32.0,21.0,-11.0
-15.0,-251.0,-9.0,31.0,21.0,-11.0
-18.0,-251.0,-13.0,31.0,22.0,-11.0
-19.0,-247.0,-15.0,30.0,22.0,-10.0
-15.0,-252.0,-21.0,31.0,22.0,-10.0
-19.0,-249.0,-19.0,30.0,22.0,-11.0
-15.0,-249.0,-16.0,29.0,22.0,-10.0
-15.0,-249.0,-16.0,29.0,22.0,-10.0
-16.0,-249.0,-13.0,27.0,24.0,-9.0
-18.0,-249.0,-16.0,22.0,26.0,-11.0
-17.0,-248.0,-18.0,18.0,28.0,-12.0
-15.0,-249.0,-15.0,13.0,33.0,-12.0
-18.0,-252.0,-17.0,10.0,34.0,-11.0
-16.0,-249.0,-14.0,7.0,36.0,-13.0
-17.0,-249.0,-14.0,4.0,37.0,-11.0
-16.0,-252.0,-14.0,3.0,40.0,-13.0
-15.0,-255.0,-16.0,4.0,41.0,-12.0
-18.0,-250.0,-13.0,5.0,38.0,-11.0
-16.0,-248.0,-16.0,6.0,40.0,-12.0
-20.0,-250.0,-15.0,7.0,42.0,-11.0
-16.0,-252.0,-16.0,7.0,43.0,-11.0
-15.0,-251.0,-15.0,10.0,44.0,-12.0
-13.0,-250.0,-14.0,12.0,42.0,-11.0
-16.0,-252.0,-16.0,14.0,42.0,-10.0
-15.0,-251.0,-17.0,13.0,41.0,-9.0
-16.0,-254.0,-20.0,15.0,42.0,-9.0
-20.0,-249.0,-20.0,16.0,43.0,-11.0
-16.0,-252.0,-18.0,16.0,47.0,-10.0
-15.0,-253.0,-15.0,17.0,49.0,-11.0
-16.0,-249.0,-18.0,19.0,53.0,-13.0
-15.0,-254.0,-22.0,21.0,55.0,-15.0
-18.0,-252.0,-16.0,25.0,56.0,-16.0
-18.0,-251.0,-13.0,28.0,57.0,-17.0
-18.0,-253.0,-13.0,31.0,59.0,-16.0
-15.0,-254.0,-17.0,36.0,60.0,-15.0
-17.0,-253.0,-16.0,41.0,58.0,-17.0
-18.0,-252.0,-19.0,48.0,56.0,-16.0
-17.0,-254.0,-19.0,52.0,55.0,-17.0
-16.0,-254.0,-13.0,53.0,58.0,-16.0
-14.0,-251.0,-11.0,57.0,61.0,-17.0
-16.0,-252.0,-18.0,59.0,62.0,-17.0
-16.0,-252.0,-12.0,59.0,64.0,-16.0
-14.0,-250.0,-16.0,59.0,65.0,-16.0
-14.0,-252.0,-15.0,58.0,65.0,-17.0
-17.0,-250.0,-14.0,58.0,67.0,-16.0
-17.0,-251.0,-14.0,57.0,68.0,-15.0
-17.0,-250.0,-12.0,56.0,69.0,-15.0
-16.0,-250.0,-13.0,54.0,70.0,-15.0
-16.0,-247.0,-13.0,54.0,70.0,-14.0
-17.0,-252.0,-8.0,50.0,72.0,-13.0
-15.0,-249.0,-16.0,46.0,74.0,-13.0
-15.0,-251.0,-14.0,41.0,75.0,-12.0
-15.0,-251.0,-15.0,37.0,78.0,-12.0
-12.0,-252.0,-19.0,34.0,82.0,-11.0
-13.0,-252.0,-19.0,32.0,84.0,-10.0
-15.0,-254.0,-17.0,32.0,87.0,-10.0
-14.0,-250.0,-19.0,33.0,92.0,-12.0
-13.0,-253.0,-22.0,31.0,95.0,-11.0
-15.0,-250.0,-19.0,31.0,102.0,-12.0
-15.0,-251.0,-20.0,26.0,110.0,-14.0
-14.0,-247.0,-21.0,22.0,116.0,-15.0
-12.0,-246.0,-24.0,14.0,124.0,-16.0
-14.0,-244.0,-28.0,3.0,134.0,-20.0
-13.0,-245.0,-28.0,-12.0,144.0,-21.0
-11.0,-246.0,-31.0,-26.0,156.0,-25.0
-11.0,-242.0,-33.0,-40.0,167.0,-29.0
-11.0,-247.0,-34.0,-56.0,178.0,-35.0
-12.0,-244.0,-41.0,-73.0,190.0,-38.0
-8.0,-243.0,-35.0,-88.0,202.0,-43.0
-8.0,-244.0,-44.0,-101.0,216.0,-46.0
-14.0,-240.0,-37.0,-112.0,230.0,-49.0
0.0,-243.0,-33.0,-119.0,243.0,-50.0
-8.0,-240.0,-43.0,-123.0,254.0,-52.0
-3.0,-248.0,-47.0,-126.0,264.0,-47.0
-8.0,-249.0,-34.0,-128.0,270.0,-44.0
-10.0,-250.0,-35.0,-129.0,276.0,-43.0
-12.0,-249.0,-36.0,-123.0,277.0,-39.0
-14.0,-254.0,-40.0,-117.0,278.0,-36.0
-16.0,-252.0,-33.0,-110.0,280.0,-34.0
-12.0,-254.0,-35.0,-101.0,282.0,-30.0
-22.0,-252.0,-26.0,-95.0,281.0,-29.0
-22.0,-257.0,-38.0,-89.0,278.0,-28.0
-21.0,-251.0,-40.0,-84.0,277.0,-26.0
-19.0,-250.0,-36.0,-81.0,278.0,-23.0
-19.0,-249.0,-37.0,-81.0,278.0,-23.0
-17.0,-251.0,-38.0,-80.0,281.0,-20.0
-17.0,-249.0,-37.0,-79.0,282.0,-19.0
-18.0,-248.0,-36.0,-77.0,282.0,-17.0
-18.0,-250.0,-35.0,-74.0,282.0,-16.0
-19.0,-246.0,-36.0,-71.0,283.0,-16.0
-17.0,-248.0,-30.0,-68.0,282.0,-13.0
-17.0,-247.0,-35.0,-67.0,280.0,-10.0
-21.0,-244.0,-35.0,-66.0,277.0,-6.0
-20.0,-244.0,-29.0,-67.0,272.0,1.0
-13.0,-249.0,-32.0,-66.0,267.0,7.0
-15.0,-246.0,-33.0,-65.0,264.0,11.0
-16.0,-244.0,-33.0,-65.0,259.0,18.0
-18.0,-242.0,-33.0,-67.0,252.0,21.0
-16.0,-243.0,-33.0,-68.0,246.0,28.0
-14.0,-245.0,-26.0,-64.0,239.0,33.0
-19.0,-242.0,-29.0,-58.0,233.0,37.0
-10.0,-242.0,-29.0,-52.0,229.0,42.0
-13.0,-245.0,-36.0,-51.0,227.0,48.0
-13.0,-241.0,-29.0,-58.0,226.0,50.0
-7.0,-240.0,-30.0,-69.0,226.0,51.0
-12.0,-243.0,-29.0,-79.0,224.0,55.0
-6.0,-247.0,-29.0,-84.0,222.0,57.0
-9.0,-247.0,-28.0,-85.0,219.0,60.0
-9.0,-249.0,-27.0,-82.0,214.0,62.0
-5.0,-251.0,-25.0,-77.0,209.0,66.0
-9.0,-253.0,-29.0,-72.0,205.0,68.0
-7.0,-250.0,-27.0,-65.0,204.0,71.0
-4.0,-250.0,-24.0,-57.0,200.0,74.0
-4.0,-252.0,-27.0,-51.0,198.0,78.0
-4.0,-253.0,-28.0,-45.0,194.0,80.0
-5.0,-251.0,-32.0,-42.0,189.0,83.0
-4.0,-251.0,-29.0,-40.0,184.0,86.0
-6.0,-253.0,-32.0,-38.0,181.0,87.0
-4.0,-256.0,-33.0,-36.0,177.0,85.0
-6.0,-255.0,-29.0,-31.0,175.0,86.0
-6.0,-256.0,-27.0,-20.0,172.0,84.0
-4.0,-253.0,-32.0,-15.0,169.0,85.0
-10.0,-255.0,-32.0,-10.0,163.0,85.0
-7.0,-250.0,-34.0,-5.0,161.0,85.0
-9.0,-252.0,-32.0,-4.0,156.0,85.0
-13.0,-252.0,-31.0,-1.0,150.0,84.0
-14.0,-256.0,-30.0,1.0,144.0,85.0
-14.0,-253.0,-32.0,6.0,135.0,86.0
-13.0,-258.0,-31.0,11.0,125.0,85.0
-17.0,-252.0,-33.0,16.0,118.0,87.0
-17.0,-250.0,-28.0,21.0,117.0,89.0
-22.0,-251.0,-33.0,25.0,115.0,89.0
-18.0,-250.0,-32.0,28.0,115.0,91.0
-20.0,-247.0,-33.0,34.0,113.0,92.0
-18.0,-248.0,-30.0,41.0,113.0,95.0
-18.0,-246.0,-33.0,46.0,114.0,94.0
-14.0,-248.0,-32.0,52.0,118.0,96.0
-9.0,-246.0,-28.0,55.0,124.0,103.0
-12.0,-245.0,-35.0,55.0,134.0,108.0
-5.0,-243.0,-35.0,52.0,145.0,113.0
-8.0,-244.0,-35.0,48.0,156.0,120.0
-3.0,-244.0,-34.0,45.0,170.0,130.0
-3.0,-241.0,-37.0,41.0,182.0,137.0
-2.0,-244.0,-40.0,37.0,190.0,147.0
-3.0,-243.0,-40.0,32.0,197.0,155.0
-3.0,-246.0,-39.0,27.0,198.0,159.0
-4.0,-247.0,-37.0,23.0,197.0,163.0
-10.0,-251.0,-39.0,18.0,194.0,164.0
-6.0,-255.0,-43.0,11.0,193.0,161.0
-17.0,-256.0,-45.0,2.0,194.0,150.0
-24.0,-262.0,-44.0,-10.0,196.0,135.0
-19.0,-266.0,-44.0,-23.0,202.0,109.0
-26.0,-266.0,-45.0,-31.0,215.0,82.0
-28.0,-273.0,-46.0,-37.0,243.0,52.0
-31.0,-272.0,-47.0,-35.0,274.0,20.0
-40.0,-263.0,-39.0,-28.0,303.0,-7.0
-38.0,-257.0,-39.0,-9.0,322.0,-29.0
-40.0,-252.0,-35.0,21.0,331.0,-38.0
-43.0,-242.0,-32.0,57.0,331.0,-38.0
-46.0,-229.0,-31.0,82.0,326.0,-28.0
-48.0,-223.0,-32.0,87.0,317.0,-9.0
-54.0,-212.0,-32.0,68.0,308.0,10.0
-54.0,-206.0,-36.0,29.0,299.0,31.0
-53.0,-201.0,-35.0,-19.0,292.0,52.0
-52.0,-201.0,-32.0,-65.0,291.0,71.0
-50.0,-202.0,-34.0,-110.0,292.0,87.0
-50.0,-204.0,-35.0,-150.0,296.0,98.0
-45.0,-207.0,-38.0,-187.0,305.0,107.0
-38.0,-212.0,-39.0,-218.0,313.0,110.0
-32.0,-213.0,-34.0,-245.0,326.0,106.0
-28.0,-216.0,-30.0,-261.0,343.0,93.0
-18.0,-223.0,-23.0,-264.0,366.0,78.0
-17.0,-226.0,-23.0,-262.0,388.0,65.0
-15.0,-235.0,-15.0,-262.0,406.0,55.0
-14.0,-239.0,-15.0,-267.0,419.0,52.0
-18.0,-242.0,-14.0,-276.0,431.0,51.0
-24.0,-251.0,-15.0,-289.0,439.0,52.0
-27.0,-256.0,-16.0,-300.0,444.0,54.0
-36.0,-259.0,-18.0,-307.0,449.0,55.0
-39.0,-266.0,-17.0,-310.0,454.0,58.0
-47.0,-273.0,-23.0,-309.0,461.0,62.0
-58.0,-274.0,-25.0,-306.0,471.0,68.0
-64.0,-280.0,-30.0,-300.0,482.0,72.0
-69.0,-281.0,-27.0,-290.0,494.0,81.0
-71.0,-286.0,-27.0,-274.0,505.0,92.0
-71.0,-287.0,-30.0,-249.0,514.0,96.0
-74.0,-285.0,-32.0,-216.0,517.0,101.0
-78.0,-285.0,-29.0,-174.0,514.0,105.0
-78.0,-280.0,-29.0,-132.0,507.0,109.0
-71.0,-279.0,-29.0,-96.0,495.0,115.0
-68.0,-268.0,-38.0,-67.0,479.0,124.0
-66.0,-266.0,-31.0,-40.0,466.0,130.0
-62.0,-262.0,-32.0,-19.0,458.0,134.0
-60.0,-260.0,-33.0,-2.0,452.0,137.0
-48.0,-258.0,-26.0,9.0,450.0,139.0
-44.0,-253.0,-28.0,15.0,447.0,137.0
-37.0,-254.0,-24.0,13.0,443.0,137.0
-33.0,-253.0,-32.0,3.0,439.0,136.0
-27.0,-249.0,-26.0,-8.0,441.0,138.0
-20.0,-251.0,-37.0,-19.0,449.0,142.0
-17.0,-244.0,-41.0,-27.0,469.0,145.0
-12.0,-242.0,-46.0,-27.0,492.0,151.0
-11.0,-241.0,-52.0,-17.0,522.0,157.0
-10.0,-243.0,-55.0,0.0,554.0,165.0
-9.0,-237.0,-50.0,22.0,590.0,175.0
-9.0,-234.0,-52.0,48.0,623.0,185.0
-10.0,-233.0,-52.0,71.0,654.0,193.0
-15.0,-227.0,-48.0,87.0,686.0,203.0
-16.0,-230.0,-50.0,96.0,716.0,213.0
-20.0,-228.0,-48.0,100.0,750.0,223.0
-21.0,-224.0,-42.0,99.0,790.0,234.0
-26.0,-223.0,-35.0,95.0,832.0,243.0
-25.0,-224.0,-36.0,88.0,875.0,250.0
-28.0,-225.0,-30.0,79.0,917.0,259.0
-25.0,-226.0,-32.0,72.0,955.0,264.0
-27.0,-227.0,-31.0,64.0,988.0,266.0
-27.0,-230.0,-32.0,58.0,1021.0,266.0
-29.0,-227.0,-34.0,55.0,1056.0,265.0
-30.0,-229.0,-38.0,55.0,1092.0,262.0
-29.0,-233.0,-36.0,56.0,1126.0,256.0
-31.0,-229.0,-43.0,59.0,1159.0,249.0
-31.0,-230.0,-47.0,66.0,1190.0,239.0
-32.0,-230.0,-47.0,72.0,1222.0,230.0
-29.0,-229.0,-43.0,77.0,1254.0,219.0
-31.0,-230.0,-44.0,83.0,1283.0,206.0
-32.0,-228.0,-45.0,88.0,1316.0,190.0
-32.0,-227.0,-42.0,93.0,1348.0,171.0
-27.0,-229.0,-40.0,98.0,1382.0,153.0
-31.0,-232.0,-37.0,103.0,1416.0,134.0
-34.0,-230.0,-44.0,107.0,1451.0,115.0
-37.0,-233.0,-44.0,113.0,1480.0,93.0
-40.0,-230.0,-49.0,116.0,1502.0,73.0
-49.0,-220.0,-61.0,118.0,1522.0,55.0
-46.0,-229.0,-67.0,110.0,1542.0,41.0
-41.0,-233.0,-74.0,88.0,1566.0,32.0
-49.0,-238.0,-83.0,54.0,1600.0,32.0
-44.0,-236.0,-90.0,16.0,1638.0,33.0
-40.0,-251.0,-104.0,-26.0,1677.0,36.0
-39.0,-251.0,-107.0,-64.0,1711.0,45.0
-37.0,-265.0,-102.0,-91.0,1743.0,60.0
-39.0,-270.0,-93.0,-94.0,1766.0,81.0
-38.0,-275.0,-89.0,-67.0,1774.0,109.0
-40.0,-276.0,-84.0,-14.0,1768.0,141.0
-37.0,-272.0,-74.0,51.0,1757.0,176.0
-41.0,-265.0,-71.0,115.0,1740.0,219.0
-38.0,-259.0,-66.0,166.0,1720.0,251.0
-45.0,-248.0,-61.0,208.0,1687.0,279.0
-45.0,-234.0,-61.0,242.0,1655.0,300.0
-49.0,-222.0,-59.0,266.0,1620.0,313.0
-49.0,-210.0,-56.0,273.0,1592.0,317.0
-47.0,-199.0,-59.0,259.0,1576.0,315.0
-47.0,-191.0,-63.0,229.0,1576.0,313.0
-47.0,-187.0,-66.0,177.0,1587.0,309.0
-40.0,-188.0,-75.0,111.0,1608.0,307.0
-44.0,-179.0,-75.0,40.0,1635.0,311.0
-44.0,-180.0,-82.0,-32.0,1663.0,326.0
-44.0,-182.0,-86.0,-99.0,1682.0,346.0
-43.0,-185.0,-88.0,-162.0,1693.0,372.0
-41.0,-189.0,-88.0,-214.0,1695.0,407.0
-41.0,-194.0,-91.0,-257.0,1690.0,450.0
-42.0,-201.0,-89.0,-284.0,1677.0,493.0
-35.0,-206.0,-86.0,-301.0,1662.0,539.0
-34.0,-214.0,-78.0,-303.0,1649.0,583.0
-25.0,-222.0,-73.0,-294.0,1631.0,627.0
-25.0,-219.0,-74.0,-280.0,1614.0,668.0
-23.0,-227.0,-78.0,-267.0,1599.0,708.0
-18.0,-231.0,-73.0,-256.0,1590.0,740.0
-21.0,-227.0,-70.0,-246.0,1583.0,768.0
-19.0,-231.0,-73.0,-235.0,1575.0,785.0
-17.0,-232.0,-65.0,-223.0,1565.0,798.0
-17.0,-230.0,-64.0,-208.0,1550.0,803.0
-9.0,-233.0,-64.0,-191.0,1536.0,804.0
-11.0,-230.0,-63.0,-171.0,1522.0,794.0
-13.0,-228.0,-70.0,-154.0,1515.0,781.0
-16.0,-221.0,-67.0,-147.0,1512.0,761.0
-26.0,-225.0,-76.0,-145.0,1507.0,738.0
-27.0,-221.0,-75.0,-150.0,1499.0,715.0
-27.0,-220.0,-76.0,-155.0,1484.0,688.0
-34.0,-220.0,-79.0,-152.0,1462.0,665.0
-39.0,-212.0,-80.0,-147.0,1440.0,635.0
-44.0,-216.0,-80.0,-147.0,1421.0,616.0
-50.0,-212.0,-79.0,-152.0,1403.0,600.0
-51.0,-209.0,-75.0,-156.0,1390.0,589.0
-56.0,-212.0,-69.0,-167.0,1376.0,574.0
-58.0,-209.0,-63.0,-178.0,1358.0,563.0
-55.0,-208.0,-63.0,-189.0,1334.0,553.0
-44.0,-211.0,-67.0,-202.0,1308.0,542.0
-45.0,-210.0,-71.0,-223.0,1289.0,528.0
-38.0,-207.0,-75.0,-257.0,1272.0,516.0
-31.0,-207.0,-80.0,-298.0,1257.0,505.0
-31.0,-208.0,-76.0,-335.0,1237.0,491.0
-30.0,-205.0,-75.0,-361.0,1214.0,478.0
-29.0,-207.0,-81.0,-370.0,1199.0,461.0
-26.0,-203.0,-89.0,-376.0,1193.0,447.0
-29.0,-200.0,-90.0,-385.0,1193.0,435.0
-33.0,-193.0,-93.0,-401.0,1188.0,423.0
-34.0,-186.0,-97.0,-428.0,1170.0,410.0
-37.0,-184.0,-80.0,-449.0,1142.0,395.0
-39.0,-182.0,-82.0,-472.0,1111.0,389.0
-42.0,-184.0,-76.0,-492.0,1077.0,382.0
-47.0,-181.0,-69.0,-508.0,1043.0,378.0
-47.0,-179.0,-66.0,-525.0,1004.0,377.0
-48.0,-181.0,-71.0,-545.0,964.0,381.0
-50.0,-177.0,-72.0,-566.0,925.0,389.0
-50.0,-182.0,-75.0,-591.0,888.0,399.0
-46.0,-187.0,-69.0,-616.0,854.0,409.0
-45.0,-187.0,-71.0,-632.0,824.0,413.0
-43.0,-189.0,-72.0,-644.0,795.0,423.0
-44.0,-191.0,-80.0,-645.0,765.0,430.0
-44.0,-192.0,-82.0,-639.0,731.0,429.0
-43.0,-190.0,-83.0,-629.0,696.0,428.0
-45.0,-189.0,-82.0,-616.0,667.0,425.0
-44.0,-189.0,-87.0,-604.0,640.0,428.0
-46.0,-186.0,-90.0,-591.0,613.0,438.0
-48.0,-182.0,-95.0,-577.0,580.0,451.0
-52.0,-184.0,-104.0,-572.0,547.0,475.0
-49.0,-178.0,-108.0,-573.0,513.0,499.0
-49.0,-182.0,-112.0,-582.0,482.0,522.0
-55.0,-183.0,-112.0,-595.0,452.0,550.0
-55.0,-193.0,-111.0,-606.0,421.0,571.0
-56.0,-198.0,-105.0,-608.0,390.0,585.0
-53.0,-207.0,-96.0,-600.0,360.0,588.0
-49.0,-221.0,-86.0,-574.0,336.0,580.0
-49.0,-229.0,-78.0,-534.0,316.0,564.0
-42.0,-239.0,-78.0,-486.0,299.0,544.0
-39.0,-247.0,-75.0,-434.0,283.0,522.0
-43.0,-259.0,-73.0,-380.0,270.0,497.0
-49.0,-259.0,-76.0,-328.0,256.0,478.0
-56.0,-262.0,-81.0,-275.0,240.0,456.0
-59.0,-262.0,-86.0,-222.0,224.0,428.0
-60.0,-262.0,-90.0,-164.0,216.0,402.0
-59.0,-253.0,-95.0,-104.0,212.0,377.0
-53.0,-246.0,-101.0,-51.0,210.0,357.0
-50.0,-239.0,-106.0,-2.0,202.0,333.0
-41.0,-227.0,-106.0,47.0,193.0,315.0
-35.0,-217.0,-103.0,93.0,183.0,312.0
-24.0,-206.0,-107.0,135.0,169.0,312.0
-20.0,-197.0,-107.0,159.0,160.0,317.0
-25.0,-192.0,-108.0,163.0,147.0,326.0
-24.0,-190.0,-105.0,146.0,130.0,334.0
-29.0,-195.0,-102.0,117.0,118.0,335.0
-24.0,-193.0,-102.0,80.0,106.0,332.0
-31.0,-194.0,-100.0,49.0,106.0,324.0
-41.0,-196.0,-97.0,27.0,113.0,316.0
-43.0,-198.0,-102.0,6.0,121.0,307.0
-52.0,-206.0,-100.0,-10.0,127.0,296.0
-64.0,-204.0,-94.0,-30.0,131.0,291.0
-63.0,-222.0,-107.0,-40.0,127.0,285.0
-65.0,-224.0,-112.0,-48.0,120.0,278.0
-69.0,-230.0,-100.0,-54.0,110.0,276.0
-67.0,-241.0,-99.0,-53.0,110.0,275.0
-64.0,-249.0,-93.0,-44.0,124.0,268.0
-61.0,-256.0,-91.0,-23.0,142.0,257.0
-56.0,-259.0,-92.0,7.0,157.0,245.0
-46.0,-258.0,-92.0,36.0,166.0,220.0
-40.0,-264.0,-94.0,74.0,179.0,185.0
-32.0,-269.0,-101.0,110.0,195.0,152.0
-21.0,-267.0,-100.0,134.0,225.0,123.0
-19.0,-269.0,-99.0,167.0,260.0,87.0
-14.0,-266.0,-98.0,196.0,295.0,47.0
-10.0,-268.0,-103.0,225.0,334.0,10.0
-7.0,-271.0,-100.0,244.0,372.0,-21.0
0.0,-281.0,-90.0,261.0,401.0,-53.0
-3.0,-284.0,-96.0,308.0,414.0,-77.0
-2.0,-291.0,-90.0,384.0,418.0,-90.0
-2.0,-301.0,-88.0,485.0,421.0,-98.0
2.0,-308.0,-88.0,601.0,419.0,-105.0
-2.0,-308.0,-89.0,713.0,403.0,-112.0
-3.0,-316.0,-86.0,814.0,376.0,-128.0
-10.0,-318.0,-89.0,905.0,349.0,-147.0
-13.0,-332.0,-76.0,987.0,329.0,-175.0
-31.0,-327.0,-71.0,1056.0,319.0,-207.0
-40.0,-341.0,-67.0,1116.0,321.0,-249.0
-49.0,-351.0,-61.0,1176.0,327.0,-295.0
-52.0,-353.0,-60.0,1237.0,332.0,-341.0
-58.0,-355.0,-59.0,1299.0,325.0,-396.0
-53.0,-352.0,-60.0,1360.0,308.0,-452.0
-48.0,-356.0,-59.0,1417.0,284.0,-505.0
-47.0,-351.0,-57.0,1469.0,259.0,-552.0
-42.0,-348.0,-56.0,1516.0,234.0,-591.0
-39.0,-341.0,-52.0,1553.0,209.0,-622.0
-30.0,-335.0,-52.0,1577.0,184.0,-636.0
-25.0,-330.0,-51.0,1588.0,161.0,-641.0
-18.0,-331.0,-43.0,1594.0,144.0,-640.0
-8.0,-326.0,-39.0,1592.0,136.0,-629.0
-6.0,-325.0,-40.0,1585.0,134.0,-612.0
-1.0,-326.0,-31.0,1577.0,140.0,-589.0
-2.0,-322.0,-33.0,1573.0,151.0,-570.0
2.0,-320.0,-42.0,1571.0,166.0,-545.0
1.0,-313.0,-40.0,1569.0,170.0,-520.0
1.0,-312.0,-37.0,1566.0,167.0,-487.0
3.0,-311.0,-42.0,1564.0,162.0,-451.0
4.0,-305.0,-43.0,1568.0,152.0,-409.0
4.0,-307.0,-52.0,1567.0,129.0,-365.0
1.0,-299.0,-57.0,1564.0,101.0,-321.0
1.0,-304.0,-49.0,1568.0,70.0,-285.0
-2.0,-302.0,-47.0,1582.0,45.0,-250.0
0.0,-293.0,-47.0,1606.0,28.0,-217.0
-1.0,-289.0,-40.0,1635.0,16.0,-187.0
1.0,-282.0,-36.0,1663.0,15.0,-158.0
1.0,-280.0,-32.0,1683.0,22.0,-132.0
6.0,-272.0,-28.0,1689.0,32.0,-101.0
4.0,-267.0,-17.0,1677.0,46.0,-67.0
6.0,-260.0,-19.0,1653.0,56.0,-37.0
2.0,-256.0,-14.0,1619.0,62.0,-5.0
4.0,-252.0,-9.0,1575.0,57.0,26.0
0.0,-250.0,-11.0,1528.0,36.0,52.0
-4.0,-249.0,-8.0,1483.0,8.0,76.0
-5.0,-252.0,-7.0,1445.0,-26.0,96.0
-9.0,-249.0,-8.0,1414.0,-65.0,112.0
-11.0,-248.0,-11.0,1390.0,-106.0,122.0
-12.0,-248.0,-10.0,1374.0,-146.0,134.0
-22.0,-245.0,-5.0,1363.0,-185.0,142.0
-20.0,-242.0,-8.0,1359.0,-223.0,144.0
-22.0,-237.0,-2.0,1354.0,-262.0,136.0
-27.0,-237.0,-4.0,1351.0,-300.0,123.0
-31.0,-230.0,-3.0,1350.0,-335.0,112.0
-34.0,-227.0,-5.0,1349.0,-366.0,99.0
-37.0,-224.0,-3.0,1350.0,-391.0,86.0
-38.0,-224.0,4.0,1347.0,-417.0,78.0
-38.0,-221.0,3.0,1343.0,-441.0,70.0
-35.0,-218.0,-1.0,1335.0,-464.0,63.0
-31.0,-222.0,4.0,1318.0,-490.0,55.0
-31.0,-220.0,2.0,1297.0,-515.0,44.0
-27.0,-217.0,0.0,1270.0,-537.0,30.0
-30.0,-215.0,5.0,1242.0,-551.0,12.0
-32.0,-218.0,9.0,1216.0,-557.0,-3.0
-31.0,-216.0,8.0,1185.0,-558.0,-12.0
-33.0,-221.0,8.0,1152.0,-559.0,-21.0
-34.0,-222.0,10.0,1123.0,-560.0,-26.0
-37.0,-221.0,13.0,1097.0,-560.0,-27.0
-36.0,-225.0,13.0,1074.0,-562.0,-30.0
-32.0,-227.0,17.0,1053.0,-562.0,-34.0
-36.0,-230.0,16.0,1032.0,-563.0,-35.0
-33.0,-229.0,18.0,1015.0,-560.0,-36.0
-29.0,-225.0,19.0,1005.0,-558.0,-33.0
-29.0,-228.0,21.0,994.0,-554.0,-26.0
-30.0,-228.0,30.0,987.0,-549.0,-20.0
-27.0,-232.0,27.0,980.0,-543.0,-11.0
-28.0,-232.0,33.0,972.0,-537.0,4.0
-27.0,-233.0,32.0,967.0,-530.0,22.0
-27.0,-227.0,40.0,960.0,-518.0,41.0
-27.0,-237.0,39.0,950.0,-502.0,64.0
-32.0,-238.0,44.0,937.0,-482.0,88.0
-30.0,-245.0,46.0,917.0,-462.0,109.0
-32.0,-246.0,49.0,895.0,-447.0,127.0
-29.0,-254.0,55.0,875.0,-435.0,146.0
-35.0,-256.0,65.0,862.0,-425.0,163.0
-29.0,-259.0,55.0,850.0,-416.0,179.0
-32.0,-261.0,68.0,843.0,-408.0,194.0
-31.0,-260.0,69.0,843.0,-403.0,208.0
-29.0,-257.0,70.0,844.0,-400.0,219.0
-22.0,-258.0,69.0,846.0,-397.0,223.0
-22.0,-259.0,68.0,852.0,-397.0,226.0
-21.0,-256.0,65.0,863.0,-397.0,227.0
-21.0,-252.0,65.0,872.0,-400.0,224.0
-21.0,-249.0,62.0,883.0,-401.0,221.0
-16.0,-252.0,61.0,887.0,-400.0,214.0
-18.0,-248.0,62.0,879.0,-401.0,212.0
-17.0,-250.0,63.0,866.0,-401.0,210.0
-20.0,-245.0,66.0,849.0,-401.0,211.0
-18.0,-249.0,66.0,827.0,-404.0,210.0
-18.0,-244.0,68.0,801.0,-408.0,212.0
-18.0,-241.0,71.0,772.0,-411.0,216.0
-19.0,-241.0,71.0,741.0,-414.0,226.0
-23.0,-241.0,67.0,709.0,-418.0,239.0
-22.0,-242.0,73.0,678.0,-424.0,249.0
-20.0,-240.0,75.0,646.0,-427.0,256.0
-19.0,-241.0,76.0,614.0,-429.0,263.0
-17.0,-239.0,78.0,585.0,-427.0,269.0
-20.0,-240.0,79.0,559.0,-428.0,270.0
-18.0,-237.0,78.0,532.0,-433.0,273.0
-16.0,-239.0,82.0,505.0,-439.0,278.0
-26.0,-238.0,79.0,481.0,-446.0,285.0
-14.0,-243.0,84.0,459.0,-451.0,297.0
-20.0,-244.0,84.0,441.0,-456.0,300.0
-22.0,-241.0,83.0,428.0,-458.0,304.0
-22.0,-240.0,84.0,421.0,-465.0,304.0
-22.0,-243.0,81.0,414.0,-473.0,304.0
-28.0,-240.0,82.0,408.0,-486.0,303.0
-20.0,-242.0,79.0,408.0,-503.0,301.0
-18.0,-244.0,82.0,408.0,-522.0,297.0
-20.0,-242.0,76.0,416.0,-537.0,294.0
-23.0,-240.0,77.0,428.0,-543.0,291.0
-18.0,-244.0,76.0,442.0,-544.0,291.0
-29.0,-238.0,79.0,452.0,-548.0,292.0
-29.0,-239.0,84.0,461.0,-554.0,299.0
-28.0,-239.0,84.0,470.0,-563.0,302.0
-32.0,-236.0,81.0,477.0,-580.0,304.0
-31.0,-237.0,83.0,482.0,-603.0,310.0
-31.0,-239.0,85.0,492.0,-630.0,315.0
-41.0,-232.0,77.0,509.0,-654.0,318.0
-32.0,-228.0,83.0,518.0,-671.0,317.0
-29.0,-227.0,83.0,523.0,-684.0,308.0
-29.0,-223.0,85.0,519.0,-690.0,300.0
-34.0,-222.0,87.0,506.0,-691.0,297.0
-35.0,-221.0,88.0,478.0,-694.0,293.0
-33.0,-222.0,88.0,439.0,-698.0,290.0
-36.0,-228.0,91.0,399.0,-699.0,292.0
-35.0,-229.0,92.0,368.0,-705.0,294.0
-36.0,-233.0,94.0,349.0,-708.0,295.0
-34.0,-239.0,101.0,340.0,-711.0,290.0
-36.0,-239.0,105.0,342.0,-702.0,290.0
-34.0,-246.0,101.0,354.0,-701.0,299.0
-30.0,-243.0,100.0,369.0,-710.0,304.0
-28.0,-247.0,100.0,390.0,-716.0,306.0
-28.0,-247.0,101.0,414.0,-718.0,306.0
-28.0,-246.0,106.0,443.0,-714.0,305.0
-28.0,-246.0,102.0,479.0,-712.0,309.0
-22.0,-243.0,103.0,504.0,-703.0,307.0
-27.0,-240.0,106.0,519.0,-690.0,298.0
-28.0,-237.0,101.0,530.0,-676.0,288.0
-22.0,-230.0,89.0,534.0,-663.0,281.0
-28.0,-233.0,99.0,533.0,-660.0,271.0
-30.0,-222.0,103.0,531.0,-669.0,263.0
-31.0,-223.0,101.0,533.0,-684.0,257.0
-31.0,-220.0,98.0,534.0,-708.0,249.0
-31.0,-219.0,98.0,530.0,-734.0,248.0
-34.0,-212.0,95.0,512.0,-761.0,252.0
-33.0,-213.0,94.0,488.0,-789.0,262.0
-32.0,-207.0,96.0,459.0,-809.0,273.0
-35.0,-208.0,97.0,431.0,-824.0,278.0
-30.0,-206.0,99.0,404.0,-836.0,282.0
-35.0,-205.0,102.0,376.0,-849.0,288.0
-36.0,-205.0,106.0,350.0,-860.0,289.0
-34.0,-200.0,114.0,326.0,-869.0,292.0
-42.0,-200.0,119.0,300.0,-873.0,294.0
-39.0,-198.0,121.0,280.0,-880.0,301.0
-41.0,-199.0,120.0,261.0,-883.0,302.0
-39.0,-196.0,126.0,229.0,-887.0,303.0
-43.0,-199.0,119.0,195.0,-887.0,308.0
-48.0,-197.0,119.0,150.0,-895.0,312.0
-39.0,-203.0,118.0,107.0,-900.0,318.0
-32.0,-208.0,118.0,70.0,-898.0,332.0
-33.0,-210.0,119.0,43.0,-891.0,340.0
-29.0,-214.0,118.0,28.0,-878.0,348.0
-32.0,-215.0,114.0,21.0,-873.0,348.0
-25.0,-218.0,112.0,26.0,-872.0,348.0
-17.0,-215.0,119.0,38.0,-868.0,350.0
-14.0,-215.0,121.0,43.0,-857.0,353.0
-14.0,-212.0,115.0,47.0,-841.0,349.0
-9.0,-207.0,118.0,49.0,-827.0,341.0
