-27.0,-168.0,164.0,-592.0,132.0,-1.0
-31.0,-172.0,162.0,-627.0,134.0,-4.0
-28.0,-178.0,156.0,-654.0,143.0,3.0
-33.0,-181.0,157.0,-685.0,156.0,11.0
-34.0,-182.0,159.0,-714.0,178.0,23.0
-34.0,-187.0,161.0,-736.0,199.0,42.0
-41.0,-187.0,167.0,-748.0,222.0,61.0
-46.0,-189.0,163.0,-754.0,237.0,85.0
-47.0,-193.0,170.0,-755.0,252.0,112.0
-52.0,-197.0,173.0,-757.0,265.0,141.0
-60.0,-200.0,169.0,-766.0,273.0,160.0
-71.0,-202.0,165.0,-779.0,282.0,181.0
-72.0,-205.0,165.0,-796.0,291.0,196.0
-77.0,-207.0,161.0,-815.0,307.0,215.0
-78.0,-213.0,159.0,-839.0,325.0,233.0
-77.0,-218.0,147.0,-866.0,342.0,248.0
-71.0,-224.0,143.0,-896.0,357.0,257.0
-69.0,-231.0,137.0,-931.0,371.0,259.0
-63.0,-240.0,137.0,-970.0,400.0,257.0
-55.0,-248.0,131.0,-1000.0,424.0,257.0
-52.0,-254.0,136.0,-1020.0,453.0,249.0
-45.0,-257.0,135.0,-1030.0,485.0,245.0
-42.0,-257.0,130.0,-1025.0,518.0,235.0
-42.0,-257.0,126.0,-1008.0,549.0,230.0
-38.0,-260.0,128.0,-981.0,576.0,218.0
-48.0,-256.0,122.0,-948.0,594.0,202.0
-53.0,-256.0,118.0,-909.0,610.0,187.0
-59.0,-253.0,121.0,-862.0,612.0,180.0
-62.0,-255.0,112.0,-826.0,601.0,171.0
-69.0,-259.0,114.0,-791.0,587.0,164.0
-75.0,-260.0,115.0,-757.0,573.0,158.0
-80.0,-264.0,116.0,-724.0,557.0,156.0
-83.0,-264.0,126.0,-686.0,547.0,147.0
-78.0,-259.0,127.0,-648.0,535.0,140.0
-67.0,-258.0,123.0,-609.0,531.0,121.0
-51.0,-256.0,122.0,-558.0,539.0,107.0
-51.0,-250.0,124.0,-511.0,547.0,83.0
-61.0,-245.0,110.0,-447.0,573.0,76.0
-44.0,-234.0,106.0,-387.0,626.0,67.0
-66.0,-240.0,105.0,-317.0,648.0,87.0
-67.0,-236.0,101.0,-268.0,664.0,104.0
-68.0,-234.0,102.0,-230.0,643.0,109.0
-67.0,-234.0,97.0,-199.0,627.0,117.0
-69.0,-237.0,99.0,-173.0,621.0,121.0
-71.0,-237.0,106.0,-127.0,616.0,121.0
-75.0,-240.0,101.0,-83.0,613.0,122.0
-66.0,-238.0,105.0,-39.0,618.0,106.0
-53.0,-236.0,104.0,-5.0,620.0,89.0
-55.0,-239.0,96.0,15.0,628.0,84.0
-48.0,-243.0,87.0,25.0,641.0,85.0
-43.0,-245.0,87.0,22.0,671.0,76.0
-46.0,-246.0,80.0,13.0,708.0,67.0
-39.0,-254.0,83.0,2.0,758.0,56.0
-38.0,-255.0,74.0,-7.0,808.0,49.0
-39.0,-256.0,74.0,-17.0,869.0,37.0
-41.0,-262.0,71.0,-30.0,922.0,32.0
-45.0,-262.0,74.0,-42.0,962.0,26.0
-43.0,-260.0,75.0,-61.0,997.0,15.0
-35.0,-261.0,74.0,-80.0,1020.0,-6.0
-42.0,-266.0,79.0,-104.0,1038.0,-23.0
-39.0,-265.0,84.0,-120.0,1051.0,-51.0
-41.0,-269.0,87.0,-117.0,1075.0,-84.0
-38.0,-260.0,92.0,-118.0,1111.0,-122.0
-31.0,-257.0,91.0,-111.0,1110.0,-149.0
-36.0,-258.0,87.0,-91.0,1095.0,-156.0
-35.0,-256.0,95.0,-74.0,1090.0,-165.0
-30.0,-256.0,87.0,-49.0,1073.0,-178.0
-29.0,-253.0,96.0,-17.0,1050.0,-177.0
-29.0,-251.0,85.0,22.0,1027.0,-180.0
-25.0,-240.0,75.0,52.0,996.0,-172.0
-22.0,-229.0,70.0,26.0,974.0,-173.0
-24.0,-227.0,70.0,-29.0,962.0,-173.0
-23.0,-226.0,70.0,-88.0,943.0,-174.0
-42.0,-248.0,59.0,-157.0,929.0,-181.0
-12.0,-214.0,77.0,-252.0,946.0,-237.0
-23.0,-223.0,65.0,-269.0,884.0,-227.0
-22.0,-230.0,69.0,-304.0,853.0,-167.0
-34.0,-232.0,69.0,-362.0,825.0,-150.0
-41.0,-238.0,69.0,-403.0,787.0,-147.0
-46.0,-247.0,67.0,-434.0,733.0,-152.0
-44.0,-250.0,74.0,-450.0,681.0,-153.0
-47.0,-249.0,75.0,-450.0,644.0,-162.0
-46.0,-251.0,82.0,-440.0,612.0,-169.0
-43.0,-250.0,76.0,-416.0,581.0,-178.0
-41.0,-252.0,78.0,-391.0,553.0,-187.0
-36.0,-247.0,78.0,-371.0,523.0,-196.0
-29.0,-250.0,80.0,-363.0,505.0,-211.0
-28.0,-270.0,71.0,-369.0,500.0,-237.0
-26.0,-241.0,87.0,-404.0,516.0,-309.0
-34.0,-225.0,89.0,-382.0,509.0,-349.0
-18.0,-239.0,76.0,-356.0,501.0,-273.0
-24.0,-244.0,72.0,-357.0,516.0,-238.0
-31.0,-241.0,71.0,-366.0,527.0,-228.0
-26.0,-245.0,70.0,-370.0,530.0,-232.0
-34.0,-242.0,62.0,-357.0,531.0,-240.0
-35.0,-248.0,59.0,-338.0,526.0,-251.0
-36.0,-243.0,54.0,-313.0,514.0,-262.0
-24.0,-241.0,54.0,-287.0,499.0,-289.0
-23.0,-238.0,51.0,-248.0,504.0,-330.0
-29.0,-234.0,47.0,-204.0,526.0,-384.0
-28.0,-228.0,46.0,-170.0,539.0,-439.0
-26.0,-219.0,47.0,-148.0,548.0,-499.0
-25.0,-219.0,45.0,-142.0,561.0,-550.0
-26.0,-224.0,50.0,-159.0,589.0,-572.0
-26.0,-224.0,58.0,-182.0,627.0,-580.0
-29.0,-231.0,65.0,-205.0,676.0,-590.0
-31.0,-238.0,68.0,-212.0,730.0,-588.0
-34.0,-245.0,72.0,-200.0,774.0,-598.0
-34.0,-255.0,73.0,-182.0,815.0,-612.0
-35.0,-259.0,76.0,-152.0,858.0,-621.0
-32.0,-262.0,67.0,-106.0,907.0,-617.0
-30.0,-268.0,63.0,-34.0,966.0,-598.0
-30.0,-266.0,53.0,32.0,1009.0,-582.0
-31.0,-265.0,38.0,99.0,1034.0,-575.0
-28.0,-259.0,30.0,164.0,1045.0,-558.0
-26.0,-253.0,22.0,225.0,1059.0,-532.0
-26.0,-245.0,15.0,286.0,1092.0,-505.0
-35.0,-234.0,12.0,340.0,1138.0,-499.0
-42.0,-225.0,2.0,382.0,1184.0,-504.0
-55.0,-214.0,0.0,397.0,1225.0,-516.0
-65.0,-206.0,0.0,385.0,1251.0,-514.0
-69.0,-198.0,-3.0,354.0,1243.0,-506.0
-70.0,-195.0,-6.0,310.0,1223.0,-486.0
-68.0,-195.0,-17.0,246.0,1200.0,-466.0
-60.0,-197.0,-12.0,173.0,1187.0,-446.0
-62.0,-196.0,-17.0,111.0,1187.0,-452.0
-67.0,-195.0,-18.0,60.0,1194.0,-468.0
-75.0,-199.0,-23.0,18.0,1199.0,-482.0
-79.0,-202.0,-20.0,-21.0,1201.0,-465.0
-81.0,-206.0,-21.0,-44.0,1204.0,-437.0
-80.0,-209.0,-25.0,-53.0,1206.0,-403.0
-81.0,-212.0,-22.0,-48.0,1210.0,-377.0
-81.0,-209.0,-25.0,-37.0,1218.0,-356.0
-81.0,-210.0,-24.0,-26.0,1228.0,-342.0
-80.0,-210.0,-22.0,-27.0,1244.0,-330.0
-83.0,-208.0,-24.0,-45.0,1268.0,-331.0
-86.0,-212.0,-25.0,-68.0,1300.0,-334.0
-88.0,-210.0,-28.0,-98.0,1332.0,-346.0
-89.0,-216.0,-18.0,-133.0,1356.0,-351.0
-89.0,-216.0,-26.0,-158.0,1389.0,-355.0
-91.0,-221.0,-30.0,-160.0,1424.0,-356.0
-92.0,-227.0,-29.0,-142.0,1450.0,-363.0
-97.0,-229.0,-31.0,-107.0,1467.0,-376.0
-100.0,-226.0,-35.0,-61.0,1476.0,-394.0
-96.0,-221.0,-33.0,-6.0,1472.0,-409.0
-94.0,-224.0,-34.0,50.0,1456.0,-428.0
-92.0,-215.0,-32.0,118.0,1441.0,-450.0
-93.0,-207.0,-34.0,169.0,1427.0,-476.0
-100.0,-194.0,-36.0,203.0,1417.0,-497.0
-103.0,-183.0,-37.0,209.0,1411.0,-518.0
-107.0,-177.0,-37.0,185.0,1399.0,-532.0
-109.0,-165.0,-36.0,139.0,1389.0,-541.0
-115.0,-160.0,-40.0,83.0,1384.0,-537.0
-119.0,-160.0,-40.0,23.0,1379.0,-521.0
-118.0,-161.0,-42.0,-51.0,1364.0,-500.0
-115.0,-162.0,-34.0,-107.0,1349.0,-479.0
-109.0,-159.0,-44.0,-157.0,1335.0,-457.0
-107.0,-167.0,-27.0,-203.0,1319.0,-429.0
-101.0,-173.0,-27.0,-245.0,1300.0,-390.0
-93.0,-180.0,-18.0,-283.0,1283.0,-350.0
-89.0,-185.0,-11.0,-315.0,1267.0,-310.0
-83.0,-194.0,-11.0,-343.0,1241.0,-271.0
-81.0,-201.0,-10.0,-364.0,1207.0,-224.0
-80.0,-213.0,-7.0,-369.0,1179.0,-185.0
-81.0,-222.0,-13.0,-358.0,1146.0,-153.0
-77.0,-232.0,-13.0,-328.0,1104.0,-125.0
-70.0,-239.0,-12.0,-282.0,1060.0,-101.0
-74.0,-247.0,-12.0,-221.0,1021.0,-82.0
-79.0,-248.0,-3.0,-145.0,978.0,-67.0
-83.0,-248.0,0.0,-61.0,931.0,-56.0
-88.0,-244.0,0.0,23.0,890.0,-44.0
-94.0,-243.0,0.0,119.0,859.0,-31.0
-107.0,-241.0,-4.0,195.0,852.0,-19.0
-113.0,-238.0,-6.0,261.0,842.0,-9.0
-99.0,-240.0,-5.0,315.0,805.0,-13.0
-95.0,-236.0,-8.0,364.0,774.0,-20.0
-98.0,-227.0,-11.0,416.0,766.0,-28.0
-110.0,-223.0,-17.0,461.0,766.0,-29.0
-118.0,-222.0,-16.0,487.0,758.0,-27.0
-132.0,-217.0,-22.0,495.0,728.0,-17.0
-140.0,-219.0,-23.0,485.0,702.0,-14.0
-144.0,-220.0,-31.0,472.0,675.0,-12.0
-137.0,-225.0,-30.0,463.0,650.0,-16.0
-128.0,-223.0,-31.0,459.0,628.0,-23.0
-116.0,-229.0,-30.0,457.0,613.0,-43.0
-100.0,-229.0,-29.0,456.0,601.0,-62.0
-81.0,-227.0,-19.0,456.0,596.0,-81.0
-71.0,-230.0,-18.0,449.0,606.0,-93.0
-57.0,-235.0,-21.0,420.0,618.0,-96.0
-47.0,-242.0,-23.0,370.0,626.0,-96.0
-51.0,-251.0,-20.0,306.0,639.0,-118.0
-61.0,-252.0,-12.0,245.0,648.0,-138.0
-61.0,-259.0,-8.0,200.0,631.0,-157.0
-60.0,-268.0,-2.0,176.0,603.0,-166.0
-56.0,-263.0,1.0,170.0,593.0,-171.0
-52.0,-262.0,9.0,188.0,599.0,-172.0
-53.0,-260.0,7.0,220.0,615.0,-174.0
-53.0,-257.0,6.0,245.0,628.0,-170.0
-55.0,-256.0,4.0,272.0,634.0,-169.0
-64.0,-252.0,2.0,303.0,631.0,-168.0
-74.0,-250.0,2.0,345.0,622.0,-166.0
-88.0,-244.0,2.0,393.0,606.0,-161.0
-96.0,-235.0,5.0,444.0,580.0,-161.0
-106.0,-226.0,2.0,485.0,550.0,-153.0
-111.0,-224.0,6.0,508.0,523.0,-145.0
-117.0,-216.0,5.0,513.0,511.0,-133.0
-124.0,-215.0,5.0,493.0,501.0,-125.0
-127.0,-213.0,5.0,454.0,485.0,-110.0
-129.0,-215.0,5.0,407.0,457.0,-99.0
-130.0,-216.0,7.0,362.0,427.0,-85.0
-130.0,-220.0,4.0,322.0,404.0,-70.0
-132.0,-223.0,7.0,288.0,386.0,-50.0
-138.0,-219.0,7.0,265.0,366.0,-29.0
-133.0,-220.0,12.0,250.0,330.0,-10.0
-125.0,-218.0,16.0,244.0,297.0,2.0
-121.0,-210.0,13.0,243.0,262.0,18.0
-115.0,-207.0,9.0,237.0,228.0,28.0
-113.0,-203.0,2.0,223.0,193.0,45.0
-106.0,-202.0,0.0,199.0,156.0,59.0
-100.0,-201.0,3.0,164.0,119.0,78.0
-99.0,-201.0,0.0,125.0,81.0,95.0
-98.0,-202.0,6.0,89.0,37.0,118.0
-94.0,-204.0,6.0,47.0,1.0,136.0
-93.0,-201.0,8.0,12.0,-33.0,153.0
-94.0,-204.0,10.0,-27.0,-65.0,165.0
-94.0,-203.0,12.0,-71.0,-91.0,177.0
-97.0,-204.0,16.0,-112.0,-109.0,184.0
-99.0,-204.0,19.0,-149.0,-125.0,195.0
-98.0,-204.0,19.0,-183.0,-144.0,203.0
-93.0,-210.0,15.0,-217.0,-170.0,210.0
-94.0,-205.0,17.0,-260.0,-205.0,211.0
-89.0,-214.0,17.0,-290.0,-228.0,210.0
-87.0,-211.0,4.0,-307.0,-253.0,206.0
-95.0,-221.0,17.0,-303.0,-285.0,201.0
-95.0,-222.0,23.0,-278.0,-325.0,194.0
-96.0,-225.0,30.0,-236.0,-371.0,186.0
-96.0,-223.0,32.0,-186.0,-420.0,176.0
-98.0,-214.0,37.0,-130.0,-470.0,163.0
-110.0,-208.0,41.0,-84.0,-529.0,149.0
-113.0,-204.0,43.0,-55.0,-582.0,138.0
-120.0,-196.0,39.0,-56.0,-642.0,127.0
-119.0,-194.0,45.0,-83.0,-705.0,112.0
-115.0,-196.0,42.0,-128.0,-764.0,91.0
-109.0,-195.0,49.0,-177.0,-813.0,65.0
-104.0,-203.0,47.0,-217.0,-850.0,38.0
-98.0,-207.0,59.0,-240.0,-876.0,11.0
-93.0,-210.0,57.0,-244.0,-897.0,-20.0
-89.0,-219.0,58.0,-224.0,-915.0,-54.0
-86.0,-215.0,67.0,-196.0,-929.0,-81.0
-85.0,-218.0,71.0,-167.0,-942.0,-110.0
-82.0,-213.0,70.0,-140.0,-961.0,-138.0
-78.0,-210.0,68.0,-121.0,-986.0,-169.0
-75.0,-209.0,62.0,-112.0,-1016.0,-198.0
-73.0,-211.0,59.0,-109.0,-1055.0,-226.0
-66.0,-213.0,54.0,-115.0,-1100.0,-248.0
-66.0,-207.0,54.0,-121.0,-1159.0,-273.0
-72.0,-210.0,51.0,-112.0,-1208.0,-289.0
-77.0,-208.0,53.0,-92.0,-1260.0,-300.0
-79.0,-206.0,56.0,-71.0,-1311.0,-298.0
-79.0,-203.0,56.0,-73.0,-1357.0,-297.0
-79.0,-206.0,56.0,-94.0,-1392.0,-293.0
-78.0,-210.0,62.0,-130.0,-1413.0,-286.0
-78.0,-214.0,62.0,-169.0,-1427.0,-280.0
-78.0,-217.0,66.0,-202.0,-1438.0,-281.0
-79.0,-224.0,61.0,-229.0,-1452.0,-286.0
-79.0,-234.0,62.0,-238.0,-1464.0,-293.0
-84.0,-245.0,51.0,-240.0,-1472.0,-290.0
-85.0,-250.0,59.0,-229.0,-1477.0,-291.0
-86.0,-256.0,58.0,-200.0,-1478.0,-288.0
-90.0,-260.0,56.0,-157.0,-1481.0,-292.0
-94.0,-259.0,51.0,-112.0,-1489.0,-294.0
-95.0,-262.0,50.0,-73.0,-1507.0,-310.0
-95.0,-257.0,41.0,-40.0,-1540.0,-335.0
-92.0,-252.0,29.0,-18.0,-1608.0,-358.0
-90.0,-250.0,29.0,-11.0,-1662.0,-361.0
-90.0,-246.0,22.0,0.0,-1690.0,-358.0
-89.0,-237.0,17.0,14.0,-1692.0,-349.0
-91.0,-237.0,15.0,29.0,-1681.0,-337.0
-92.0,-236.0,9.0,40.0,-1675.0,-320.0
-99.0,-238.0,1.0,45.0,-1683.0,-302.0
-97.0,-230.0,4.0,58.0,-1709.0,-275.0
-99.0,-224.0,1.0,81.0,-1748.0,-232.0
-97.0,-218.0,2.0,102.0,-1785.0,-188.0
-93.0,-210.0,4.0,108.0,-1821.0,-153.0
-88.0,-205.0,5.0,87.0,-1852.0,-117.0
-82.0,-206.0,-1.0,42.0,-1882.0,-91.0
-89.0,-212.0,4.0,-18.0,-1914.0,-66.0
-75.0,-212.0,-2.0,-77.0,-1946.0,-52.0
-75.0,-222.0,1.0,-126.0,-1975.0,-40.0
-80.0,-228.0,2.0,-153.0,-2003.0,-31.0
-84.0,-230.0,3.0,-160.0,-2030.0,-17.0
-92.0,-228.0,2.0,-147.0,-2050.0,-3.0
-99.0,-226.0,4.0,-131.0,-2073.0,8.0
-95.0,-219.0,3.0,-132.0,-2094.0,18.0
-95.0,-224.0,0.0,-152.0,-2115.0,27.0
-92.0,-227.0,-3.0,-196.0,-2133.0,30.0
-87.0,-236.0,0.0,-251.0,-2163.0,45.0
-83.0,-251.0,-1.0,-304.0,-2201.0,56.0
-82.0,-259.0,-4.0,-334.0,-2245.0,76.0
-81.0,-269.0,-2.0,-338.0,-2265.0,87.0
-79.0,-276.0,-1.0,-328.0,-2270.0,99.0
-82.0,-278.0,0.0,-302.0,-2263.0,113.0
-80.0,-277.0,-4.0,-265.0,-2257.0,138.0
-76.0,-276.0,-8.0,-227.0,-2261.0,164.0
-69.0,-274.0,-12.0,-191.0,-2272.0,195.0
-70.0,-274.0,-12.0,-160.0,-2279.0,227.0
-65.0,-269.0,-12.0,-135.0,-2284.0,266.0
-57.0,-265.0,-10.0,-118.0,-2287.0,288.0
-59.0,-265.0,-10.0,-108.0,-2284.0,297.0
-54.0,-260.0,-12.0,-107.0,-2273.0,296.0
-55.0,-257.0,-14.0,-109.0,-2257.0,297.0
-52.0,-261.0,-15.0,-115.0,-2250.0,300.0
-51.0,-266.0,-12.0,-119.0,-2253.0,305.0
-45.0,-266.0,-1.0,-113.0,-2261.0,315.0
-34.0,-266.0,3.0,-91.0,-2266.0,321.0
-28.0,-269.0,3.0,-52.0,-2262.0,311.0
-16.0,-270.0,2.0,-20.0,-2246.0,289.0
-4.0,-267.0,7.0,6.0,-2215.0,262.0
5.0,-268.0,9.0,36.0,-2166.0,230.0
17.0,-264.0,5.0,79.0,-2104.0,179.0
22.0,-258.0,3.0,110.0,-2048.0,123.0
24.0,-257.0,-5.0,118.0,-2002.0,128.0
29.0,-253.0,-15.0,111.0,-1957.0,168.0
35.0,-256.0,-27.0,87.0,-1910.0,210.0
29.0,-260.0,-36.0,38.0,-1845.0,227.0
27.0,-266.0,-43.0,-15.0,-1795.0,230.0
19.0,-275.0,-51.0,-68.0,-1756.0,214.0
5.0,-284.0,-47.0,-111.0,-1717.0,192.0
-12.0,-288.0,-51.0,-146.0,-1681.0,161.0
-21.0,-296.0,-51.0,-196.0,-1652.0,162.0
-15.0,-302.0,-52.0,-258.0,-1619.0,191.0
-8.0,-315.0,-43.0,-323.0,-1574.0,206.0
7.0,-325.0,-36.0,-395.0,-1503.0,219.0
26.0,-343.0,-21.0,-463.0,-1429.0,244.0
38.0,-364.0,-1.0,-475.0,-1350.0,275.0
47.0,-375.0,4.0,-433.0,-1276.0,316.0
61.0,-382.0,21.0,-334.0,-1207.0,350.0
76.0,-381.0,31.0,-185.0,-1131.0,367.0
85.0,-367.0,34.0,-4.0,-1046.0,368.0
88.0,-339.0,32.0,177.0,-964.0,353.0
85.0,-313.0,23.0,338.0,-891.0,310.0
88.0,-283.0,14.0,488.0,-815.0,259.0
85.0,-261.0,4.0,580.0,-749.0,200.0
89.0,-232.0,0.0,637.0,-678.0,140.0
86.0,-205.0,1.0,658.0,-601.0,72.0
74.0,-186.0,-2.0,646.0,-524.0,12.0
64.0,-172.0,4.0,595.0,-466.0,-38.0
58.0,-165.0,14.0,505.0,-427.0,-72.0
51.0,-167.0,17.0,396.0,-389.0,-102.0
37.0,-169.0,27.0,264.0,-361.0,-110.0
26.0,-176.0,33.0,168.0,-349.0,-102.0
20.0,-184.0,43.0,78.0,-343.0,-92.0
17.0,-192.0,45.0,3.0,-336.0,-81.0
18.0,-207.0,50.0,-63.0,-330.0,-56.0
6.0,-215.0,56.0,-119.0,-317.0,-40.0
-4.0,-231.0,56.0,-166.0,-306.0,-28.0
-8.0,-238.0,57.0,-192.0,-308.0,-20.0
-2.0,-249.0,66.0,-197.0,-324.0,-2.0
-1.0,-251.0,70.0,-179.0,-355.0,6.0
4.0,-251.0,75.0,-149.0,-381.0,20.0
3.0,-251.0,75.0,-119.0,-408.0,22.0
1.0,-246.0,69.0,-95.0,-437.0,30.0
9.0,-239.0,72.0,-73.0,-471.0,38.0
8.0,-234.0,67.0,-58.0,-505.0,50.0
10.0,-234.0,64.0,-62.0,-538.0,53.0
8.0,-229.0,61.0,-77.0,-567.0,60.0
9.0,-226.0,57.0,-98.0,-596.0,66.0
9.0,-229.0,54.0,-121.0,-613.0,72.0
12.0,-228.0,54.0,-139.0,-625.0,77.0
13.0,-229.0,59.0,-142.0,-637.0,85.0
13.0,-230.0,61.0,-136.0,-646.0,89.0
20.0,-231.0,60.0,-120.0,-656.0,95.0
22.0,-227.0,61.0,-99.0,-659.0,99.0
17.0,-231.0,63.0,-84.0,-655.0,101.0
19.0,-216.0,70.0,-81.0,-652.0,100.0
29.0,-215.0,64.0,-21.0,-672.0,146.0
30.0,-209.0,65.0,8.0,-674.0,163.0
31.0,-207.0,63.0,16.0,-664.0,188.0
29.0,-207.0,64.0,6.0,-651.0,202.0
26.0,-211.0,65.0,-16.0,-645.0,218.0
27.0,-214.0,66.0,-41.0,-644.0,223.0
25.0,-218.0,63.0,-63.0,-648.0,232.0
27.0,-210.0,45.0,-73.0,-653.0,239.0
28.0,-224.0,56.0,-77.0,-657.0,255.0
33.0,-224.0,54.0,-67.0,-657.0,264.0
31.0,-225.0,53.0,-51.0,-654.0,282.0
28.0,-223.0,51.0,-34.0,-653.0,296.0
29.0,-225.0,50.0,-26.0,-651.0,310.0
27.0,-227.0,55.0,-25.0,-650.0,324.0
27.0,-228.0,59.0,-29.0,-652.0,343.0
26.0,-229.0,60.0,-31.0,-658.0,361.0
21.0,-231.0,61.0,-29.0,-663.0,382.0
27.0,-229.0,61.0,-24.0,-670.0,399.0
27.0,-227.0,59.0,-22.0,-678.0,416.0
25.0,-230.0,55.0,-27.0,-682.0,431.0
30.0,-233.0,53.0,-35.0,-683.0,444.0
26.0,-237.0,54.0,-44.0,-681.0,455.0
31.0,-238.0,52.0,-50.0,-685.0,466.0
31.0,-240.0,48.0,-47.0,-688.0,481.0
32.0,-240.0,48.0,-36.0,-691.0,496.0
32.0,-238.0,49.0,-15.0,-697.0,514.0
28.0,-241.0,51.0,3.0,-702.0,526.0
27.0,-241.0,49.0,23.0,-708.0,540.0
26.0,-240.0,52.0,41.0,-714.0,548.0
24.0,-232.0,49.0,54.0,-717.0,552.0
25.0,-230.0,46.0,45.0,-712.0,550.0
29.0,-228.0,35.0,40.0,-707.0,566.0
28.0,-222.0,27.0,3.0,-710.0,569.0
31.0,-232.0,34.0,-70.0,-716.0,553.0
40.0,-246.0,34.0,-165.0,-743.0,526.0
43.0,-262.0,45.0,-246.0,-763.0,482.0
44.0,-273.0,44.0,-311.0,-763.0,434.0
44.0,-297.0,48.0,-357.0,-757.0,383.0
47.0,-319.0,45.0,-367.0,-759.0,321.0
50.0,-328.0,29.0,-350.0,-766.0,253.0
54.0,-340.0,14.0,-316.0,-763.0,185.0
53.0,-340.0,4.0,-259.0,-738.0,116.0
50.0,-330.0,2.0,-137.0,-689.0,72.0
48.0,-324.0,0.0,-6.0,-651.0,38.0
46.0,-305.0,0.0,108.0,-629.0,4.0
33.0,-283.0,6.0,189.0,-623.0,-19.0
18.0,-262.0,16.0,232.0,-623.0,-35.0
-4.0,-248.0,28.0,261.0,-627.0,-29.0
-16.0,-229.0,22.0,289.0,-636.0,-5.0
-24.0,-216.0,28.0,313.0,-646.0,33.0
-35.0,-200.0,25.0,327.0,-659.0,86.0
-43.0,-185.0,22.0,316.0,-676.0,139.0
-48.0,-178.0,20.0,277.0,-694.0,184.0
-56.0,-176.0,21.0,206.0,-713.0,226.0
-64.0,-172.0,31.0,113.0,-732.0,260.0
-60.0,-179.0,30.0,6.0,-752.0,290.0
-60.0,-189.0,35.0,-101.0,-767.0,311.0
-51.0,-198.0,36.0,-199.0,-781.0,335.0
-45.0,-214.0,40.0,-283.0,-790.0,354.0
-31.0,-226.0,41.0,-355.0,-802.0,366.0
-19.0,-239.0,39.0,-386.0,-812.0,374.0
-10.0,-247.0,45.0,-391.0,-819.0,384.0
0.0,-248.0,43.0,-383.0,-822.0,385.0
0.0,-253.0,49.0,-358.0,-816.0,389.0
5.0,-253.0,45.0,-326.0,-807.0,386.0
7.0,-253.0,49.0,-292.0,-793.0,387.0
3.0,-254.0,50.0,-263.0,-777.0,382.0
0.0,-250.0,51.0,-240.0,-756.0,385.0
1.0,-249.0,48.0,-227.0,-740.0,379.0
25.0,-252.0,51.0,-219.0,-724.0,379.0
-8.0,-234.0,60.0,-217.0,-743.0,375.0
-10.0,-250.0,56.0,-152.0,-671.0,436.0
-21.0,-241.0,63.0,-176.0,-617.0,378.0
-16.0,-240.0,62.0,-223.0,-621.0,349.0
-23.0,-250.0,67.0,-271.0,-610.0,328.0
-18.0,-248.0,65.0,-288.0,-561.0,328.0
-16.0,-251.0,56.0,-261.0,-520.0,336.0
-23.0,-254.0,58.0,-270.0,-478.0,317.0
-22.0,-260.0,59.0,-277.0,-438.0,304.0
-26.0,-263.0,56.0,-268.0,-395.0,297.0
-24.0,-272.0,59.0,-251.0,-357.0,280.0
-19.0,-271.0,58.0,-223.0,-325.0,270.0
-20.0,-276.0,48.0,-161.0,-320.0,291.0
-26.0,-269.0,62.0,-131.0,-299.0,275.0
-6.0,-260.0,57.0,-76.0,-287.0,271.0
5.0,-251.0,55.0,-21.0,-273.0,265.0
8.0,-248.0,59.0,15.0,-246.0,258.0
4.0,-240.0,58.0,51.0,-220.0,256.0
5.0,-227.0,60.0,85.0,-204.0,243.0
5.0,-221.0,61.0,96.0,-184.0,232.0
-3.0,-220.0,67.0,98.0,-162.0,223.0
-8.0,-215.0,66.0,97.0,-143.0,213.0
-11.0,-218.0,64.0,90.0,-133.0,197.0
-15.0,-216.0,65.0,67.0,-117.0,188.0
-19.0,-218.0,62.0,47.0,-100.0,186.0
-26.0,-228.0,58.0,23.0,-84.0,183.0
-34.0,-232.0,57.0,-5.0,-73.0,175.0
-36.0,-238.0,60.0,-35.0,-64.0,160.0
-40.0,-240.0,62.0,-51.0,-58.0,143.0
-39.0,-246.0,57.0,-57.0,-49.0,126.0
-43.0,-245.0,59.0,-52.0,-42.0,107.0
-40.0,-249.0,59.0,-35.0,-34.0,90.0
-43.0,-244.0,62.0,-19.0,-26.0,78.0
-39.0,-239.0,61.0,-3.0,-20.0,67.0
-41.0,-232.0,55.0,7.0,-10.0,57.0
-37.0,-230.0,61.0,10.0,1.0,47.0
-32.0,-223.0,59.0,7.0,14.0,39.0
-33.0,-217.0,57.0,1.0,25.0,32.0
-30.0,-214.0,59.0,-11.0,33.0,27.0
-28.0,-211.0,51.0,-30.0,42.0,15.0
-27.0,-210.0,55.0,-60.0,46.0,4.0
-24.0,-214.0,50.0,-85.0,49.0,-10.0
-23.0,-214.0,48.0,-107.0,51.0,-19.0
-23.0,-216.0,48.0,-123.0,55.0,-31.0
-18.0,-220.0,46.0,-138.0,57.0,-42.0
-18.0,-224.0,47.0,-150.0,59.0,-53.0
-18.0,-228.0,48.0,-162.0,64.0,-64.0
-17.0,-231.0,45.0,-169.0,66.0,-76.0
-17.0,-235.0,46.0,-174.0,67.0,-92.0
-16.0,-236.0,49.0,-169.0,66.0,-108.0
-15.0,-242.0,49.0,-163.0,67.0,-121.0
-16.0,-234.0,47.0,-154.0,73.0,-139.0
-16.0,-232.0,50.0,-142.0,79.0,-152.0
-16.0,-230.0,47.0,-129.0,84.0,-171.0
-16.0,-231.0,47.0,-116.0,84.0,-182.0
-15.0,-231.0,50.0,-106.0,90.0,-200.0
-16.0,-229.0,46.0,-103.0,97.0,-227.0
-16.0,-225.0,49.0,-102.0,101.0,-252.0
-17.0,-220.0,52.0,-102.0,97.0,-270.0
-25.0,-222.0,49.0,-110.0,90.0,-290.0
-23.0,-218.0,54.0,-124.0,82.0,-302.0
-27.0,-219.0,52.0,-144.0,82.0,-319.0
-30.0,-220.0,46.0,-179.0,79.0,-332.0
-19.0,-226.0,46.0,-226.0,70.0,-341.0
-16.0,-234.0,38.0,-282.0,56.0,-349.0
-18.0,-244.0,43.0,-335.0,49.0,-358.0
-26.0,-254.0,39.0,-335.0,53.0,-350.0
-26.0,-256.0,43.0,-314.0,54.0,-347.0
-34.0,-255.0,39.0,-282.0,51.0,-338.0
-37.0,-251.0,35.0,-247.0,46.0,-325.0
-41.0,-245.0,22.0,-229.0,31.0,-306.0
-45.0,-244.0,23.0,-232.0,12.0,-296.0
-43.0,-248.0,23.0,-252.0,-9.0,-283.0
-44.0,-250.0,17.0,-284.0,-36.0,-272.0
-37.0,-254.0,18.0,-321.0,-58.0,-256.0
-28.0,-256.0,19.0,-352.0,-75.0,-235.0
-23.0,-260.0,13.0,-376.0,-86.0,-213.0
-9.0,-262.0,19.0,-394.0,-87.0,-178.0
-11.0,-257.0,13.0,-391.0,-67.0,-133.0
-14.0,-257.0,7.0,-376.0,-42.0,-95.0
-5.0,-257.0,10.0,-374.0,-33.0,-54.0
3.0,-256.0,6.0,-380.0,-38.0,-33.0
7.0,-255.0,7.0,-377.0,-36.0,-20.0
10.0,-256.0,8.0,-370.0,-26.0,-19.0
12.0,-255.0,5.0,-360.0,-15.0,-19.0
15.0,-253.0,8.0,-350.0,-7.0,-21.0
13.0,-255.0,10.0,-341.0,2.0,-21.0
14.0,-256.0,14.0,-336.0,12.0,-29.0
11.0,-254.0,6.0,-329.0,20.0,-33.0
10.0,-252.0,10.0,-321.0,30.0,-43.0
10.0,-250.0,8.0,-311.0,41.0,-49.0
10.0,-250.0,9.0,-300.0,51.0,-55.0
7.0,-252.0,8.0,-290.0,59.0,-57.0
2.0,-251.0,12.0,-277.0,67.0,-61.0
2.0,-248.0,10.0,-264.0,72.0,-63.0
0.0,-248.0,12.0,-249.0,78.0,-66.0
-5.0,-245.0,12.0,-235.0,82.0,-64.0
-4.0,-243.0,11.0,-224.0,84.0,-67.0
-5.0,-242.0,14.0,-216.0,86.0,-63.0
-9.0,-242.0,12.0,-210.0,90.0,-63.0
-4.0,-241.0,14.0,-210.0,88.0,-64.0
-3.0,-242.0,18.0,-212.0,88.0,-66.0
1.0,-242.0,19.0,-212.0,85.0,-66.0
1.0,-242.0,18.0,-216.0,82.0,-69.0
1.0,-242.0,17.0,-219.0,80.0,-69.0
3.0,-246.0,18.0,-222.0,78.0,-67.0
7.0,-246.0,17.0,-223.0,78.0,-67.0
9.0,-249.0,14.0,-222.0,83.0,-65.0
6.0,-247.0,15.0,-222.0,86.0,-59.0
9.0,-248.0,12.0,-220.0,84.0,-54.0
14.0,-247.0,11.0,-217.0,84.0,-47.0
13.0,-250.0,14.0,-216.0,87.0,-41.0
15.0,-249.0,10.0,-213.0,91.0,-37.0
10.0,-249.0,11.0,-208.0,95.0,-33.0
12.0,-249.0,7.0,-201.0,98.0,-26.0
12.0,-250.0,5.0,-194.0,100.0,-22.0
13.0,-249.0,2.0,-188.0,109.0,-16.0
8.0,-250.0,6.0,-185.0,115.0,-11.0
8.0,-247.0,1.0,-189.0,120.0,-9.0
3.0,-249.0,-2.0,-199.0,122.0,-1.0
4.0,-253.0,0.0,-208.0,124.0,3.0
5.0,-255.0,0.0,-218.0,125.0,10.0
8.0,-263.0,11.0,-225.0,126.0,17.0
3.0,-259.0,0.0,-227.0,129.0,23.0
6.0,-260.0,-5.0,-222.0,131.0,30.0
3.0,-260.0,-4.0,-210.0,130.0,36.0
1.0,-259.0,2.0,-195.0,130.0,40.0
-1.0,-255.0,1.0,-183.0,127.0,41.0
-2.0,-256.0,1.0,-174.0,128.0,38.0
1.0,-255.0,0.0,-169.0,125.0,36.0
0.0,-257.0,0.0,-163.0,123.0,31.0
0.0,-256.0,1.0,-158.0,120.0,29.0
2.0,-256.0,3.0,-156.0,123.0,21.0
1.0,-257.0,5.0,-152.0,123.0,14.0
5.0,-257.0,1.0,-147.0,124.0,5.0
5.0,-257.0,0.0,-144.0,126.0,0.0
2.0,-259.0,1.0,-138.0,124.0,-10.0
1.0,-257.0,0.0,-123.0,124.0,-14.0
1.0,-260.0,0.0,-106.0,126.0,-22.0
-1.0,-259.0,3.0,-93.0,127.0,-25.0
2.0,-257.0,3.0,-82.0,126.0,-27.0
6.0,-261.0,6.0,-76.0,122.0,-24.0
6.0,-259.0,5.0,-73.0,123.0,-21.0
19.0,-248.0,25.0,-67.0,124.0,-13.0
0.0,-266.0,2.0,-55.0,121.0,-10.0
-2.0,-267.0,8.0,-34.0,119.0,-3.0
3.0,-268.0,8.0,-8.0,113.0,-1.0
-3.0,-264.0,9.0,14.0,106.0,2.0
-2.0,-260.0,9.0,32.0,99.0,-1.0
-1.0,-256.0,10.0,49.0,92.0,-1.0
4.0,-253.0,3.0,60.0,81.0,-7.0
-1.0,-248.0,5.0,63.0,72.0,-9.0
7.0,-248.0,2.0,61.0,69.0,-16.0
5.0,-253.0,2.0,57.0,65.0,-21.0
9.0,-252.0,2.0,54.0,65.0,-32.0
5.0,-250.0,0.0,56.0,68.0,-37.0
