-35.0,-254.0,93.0,-685.0,642.0,229.0
-71.0,-246.0,97.0,-658.0,671.0,208.0
-63.0,-250.0,85.0,-617.0,720.0,210.0
-69.0,-247.0,84.0,-604.0,731.0,182.0
-75.0,-251.0,84.0,-602.0,727.0,167.0
-77.0,-252.0,81.0,-601.0,722.0,164.0
-80.0,-251.0,76.0,-582.0,725.0,151.0
-81.0,-253.0,80.0,-556.0,734.0,145.0
-80.0,-252.0,79.0,-517.0,732.0,130.0
-80.0,-249.0,83.0,-488.0,725.0,137.0
-74.0,-255.0,84.0,-456.0,715.0,125.0
-74.0,-254.0,80.0,-429.0,724.0,109.0
-76.0,-247.0,75.0,-407.0,730.0,90.0
-74.0,-244.0,71.0,-400.0,725.0,77.0
-75.0,-243.0,66.0,-409.0,705.0,56.0
-74.0,-241.0,62.0,-424.0,672.0,48.0
-79.0,-243.0,61.0,-445.0,637.0,35.0
-79.0,-240.0,58.0,-471.0,607.0,35.0
-73.0,-241.0,55.0,-491.0,576.0,29.0
-68.0,-242.0,48.0,-507.0,557.0,27.0
-61.0,-241.0,51.0,-520.0,528.0,22.0
-48.0,-245.0,50.0,-529.0,508.0,14.0
-55.0,-279.0,26.0,-554.0,508.0,-18.0
-30.0,-220.0,66.0,-619.0,541.0,-102.0
-35.0,-246.0,45.0,-539.0,492.0,-80.0
-29.0,-252.0,45.0,-511.0,477.0,-17.0
-31.0,-252.0,40.0,-503.0,463.0,-7.0
-22.0,-256.0,38.0,-487.0,449.0,-6.0
-18.0,-257.0,42.0,-459.0,440.0,-9.0
-21.0,-261.0,46.0,-417.0,434.0,0.0
-26.0,-260.0,38.0,-364.0,430.0,2.0
-28.0,-261.0,39.0,-307.0,425.0,10.0
-34.0,-261.0,38.0,-253.0,419.0,13.0
-41.0,-263.0,37.0,-185.0,410.0,15.0
-49.0,-262.0,37.0,-138.0,402.0,7.0
-54.0,-257.0,36.0,-99.0,392.0,4.0
-60.0,-257.0,32.0,-70.0,383.0,-5.0
-54.0,-256.0,28.0,-47.0,385.0,-22.0
-56.0,-253.0,30.0,-38.0,396.0,-49.0
-56.0,-250.0,31.0,-41.0,389.0,-58.0
-56.0,-245.0,26.0,-48.0,378.0,-69.0
-57.0,-246.0,26.0,-65.0,358.0,-71.0
-56.0,-243.0,23.0,-88.0,340.0,-73.0
-54.0,-244.0,21.0,-103.0,315.0,-61.0
-48.0,-273.0,3.0,-115.0,289.0,-58.0
-27.0,-256.0,32.0,-229.0,289.0,-156.0
-78.0,-206.0,32.0,-214.0,292.0,-318.0
-73.0,-231.0,11.0,-68.0,279.0,-238.0
-52.0,-239.0,16.0,-40.0,274.0,-100.0
-59.0,-236.0,21.0,-51.0,264.0,-71.0
-62.0,-234.0,21.0,-64.0,246.0,-83.0
-58.0,-238.0,19.0,-74.0,231.0,-101.0
-58.0,-238.0,19.0,-86.0,225.0,-130.0
-58.0,-236.0,15.0,-99.0,223.0,-152.0
-61.0,-239.0,12.0,-109.0,223.0,-181.0
-61.0,-240.0,12.0,-121.0,219.0,-204.0
-58.0,-241.0,11.0,-135.0,215.0,-220.0
-56.0,-240.0,13.0,-144.0,215.0,-233.0
-56.0,-244.0,10.0,-145.0,217.0,-251.0
-40.0,-247.0,22.0,-141.0,217.0,-261.0
-50.0,-247.0,12.0,-128.0,216.0,-271.0
-54.0,-245.0,14.0,-107.0,209.0,-288.0
-59.0,-244.0,10.0,-83.0,207.0,-310.0
-62.0,-240.0,11.0,-60.0,203.0,-327.0
-63.0,-236.0,9.0,-42.0,198.0,-339.0
-67.0,-232.0,10.0,-33.0,193.0,-344.0
-73.0,-229.0,16.0,-30.0,187.0,-342.0
-72.0,-226.0,15.0,-26.0,191.0,-348.0
-77.0,-223.0,10.0,-34.0,189.0,-355.0
-73.0,-220.0,10.0,-48.0,178.0,-365.0
-69.0,-223.0,4.0,-64.0,165.0,-373.0
-75.0,-219.0,0.0,-81.0,158.0,-377.0
-67.0,-219.0,-9.0,-101.0,158.0,-377.0
-71.0,-217.0,-3.0,-121.0,158.0,-370.0
-67.0,-216.0,-13.0,-140.0,168.0,-347.0
-71.0,-218.0,-8.0,-152.0,177.0,-329.0
-66.0,-229.0,-8.0,-151.0,179.0,-303.0
-65.0,-227.0,-8.0,-135.0,179.0,-279.0
-65.0,-233.0,-6.0,-108.0,180.0,-256.0
-63.0,-232.0,-4.0,-66.0,192.0,-238.0
-63.0,-235.0,-7.0,-21.0,207.0,-219.0
-63.0,-233.0,-4.0,25.0,222.0,-203.0
-66.0,-232.0,-6.0,62.0,239.0,-175.0
-68.0,-230.0,-2.0,95.0,270.0,-152.0
-77.0,-226.0,-4.0,123.0,293.0,-130.0
-80.0,-221.0,-3.0,153.0,292.0,-132.0
-82.0,-212.0,-4.0,183.0,270.0,-135.0
-81.0,-202.0,-2.0,200.0,244.0,-137.0
-85.0,-192.0,-3.0,204.0,224.0,-130.0
-86.0,-186.0,-10.0,199.0,214.0,-124.0
-87.0,-176.0,-7.0,174.0,208.0,-116.0
-84.0,-176.0,-11.0,124.0,208.0,-118.0
-80.0,-167.0,-23.0,67.0,212.0,-117.0
-84.0,-180.0,-10.0,-5.0,220.0,-109.0
-88.0,-184.0,-10.0,-68.0,229.0,-89.0
-86.0,-188.0,-5.0,-106.0,233.0,-77.0
-91.0,-191.0,-9.0,-122.0,231.0,-68.0
-91.0,-197.0,-8.0,-129.0,232.0,-65.0
-90.0,-203.0,-9.0,-133.0,233.0,-58.0
-80.0,-205.0,-8.0,-137.0,220.0,-55.0
-69.0,-201.0,-11.0,-140.0,208.0,-39.0
-50.0,-206.0,-2.0,-147.0,209.0,-13.0
-46.0,-212.0,3.0,-159.0,233.0,25.0
-63.0,-214.0,11.0,-174.0,274.0,56.0
-81.0,-224.0,13.0,-188.0,318.0,82.0
-98.0,-238.0,17.0,-205.0,346.0,88.0
-108.0,-246.0,14.0,-228.0,351.0,98.0
-111.0,-249.0,5.0,-245.0,347.0,115.0
-110.0,-255.0,0.0,-235.0,335.0,148.0
-114.0,-264.0,-6.0,-187.0,323.0,181.0
-122.0,-263.0,-2.0,-99.0,309.0,213.0
-129.0,-258.0,-7.0,17.0,284.0,229.0
-130.0,-254.0,-5.0,143.0,253.0,242.0
-130.0,-249.0,0.0,267.0,226.0,253.0
-135.0,-234.0,2.0,371.0,208.0,267.0
-133.0,-222.0,3.0,444.0,195.0,282.0
-133.0,-208.0,10.0,506.0,190.0,285.0
-129.0,-195.0,18.0,534.0,204.0,288.0
-119.0,-185.0,16.0,542.0,236.0,290.0
-118.0,-175.0,15.0,535.0,266.0,274.0
-134.0,-170.0,12.0,519.0,307.0,257.0
-135.0,-165.0,4.0,518.0,347.0,267.0
-139.0,-160.0,5.0,495.0,354.0,244.0
-168.0,-155.0,7.0,469.0,352.0,208.0
-184.0,-154.0,15.0,465.0,400.0,213.0
-173.0,-153.0,19.0,470.0,442.0,221.0
-126.0,-157.0,9.0,440.0,430.0,217.0
-113.0,-159.0,13.0,374.0,384.0,161.0
-80.0,-172.0,18.0,319.0,413.0,129.0
-88.0,-173.0,28.0,303.0,517.0,106.0
-99.0,-186.0,41.0,329.0,634.0,96.0
-106.0,-185.0,44.0,367.0,690.0,68.0
-105.0,-183.0,45.0,394.0,673.0,21.0
-102.0,-184.0,45.0,390.0,640.0,-23.0
-110.0,-185.0,40.0,368.0,623.0,-63.0
-120.0,-192.0,38.0,357.0,628.0,-82.0
-130.0,-193.0,28.0,364.0,633.0,-89.0
-138.0,-194.0,19.0,384.0,620.0,-96.0
-141.0,-194.0,13.0,410.0,594.0,-105.0
-147.0,-194.0,3.0,434.0,569.0,-107.0
-157.0,-198.0,2.0,458.0,544.0,-114.0
-158.0,-200.0,0.0,488.0,505.0,-118.0
-155.0,-200.0,0.0,516.0,459.0,-123.0
-152.0,-198.0,-3.0,537.0,416.0,-128.0
-155.0,-197.0,-4.0,543.0,401.0,-134.0
-159.0,-200.0,4.0,520.0,387.0,-133.0
-162.0,-195.0,0.0,480.0,350.0,-123.0
-160.0,-209.0,-4.0,430.0,298.0,-105.0
-144.0,-220.0,-20.0,369.0,245.0,-96.0
-123.0,-230.0,-27.0,302.0,232.0,-104.0
-101.0,-244.0,-30.0,278.0,257.0,-131.0
-80.0,-256.0,-25.0,273.0,291.0,-163.0
-60.0,-266.0,-19.0,284.0,317.0,-207.0
-39.0,-274.0,-10.0,321.0,333.0,-255.0
-29.0,-271.0,1.0,390.0,362.0,-306.0
-27.0,-267.0,16.0,484.0,427.0,-347.0
-32.0,-256.0,23.0,594.0,519.0,-378.0
-29.0,-242.0,24.0,709.0,606.0,-396.0
-16.0,-221.0,26.0,769.0,654.0,-415.0
-13.0,-208.0,16.0,791.0,718.0,-429.0
-5.0,-197.0,8.0,774.0,820.0,-441.0
-4.0,-195.0,1.0,726.0,938.0,-443.0
-6.0,-199.0,1.0,659.0,1035.0,-442.0
-17.0,-199.0,6.0,586.0,1100.0,-430.0
-36.0,-207.0,12.0,521.0,1146.0,-416.0
-53.0,-215.0,22.0,468.0,1193.0,-388.0
-78.0,-222.0,33.0,418.0,1240.0,-363.0
-92.0,-226.0,44.0,409.0,1297.0,-331.0
-114.0,-235.0,50.0,428.0,1345.0,-302.0
-136.0,-238.0,57.0,471.0,1374.0,-268.0
-148.0,-235.0,66.0,523.0,1383.0,-242.0
-161.0,-232.0,61.0,574.0,1375.0,-215.0
-169.0,-227.0,58.0,620.0,1363.0,-201.0
-161.0,-220.0,55.0,661.0,1338.0,-194.0
-160.0,-213.0,50.0,700.0,1289.0,-203.0
-165.0,-200.0,41.0,728.0,1242.0,-217.0
-180.0,-190.0,40.0,752.0,1193.0,-241.0
-204.0,-176.0,40.0,766.0,1140.0,-271.0
-228.0,-162.0,40.0,767.0,1070.0,-311.0
-247.0,-156.0,39.0,759.0,971.0,-341.0
-256.0,-144.0,31.0,731.0,849.0,-365.0
-249.0,-146.0,27.0,677.0,723.0,-368.0
-233.0,-153.0,28.0,569.0,592.0,-362.0
-206.0,-171.0,26.0,461.0,514.0,-356.0
-186.0,-194.0,25.0,355.0,460.0,-351.0
-162.0,-218.0,34.0,279.0,417.0,-346.0
-140.0,-240.0,44.0,247.0,374.0,-347.0
-121.0,-252.0,48.0,267.0,335.0,-343.0
-94.0,-263.0,50.0,329.0,310.0,-336.0
-71.0,-268.0,57.0,409.0,308.0,-322.0
-52.0,-263.0,57.0,504.0,326.0,-308.0
-42.0,-249.0,59.0,560.0,344.0,-294.0
-38.0,-242.0,56.0,590.0,360.0,-280.0
-42.0,-221.0,54.0,590.0,382.0,-256.0
-44.0,-209.0,46.0,566.0,408.0,-238.0
-53.0,-196.0,36.0,531.0,420.0,-230.0
-58.0,-187.0,32.0,478.0,420.0,-227.0
-63.0,-176.0,24.0,409.0,416.0,-230.0
-74.0,-179.0,25.0,318.0,410.0,-239.0
-89.0,-185.0,26.0,206.0,396.0,-245.0
-98.0,-193.0,37.0,128.0,377.0,-251.0
-109.0,-199.0,40.0,70.0,346.0,-252.0
-118.0,-213.0,40.0,28.0,307.0,-247.0
-130.0,-225.0,37.0,-1.0,271.0,-238.0
-136.0,-238.0,34.0,-17.0,243.0,-229.0
-145.0,-246.0,36.0,-13.0,216.0,-220.0
-154.0,-249.0,41.0,12.0,184.0,-206.0
-155.0,-248.0,40.0,65.0,138.0,-196.0
-151.0,-244.0,34.0,113.0,94.0,-182.0
-144.0,-237.0,35.0,151.0,55.0,-171.0
-135.0,-226.0,38.0,167.0,22.0,-159.0
-126.0,-220.0,36.0,166.0,-6.0,-151.0
-121.0,-212.0,37.0,148.0,-33.0,-136.0
-117.0,-208.0,33.0,123.0,-59.0,-122.0
-112.0,-205.0,33.0,89.0,-81.0,-100.0
-105.0,-202.0,28.0,45.0,-111.0,-87.0
-104.0,-200.0,25.0,9.0,-131.0,-63.0
-99.0,-204.0,27.0,-36.0,-146.0,-38.0
-96.0,-208.0,28.0,-81.0,-163.0,-17.0
-92.0,-207.0,33.0,-117.0,-186.0,-6.0
-87.0,-211.0,34.0,-144.0,-215.0,7.0
-87.0,-212.0,37.0,-166.0,-244.0,14.0
-87.0,-212.0,40.0,-184.0,-269.0,20.0
-87.0,-212.0,49.0,-201.0,-296.0,21.0
-93.0,-210.0,47.0,-211.0,-320.0,22.0
-93.0,-206.0,52.0,-216.0,-348.0,15.0
-98.0,-205.0,51.0,-214.0,-368.0,14.0
-102.0,-200.0,50.0,-207.0,-386.0,9.0
-98.0,-198.0,51.0,-196.0,-400.0,4.0
-95.0,-196.0,51.0,-193.0,-413.0,-8.0
-94.0,-196.0,53.0,-204.0,-417.0,-17.0
-95.0,-195.0,54.0,-222.0,-418.0,-32.0
-98.0,-197.0,60.0,-234.0,-421.0,-40.0
-103.0,-196.0,59.0,-240.0,-432.0,-54.0
-92.0,-202.0,70.0,-238.0,-447.0,-65.0
-92.0,-209.0,77.0,-230.0,-461.0,-84.0
-89.0,-210.0,81.0,-217.0,-470.0,-104.0
-91.0,-214.0,83.0,-199.0,-471.0,-132.0
-91.0,-218.0,83.0,-171.0,-461.0,-163.0
-96.0,-221.0,78.0,-131.0,-448.0,-212.0
-100.0,-217.0,73.0,-83.0,-446.0,-259.0
-98.0,-213.0,73.0,-56.0,-459.0,-313.0
-95.0,-205.0,74.0,-49.0,-487.0,-360.0
-90.0,-194.0,71.0,-63.0,-514.0,-408.0
-88.0,-191.0,71.0,-97.0,-536.0,-444.0
-85.0,-182.0,65.0,-139.0,-550.0,-479.0
-82.0,-182.0,67.0,-191.0,-557.0,-503.0
-80.0,-184.0,64.0,-250.0,-566.0,-529.0
-80.0,-184.0,68.0,-314.0,-577.0,-543.0
-81.0,-191.0,70.0,-355.0,-583.0,-553.0
-80.0,-195.0,69.0,-376.0,-592.0,-556.0
-81.0,-201.0,77.0,-384.0,-615.0,-560.0
-77.0,-209.0,76.0,-389.0,-644.0,-547.0
-76.0,-217.0,78.0,-388.0,-668.0,-529.0
-72.0,-225.0,86.0,-380.0,-684.0,-505.0
-72.0,-227.0,83.0,-362.0,-687.0,-474.0
-73.0,-230.0,80.0,-338.0,-683.0,-442.0
-73.0,-231.0,75.0,-318.0,-683.0,-417.0
-69.0,-232.0,81.0,-300.0,-688.0,-402.0
-71.0,-231.0,79.0,-278.0,-696.0,-399.0
-74.0,-224.0,68.0,-253.0,-710.0,-400.0
-74.0,-220.0,67.0,-240.0,-721.0,-399.0
-76.0,-215.0,70.0,-248.0,-732.0,-399.0
-79.0,-215.0,65.0,-275.0,-737.0,-405.0
-85.0,-216.0,60.0,-312.0,-736.0,-420.0
-89.0,-213.0,56.0,-336.0,-742.0,-436.0
-92.0,-210.0,52.0,-355.0,-761.0,-446.0
-98.0,-211.0,46.0,-373.0,-785.0,-456.0
-94.0,-212.0,43.0,-398.0,-807.0,-464.0
-94.0,-218.0,42.0,-417.0,-825.0,-469.0
-94.0,-224.0,43.0,-422.0,-847.0,-473.0
-93.0,-226.0,46.0,-420.0,-879.0,-468.0
-95.0,-230.0,47.0,-415.0,-924.0,-448.0
-96.0,-233.0,51.0,-411.0,-965.0,-417.0
-100.0,-235.0,52.0,-404.0,-1001.0,-376.0
-101.0,-239.0,56.0,-391.0,-1033.0,-325.0
-108.0,-235.0,52.0,-370.0,-1068.0,-280.0
-118.0,-234.0,51.0,-355.0,-1113.0,-244.0
-125.0,-228.0,56.0,-347.0,-1162.0,-211.0
-129.0,-225.0,45.0,-343.0,-1208.0,-181.0
-133.0,-223.0,44.0,-346.0,-1254.0,-148.0
-140.0,-218.0,36.0,-368.0,-1292.0,-126.0
-138.0,-217.0,32.0,-404.0,-1332.0,-107.0
-138.0,-222.0,20.0,-453.0,-1379.0,-90.0
-132.0,-228.0,18.0,-510.0,-1433.0,-81.0
-125.0,-234.0,13.0,-560.0,-1491.0,-75.0
-116.0,-239.0,13.0,-603.0,-1543.0,-74.0
-113.0,-237.0,10.0,-629.0,-1590.0,-70.0
-106.0,-249.0,14.0,-642.0,-1631.0,-69.0
-103.0,-254.0,14.0,-641.0,-1684.0,-62.0
-99.0,-256.0,7.0,-630.0,-1724.0,-50.0
-98.0,-259.0,4.0,-610.0,-1754.0,-21.0
-95.0,-258.0,5.0,-579.0,-1776.0,9.0
-92.0,-254.0,6.0,-545.0,-1802.0,41.0
-88.0,-251.0,5.0,-517.0,-1830.0,68.0
-87.0,-249.0,4.0,-494.0,-1859.0,90.0
-81.0,-247.0,-1.0,-482.0,-1881.0,106.0
-81.0,-248.0,1.0,-490.0,-1909.0,123.0
-84.0,-254.0,1.0,-502.0,-1927.0,133.0
-86.0,-257.0,4.0,-497.0,-1939.0,152.0
-83.0,-260.0,2.0,-467.0,-1945.0,160.0
-82.0,-257.0,4.0,-429.0,-1943.0,168.0
-76.0,-257.0,12.0,-395.0,-1934.0,164.0
-66.0,-257.0,7.0,-363.0,-1924.0,161.0
-47.0,-258.0,9.0,-339.0,-1917.0,155.0
-36.0,-257.0,15.0,-320.0,-1907.0,154.0
-22.0,-259.0,15.0,-303.0,-1888.0,145.0
-16.0,-256.0,13.0,-298.0,-1857.0,139.0
-16.0,-256.0,12.0,-292.0,-1823.0,130.0
-14.0,-257.0,9.0,-286.0,-1790.0,120.0
-16.0,-257.0,8.0,-275.0,-1759.0,101.0
-11.0,-262.0,4.0,-262.0,-1727.0,81.0
-15.0,-264.0,5.0,-242.0,-1695.0,57.0
-15.0,-265.0,6.0,-219.0,-1654.0,32.0
-15.0,-267.0,5.0,-182.0,-1618.0,20.0
-14.0,-267.0,2.0,-146.0,-1576.0,25.0
-12.0,-265.0,5.0,-105.0,-1531.0,28.0
-12.0,-260.0,3.0,-62.0,-1483.0,36.0
-12.0,-257.0,0.0,-30.0,-1446.0,40.0
-11.0,-256.0,2.0,-10.0,-1414.0,49.0
-13.0,-251.0,-3.0,-2.0,-1387.0,52.0
-14.0,-246.0,-6.0,-1.0,-1360.0,52.0
-16.0,-245.0,-4.0,-13.0,-1331.0,45.0
-22.0,-244.0,-6.0,-30.0,-1309.0,46.0
-20.0,-245.0,-6.0,-55.0,-1288.0,56.0
-26.0,-247.0,-1.0,-90.0,-1269.0,71.0
-16.0,-250.0,4.0,-133.0,-1251.0,87.0
-14.0,-258.0,9.0,-178.0,-1237.0,112.0
-10.0,-269.0,16.0,-218.0,-1224.0,143.0
-2.0,-275.0,24.0,-241.0,-1208.0,182.0
4.0,-279.0,25.0,-241.0,-1183.0,213.0
8.0,-280.0,25.0,-225.0,-1160.0,233.0
14.0,-276.0,19.0,-199.0,-1133.0,241.0
9.0,-272.0,14.0,-175.0,-1111.0,242.0
12.0,-266.0,6.0,-160.0,-1100.0,237.0
11.0,-265.0,3.0,-158.0,-1093.0,224.0
10.0,-260.0,-6.0,-170.0,-1088.0,207.0
11.0,-264.0,-12.0,-185.0,-1086.0,188.0
8.0,-261.0,-14.0,-206.0,-1081.0,161.0
5.0,-265.0,-17.0,-236.0,-1070.0,137.0
5.0,-267.0,-17.0,-263.0,-1055.0,114.0
7.0,-269.0,-14.0,-291.0,-1040.0,96.0
10.0,-271.0,-11.0,-315.0,-1022.0,86.0
23.0,-282.0,-8.0,-330.0,-1005.0,89.0
24.0,-284.0,-7.0,-340.0,-983.0,93.0
29.0,-288.0,0.0,-347.0,-951.0,93.0
33.0,-290.0,-2.0,-335.0,-919.0,96.0
39.0,-293.0,2.0,-303.0,-887.0,94.0
39.0,-290.0,4.0,-265.0,-863.0,91.0
37.0,-285.0,2.0,-229.0,-843.0,83.0
38.0,-284.0,3.0,-190.0,-826.0,71.0
43.0,-273.0,1.0,-151.0,-816.0,53.0
44.0,-263.0,0.0,-116.0,-806.0,33.0
38.0,-257.0,0.0,-86.0,-791.0,4.0
39.0,-248.0,-9.0,-68.0,-773.0,-27.0
38.0,-242.0,-13.0,-59.0,-754.0,-70.0
40.0,-234.0,-13.0,-63.0,-739.0,-103.0
40.0,-224.0,-17.0,-77.0,-721.0,-141.0
40.0,-218.0,-17.0,-96.0,-699.0,-171.0
40.0,-215.0,-11.0,-123.0,-676.0,-201.0
39.0,-213.0,-16.0,-149.0,-651.0,-220.0
37.0,-214.0,-11.0,-174.0,-625.0,-238.0
28.0,-213.0,-8.0,-195.0,-605.0,-244.0
28.0,-219.0,0.0,-209.0,-591.0,-243.0
22.0,-218.0,7.0,-218.0,-586.0,-231.0
20.0,-220.0,10.0,-222.0,-582.0,-219.0
22.0,-225.0,19.0,-227.0,-582.0,-201.0
27.0,-221.0,21.0,-235.0,-583.0,-185.0
32.0,-229.0,28.0,-259.0,-578.0,-163.0
33.0,-233.0,25.0,-279.0,-563.0,-148.0
36.0,-239.0,28.0,-287.0,-550.0,-129.0
33.0,-244.0,31.0,-289.0,-535.0,-116.0
29.0,-247.0,32.0,-294.0,-520.0,-106.0
29.0,-250.0,30.0,-288.0,-509.0,-103.0
27.0,-248.0,37.0,-272.0,-504.0,-94.0
28.0,-250.0,34.0,-250.0,-501.0,-86.0
31.0,-247.0,34.0,-223.0,-496.0,-70.0
33.0,-247.0,38.0,-202.0,-491.0,-64.0
29.0,-245.0,41.0,-186.0,-480.0,-55.0
28.0,-246.0,39.0,-170.0,-473.0,-42.0
27.0,-251.0,37.0,-156.0,-471.0,-30.0
23.0,-250.0,36.0,-146.0,-472.0,-23.0
23.0,-252.0,37.0,-135.0,-475.0,-14.0
20.0,-255.0,32.0,-124.0,-478.0,-7.0
15.0,-257.0,37.0,-111.0,-483.0,-3.0
15.0,-257.0,39.0,-95.0,-492.0,-2.0
13.0,-258.0,39.0,-78.0,-501.0,2.0
9.0,-260.0,41.0,-61.0,-505.0,2.0
10.0,-258.0,40.0,-39.0,-513.0,5.0
10.0,-261.0,37.0,-24.0,-522.0,4.0
10.0,-255.0,39.0,-10.0,-528.0,5.0
12.0,-254.0,35.0,-1.0,-540.0,2.0
15.0,-251.0,35.0,2.0,-553.0,-1.0
14.0,-247.0,30.0,3.0,-563.0,-5.0
16.0,-247.0,28.0,1.0,-572.0,-3.0
17.0,-244.0,29.0,-1.0,-580.0,-2.0
19.0,-238.0,26.0,-4.0,-586.0,3.0
20.0,-238.0,23.0,-6.0,-591.0,8.0
24.0,-238.0,22.0,-3.0,-596.0,13.0
25.0,-235.0,19.0,-4.0,-598.0,18.0
23.0,-236.0,24.0,-4.0,-599.0,22.0
27.0,-235.0,23.0,-5.0,-600.0,26.0
22.0,-235.0,19.0,-6.0,-599.0,33.0
26.0,-236.0,22.0,-8.0,-600.0,39.0
24.0,-241.0,20.0,-8.0,-601.0,50.0
25.0,-241.0,13.0,-5.0,-602.0,60.0
29.0,-239.0,25.0,0.0,-603.0,70.0
27.0,-237.0,25.0,2.0,-600.0,82.0
31.0,-238.0,19.0,7.0,-595.0,92.0
27.0,-240.0,23.0,13.0,-590.0,103.0
28.0,-238.0,27.0,20.0,-589.0,112.0
30.0,-236.0,29.0,27.0,-586.0,121.0
32.0,-238.0,28.0,33.0,-584.0,132.0
32.0,-234.0,28.0,39.0,-579.0,144.0
34.0,-238.0,23.0,39.0,-576.0,155.0
36.0,-231.0,26.0,39.0,-570.0,169.0
38.0,-236.0,28.0,38.0,-565.0,180.0
37.0,-234.0,29.0,35.0,-555.0,194.0
36.0,-235.0,23.0,33.0,-546.0,206.0
35.0,-236.0,24.0,29.0,-535.0,217.0
35.0,-237.0,20.0,27.0,-526.0,225.0
37.0,-238.0,19.0,29.0,-511.0,239.0
39.0,-240.0,19.0,34.0,-498.0,250.0
38.0,-236.0,18.0,42.0,-481.0,263.0
34.0,-240.0,19.0,55.0,-463.0,274.0
37.0,-238.0,21.0,70.0,-445.0,290.0
34.0,-239.0,18.0,86.0,-426.0,305.0
34.0,-235.0,8.0,98.0,-409.0,323.0
31.0,-231.0,4.0,98.0,-396.0,339.0
33.0,-232.0,5.0,83.0,-385.0,360.0
29.0,-229.0,5.0,45.0,-380.0,371.0
32.0,-236.0,0.0,2.0,-372.0,381.0
31.0,-240.0,-4.0,-42.0,-353.0,382.0
39.0,-246.0,-1.0,-79.0,-333.0,386.0
39.0,-257.0,0.0,-107.0,-318.0,379.0
35.0,-266.0,5.0,-116.0,-305.0,370.0
23.0,-278.0,18.0,-114.0,-302.0,352.0
11.0,-286.0,26.0,-101.0,-313.0,328.0
5.0,-284.0,37.0,-59.0,-351.0,305.0
4.0,-284.0,39.0,-20.0,-381.0,288.0
-2.0,-278.0,41.0,16.0,-393.0,264.0
-16.0,-267.0,30.0,30.0,-393.0,242.0
-18.0,-266.0,27.0,19.0,-394.0,216.0
-27.0,-260.0,23.0,-8.0,-408.0,197.0
-31.0,-258.0,14.0,-41.0,-437.0,179.0
-28.0,-262.0,9.0,-71.0,-472.0,168.0
-28.0,-262.0,9.0,-95.0,-509.0,155.0
-23.0,-263.0,9.0,-97.0,-526.0,147.0
-16.0,-258.0,6.0,-84.0,-534.0,133.0
-17.0,-256.0,5.0,-66.0,-533.0,124.0
-15.0,-248.0,1.0,-42.0,-526.0,120.0
-14.0,-241.0,0.0,-26.0,-519.0,120.0
-10.0,-235.0,0.0,-21.0,-508.0,118.0
-6.0,-230.0,-2.0,-25.0,-499.0,123.0
1.0,-227.0,-7.0,-37.0,-488.0,127.0
3.0,-223.0,1.0,-56.0,-475.0,136.0
6.0,-223.0,-3.0,-70.0,-464.0,142.0
13.0,-220.0,0.0,-83.0,-452.0,152.0
7.0,-216.0,-2.0,-101.0,-434.0,155.0
7.0,-213.0,1.0,-126.0,-419.0,161.0
1.0,-217.0,2.0,-152.0,-403.0,162.0
0.0,-223.0,4.0,-182.0,-391.0,166.0
-5.0,-230.0,1.0,-211.0,-380.0,168.0
-7.0,-236.0,1.0,-252.0,-364.0,170.0
-6.0,-243.0,4.0,-280.0,-351.0,163.0
-11.0,-250.0,0.0,-289.0,-341.0,163.0
-11.0,-253.0,0.0,-282.0,-335.0,160.0
-12.0,-258.0,0.0,-266.0,-329.0,160.0
-10.0,-259.0,-8.0,-244.0,-321.0,157.0
-12.0,-257.0,-7.0,-223.0,-315.0,160.0
-1.0,-256.0,-7.0,-205.0,-310.0,157.0
-4.0,-253.0,-1.0,-189.0,-297.0,154.0
3.0,-255.0,0.0,-178.0,-283.0,148.0
4.0,-254.0,1.0,-169.0,-270.0,138.0
4.0,-252.0,2.0,-160.0,-258.0,129.0
1.0,-255.0,5.0,-154.0,-248.0,117.0
-5.0,-254.0,5.0,-150.0,-241.0,106.0
-4.0,-254.0,6.0,-146.0,-233.0,97.0
-7.0,-253.0,8.0,-139.0,-226.0,89.0
-8.0,-253.0,10.0,-136.0,-221.0,79.0
-9.0,-250.0,6.0,-129.0,-217.0,75.0
-9.0,-252.0,11.0,-122.0,-213.0,72.0
-7.0,-247.0,4.0,-118.0,-206.0,72.0
-8.0,-250.0,7.0,-114.0,-197.0,73.0
-7.0,-248.0,2.0,-112.0,-185.0,76.0
-10.0,-245.0,6.0,-113.0,-176.0,79.0
-8.0,-247.0,2.0,-114.0,-166.0,81.0
-12.0,-245.0,2.0,-109.0,-158.0,86.0
-10.0,-245.0,2.0,-104.0,-152.0,93.0
-13.0,-239.0,1.0,-101.0,-145.0,95.0
-12.0,-242.0,4.0,-100.0,-143.0,99.0
-10.0,-242.0,2.0,-98.0,-144.0,101.0
-11.0,-245.0,2.0,-101.0,-146.0,103.0
-7.0,-244.0,1.0,-105.0,-147.0,101.0
-7.0,-240.0,7.0,-112.0,-147.0,102.0
-5.0,-241.0,6.0,-123.0,-144.0,96.0
-5.0,-242.0,1.0,-136.0,-135.0,93.0
-4.0,-248.0,4.0,-146.0,-126.0,86.0
-7.0,-244.0,3.0,-155.0,-115.0,82.0
-7.0,-247.0,1.0,-171.0,-106.0,75.0
-8.0,-250.0,4.0,-190.0,-94.0,76.0
-9.0,-250.0,2.0,-205.0,-82.0,74.0
-9.0,-256.0,0.0,-215.0,-71.0,78.0
-8.0,-260.0,1.0,-217.0,-60.0,80.0
-11.0,-259.0,-1.0,-207.0,-49.0,85.0
-8.0,-263.0,1.0,-192.0,-39.0,86.0
-10.0,-261.0,2.0,-174.0,-32.0,89.0
-7.0,-261.0,-2.0,-158.0,-24.0,85.0
-6.0,-265.0,0.0,-144.0,-17.0,83.0
-9.0,-262.0,-4.0,-134.0,-10.0,77.0
-6.0,-266.0,0.0,-124.0,-1.0,73.0
-5.0,-265.0,0.0,-111.0,7.0,64.0
-3.0,-267.0,-2.0,-96.0,18.0,54.0
-6.0,-264.0,2.0,-78.0,25.0,41.0
-2.0,-262.0,0.0,-64.0,34.0,33.0
-6.0,-262.0,0.0,-53.0,42.0,22.0
-6.0,-259.0,0.0,-47.0,49.0,15.0
-11.0,-260.0,2.0,-47.0,56.0,7.0
-11.0,-260.0,1.0,-48.0,59.0,1.0
-12.0,-263.0,2.0,-50.0,62.0,-11.0
-12.0,-264.0,3.0,-50.0,67.0,-19.0
-8.0,-266.0,5.0,-44.0,76.0,-27.0
-11.0,-266.0,4.0,-34.0,83.0,-30.0
-10.0,-266.0,6.0,-18.0,90.0,-36.0
-12.0,-263.0,7.0,3.0,93.0,-36.0
-11.0,-259.0,2.0,26.0,95.0,-40.0
-11.0,-258.0,5.0,46.0,99.0,-39.0
-14.0,-253.0,5.0,61.0,100.0,-39.0
-8.0,-249.0,5.0,72.0,101.0,-34.0
-12.0,-248.0,6.0,77.0,101.0,-33.0
-11.0,-244.0,3.0,76.0,98.0,-31.0
-12.0,-246.0,1.0,75.0,95.0,-33.0
-12.0,-244.0,4.0,69.0,92.0,-33.0
-12.0,-244.0,6.0,64.0,89.0,-36.0
-10.0,-240.0,7.0,54.0,88.0,-34.0
-20.0,-240.0,6.0,45.0,87.0,-33.0
-11.0,-237.0,7.0,34.0,87.0,-31.0
-10.0,-239.0,7.0,21.0,85.0,-30.0
-9.0,-238.0,10.0,6.0,85.0,-29.0
-8.0,-241.0,4.0,-10.0,85.0,-27.0
-11.0,-243.0,4.0,-26.0,83.0,-28.0
-11.0,-247.0,6.0,-38.0,83.0,-29.0
-12.0,-247.0,11.0,-44.0,80.0,-30.0
-15.0,-248.0,13.0,-46.0,75.0,-32.0
-14.0,-251.0,11.0,-46.0,71.0,-28.0
-13.0,-248.0,10.0,-45.0,71.0,-23.0
-14.0,-248.0,13.0,-45.0,73.0,-22.0
-13.0,-245.0,14.0,-45.0,72.0,-21.0
-12.0,-239.0,12.0,-46.0,72.0,-24.0
-11.0,-241.0,10.0,-52.0,75.0,-24.0
-13.0,-240.0,5.0,-59.0,78.0,-26.0
-12.0,-242.0,2.0,-66.0,75.0,-24.0
-15.0,-242.0,3.0,-75.0,76.0,-24.0
-6.0,-245.0,5.0,-80.0,78.0,-24.0
-6.0,-248.0,2.0,-85.0,76.0,-25.0
-5.0,-249.0,6.0,-87.0,77.0,-22.0
-3.0,-247.0,6.0,-87.0,77.0,-25.0
-5.0,-247.0,5.0,-89.0,77.0,-25.0
-5.0,-250.0,6.0,-90.0,80.0,-27.0
-8.0,-246.0,2.0,-89.0,81.0,-28.0
-6.0,-249.0,2.0,-89.0,83.0,-30.0
-6.0,-252.0,2.0,-88.0,84.0,-29.0
-9.0,-253.0,1.0,-86.0,85.0,-32.0
-4.0,-254.0,4.0,-83.0,86.0,-29.0
-7.0,-255.0,1.0,-80.0,86.0,-30.0
-6.0,-255.0,1.0,-74.0,85.0,-27.0
-5.0,-254.0,3.0,-67.0,86.0,-29.0
-7.0,-256.0,5.0,-58.0,86.0,-25.0
-8.0,-253.0,3.0,-50.0,85.0,-27.0
-5.0,-252.0,4.0,-45.0,84.0,-27.0
-7.0,-252.0,4.0,-44.0,86.0,-30.0
-9.0,-252.0,1.0,-48.0,87.0,-28.0
-7.0,-254.0,1.0,-50.0,89.0,-31.0
-6.0,-254.0,1.0,-51.0,89.0,-28.0
-8.0,-255.0,1.0,-49.0,90.0,-28.0
-10.0,-255.0,2.0,-44.0,91.0,-21.0
-10.0,-254.0,0.0,-39.0,90.0,-19.0
-11.0,-253.0,4.0,-34.0,89.0,-16.0
-12.0,-255.0,2.0,-29.0,87.0,-16.0
-10.0,-252.0,3.0,-27.0,84.0,-11.0
-12.0,-249.0,3.0,-25.0,82.0,-12.0
-13.0,-253.0,1.0,-26.0,80.0,-12.0
-7.0,-253.0,1.0,-27.0,81.0,-13.0
-6.0,-253.0,0.0,-27.0,80.0,-13.0
-8.0,-251.0,3.0,-27.0,81.0,-14.0
-5.0,-250.0,0.0,-27.0,82.0,-12.0
-3.0,-252.0,1.0,-25.0,81.0,-13.0
-3.0,-251.0,0.0,-25.0,82.0,-10.0
-4.0,-253.0,2.0,-22.0,83.0,-11.0
-4.0,-254.0,0.0,-19.0,85.0,-9.0
-4.0,-252.0,1.0,-15.0,86.0,-13.0
-4.0,-251.0,0.0,-12.0,86.0,-10.0
-5.0,-252.0,3.0,-9.0,88.0,-13.0
-2.0,-251.0,0.0,-10.0,89.0,-11.0
-7.0,-251.0,3.0,-11.0,91.0,-12.0
-5.0,-249.0,1.0,-14.0,93.0,-10.0
-6.0,-248.0,0.0,-17.0,95.0,-12.0
-1.0,-254.0,3.0,-18.0,97.0,-12.0
-3.0,-253.0,0.0,-19.0,100.0,-14.0
-3.0,-253.0,0.0,-18.0,101.0,-15.0
-5.0,-251.0,3.0,-17.0,102.0,-18.0
