-30.0,-230.0,85.0,-43.0,-449.0,-59.0
-31.0,-225.0,86.0,-42.0,-421.0,-66.0
-26.0,-227.0,83.0,-47.0,-393.0,-76.0
-32.0,-228.0,91.0,-53.0,-364.0,-88.0
-25.0,-231.0,90.0,-55.0,-343.0,-97.0
-23.0,-228.0,90.0,-57.0,-320.0,-103.0
-20.0,-232.0,90.0,-55.0,-284.0,-110.0
-14.0,-237.0,86.0,-52.0,-247.0,-118.0
-18.0,-237.0,87.0,-48.0,-212.0,-126.0
-18.0,-236.0,88.0,-43.0,-179.0,-131.0
-13.0,-243.0,82.0,-37.0,-151.0,-138.0
-16.0,-240.0,82.0,-37.0,-126.0,-142.0
-16.0,-241.0,79.0,-35.0,-103.0,-146.0
-22.0,-241.0,80.0,-30.0,-82.0,-149.0
-20.0,-243.0,75.0,-25.0,-66.0,-150.0
-22.0,-244.0,77.0,-19.0,-49.0,-150.0
-29.0,-241.0,78.0,-11.0,-26.0,-148.0
-29.0,-240.0,76.0,-5.0,-6.0,-142.0
-29.0,-235.0,74.0,-5.0,6.0,-140.0
-30.0,-236.0,81.0,-4.0,27.0,-135.0
-28.0,-236.0,79.0,-1.0,49.0,-131.0
-33.0,-232.0,79.0,5.0,72.0,-126.0
-35.0,-231.0,81.0,14.0,94.0,-124.0
-37.0,-224.0,77.0,21.0,112.0,-118.0
-34.0,-224.0,78.0,21.0,123.0,-113.0
-43.0,-228.0,63.0,14.0,127.0,-109.0
-37.0,-226.0,73.0,12.0,127.0,-99.0
-41.0,-228.0,76.0,14.0,124.0,-87.0
-41.0,-226.0,75.0,15.0,120.0,-72.0
-40.0,-227.0,68.0,13.0,106.0,-64.0
-38.0,-230.0,67.0,6.0,92.0,-53.0
-35.0,-231.0,64.0,-2.0,79.0,-43.0
-32.0,-236.0,66.0,-7.0,70.0,-36.0
-30.0,-238.0,65.0,-12.0,72.0,-26.0
-27.0,-240.0,63.0,-8.0,80.0,-18.0
-19.0,-243.0,62.0,-3.0,91.0,-7.0
-20.0,-242.0,62.0,3.0,102.0,5.0
-16.0,-243.0,63.0,8.0,112.0,20.0
-17.0,-244.0,66.0,13.0,120.0,36.0
-16.0,-241.0,63.0,19.0,123.0,54.0
-19.0,-239.0,67.0,22.0,125.0,70.0
-18.0,-234.0,65.0,24.0,117.0,84.0
-15.0,-237.0,65.0,24.0,113.0,97.0
-18.0,-237.0,68.0,27.0,111.0,109.0
-22.0,-235.0,65.0,29.0,108.0,121.0
-25.0,-234.0,68.0,34.0,110.0,125.0
-27.0,-234.0,64.0,40.0,117.0,132.0
-30.0,-232.0,64.0,43.0,124.0,133.0
-33.0,-227.0,63.0,47.0,132.0,137.0
-31.0,-230.0,63.0,50.0,140.0,138.0
-32.0,-231.0,62.0,53.0,150.0,141.0
-36.0,-229.0,60.0,54.0,151.0,143.0
-45.0,-228.0,60.0,58.0,143.0,147.0
-43.0,-225.0,63.0,66.0,134.0,153.0
-49.0,-225.0,60.0,70.0,122.0,161.0
-52.0,-223.0,57.0,69.0,107.0,168.0
-56.0,-221.0,56.0,66.0,87.0,177.0
-61.0,-218.0,59.0,59.0,73.0,187.0
-62.0,-218.0,59.0,46.0,55.0,203.0
-61.0,-217.0,54.0,27.0,33.0,211.0
-62.0,-215.0,50.0,-1.0,9.0,219.0
-56.0,-215.0,51.0,-34.0,-9.0,219.0
-52.0,-215.0,50.0,-72.0,-22.0,217.0
-49.0,-221.0,51.0,-109.0,-28.0,213.0
-47.0,-226.0,44.0,-143.0,-31.0,207.0
-44.0,-229.0,50.0,-181.0,-29.0,198.0
-45.0,-236.0,46.0,-211.0,-31.0,190.0
-41.0,-239.0,45.0,-239.0,-30.0,178.0
-42.0,-237.0,45.0,-260.0,-23.0,172.0
-39.0,-239.0,41.0,-274.0,-15.0,165.0
-38.0,-242.0,42.0,-283.0,-7.0,167.0
-42.0,-241.0,40.0,-289.0,1.0,165.0
-43.0,-238.0,38.0,-297.0,11.0,171.0
-45.0,-235.0,39.0,-304.0,19.0,173.0
-47.0,-233.0,39.0,-309.0,29.0,179.0
-49.0,-228.0,36.0,-315.0,40.0,178.0
-50.0,-228.0,43.0,-323.0,47.0,179.0
-58.0,-223.0,48.0,-327.0,51.0,169.0
-61.0,-223.0,53.0,-328.0,52.0,158.0
-68.0,-221.0,51.0,-329.0,54.0,139.0
-74.0,-222.0,54.0,-328.0,54.0,119.0
-77.0,-224.0,59.0,-320.0,51.0,94.0
-73.0,-228.0,58.0,-305.0,46.0,74.0
-74.0,-230.0,62.0,-279.0,46.0,54.0
-80.0,-228.0,66.0,-246.0,51.0,36.0
-75.0,-233.0,60.0,-204.0,38.0,13.0
-78.0,-237.0,56.0,-145.0,35.0,4.0
-80.0,-233.0,54.0,-95.0,30.0,-5.0
-80.0,-233.0,54.0,-51.0,20.0,-9.0
-78.0,-232.0,52.0,-15.0,12.0,-18.0
-77.0,-230.0,54.0,10.0,8.0,-22.0
-77.0,-231.0,59.0,27.0,6.0,-31.0
-74.0,-227.0,59.0,37.0,6.0,-36.0
-74.0,-226.0,63.0,50.0,2.0,-46.0
-72.0,-226.0,60.0,63.0,0.0,-55.0
-65.0,-226.0,61.0,74.0,-2.0,-70.0
-65.0,-222.0,64.0,88.0,-2.0,-78.0
-63.0,-221.0,64.0,101.0,1.0,-90.0
-58.0,-224.0,67.0,118.0,10.0,-96.0
-56.0,-221.0,68.0,136.0,16.0,-109.0
-50.0,-225.0,73.0,155.0,25.0,-113.0
-52.0,-224.0,72.0,176.0,32.0,-124.0
-48.0,-226.0,74.0,196.0,41.0,-128.0
-45.0,-225.0,74.0,213.0,54.0,-135.0
-47.0,-223.0,79.0,233.0,71.0,-133.0
-43.0,-226.0,79.0,249.0,85.0,-133.0
-44.0,-221.0,82.0,263.0,108.0,-127.0
-42.0,-219.0,83.0,271.0,129.0,-121.0
-37.0,-222.0,81.0,274.0,145.0,-112.0
-40.0,-216.0,76.0,273.0,160.0,-108.0
-37.0,-217.0,81.0,263.0,175.0,-97.0
-38.0,-215.0,81.0,247.0,188.0,-89.0
-38.0,-211.0,82.0,224.0,198.0,-76.0
-36.0,-214.0,79.0,199.0,207.0,-69.0
-37.0,-216.0,75.0,173.0,207.0,-62.0
-36.0,-219.0,76.0,156.0,209.0,-63.0
-32.0,-219.0,81.0,143.0,199.0,-62.0
-35.0,-220.0,81.0,134.0,189.0,-73.0
-35.0,-226.0,80.0,126.0,177.0,-76.0
-35.0,-228.0,82.0,125.0,163.0,-87.0
-29.0,-230.0,87.0,127.0,145.0,-96.0
-33.0,-233.0,86.0,127.0,133.0,-109.0
-33.0,-235.0,86.0,132.0,121.0,-117.0
-31.0,-240.0,85.0,139.0,114.0,-127.0
-28.0,-237.0,81.0,144.0,110.0,-129.0
-32.0,-239.0,75.0,147.0,112.0,-136.0
-33.0,-243.0,79.0,152.0,117.0,-135.0
-28.0,-243.0,80.0,167.0,125.0,-133.0
-28.0,-243.0,83.0,180.0,128.0,-129.0
-23.0,-241.0,78.0,195.0,135.0,-126.0
-23.0,-238.0,84.0,206.0,138.0,-113.0
-25.0,-237.0,83.0,211.0,145.0,-108.0
-26.0,-233.0,81.0,208.0,151.0,-98.0
-25.0,-232.0,83.0,204.0,155.0,-91.0
-26.0,-224.0,81.0,200.0,155.0,-79.0
-28.0,-231.0,82.0,192.0,146.0,-73.0
-36.0,-231.0,84.0,184.0,135.0,-61.0
-39.0,-232.0,82.0,179.0,119.0,-55.0
-34.0,-232.0,85.0,177.0,105.0,-50.0
-35.0,-238.0,81.0,177.0,95.0,-44.0
-37.0,-234.0,82.0,177.0,85.0,-40.0
-41.0,-234.0,88.0,176.0,81.0,-42.0
-35.0,-230.0,85.0,171.0,74.0,-41.0
-31.0,-235.0,83.0,164.0,70.0,-46.0
-38.0,-230.0,80.0,160.0,70.0,-47.0
-36.0,-235.0,84.0,162.0,70.0,-51.0
-34.0,-230.0,86.0,167.0,62.0,-52.0
-29.0,-231.0,80.0,174.0,56.0,-61.0
-24.0,-233.0,86.0,177.0,55.0,-66.0
-34.0,-232.0,86.0,173.0,60.0,-75.0
-29.0,-231.0,86.0,170.0,65.0,-81.0
-27.0,-230.0,88.0,169.0,70.0,-93.0
-29.0,-234.0,92.0,171.0,76.0,-99.0
-30.0,-229.0,89.0,174.0,87.0,-108.0
-30.0,-230.0,90.0,172.0,98.0,-114.0
-33.0,-227.0,89.0,170.0,107.0,-123.0
-32.0,-227.0,88.0,164.0,115.0,-126.0
-35.0,-230.0,88.0,159.0,128.0,-131.0
-40.0,-226.0,83.0,155.0,141.0,-129.0
-39.0,-226.0,84.0,158.0,147.0,-134.0
-41.0,-227.0,87.0,156.0,153.0,-136.0
-42.0,-227.0,85.0,155.0,159.0,-135.0
-45.0,-231.0,84.0,155.0,160.0,-133.0
-48.0,-226.0,85.0,158.0,164.0,-132.0
-51.0,-223.0,86.0,162.0,170.0,-126.0
-48.0,-228.0,86.0,167.0,175.0,-121.0
-50.0,-226.0,87.0,168.0,179.0,-116.0
-53.0,-224.0,86.0,173.0,186.0,-110.0
-55.0,-224.0,89.0,182.0,186.0,-102.0
-56.0,-226.0,83.0,190.0,187.0,-91.0
-50.0,-226.0,86.0,201.0,189.0,-80.0
-58.0,-222.0,85.0,213.0,190.0,-70.0
-58.0,-220.0,86.0,225.0,192.0,-59.0
-57.0,-221.0,87.0,232.0,194.0,-48.0
-58.0,-221.0,83.0,234.0,195.0,-37.0
-57.0,-216.0,86.0,235.0,196.0,-29.0
-52.0,-215.0,87.0,229.0,196.0,-22.0
-53.0,-215.0,86.0,222.0,195.0,-15.0
-52.0,-213.0,89.0,211.0,191.0,-10.0
-53.0,-209.0,88.0,203.0,184.0,-4.0
-54.0,-208.0,89.0,197.0,175.0,3.0
-52.0,-212.0,91.0,195.0,164.0,7.0
-52.0,-213.0,91.0,194.0,156.0,12.0
-52.0,-212.0,83.0,197.0,147.0,15.0
-53.0,-214.0,86.0,199.0,139.0,16.0
-52.0,-215.0,85.0,203.0,133.0,19.0
-50.0,-217.0,86.0,207.0,126.0,22.0
-48.0,-218.0,85.0,211.0,124.0,27.0
-42.0,-212.0,85.0,211.0,123.0,32.0
-39.0,-217.0,86.0,206.0,122.0,40.0
-40.0,-218.0,88.0,200.0,122.0,45.0
-32.0,-219.0,86.0,189.0,114.0,52.0
-34.0,-220.0,86.0,177.0,99.0,52.0
-31.0,-220.0,91.0,164.0,79.0,56.0
-33.0,-214.0,90.0,148.0,56.0,56.0
-32.0,-216.0,88.0,131.0,34.0,59.0
-38.0,-212.0,91.0,112.0,9.0,62.0
-37.0,-209.0,91.0,90.0,-12.0,67.0
-40.0,-207.0,89.0,65.0,-36.0,69.0
-39.0,-207.0,95.0,33.0,-52.0,71.0
-46.0,-204.0,92.0,8.0,-64.0,70.0
-48.0,-206.0,93.0,-14.0,-74.0,72.0
-50.0,-203.0,101.0,-34.0,-83.0,72.0
-51.0,-206.0,102.0,-49.0,-93.0,75.0
-48.0,-204.0,97.0,-63.0,-99.0,78.0
-47.0,-211.0,99.0,-80.0,-103.0,85.0
-47.0,-200.0,98.0,-100.0,-104.0,90.0
-45.0,-199.0,98.0,-125.0,-103.0,96.0
-42.0,-200.0,101.0,-154.0,-103.0,100.0
-44.0,-201.0,98.0,-193.0,-105.0,103.0
-46.0,-203.0,99.0,-221.0,-111.0,103.0
-46.0,-203.0,99.0,-245.0,-121.0,105.0
-44.0,-210.0,98.0,-267.0,-131.0,103.0
-47.0,-210.0,98.0,-282.0,-140.0,107.0
-46.0,-215.0,100.0,-293.0,-146.0,106.0
-43.0,-222.0,100.0,-300.0,-147.0,109.0
-48.0,-224.0,96.0,-302.0,-145.0,109.0
-41.0,-235.0,96.0,-297.0,-143.0,113.0
-51.0,-236.0,99.0,-290.0,-141.0,114.0
-50.0,-242.0,102.0,-267.0,-143.0,125.0
-45.0,-239.0,93.0,-247.0,-163.0,127.0
-42.0,-235.0,92.0,-238.0,-163.0,135.0
-41.0,-237.0,86.0,-236.0,-148.0,135.0
-49.0,-235.0,90.0,-230.0,-139.0,140.0
-49.0,-234.0,90.0,-222.0,-138.0,143.0
-49.0,-234.0,83.0,-208.0,-144.0,153.0
-39.0,-231.0,85.0,-194.0,-144.0,184.0
-38.0,-227.0,83.0,-166.0,-145.0,179.0
-49.0,-228.0,78.0,-139.0,-130.0,183.0
-52.0,-231.0,83.0,-109.0,-126.0,209.0
-43.0,-230.0,86.0,-60.0,-136.0,242.0
-42.0,-225.0,85.0,-16.0,-130.0,268.0
-45.0,-227.0,83.0,20.0,-124.0,288.0
-47.0,-218.0,87.0,45.0,-130.0,284.0
-41.0,-218.0,85.0,42.0,-143.0,307.0
-46.0,-215.0,84.0,23.0,-140.0,333.0
-40.0,-215.0,86.0,-3.0,-147.0,351.0
-52.0,-211.0,80.0,-49.0,-151.0,368.0
-55.0,-212.0,85.0,-106.0,-152.0,375.0
-63.0,-215.0,79.0,-163.0,-170.0,382.0
-71.0,-208.0,78.0,-223.0,-191.0,387.0
-76.0,-208.0,77.0,-264.0,-224.0,406.0
-76.0,-205.0,68.0,-302.0,-258.0,418.0
-63.0,-211.0,64.0,-342.0,-297.0,433.0
-78.0,-213.0,64.0,-374.0,-339.0,447.0
-74.0,-216.0,68.0,-399.0,-382.0,467.0
-69.0,-218.0,72.0,-415.0,-432.0,480.0
-72.0,-221.0,72.0,-423.0,-472.0,500.0
-69.0,-219.0,74.0,-426.0,-511.0,518.0
-62.0,-221.0,71.0,-432.0,-552.0,544.0
-53.0,-218.0,65.0,-449.0,-596.0,557.0
-41.0,-217.0,60.0,-466.0,-619.0,569.0
-44.0,-216.0,61.0,-489.0,-629.0,572.0
-39.0,-213.0,58.0,-514.0,-639.0,575.0
-36.0,-217.0,56.0,-541.0,-653.0,562.0
-35.0,-213.0,56.0,-570.0,-664.0,552.0
-38.0,-212.0,60.0,-596.0,-673.0,537.0
-41.0,-215.0,64.0,-609.0,-689.0,526.0
-38.0,-218.0,63.0,-621.0,-711.0,513.0
-46.0,-220.0,63.0,-632.0,-731.0,502.0
-57.0,-215.0,64.0,-642.0,-751.0,494.0
-72.0,-212.0,65.0,-652.0,-772.0,493.0
-68.0,-214.0,61.0,-665.0,-811.0,495.0
-80.0,-208.0,58.0,-684.0,-838.0,505.0
-81.0,-211.0,60.0,-710.0,-864.0,514.0
-89.0,-209.0,62.0,-732.0,-893.0,524.0
-89.0,-213.0,59.0,-751.0,-926.0,534.0
-86.0,-212.0,60.0,-768.0,-960.0,546.0
-96.0,-211.0,63.0,-782.0,-986.0,552.0
-86.0,-213.0,69.0,-788.0,-1011.0,565.0
-84.0,-215.0,61.0,-794.0,-1050.0,566.0
-78.0,-224.0,64.0,-799.0,-1067.0,573.0
-70.0,-226.0,64.0,-797.0,-1099.0,568.0
-77.0,-225.0,62.0,-797.0,-1124.0,568.0
-74.0,-221.0,62.0,-794.0,-1145.0,566.0
-74.0,-221.0,63.0,-800.0,-1173.0,564.0
-70.0,-223.0,61.0,-809.0,-1202.0,561.0
-82.0,-220.0,54.0,-819.0,-1234.0,559.0
-80.0,-222.0,58.0,-826.0,-1259.0,554.0
-95.0,-222.0,61.0,-839.0,-1296.0,550.0
-92.0,-224.0,57.0,-850.0,-1350.0,543.0
-93.0,-221.0,58.0,-853.0,-1388.0,542.0
-89.0,-222.0,51.0,-855.0,-1436.0,539.0
-104.0,-220.0,43.0,-850.0,-1471.0,540.0
-96.0,-220.0,53.0,-850.0,-1490.0,544.0
-100.0,-222.0,55.0,-858.0,-1532.0,549.0
-92.0,-223.0,51.0,-867.0,-1558.0,553.0
-79.0,-230.0,44.0,-885.0,-1594.0,558.0
-77.0,-230.0,46.0,-902.0,-1615.0,556.0
-96.0,-234.0,47.0,-914.0,-1630.0,559.0
-79.0,-239.0,51.0,-931.0,-1658.0,561.0
-58.0,-242.0,50.0,-960.0,-1704.0,559.0
-59.0,-243.0,42.0,-976.0,-1711.0,554.0
-56.0,-240.0,44.0,-987.0,-1718.0,552.0
-64.0,-239.0,43.0,-998.0,-1729.0,546.0
-59.0,-240.0,44.0,-1008.0,-1738.0,540.0
-62.0,-242.0,41.0,-1020.0,-1765.0,529.0
-56.0,-250.0,50.0,-1025.0,-1787.0,518.0
-54.0,-255.0,46.0,-1026.0,-1818.0,494.0
-53.0,-259.0,46.0,-1019.0,-1846.0,468.0
-45.0,-268.0,41.0,-1005.0,-1866.0,432.0
-24.0,-267.0,37.0,-983.0,-1864.0,386.0
-40.0,-261.0,27.0,-967.0,-1835.0,337.0
-28.0,-261.0,17.0,-950.0,-1790.0,302.0
-31.0,-257.0,17.0,-930.0,-1736.0,258.0
-16.0,-256.0,15.0,-908.0,-1677.0,221.0
-16.0,-255.0,11.0,-879.0,-1620.0,180.0
-28.0,-253.0,17.0,-840.0,-1560.0,142.0
-18.0,-251.0,21.0,-797.0,-1509.0,108.0
-17.0,-248.0,19.0,-747.0,-1472.0,82.0
-26.0,-253.0,23.0,-692.0,-1424.0,52.0
-35.0,-250.0,28.0,-630.0,-1381.0,23.0
-41.0,-252.0,31.0,-551.0,-1351.0,1.0
-47.0,-250.0,32.0,-481.0,-1325.0,-21.0
-46.0,-250.0,27.0,-413.0,-1305.0,-45.0
-49.0,-247.0,31.0,-358.0,-1273.0,-51.0
-58.0,-248.0,36.0,-310.0,-1238.0,-57.0
-46.0,-253.0,38.0,-266.0,-1199.0,-68.0
-50.0,-254.0,41.0,-223.0,-1149.0,-89.0
-48.0,-257.0,47.0,-179.0,-1097.0,-112.0
-57.0,-256.0,48.0,-128.0,-1044.0,-140.0
-41.0,-263.0,51.0,-71.0,-984.0,-172.0
-34.0,-260.0,53.0,-3.0,-919.0,-204.0
-36.0,-257.0,52.0,51.0,-852.0,-230.0
-43.0,-255.0,60.0,98.0,-773.0,-250.0
-34.0,-252.0,55.0,130.0,-712.0,-260.0
-36.0,-245.0,55.0,159.0,-645.0,-272.0
-41.0,-243.0,59.0,178.0,-577.0,-274.0
-28.0,-246.0,58.0,183.0,-513.0,-277.0
-32.0,-246.0,57.0,178.0,-458.0,-282.0
-29.0,-245.0,47.0,176.0,-396.0,-281.0
-29.0,-241.0,47.0,172.0,-340.0,-283.0
-31.0,-241.0,47.0,169.0,-284.0,-283.0
-37.0,-244.0,50.0,170.0,-244.0,-284.0
-39.0,-249.0,52.0,179.0,-221.0,-281.0
-43.0,-253.0,44.0,196.0,-214.0,-277.0
-42.0,-256.0,41.0,220.0,-212.0,-267.0
-38.0,-254.0,34.0,245.0,-215.0,-252.0
-32.0,-252.0,33.0,272.0,-227.0,-238.0
-25.0,-253.0,29.0,293.0,-237.0,-224.0
-22.0,-255.0,28.0,307.0,-241.0,-210.0
-21.0,-258.0,28.0,316.0,-245.0,-196.0
-20.0,-253.0,22.0,321.0,-247.0,-180.0
-13.0,-256.0,32.0,329.0,-247.0,-173.0
-10.0,-254.0,37.0,338.0,-238.0,-168.0
0.0,-255.0,36.0,355.0,-229.0,-170.0
-1.0,-249.0,37.0,368.0,-226.0,-176.0
7.0,-243.0,32.0,380.0,-228.0,-190.0
7.0,-240.0,33.0,383.0,-231.0,-209.0
2.0,-237.0,30.0,381.0,-229.0,-236.0
0.0,-236.0,26.0,375.0,-230.0,-257.0
-9.0,-236.0,24.0,372.0,-234.0,-272.0
-6.0,-240.0,23.0,370.0,-233.0,-280.0
-10.0,-238.0,29.0,375.0,-225.0,-281.0
-8.0,-239.0,32.0,385.0,-214.0,-273.0
-11.0,-244.0,32.0,396.0,-195.0,-264.0
-3.0,-241.0,40.0,401.0,-175.0,-246.0
-4.0,-240.0,46.0,427.0,-152.0,-247.0
-8.0,-237.0,52.0,459.0,-123.0,-238.0
-12.0,-231.0,56.0,478.0,-102.0,-234.0
-9.0,-228.0,53.0,482.0,-104.0,-235.0
-11.0,-223.0,50.0,473.0,-118.0,-237.0
-5.0,-223.0,52.0,457.0,-121.0,-239.0
-4.0,-225.0,57.0,442.0,-110.0,-238.0
-6.0,-224.0,59.0,434.0,-94.0,-230.0
-4.0,-228.0,61.0,428.0,-75.0,-224.0
-2.0,-232.0,64.0,426.0,-50.0,-211.0
-5.0,-232.0,64.0,426.0,-26.0,-198.0
-2.0,-237.0,69.0,426.0,-7.0,-179.0
-2.0,-237.0,72.0,428.0,11.0,-163.0
2.0,-237.0,77.0,431.0,25.0,-147.0
2.0,-237.0,77.0,431.0,36.0,-138.0
2.0,-237.0,81.0,428.0,44.0,-124.0
6.0,-240.0,82.0,417.0,54.0,-109.0
2.0,-235.0,83.0,401.0,60.0,-94.0
-1.0,-236.0,85.0,388.0,64.0,-83.0
-2.0,-234.0,85.0,373.0,64.0,-67.0
-3.0,-233.0,80.0,357.0,61.0,-59.0
-3.0,-233.0,83.0,341.0,64.0,-45.0
-4.0,-229.0,83.0,325.0,66.0,-38.0
-1.0,-231.0,79.0,309.0,72.0,-31.0
-9.0,-229.0,81.0,292.0,74.0,-27.0
-9.0,-226.0,82.0,275.0,73.0,-23.0
-18.0,-226.0,78.0,260.0,70.0,-26.0
-13.0,-224.0,86.0,240.0,61.0,-28.0
-16.0,-218.0,81.0,225.0,52.0,-32.0
-14.0,-221.0,84.0,207.0,40.0,-34.0
-16.0,-222.0,85.0,190.0,33.0,-43.0
-12.0,-224.0,86.0,171.0,30.0,-45.0
-20.0,-227.0,84.0,154.0,28.0,-52.0
-17.0,-228.0,85.0,143.0,24.0,-56.0
-23.0,-226.0,87.0,135.0,10.0,-67.0
-26.0,-228.0,84.0,131.0,-5.0,-73.0
-28.0,-229.0,86.0,130.0,-21.0,-83.0
-26.0,-229.0,79.0,126.0,-41.0,-86.0
-24.0,-232.0,82.0,122.0,-50.0,-94.0
-26.0,-232.0,75.0,123.0,-48.0,-95.0
-25.0,-234.0,76.0,124.0,-38.0,-98.0
-24.0,-229.0,77.0,128.0,-24.0,-96.0
-23.0,-230.0,76.0,130.0,-11.0,-100.0
-19.0,-232.0,73.0,132.0,0.0,-97.0
-19.0,-227.0,75.0,133.0,7.0,-100.0
-21.0,-225.0,72.0,129.0,14.0,-98.0
-16.0,-228.0,76.0,124.0,21.0,-97.0
-17.0,-227.0,77.0,119.0,29.0,-93.0
-20.0,-227.0,77.0,121.0,34.0,-93.0
-22.0,-226.0,76.0,124.0,40.0,-86.0
-17.0,-228.0,77.0,128.0,47.0,-83.0
-18.0,-228.0,80.0,133.0,51.0,-77.0
-20.0,-230.0,76.0,140.0,55.0,-75.0
-20.0,-225.0,75.0,145.0,58.0,-72.0
-19.0,-226.0,74.0,149.0,63.0,-76.0
-18.0,-227.0,79.0,155.0,69.0,-76.0
-19.0,-229.0,80.0,157.0,76.0,-83.0
-17.0,-227.0,76.0,156.0,82.0,-90.0
-16.0,-224.0,81.0,158.0,86.0,-101.0
-23.0,-225.0,78.0,162.0,87.0,-108.0
-17.0,-227.0,76.0,166.0,88.0,-119.0
-17.0,-227.0,83.0,170.0,86.0,-125.0
-16.0,-226.0,84.0,172.0,84.0,-135.0
-17.0,-224.0,81.0,174.0,84.0,-140.0
-19.0,-222.0,81.0,177.0,84.0,-148.0
-19.0,-224.0,81.0,178.0,84.0,-151.0
-16.0,-227.0,87.0,182.0,84.0,-158.0
-18.0,-227.0,85.0,184.0,85.0,-161.0
-16.0,-226.0,79.0,186.0,86.0,-167.0
-15.0,-226.0,83.0,188.0,87.0,-168.0
-14.0,-227.0,84.0,188.0,91.0,-173.0
-13.0,-227.0,86.0,188.0,97.0,-171.0
-13.0,-228.0,84.0,192.0,100.0,-176.0
-9.0,-224.0,80.0,197.0,101.0,-178.0
-8.0,-229.0,86.0,205.0,104.0,-187.0
-8.0,-224.0,89.0,213.0,108.0,-193.0
-4.0,-225.0,90.0,222.0,112.0,-198.0
-8.0,-227.0,88.0,233.0,116.0,-197.0
-4.0,-230.0,91.0,248.0,125.0,-199.0
-7.0,-231.0,92.0,261.0,131.0,-195.0
-4.0,-237.0,92.0,272.0,139.0,-190.0
-5.0,-239.0,90.0,278.0,149.0,-176.0
-10.0,-238.0,90.0,278.0,156.0,-162.0
-11.0,-241.0,86.0,274.0,154.0,-140.0
-15.0,-240.0,84.0,264.0,150.0,-122.0
-14.0,-238.0,83.0,253.0,135.0,-103.0
-14.0,-236.0,76.0,243.0,112.0,-88.0
-16.0,-232.0,75.0,234.0,89.0,-71.0
-13.0,-226.0,74.0,225.0,60.0,-60.0
-14.0,-227.0,75.0,223.0,42.0,-52.0
-11.0,-225.0,82.0,222.0,30.0,-46.0
-8.0,-218.0,86.0,219.0,27.0,-40.0
-7.0,-215.0,82.0,219.0,29.0,-38.0
-5.0,-215.0,88.0,216.0,32.0,-39.0
0.0,-217.0,87.0,211.0,39.0,-40.0
-2.0,-211.0,89.0,204.0,45.0,-40.0
0.0,-212.0,88.0,196.0,52.0,-46.0
4.0,-212.0,91.0,187.0,58.0,-52.0
5.0,-214.0,91.0,175.0,74.0,-65.0
6.0,-217.0,91.0,164.0,88.0,-76.0
5.0,-213.0,94.0,157.0,100.0,-87.0
5.0,-219.0,89.0,152.0,114.0,-96.0
7.0,-218.0,93.0,150.0,121.0,-105.0
6.0,-224.0,92.0,150.0,130.0,-110.0
10.0,-226.0,96.0,156.0,139.0,-115.0
12.0,-227.0,97.0,168.0,155.0,-118.0
8.0,-228.0,101.0,181.0,169.0,-121.0
3.0,-229.0,101.0,190.0,179.0,-122.0
0.0,-231.0,103.0,197.0,189.0,-118.0
-3.0,-227.0,103.0,200.0,188.0,-113.0
-6.0,-226.0,107.0,201.0,178.0,-107.0
-8.0,-227.0,105.0,198.0,161.0,-101.0
-9.0,-223.0,103.0,195.0,143.0,-95.0
-18.0,-220.0,96.0,190.0,126.0,-85.0
-15.0,-216.0,98.0,181.0,112.0,-72.0
-1.0,-210.0,95.0,167.0,80.0,-60.0
-15.0,-212.0,94.0,152.0,79.0,-54.0
-13.0,-210.0,100.0,137.0,81.0,-43.0
-13.0,-212.0,98.0,124.0,68.0,-36.0
-20.0,-210.0,99.0,111.0,65.0,-32.0
-19.0,-210.0,96.0,103.0,58.0,-24.0
-19.0,-213.0,93.0,93.0,43.0,-20.0
-22.0,-212.0,94.0,83.0,33.0,-15.0
-17.0,-214.0,93.0,73.0,25.0,-15.0
-16.0,-212.0,88.0,62.0,27.0,-13.0
-14.0,-210.0,88.0,50.0,34.0,-13.0
-16.0,-209.0,92.0,40.0,47.0,-16.0
-16.0,-210.0,93.0,33.0,56.0,-18.0
-15.0,-211.0,93.0,29.0,69.0,-23.0
-15.0,-211.0,91.0,24.0,76.0,-27.0
-13.0,-214.0,92.0,22.0,82.0,-30.0
-12.0,-212.0,90.0,21.0,88.0,-33.0
-7.0,-214.0,90.0,21.0,94.0,-34.0
-11.0,-217.0,89.0,21.0,100.0,-36.0
-8.0,-216.0,93.0,21.0,107.0,-37.0
-8.0,-217.0,93.0,23.0,114.0,-40.0
-5.0,-221.0,95.0,25.0,114.0,-38.0
-8.0,-223.0,97.0,30.0,113.0,-37.0
-5.0,-226.0,99.0,37.0,112.0,-36.0
-3.0,-224.0,98.0,45.0,108.0,-36.0
-4.0,-224.0,97.0,54.0,107.0,-32.0
-5.0,-223.0,97.0,63.0,106.0,-32.0
-2.0,-226.0,102.0,66.0,106.0,-29.0
-4.0,-223.0,100.0,69.0,106.0,-30.0
-4.0,-222.0,100.0,69.0,105.0,-28.0
-2.0,-224.0,99.0,70.0,105.0,-29.0
-4.0,-221.0,98.0,69.0,104.0,-26.0
-5.0,-220.0,100.0,68.0,101.0,-27.0
0.0,-220.0,98.0,68.0,101.0,-22.0
-6.0,-219.0,99.0,67.0,100.0,-22.0
-7.0,-217.0,103.0,66.0,100.0,-16.0
-6.0,-216.0,101.0,65.0,99.0,-16.0
-7.0,-214.0,103.0,62.0,99.0,-14.0
-7.0,-217.0,103.0,61.0,99.0,-16.0
-7.0,-217.0,104.0,57.0,97.0,-12.0
-12.0,-213.0,101.0,53.0,98.0,-12.0
-8.0,-215.0,104.0,48.0,97.0,-8.0
-10.0,-204.0,92.0,42.0,97.0,-7.0
-11.0,-215.0,100.0,36.0,95.0,-4.0
-14.0,-216.0,105.0,27.0,94.0,-2.0
-13.0,-211.0,102.0,18.0,91.0,2.0
-10.0,-216.0,103.0,9.0,89.0,1.0
-9.0,-217.0,106.0,0.0,87.0,6.0
-10.0,-215.0,94.0,-8.0,86.0,5.0
-6.0,-214.0,106.0,-15.0,87.0,10.0
-9.0,-217.0,105.0,-19.0,89.0,8.0
-9.0,-214.0,104.0,-23.0,93.0,10.0
-7.0,-219.0,105.0,-28.0,97.0,7.0
-10.0,-217.0,106.0,-29.0,100.0,8.0
-9.0,-219.0,105.0,-31.0,101.0,6.0
-7.0,-217.0,102.0,-31.0,102.0,6.0
-7.0,-219.0,105.0,-30.0,102.0,4.0
-8.0,-213.0,101.0,-27.0,102.0,3.0
-7.0,-217.0,102.0,-24.0,103.0,-3.0
-7.0,-217.0,99.0,-21.0,104.0,-3.0
-9.0,-214.0,103.0,-20.0,104.0,-8.0
-8.0,-214.0,99.0,-17.0,103.0,-9.0
-7.0,-214.0,98.0,-15.0,102.0,-15.0
-9.0,-216.0,97.0,-17.0,103.0,-14.0
-7.0,-216.0,98.0,-17.0,104.0,-20.0
-12.0,-214.0,96.0,-18.0,101.0,-20.0
-11.0,-220.0,99.0,-19.0,101.0,-23.0
-11.0,-215.0,96.0,-20.0,103.0,-22.0
-14.0,-216.0,98.0,-20.0,104.0,-26.0
-14.0,-218.0,100.0,-20.0,105.0,-21.0
-15.0,-218.0,98.0,-20.0,106.0,-23.0
-16.0,-219.0,98.0,-19.0,106.0,-20.0
-15.0,-218.0,98.0,-18.0,105.0,-21.0
-15.0,-221.0,103.0,-15.0,103.0,-17.0
-15.0,-220.0,105.0,-12.0,99.0,-17.0
-16.0,-220.0,100.0,-10.0,96.0,-10.0
-15.0,-221.0,101.0,-7.0,93.0,-8.0
-15.0,-221.0,99.0,-7.0,90.0,-2.0
-15.0,-218.0,99.0,-4.0,89.0,1.0
-11.0,-219.0,98.0,-3.0,85.0,8.0
-14.0,-219.0,98.0,-2.0,84.0,12.0
-12.0,-217.0,100.0,-3.0,82.0,19.0
-13.0,-219.0,101.0,-4.0,81.0,21.0
-12.0,-221.0,99.0,-4.0,80.0,27.0
-11.0,-219.0,99.0,-7.0,78.0,26.0
-12.0,-217.0,103.0,-8.0,75.0,32.0
-10.0,-219.0,96.0,-8.0,75.0,29.0
-9.0,-218.0,99.0,-8.0,70.0,31.0
-10.0,-219.0,98.0,-8.0,68.0,28.0
-10.0,-218.0,102.0,-7.0,65.0,28.0
-9.0,-218.0,100.0,-7.0,63.0,22.0
-9.0,-220.0,100.0,-7.0,62.0,22.0
-8.0,-215.0,94.0,-6.0,61.0,15.0
-11.0,-215.0,99.0,-6.0,62.0,13.0
-12.0,-217.0,98.0,-3.0,63.0,7.0
-8.0,-218.0,97.0,-1.0,65.0,6.0
-9.0,-215.0,103.0,1.0,64.0,2.0
-9.0,-218.0,102.0,2.0,67.0,2.0
-4.0,-220.0,100.0,5.0,70.0,-2.0
-8.0,-218.0,98.0,8.0,72.0,0.0
-11.0,-216.0,99.0,8.0,73.0,-4.0
-10.0,-217.0,101.0,11.0,76.0,-3.0
-9.0,-219.0,103.0,12.0,76.0,-7.0
-11.0,-215.0,100.0,13.0,77.0,-5.0
-11.0,-217.0,101.0,13.0,76.0,-5.0
-9.0,-217.0,101.0,14.0,75.0,-4.0
-10.0,-217.0,100.0,13.0,72.0,-6.0
-13.0,-216.0,103.0,11.0,72.0,-5.0
-12.0,-214.0,98.0,8.0,68.0,-7.0
-12.0,-220.0,102.0,8.0,68.0,-6.0
-14.0,-217.0,99.0,7.0,65.0,-6.0
-14.0,-215.0,100.0,5.0,62.0,-3.0
-13.0,-216.0,99.0,1.0,59.0,-6.0
-12.0,-217.0,101.0,0.0,57.0,-4.0
-8.0,-219.0,98.0,-2.0,56.0,-6.0
-13.0,-212.0,101.0,-6.0,54.0,-4.0
-12.0,-215.0,103.0,-10.0,53.0,-5.0
-11.0,-215.0,98.0,-11.0,53.0,-3.0
-12.0,-217.0,100.0,-12.0,53.0,-3.0
-13.0,-215.0,100.0,-14.0,53.0,-1.0
-8.0,-223.0,97.0,-15.0,51.0,-3.0
-11.0,-219.0,102.0,-16.0,51.0,-3.0
-12.0,-215.0,99.0,-16.0,50.0,-4.0
-12.0,-218.0,104.0,-17.0,48.0,-4.0
-10.0,-220.0,100.0,-17.0,51.0,-7.0
-10.0,-218.0,97.0,-17.0,52.0,-7.0
-13.0,-217.0,100.0,-16.0,52.0,-10.0
-10.0,-220.0,98.0,-13.0,54.0,-10.0
-9.0,-217.0,97.0,-12.0,55.0,-11.0
