66.0,-238.0,42.0,-7.0,78.0,1.0
75.0,-233.0,43.0,-14.0,89.0,1.0
75.0,-231.0,39.0,-15.0,100.0,-8.0
75.0,-231.0,41.0,-18.0,119.0,-9.0
76.0,-233.0,44.0,-17.0,135.0,-13.0
72.0,-232.0,40.0,-15.0,145.0,-17.0
73.0,-226.0,41.0,-19.0,152.0,-18.0
66.0,-226.0,39.0,-25.0,153.0,-18.0
71.0,-230.0,39.0,-40.0,154.0,-17.0
64.0,-231.0,40.0,-58.0,155.0,-18.0
64.0,-233.0,41.0,-76.0,159.0,-11.0
73.0,-239.0,43.0,-84.0,160.0,-8.0
70.0,-233.0,41.0,-88.0,163.0,-12.0
71.0,-242.0,50.0,-86.0,163.0,-12.0
64.0,-238.0,43.0,-80.0,156.0,-15.0
74.0,-238.0,42.0,-74.0,148.0,-16.0
61.0,-238.0,41.0,-77.0,140.0,-21.0
67.0,-240.0,42.0,-83.0,139.0,-15.0
70.0,-242.0,43.0,-85.0,147.0,-13.0
62.0,-242.0,49.0,-82.0,153.0,-18.0
63.0,-244.0,50.0,-74.0,164.0,-21.0
70.0,-236.0,47.0,-61.0,178.0,-23.0
73.0,-237.0,47.0,-44.0,199.0,-29.0
74.0,-239.0,46.0,-29.0,215.0,-36.0
66.0,-234.0,40.0,-20.0,229.0,-37.0
61.0,-237.0,44.0,-14.0,242.0,-35.0
62.0,-238.0,47.0,-6.0,236.0,-28.0
61.0,-235.0,45.0,3.0,233.0,-24.0
66.0,-229.0,42.0,15.0,231.0,-16.0
59.0,-230.0,39.0,22.0,237.0,-22.0
57.0,-233.0,41.0,10.0,233.0,-31.0
52.0,-237.0,49.0,-6.0,239.0,-33.0
59.0,-234.0,44.0,-15.0,224.0,-28.0
68.0,-239.0,42.0,-17.0,214.0,-33.0
70.0,-239.0,44.0,-25.0,210.0,-39.0
64.0,-237.0,46.0,-27.0,218.0,-41.0
65.0,-234.0,45.0,-25.0,218.0,-41.0
67.0,-241.0,48.0,-23.0,231.0,-53.0
67.0,-237.0,41.0,-15.0,242.0,-62.0
63.0,-238.0,39.0,-11.0,248.0,-71.0
58.0,-241.0,38.0,-6.0,241.0,-72.0
54.0,-248.0,34.0,1.0,221.0,-66.0
43.0,-249.0,41.0,2.0,211.0,-67.0
39.0,-248.0,45.0,7.0,192.0,-66.0
33.0,-247.0,44.0,19.0,165.0,-63.0
28.0,-246.0,45.0,44.0,144.0,-56.0
25.0,-240.0,49.0,84.0,130.0,-52.0
33.0,-241.0,51.0,132.0,120.0,-46.0
36.0,-234.0,49.0,179.0,124.0,-51.0
36.0,-227.0,40.0,201.0,140.0,-54.0
48.0,-223.0,39.0,210.0,155.0,-48.0
61.0,-226.0,45.0,213.0,162.0,-37.0
64.0,-224.0,40.0,208.0,156.0,-29.0
76.0,-231.0,46.0,201.0,156.0,-20.0
79.0,-226.0,47.0,197.0,156.0,-6.0
90.0,-222.0,44.0,203.0,166.0,15.0
104.0,-217.0,47.0,214.0,185.0,42.0
109.0,-208.0,43.0,223.0,209.0,72.0
114.0,-210.0,41.0,211.0,254.0,93.0
111.0,-214.0,42.0,186.0,300.0,110.0
102.0,-223.0,46.0,150.0,337.0,122.0
80.0,-230.0,54.0,106.0,362.0,147.0
69.0,-241.0,47.0,68.0,362.0,172.0
63.0,-246.0,55.0,36.0,344.0,182.0
46.0,-251.0,64.0,23.0,320.0,193.0
45.0,-253.0,69.0,33.0,289.0,205.0
54.0,-249.0,71.0,52.0,275.0,202.0
50.0,-246.0,73.0,72.0,274.0,199.0
66.0,-236.0,72.0,91.0,271.0,198.0
75.0,-229.0,74.0,105.0,285.0,196.0
74.0,-224.0,72.0,117.0,309.0,190.0
72.0,-221.0,72.0,129.0,326.0,184.0
80.0,-222.0,70.0,138.0,329.0,173.0
73.0,-219.0,70.0,145.0,336.0,162.0
76.0,-225.0,74.0,153.0,345.0,154.0
72.0,-233.0,77.0,165.0,348.0,144.0
68.0,-237.0,81.0,177.0,343.0,138.0
62.0,-239.0,80.0,190.0,330.0,133.0
66.0,-239.0,80.0,200.0,312.0,133.0
61.0,-237.0,77.0,197.0,286.0,123.0
52.0,-229.0,68.0,185.0,272.0,120.0
46.0,-227.0,74.0,171.0,269.0,123.0
44.0,-219.0,71.0,159.0,256.0,118.0
49.0,-220.0,66.0,146.0,247.0,103.0
52.0,-218.0,66.0,129.0,245.0,80.0
58.0,-217.0,65.0,120.0,241.0,58.0
70.0,-215.0,53.0,117.0,238.0,35.0
64.0,-221.0,53.0,114.0,243.0,10.0
61.0,-226.0,51.0,117.0,260.0,5.0
56.0,-226.0,51.0,130.0,271.0,2.0
47.0,-232.0,54.0,147.0,279.0,2.0
46.0,-235.0,58.0,164.0,273.0,7.0
38.0,-245.0,54.0,172.0,265.0,6.0
48.0,-243.0,57.0,177.0,241.0,5.0
35.0,-235.0,56.0,174.0,219.0,-13.0
30.0,-233.0,55.0,171.0,203.0,-10.0
24.0,-234.0,59.0,171.0,182.0,-7.0
32.0,-237.0,64.0,162.0,153.0,-6.0
28.0,-239.0,67.0,157.0,126.0,-15.0
34.0,-245.0,67.0,158.0,108.0,-31.0
34.0,-246.0,66.0,165.0,107.0,-57.0
38.0,-242.0,72.0,171.0,117.0,-83.0
50.0,-241.0,67.0,180.0,122.0,-118.0
64.0,-238.0,61.0,177.0,137.0,-156.0
68.0,-234.0,61.0,175.0,170.0,-197.0
72.0,-228.0,56.0,183.0,209.0,-224.0
77.0,-222.0,53.0,198.0,243.0,-242.0
79.0,-219.0,56.0,221.0,265.0,-261.0
91.0,-211.0,59.0,253.0,311.0,-281.0
88.0,-215.0,66.0,295.0,356.0,-296.0
98.0,-214.0,75.0,343.0,399.0,-314.0
99.0,-212.0,85.0,407.0,438.0,-340.0
78.0,-205.0,97.0,477.0,461.0,-368.0
75.0,-199.0,102.0,540.0,476.0,-374.0
62.0,-194.0,111.0,583.0,465.0,-361.0
43.0,-194.0,116.0,596.0,429.0,-339.0
29.0,-195.0,114.0,571.0,369.0,-304.0
17.0,-198.0,111.0,497.0,300.0,-268.0
-1.0,-196.0,106.0,372.0,209.0,-234.0
-4.0,-203.0,114.0,214.0,130.0,-202.0
-8.0,-194.0,93.0,56.0,53.0,-176.0
-7.0,-188.0,78.0,-124.0,-15.0,-157.0
3.0,-190.0,72.0,-256.0,-69.0,-143.0
9.0,-188.0,67.0,-359.0,-102.0,-123.0
17.0,-191.0,67.0,-422.0,-112.0,-99.0
18.0,-196.0,64.0,-432.0,-122.0,-65.0
25.0,-201.0,57.0,-404.0,-136.0,-30.0
30.0,-208.0,53.0,-375.0,-136.0,0.0
39.0,-217.0,53.0,-352.0,-137.0,25.0
42.0,-225.0,52.0,-332.0,-142.0,45.0
51.0,-237.0,49.0,-321.0,-149.0,62.0
46.0,-248.0,47.0,-322.0,-152.0,73.0
47.0,-250.0,46.0,-327.0,-150.0,87.0
43.0,-253.0,46.0,-332.0,-143.0,102.0
40.0,-253.0,38.0,-339.0,-138.0,115.0
37.0,-252.0,34.0,-343.0,-137.0,122.0
44.0,-247.0,38.0,-343.0,-135.0,125.0
44.0,-243.0,44.0,-335.0,-132.0,125.0
52.0,-233.0,48.0,-325.0,-117.0,130.0
52.0,-218.0,47.0,-323.0,-87.0,139.0
49.0,-208.0,46.0,-328.0,-58.0,160.0
50.0,-201.0,44.0,-343.0,-49.0,190.0
46.0,-197.0,54.0,-376.0,-70.0,216.0
45.0,-204.0,53.0,-414.0,-108.0,247.0
41.0,-209.0,55.0,-439.0,-168.0,281.0
47.0,-221.0,55.0,-453.0,-240.0,310.0
47.0,-235.0,58.0,-460.0,-305.0,317.0
53.0,-249.0,56.0,-460.0,-353.0,313.0
58.0,-257.0,49.0,-462.0,-374.0,294.0
56.0,-260.0,51.0,-466.0,-372.0,267.0
61.0,-266.0,55.0,-460.0,-371.0,237.0
73.0,-263.0,49.0,-439.0,-360.0,205.0
76.0,-256.0,53.0,-412.0,-332.0,171.0
79.0,-241.0,44.0,-385.0,-295.0,139.0
83.0,-224.0,45.0,-365.0,-249.0,114.0
77.0,-208.0,44.0,-363.0,-198.0,103.0
80.0,-198.0,45.0,-376.0,-156.0,117.0
77.0,-185.0,39.0,-399.0,-132.0,147.0
65.0,-184.0,48.0,-434.0,-131.0,191.0
64.0,-193.0,61.0,-467.0,-154.0,247.0
64.0,-203.0,70.0,-488.0,-189.0,297.0
58.0,-219.0,78.0,-517.0,-222.0,325.0
54.0,-236.0,87.0,-546.0,-246.0,338.0
52.0,-246.0,91.0,-566.0,-267.0,343.0
46.0,-257.0,96.0,-587.0,-283.0,342.0
45.0,-269.0,95.0,-601.0,-288.0,339.0
52.0,-273.0,89.0,-598.0,-281.0,322.0
54.0,-271.0,78.0,-583.0,-263.0,287.0
59.0,-263.0,74.0,-557.0,-224.0,250.0
65.0,-248.0,70.0,-526.0,-187.0,211.0
72.0,-236.0,59.0,-500.0,-140.0,182.0
81.0,-222.0,55.0,-487.0,-90.0,166.0
78.0,-208.0,47.0,-490.0,-54.0,168.0
74.0,-199.0,41.0,-499.0,-26.0,186.0
72.0,-199.0,38.0,-511.0,-12.0,208.0
77.0,-203.0,39.0,-518.0,-13.0,225.0
73.0,-212.0,45.0,-522.0,-8.0,231.0
51.0,-219.0,47.0,-510.0,13.0,226.0
62.0,-229.0,53.0,-502.0,19.0,237.0
56.0,-234.0,59.0,-497.0,34.0,237.0
51.0,-241.0,58.0,-511.0,51.0,244.0
62.0,-239.0,60.0,-539.0,54.0,252.0
72.0,-241.0,56.0,-578.0,63.0,254.0
71.0,-241.0,54.0,-620.0,83.0,255.0
80.0,-242.0,52.0,-658.0,97.0,256.0
77.0,-244.0,50.0,-684.0,101.0,254.0
71.0,-246.0,58.0,-706.0,100.0,262.0
78.0,-248.0,53.0,-712.0,85.0,266.0
65.0,-237.0,55.0,-706.0,79.0,264.0
59.0,-239.0,59.0,-697.0,86.0,269.0
51.0,-237.0,50.0,-689.0,83.0,278.0
58.0,-239.0,56.0,-693.0,85.0,278.0
63.0,-239.0,51.0,-708.0,106.0,274.0
58.0,-232.0,54.0,-724.0,138.0,258.0
36.0,-227.0,47.0,-731.0,172.0,254.0
35.0,-224.0,49.0,-757.0,208.0,245.0
46.0,-228.0,50.0,-786.0,240.0,241.0
36.0,-222.0,40.0,-818.0,266.0,233.0
43.0,-222.0,37.0,-862.0,255.0,238.0
54.0,-224.0,29.0,-901.0,233.0,253.0
18.0,-222.0,27.0,-932.0,210.0,271.0
35.0,-226.0,21.0,-960.0,167.0,306.0
19.0,-231.0,13.0,-988.0,122.0,321.0
43.0,-236.0,19.0,-1017.0,53.0,343.0
26.0,-236.0,15.0,-1027.0,-7.0,347.0
42.0,-242.0,9.0,-1024.0,-66.0,363.0
44.0,-248.0,6.0,-1021.0,-134.0,371.0
53.0,-251.0,3.0,-1036.0,-203.0,376.0
56.0,-245.0,0.0,-1045.0,-243.0,380.0
63.0,-255.0,-6.0,-1049.0,-263.0,400.0
60.0,-260.0,-15.0,-1053.0,-264.0,407.0
60.0,-259.0,-7.0,-1061.0,-250.0,413.0
51.0,-264.0,-14.0,-1057.0,-225.0,427.0
54.0,-260.0,-13.0,-1042.0,-182.0,427.0
77.0,-269.0,-14.0,-1035.0,-126.0,438.0
50.0,-267.0,-14.0,-1018.0,-39.0,445.0
35.0,-263.0,-11.0,-1000.0,25.0,468.0
32.0,-263.0,-1.0,-979.0,83.0,488.0
15.0,-258.0,3.0,-960.0,124.0,498.0
32.0,-253.0,-1.0,-946.0,153.0,496.0
29.0,-251.0,0.0,-933.0,198.0,483.0
13.0,-249.0,3.0,-923.0,222.0,479.0
27.0,-249.0,-3.0,-922.0,205.0,490.0
33.0,-244.0,2.0,-933.0,171.0,508.0
32.0,-247.0,-2.0,-926.0,133.0,491.0
15.0,-248.0,-3.0,-924.0,93.0,468.0
-1.0,-242.0,0.0,-916.0,81.0,473.0
25.0,-238.0,-9.0,-896.0,78.0,480.0
30.0,-244.0,-3.0,-875.0,88.0,480.0
27.0,-237.0,-12.0,-860.0,82.0,428.0
-5.0,-235.0,-3.0,-860.0,102.0,403.0
-12.0,-238.0,-4.0,-863.0,124.0,422.0
9.0,-242.0,-2.0,-853.0,148.0,441.0
18.0,-247.0,6.0,-826.0,174.0,443.0
26.0,-247.0,8.0,-797.0,203.0,427.0
28.0,-248.0,1.0,-783.0,228.0,414.0
36.0,-246.0,-3.0,-794.0,246.0,412.0
41.0,-252.0,-3.0,-828.0,261.0,418.0
46.0,-251.0,-8.0,-867.0,266.0,416.0
49.0,-249.0,-5.0,-899.0,275.0,401.0
27.0,-257.0,-4.0,-920.0,294.0,397.0
34.0,-252.0,0.0,-940.0,304.0,400.0
17.0,-244.0,-2.0,-938.0,304.0,431.0
0.0,-247.0,-6.0,-911.0,307.0,490.0
-2.0,-248.0,-19.0,-888.0,295.0,549.0
-16.0,-249.0,-25.0,-874.0,283.0,595.0
-24.0,-260.0,-33.0,-868.0,273.0,630.0
-25.0,-261.0,-40.0,-860.0,263.0,651.0
-34.0,-267.0,-42.0,-835.0,267.0,667.0
-42.0,-265.0,-49.0,-797.0,286.0,670.0
-22.0,-266.0,-44.0,-744.0,308.0,658.0
-45.0,-262.0,-65.0,-675.0,301.0,608.0
-43.0,-262.0,-69.0,-633.0,296.0,594.0
-29.0,-260.0,-80.0,-611.0,294.0,598.0
-15.0,-257.0,-84.0,-608.0,274.0,592.0
-11.0,-257.0,-80.0,-619.0,262.0,593.0
14.0,-258.0,-74.0,-635.0,262.0,596.0
7.0,-257.0,-76.0,-646.0,264.0,590.0
10.0,-256.0,-80.0,-666.0,277.0,598.0
19.0,-258.0,-77.0,-698.0,300.0,612.0
27.0,-255.0,-80.0,-738.0,319.0,619.0
25.0,-254.0,-86.0,-780.0,345.0,624.0
24.0,-252.0,-82.0,-818.0,366.0,632.0
26.0,-253.0,-89.0,-851.0,404.0,637.0
24.0,-256.0,-91.0,-867.0,450.0,647.0
10.0,-255.0,-91.0,-870.0,495.0,652.0
-2.0,-261.0,-94.0,-867.0,539.0,667.0
-12.0,-262.0,-90.0,-847.0,577.0,681.0
-20.0,-265.0,-88.0,-803.0,613.0,690.0
-16.0,-274.0,-81.0,-758.0,649.0,708.0
-30.0,-273.0,-88.0,-708.0,668.0,724.0
-35.0,-277.0,-78.0,-674.0,679.0,749.0
-41.0,-274.0,-82.0,-628.0,685.0,762.0
-36.0,-274.0,-76.0,-583.0,698.0,779.0
-36.0,-269.0,-80.0,-544.0,709.0,793.0
-40.0,-270.0,-65.0,-536.0,711.0,804.0
-46.0,-267.0,-62.0,-526.0,711.0,816.0
-49.0,-257.0,-72.0,-521.0,704.0,824.0
-35.0,-263.0,-58.0,-550.0,687.0,840.0
-46.0,-269.0,-57.0,-581.0,677.0,852.0
-45.0,-268.0,-60.0,-589.0,668.0,870.0
-57.0,-267.0,-51.0,-592.0,652.0,881.0
-44.0,-257.0,-65.0,-604.0,630.0,898.0
-46.0,-252.0,-70.0,-626.0,610.0,908.0
-41.0,-249.0,-84.0,-649.0,590.0,913.0
-30.0,-246.0,-85.0,-678.0,581.0,919.0
-32.0,-239.0,-97.0,-710.0,577.0,914.0
-18.0,-234.0,-100.0,-746.0,579.0,904.0
-13.0,-228.0,-103.0,-781.0,593.0,879.0
1.0,-231.0,-101.0,-817.0,619.0,858.0
5.0,-227.0,-97.0,-852.0,663.0,845.0
17.0,-233.0,-98.0,-878.0,701.0,843.0
34.0,-219.0,-108.0,-910.0,712.0,847.0
25.0,-226.0,-113.0,-944.0,729.0,839.0
27.0,-231.0,-107.0,-986.0,760.0,846.0
24.0,-234.0,-106.0,-1014.0,807.0,860.0
22.0,-241.0,-108.0,-1032.0,859.0,867.0
10.0,-243.0,-100.0,-1041.0,910.0,873.0
-6.0,-244.0,-98.0,-1024.0,957.0,876.0
-23.0,-245.0,-95.0,-996.0,987.0,879.0
-35.0,-256.0,-97.0,-957.0,1005.0,887.0
-52.0,-266.0,-88.0,-894.0,1024.0,885.0
-58.0,-272.0,-97.0,-805.0,1046.0,872.0
-71.0,-277.0,-95.0,-716.0,1073.0,853.0
-75.0,-278.0,-99.0,-641.0,1095.0,832.0
-77.0,-274.0,-95.0,-585.0,1114.0,807.0
-76.0,-272.0,-97.0,-546.0,1131.0,779.0
-72.0,-268.0,-103.0,-522.0,1142.0,748.0
-66.0,-260.0,-104.0,-531.0,1144.0,721.0
-70.0,-248.0,-106.0,-575.0,1136.0,687.0
-61.0,-243.0,-104.0,-642.0,1126.0,659.0
-62.0,-236.0,-107.0,-726.0,1108.0,630.0
-59.0,-235.0,-112.0,-811.0,1091.0,608.0
-75.0,-232.0,-117.0,-880.0,1081.0,584.0
-73.0,-238.0,-117.0,-906.0,1084.0,582.0
-76.0,-244.0,-122.0,-898.0,1082.0,578.0
-65.0,-248.0,-121.0,-868.0,1087.0,576.0
-64.0,-247.0,-122.0,-808.0,1096.0,566.0
-61.0,-246.0,-130.0,-740.0,1096.0,547.0
-61.0,-240.0,-140.0,-693.0,1090.0,522.0
-71.0,-230.0,-147.0,-670.0,1082.0,494.0
-66.0,-232.0,-149.0,-681.0,1082.0,500.0
-74.0,-229.0,-155.0,-708.0,1092.0,501.0
-73.0,-240.0,-146.0,-749.0,1115.0,499.0
-86.0,-243.0,-149.0,-778.0,1143.0,497.0
-101.0,-246.0,-140.0,-794.0,1172.0,487.0
-96.0,-254.0,-138.0,-794.0,1190.0,484.0
-101.0,-265.0,-136.0,-771.0,1199.0,511.0
-86.0,-274.0,-135.0,-729.0,1206.0,521.0
-97.0,-269.0,-136.0,-673.0,1213.0,525.0
-83.0,-275.0,-133.0,-609.0,1211.0,548.0
-78.0,-270.0,-138.0,-528.0,1220.0,552.0
-80.0,-267.0,-136.0,-434.0,1233.0,555.0
-75.0,-261.0,-145.0,-343.0,1248.0,560.0
-72.0,-259.0,-144.0,-251.0,1247.0,555.0
-65.0,-256.0,-152.0,-167.0,1232.0,542.0
-67.0,-257.0,-162.0,-82.0,1254.0,525.0
-69.0,-249.0,-166.0,2.0,1264.0,510.0
-74.0,-243.0,-173.0,87.0,1240.0,486.0
-72.0,-245.0,-177.0,159.0,1224.0,467.0
-74.0,-244.0,-176.0,230.0,1226.0,443.0
-67.0,-247.0,-173.0,263.0,1196.0,425.0
-77.0,-242.0,-177.0,284.0,1167.0,400.0
-67.0,-240.0,-188.0,288.0,1140.0,384.0
-70.0,-237.0,-172.0,275.0,1103.0,367.0
-78.0,-240.0,-166.0,247.0,1064.0,349.0
-64.0,-235.0,-181.0,210.0,1018.0,334.0
-63.0,-227.0,-180.0,174.0,972.0,315.0
-59.0,-239.0,-184.0,143.0,931.0,298.0
-44.0,-229.0,-176.0,114.0,895.0,284.0
-72.0,-244.0,-177.0,71.0,850.0,273.0
-32.0,-230.0,-179.0,33.0,817.0,257.0
-38.0,-219.0,-209.0,-3.0,788.0,243.0
-41.0,-230.0,-192.0,-37.0,763.0,230.0
-21.0,-243.0,-207.0,-59.0,740.0,218.0
-41.0,-239.0,-189.0,-71.0,717.0,201.0
-38.0,-235.0,-191.0,-71.0,696.0,181.0
-39.0,-238.0,-188.0,-66.0,680.0,158.0
-49.0,-236.0,-187.0,-63.0,656.0,137.0
-43.0,-236.0,-194.0,-55.0,630.0,122.0
-34.0,-238.0,-206.0,-44.0,601.0,93.0
-47.0,-239.0,-186.0,-39.0,564.0,69.0
-45.0,-242.0,-185.0,-35.0,525.0,51.0
-49.0,-236.0,-181.0,-32.0,486.0,38.0
-44.0,-239.0,-179.0,-29.0,444.0,15.0
-42.0,-240.0,-176.0,-25.0,413.0,-8.0
-43.0,-240.0,-176.0,-22.0,379.0,-30.0
-42.0,-238.0,-165.0,-15.0,337.0,-46.0
-45.0,-242.0,-163.0,-8.0,293.0,-54.0
-52.0,-239.0,-158.0,-2.0,241.0,-62.0
-51.0,-231.0,-158.0,4.0,189.0,-69.0
-52.0,-226.0,-163.0,4.0,136.0,-74.0
-56.0,-222.0,-158.0,0.0,83.0,-80.0
-56.0,-216.0,-161.0,1.0,41.0,-92.0
-47.0,-217.0,-162.0,4.0,10.0,-106.0
-45.0,-213.0,-164.0,8.0,-4.0,-124.0
-30.0,-219.0,-159.0,13.0,-8.0,-140.0
-29.0,-219.0,-163.0,19.0,-7.0,-155.0
-27.0,-221.0,-155.0,25.0,-5.0,-168.0
-23.0,-224.0,-154.0,29.0,0.0,-172.0
-22.0,-225.0,-152.0,39.0,9.0,-169.0
-22.0,-228.0,-149.0,47.0,16.0,-163.0
-21.0,-227.0,-151.0,45.0,25.0,-167.0
-16.0,-222.0,-154.0,26.0,31.0,-168.0
-18.0,-222.0,-156.0,-10.0,31.0,-178.0
-10.0,-217.0,-157.0,-56.0,31.0,-188.0
-11.0,-211.0,-158.0,-109.0,23.0,-191.0
-10.0,-210.0,-152.0,-152.0,6.0,-191.0
-7.0,-215.0,-157.0,-182.0,-18.0,-191.0
-10.0,-214.0,-151.0,-197.0,-44.0,-191.0
-16.0,-214.0,-152.0,-191.0,-68.0,-183.0
-20.0,-215.0,-152.0,-167.0,-94.0,-169.0
-29.0,-217.0,-153.0,-140.0,-122.0,-157.0
-32.0,-222.0,-156.0,-105.0,-145.0,-138.0
-45.0,-225.0,-164.0,-74.0,-167.0,-129.0
-51.0,-230.0,-164.0,-47.0,-178.0,-114.0
-62.0,-234.0,-168.0,-24.0,-183.0,-101.0
-67.0,-233.0,-173.0,3.0,-185.0,-86.0
-70.0,-231.0,-171.0,30.0,-191.0,-81.0
-70.0,-228.0,-170.0,60.0,-202.0,-77.0
-73.0,-227.0,-170.0,86.0,-215.0,-76.0
-73.0,-222.0,-168.0,99.0,-231.0,-85.0
-67.0,-219.0,-168.0,101.0,-247.0,-98.0
-52.0,-215.0,-172.0,89.0,-266.0,-115.0
-46.0,-212.0,-165.0,78.0,-280.0,-140.0
-41.0,-207.0,-167.0,63.0,-292.0,-157.0
-39.0,-205.0,-167.0,48.0,-299.0,-165.0
-29.0,-212.0,-155.0,42.0,-307.0,-158.0
-30.0,-211.0,-154.0,45.0,-325.0,-162.0
-30.0,-213.0,-156.0,52.0,-342.0,-173.0
-31.0,-216.0,-153.0,50.0,-347.0,-176.0
-30.0,-220.0,-145.0,52.0,-345.0,-172.0
-32.0,-224.0,-142.0,59.0,-335.0,-165.0
-39.0,-228.0,-145.0,80.0,-319.0,-159.0
-35.0,-233.0,-143.0,100.0,-296.0,-151.0
-37.0,-233.0,-147.0,124.0,-272.0,-155.0
-41.0,-236.0,-142.0,146.0,-246.0,-164.0
-44.0,-234.0,-142.0,169.0,-220.0,-166.0
-53.0,-234.0,-137.0,195.0,-201.0,-170.0
-50.0,-232.0,-137.0,228.0,-190.0,-172.0
-52.0,-234.0,-139.0,265.0,-180.0,-177.0
-53.0,-225.0,-137.0,295.0,-174.0,-172.0
-56.0,-222.0,-134.0,317.0,-173.0,-159.0
-53.0,-223.0,-135.0,328.0,-171.0,-148.0
-58.0,-219.0,-137.0,329.0,-174.0,-138.0
-60.0,-219.0,-137.0,331.0,-181.0,-122.0
-60.0,-216.0,-139.0,336.0,-191.0,-112.0
-62.0,-217.0,-141.0,339.0,-198.0,-104.0
-61.0,-214.0,-135.0,337.0,-209.0,-100.0
-62.0,-214.0,-137.0,334.0,-220.0,-99.0
-68.0,-210.0,-139.0,326.0,-231.0,-100.0
-65.0,-212.0,-139.0,320.0,-252.0,-94.0
-61.0,-212.0,-136.0,314.0,-272.0,-98.0
-66.0,-213.0,-136.0,312.0,-283.0,-108.0
-67.0,-210.0,-135.0,313.0,-284.0,-113.0
-66.0,-211.0,-131.0,324.0,-278.0,-117.0
-62.0,-209.0,-129.0,334.0,-272.0,-125.0
-65.0,-210.0,-130.0,341.0,-262.0,-136.0
-64.0,-212.0,-124.0,346.0,-253.0,-150.0
-65.0,-208.0,-127.0,347.0,-246.0,-170.0
-65.0,-210.0,-125.0,348.0,-234.0,-182.0
-61.0,-213.0,-128.0,349.0,-221.0,-191.0
-64.0,-213.0,-127.0,353.0,-213.0,-201.0
-64.0,-213.0,-133.0,361.0,-208.0,-204.0
-63.0,-205.0,-127.0,369.0,-207.0,-201.0
-66.0,-213.0,-133.0,373.0,-210.0,-196.0
-66.0,-210.0,-132.0,376.0,-218.0,-185.0
-70.0,-209.0,-139.0,377.0,-231.0,-175.0
-71.0,-211.0,-129.0,374.0,-248.0,-172.0
-68.0,-207.0,-125.0,371.0,-257.0,-152.0
-65.0,-206.0,-125.0,368.0,-264.0,-137.0
-69.0,-204.0,-128.0,364.0,-267.0,-134.0
-69.0,-203.0,-119.0,359.0,-267.0,-129.0
-71.0,-201.0,-121.0,355.0,-257.0,-125.0
-67.0,-203.0,-117.0,352.0,-241.0,-116.0
-62.0,-199.0,-129.0,345.0,-227.0,-107.0
-61.0,-205.0,-117.0,337.0,-206.0,-103.0
-66.0,-205.0,-120.0,324.0,-189.0,-109.0
-61.0,-207.0,-121.0,300.0,-177.0,-116.0
-58.0,-211.0,-125.0,269.0,-168.0,-114.0
-51.0,-212.0,-121.0,230.0,-159.0,-113.0
-51.0,-217.0,-120.0,196.0,-150.0,-111.0
-48.0,-222.0,-122.0,177.0,-134.0,-109.0
-49.0,-222.0,-119.0,170.0,-122.0,-110.0
-48.0,-227.0,-116.0,166.0,-121.0,-106.0
-46.0,-235.0,-121.0,171.0,-121.0,-103.0
-72.0,-232.0,-115.0,185.0,-123.0,-97.0
-46.0,-236.0,-121.0,197.0,-125.0,-81.0
-48.0,-236.0,-113.0,216.0,-127.0,-80.0
-45.0,-235.0,-121.0,245.0,-125.0,-84.0
-52.0,-230.0,-121.0,269.0,-123.0,-85.0
-53.0,-228.0,-121.0,294.0,-120.0,-88.0
-55.0,-221.0,-118.0,324.0,-115.0,-85.0
-61.0,-222.0,-119.0,349.0,-114.0,-82.0
-55.0,-218.0,-118.0,371.0,-123.0,-70.0
-58.0,-215.0,-116.0,388.0,-133.0,-57.0
-52.0,-213.0,-113.0,390.0,-143.0,-46.0
-52.0,-210.0,-114.0,373.0,-155.0,-42.0
-51.0,-209.0,-116.0,349.0,-160.0,-40.0
-51.0,-206.0,-118.0,322.0,-166.0,-33.0
-48.0,-207.0,-124.0,293.0,-175.0,-27.0
-46.0,-211.0,-121.0,259.0,-184.0,-29.0
-44.0,-213.0,-124.0,225.0,-198.0,-37.0
-46.0,-216.0,-122.0,197.0,-206.0,-47.0
-48.0,-224.0,-127.0,177.0,-207.0,-53.0
-43.0,-226.0,-121.0,168.0,-199.0,-53.0
-44.0,-232.0,-124.0,160.0,-187.0,-55.0
-45.0,-238.0,-126.0,144.0,-178.0,-59.0
-49.0,-241.0,-130.0,120.0,-180.0,-60.0
-55.0,-236.0,-127.0,98.0,-194.0,-61.0
-55.0,-240.0,-130.0,88.0,-221.0,-60.0
-59.0,-236.0,-139.0,94.0,-258.0,-52.0
-56.0,-239.0,-137.0,107.0,-302.0,-34.0
-57.0,-235.0,-139.0,124.0,-352.0,-16.0
-60.0,-232.0,-142.0,130.0,-407.0,-4.0
-67.0,-228.0,-144.0,124.0,-465.0,6.0
-68.0,-223.0,-144.0,120.0,-523.0,22.0
-67.0,-217.0,-149.0,108.0,-580.0,35.0
-66.0,-210.0,-149.0,81.0,-631.0,33.0
-74.0,-200.0,-148.0,43.0,-674.0,27.0
-77.0,-194.0,-142.0,4.0,-711.0,33.0
-81.0,-190.0,-141.0,-49.0,-753.0,44.0
-85.0,-185.0,-142.0,-108.0,-811.0,66.0
-84.0,-187.0,-141.0,-171.0,-883.0,89.0
-81.0,-190.0,-144.0,-245.0,-959.0,109.0
-81.0,-194.0,-147.0,-328.0,-1029.0,127.0
-80.0,-203.0,-145.0,-403.0,-1079.0,146.0
-70.0,-210.0,-140.0,-450.0,-1096.0,166.0
-69.0,-217.0,-138.0,-472.0,-1090.0,166.0
-65.0,-219.0,-133.0,-471.0,-1072.0,163.0
-66.0,-223.0,-135.0,-460.0,-1060.0,149.0
-69.0,-224.0,-125.0,-436.0,-1055.0,141.0
-72.0,-225.0,-123.0,-405.0,-1052.0,137.0
-73.0,-221.0,-121.0,-379.0,-1045.0,132.0
-78.0,-214.0,-121.0,-373.0,-1036.0,127.0
-70.0,-214.0,-119.0,-385.0,-1028.0,116.0
-64.0,-212.0,-120.0,-409.0,-1021.0,94.0
-64.0,-208.0,-115.0,-435.0,-1015.0,66.0
-65.0,-204.0,-109.0,-443.0,-1010.0,51.0
-63.0,-204.0,-114.0,-432.0,-1003.0,47.0
-70.0,-199.0,-111.0,-410.0,-993.0,49.0
-72.0,-201.0,-112.0,-394.0,-985.0,44.0
-76.0,-198.0,-114.0,-387.0,-973.0,29.0
-80.0,-198.0,-107.0,-392.0,-965.0,10.0
-87.0,-195.0,-114.0,-401.0,-969.0,-3.0
-93.0,-200.0,-104.0,-399.0,-982.0,-9.0
-99.0,-200.0,-105.0,-380.0,-999.0,-18.0
-100.0,-202.0,-98.0,-346.0,-1007.0,-31.0
-106.0,-199.0,-92.0,-302.0,-1007.0,-52.0
-98.0,-197.0,-99.0,-256.0,-999.0,-71.0
-106.0,-192.0,-94.0,-219.0,-996.0,-96.0
-108.0,-190.0,-93.0,-201.0,-1004.0,-127.0
-104.0,-187.0,-96.0,-189.0,-1018.0,-162.0
-100.0,-183.0,-97.0,-183.0,-1022.0,-191.0
-95.0,-184.0,-92.0,-181.0,-1007.0,-211.0
-89.0,-185.0,-89.0,-187.0,-974.0,-221.0
-80.0,-185.0,-89.0,-192.0,-932.0,-225.0
-72.0,-191.0,-87.0,-204.0,-895.0,-232.0
-70.0,-193.0,-87.0,-232.0,-865.0,-226.0
-69.0,-201.0,-89.0,-270.0,-855.0,-210.0
-67.0,-209.0,-88.0,-311.0,-867.0,-191.0
-65.0,-213.0,-90.0,-338.0,-880.0,-172.0
-62.0,-220.0,-93.0,-347.0,-870.0,-156.0
-57.0,-226.0,-95.0,-345.0,-839.0,-147.0
-54.0,-220.0,-91.0,-334.0,-795.0,-143.0
-50.0,-221.0,-100.0,-320.0,-753.0,-147.0
-50.0,-215.0,-101.0,-309.0,-723.0,-160.0
-53.0,-210.0,-106.0,-298.0,-709.0,-177.0
-52.0,-210.0,-102.0,-290.0,-704.0,-198.0
-58.0,-202.0,-107.0,-288.0,-707.0,-217.0
-61.0,-202.0,-109.0,-287.0,-710.0,-233.0
-62.0,-204.0,-119.0,-296.0,-715.0,-247.0
-63.0,-202.0,-115.0,-326.0,-719.0,-254.0
-57.0,-206.0,-116.0,-346.0,-719.0,-269.0
-51.0,-213.0,-114.0,-356.0,-707.0,-281.0
-44.0,-217.0,-116.0,-354.0,-674.0,-287.0
-48.0,-224.0,-111.0,-342.0,-627.0,-289.0
-53.0,-231.0,-113.0,-326.0,-581.0,-292.0
-59.0,-235.0,-108.0,-307.0,-558.0,-296.0
-61.0,-239.0,-107.0,-290.0,-551.0,-297.0
-66.0,-244.0,-110.0,-280.0,-544.0,-288.0
-71.0,-246.0,-111.0,-271.0,-527.0,-268.0
-70.0,-245.0,-114.0,-265.0,-513.0,-248.0
-75.0,-242.0,-114.0,-263.0,-506.0,-232.0
-78.0,-236.0,-111.0,-267.0,-507.0,-216.0
-85.0,-235.0,-117.0,-272.0,-513.0,-199.0
-87.0,-233.0,-111.0,-268.0,-523.0,-182.0
-89.0,-227.0,-117.0,-258.0,-541.0,-175.0
-89.0,-220.0,-120.0,-253.0,-561.0,-177.0
-89.0,-217.0,-121.0,-251.0,-585.0,-191.0
-85.0,-213.0,-117.0,-254.0,-604.0,-210.0
-81.0,-216.0,-117.0,-248.0,-612.0,-232.0
-77.0,-220.0,-115.0,-238.0,-603.0,-243.0
-68.0,-224.0,-113.0,-224.0,-577.0,-251.0
-65.0,-232.0,-114.0,-215.0,-536.0,-256.0
-61.0,-233.0,-115.0,-217.0,-492.0,-269.0
-62.0,-239.0,-110.0,-231.0,-457.0,-284.0
-57.0,-247.0,-114.0,-260.0,-433.0,-300.0
-56.0,-252.0,-111.0,-288.0,-416.0,-309.0
-53.0,-256.0,-111.0,-310.0,-394.0,-313.0
-51.0,-259.0,-104.0,-327.0,-367.0,-309.0
-52.0,-257.0,-106.0,-335.0,-330.0,-303.0
-51.0,-257.0,-111.0,-335.0,-289.0,-303.0
-52.0,-254.0,-112.0,-323.0,-249.0,-312.0
-48.0,-252.0,-115.0,-306.0,-217.0,-328.0
-47.0,-249.0,-114.0,-291.0,-190.0,-337.0
-49.0,-249.0,-110.0,-277.0,-171.0,-344.0
-48.0,-247.0,-112.0,-254.0,-157.0,-354.0
-59.0,-246.0,-111.0,-223.0,-151.0,-369.0
-49.0,-245.0,-110.0,-184.0,-154.0,-384.0
-51.0,-244.0,-109.0,-144.0,-154.0,-398.0
-48.0,-239.0,-109.0,-110.0,-148.0,-407.0
-45.0,-235.0,-107.0,-87.0,-143.0,-418.0
-42.0,-234.0,-106.0,-72.0,-134.0,-422.0
-39.0,-235.0,-104.0,-68.0,-120.0,-421.0
-38.0,-231.0,-101.0,-75.0,-104.0,-407.0
-41.0,-228.0,-101.0,-90.0,-99.0,-392.0
-41.0,-224.0,-105.0,-105.0,-104.0,-386.0
-37.0,-224.0,-98.0,-115.0,-113.0,-397.0
-32.0,-219.0,-95.0,-109.0,-111.0,-426.0
-33.0,-215.0,-89.0,-85.0,-94.0,-466.0
