-39.0,-246.0,20.0,-164.0,451.0,470.0
-41.0,-249.0,23.0,-146.0,454.0,484.0
-44.0,-255.0,19.0,-125.0,450.0,488.0
-43.0,-255.0,28.0,-101.0,445.0,477.0
-41.0,-254.0,21.0,-85.0,438.0,464.0
-47.0,-251.0,20.0,-75.0,437.0,444.0
-41.0,-255.0,19.0,-74.0,440.0,439.0
-38.0,-253.0,16.0,-59.0,439.0,429.0
-30.0,-250.0,16.0,-48.0,446.0,418.0
-27.0,-246.0,16.0,-51.0,455.0,419.0
-40.0,-246.0,15.0,-53.0,467.0,420.0
-33.0,-244.0,8.0,-55.0,467.0,421.0
-36.0,-243.0,5.0,-61.0,461.0,421.0
-28.0,-247.0,6.0,-71.0,457.0,418.0
-29.0,-241.0,8.0,-80.0,448.0,416.0
-27.0,-240.0,11.0,-87.0,437.0,421.0
-20.0,-238.0,15.0,-92.0,428.0,428.0
-27.0,-232.0,10.0,-103.0,424.0,441.0
-21.0,-234.0,12.0,-113.0,434.0,445.0
-34.0,-234.0,10.0,-115.0,464.0,432.0
-66.0,-227.0,15.0,-116.0,502.0,404.0
-72.0,-236.0,15.0,-110.0,470.0,428.0
-56.0,-245.0,18.0,-107.0,394.0,472.0
-57.0,-235.0,15.0,-108.0,332.0,488.0
-54.0,-231.0,10.0,-136.0,298.0,501.0
-50.0,-248.0,22.0,-174.0,294.0,499.0
-56.0,-246.0,18.0,-171.0,310.0,488.0
-47.0,-247.0,11.0,-166.0,324.0,486.0
-46.0,-244.0,6.0,-185.0,348.0,485.0
-40.0,-249.0,14.0,-237.0,371.0,488.0
-45.0,-250.0,6.0,-252.0,399.0,478.0
-27.0,-243.0,8.0,-270.0,427.0,471.0
-35.0,-241.0,8.0,-300.0,463.0,467.0
-41.0,-243.0,6.0,-326.0,509.0,468.0
-56.0,-245.0,4.0,-338.0,542.0,470.0
-58.0,-245.0,10.0,-345.0,543.0,479.0
-59.0,-247.0,3.0,-354.0,540.0,479.0
-63.0,-251.0,9.0,-344.0,533.0,476.0
-64.0,-252.0,11.0,-330.0,518.0,478.0
-65.0,-250.0,8.0,-319.0,494.0,485.0
-70.0,-251.0,8.0,-307.0,472.0,492.0
-64.0,-252.0,11.0,-288.0,448.0,501.0
-63.0,-246.0,10.0,-264.0,434.0,511.0
-71.0,-243.0,9.0,-251.0,428.0,524.0
-85.0,-246.0,10.0,-242.0,423.0,545.0
-97.0,-240.0,0.0,-228.0,416.0,554.0
-95.0,-244.0,1.0,-218.0,398.0,565.0
-86.0,-246.0,-3.0,-216.0,376.0,568.0
-79.0,-243.0,-1.0,-219.0,363.0,556.0
-86.0,-244.0,-3.0,-231.0,365.0,547.0
-101.0,-247.0,-11.0,-261.0,359.0,556.0
-112.0,-244.0,-16.0,-299.0,348.0,570.0
-103.0,-248.0,-11.0,-337.0,341.0,579.0
-116.0,-250.0,-12.0,-355.0,340.0,586.0
-120.0,-255.0,-11.0,-369.0,338.0,600.0
-117.0,-261.0,-8.0,-379.0,337.0,610.0
-105.0,-265.0,-4.0,-385.0,349.0,613.0
-109.0,-262.0,-10.0,-381.0,374.0,610.0
-114.0,-267.0,-7.0,-376.0,389.0,627.0
-108.0,-270.0,1.0,-376.0,404.0,644.0
-119.0,-271.0,0.0,-369.0,417.0,653.0
-117.0,-272.0,3.0,-364.0,423.0,660.0
-119.0,-269.0,2.0,-354.0,427.0,663.0
-118.0,-272.0,0.0,-348.0,431.0,656.0
-118.0,-268.0,-2.0,-342.0,437.0,656.0
-116.0,-267.0,-4.0,-334.0,440.0,658.0
-115.0,-264.0,-7.0,-315.0,454.0,650.0
-112.0,-267.0,-23.0,-292.0,478.0,643.0
-103.0,-267.0,-23.0,-270.0,509.0,633.0
-99.0,-267.0,-27.0,-253.0,538.0,621.0
-88.0,-267.0,-31.0,-230.0,565.0,616.0
-83.0,-266.0,-36.0,-203.0,587.0,602.0
-78.0,-263.0,-40.0,-196.0,600.0,577.0
-75.0,-260.0,-42.0,-200.0,606.0,551.0
-72.0,-255.0,-35.0,-207.0,597.0,522.0
-74.0,-256.0,-36.0,-209.0,579.0,487.0
-82.0,-251.0,-30.0,-199.0,551.0,450.0
-87.0,-250.0,-29.0,-183.0,519.0,413.0
-99.0,-253.0,-31.0,-161.0,486.0,382.0
-98.0,-245.0,-34.0,-142.0,467.0,352.0
-100.0,-247.0,-36.0,-122.0,462.0,322.0
-100.0,-242.0,-44.0,-114.0,472.0,300.0
-106.0,-247.0,-42.0,-116.0,494.0,281.0
-98.0,-245.0,-41.0,-126.0,531.0,259.0
-100.0,-246.0,-40.0,-143.0,578.0,233.0
-100.0,-242.0,-41.0,-170.0,621.0,208.0
-95.0,-242.0,-42.0,-203.0,655.0,192.0
-94.0,-246.0,-42.0,-239.0,677.0,178.0
-96.0,-243.0,-46.0,-273.0,686.0,169.0
-97.0,-246.0,-47.0,-302.0,680.0,168.0
-101.0,-248.0,-49.0,-324.0,665.0,173.0
-102.0,-251.0,-52.0,-336.0,647.0,178.0
-97.0,-252.0,-53.0,-337.0,630.0,180.0
-101.0,-252.0,-56.0,-340.0,625.0,181.0
-100.0,-250.0,-60.0,-337.0,622.0,180.0
-104.0,-248.0,-59.0,-333.0,618.0,177.0
-99.0,-249.0,-60.0,-329.0,620.0,174.0
-96.0,-250.0,-61.0,-327.0,623.0,170.0
-94.0,-250.0,-64.0,-320.0,628.0,158.0
-97.0,-253.0,-61.0,-315.0,635.0,146.0
-97.0,-249.0,-63.0,-305.0,640.0,141.0
-92.0,-252.0,-64.0,-295.0,641.0,137.0
-97.0,-251.0,-60.0,-275.0,642.0,132.0
-99.0,-244.0,-66.0,-261.0,644.0,125.0
-97.0,-245.0,-65.0,-247.0,648.0,118.0
-101.0,-244.0,-65.0,-234.0,653.0,106.0
-98.0,-239.0,-68.0,-221.0,658.0,95.0
-97.0,-239.0,-73.0,-212.0,668.0,83.0
-96.0,-236.0,-68.0,-209.0,681.0,77.0
-95.0,-235.0,-71.0,-208.0,692.0,70.0
-95.0,-231.0,-73.0,-208.0,704.0,60.0
-93.0,-229.0,-71.0,-211.0,713.0,53.0
-90.0,-230.0,-75.0,-214.0,717.0,48.0
-88.0,-229.0,-74.0,-218.0,716.0,42.0
-88.0,-228.0,-75.0,-220.0,715.0,29.0
-87.0,-232.0,-78.0,-222.0,711.0,14.0
-89.0,-230.0,-77.0,-220.0,706.0,0.0
-89.0,-228.0,-76.0,-214.0,701.0,-16.0
-83.0,-227.0,-76.0,-207.0,698.0,-32.0
-85.0,-223.0,-76.0,-205.0,702.0,-37.0
-82.0,-223.0,-83.0,-208.0,709.0,-42.0
-80.0,-225.0,-75.0,-211.0,718.0,-45.0
-78.0,-224.0,-77.0,-219.0,723.0,-53.0
-76.0,-224.0,-74.0,-223.0,722.0,-59.0
-72.0,-227.0,-74.0,-227.0,716.0,-63.0
-72.0,-225.0,-71.0,-229.0,707.0,-65.0
-73.0,-220.0,-75.0,-228.0,692.0,-65.0
-72.0,-223.0,-73.0,-219.0,676.0,-67.0
-69.0,-225.0,-69.0,-203.0,665.0,-71.0
-67.0,-226.0,-67.0,-183.0,657.0,-80.0
-71.0,-221.0,-74.0,-157.0,651.0,-91.0
-72.0,-225.0,-74.0,-131.0,646.0,-104.0
-67.0,-220.0,-67.0,-103.0,636.0,-115.0
-65.0,-219.0,-68.0,-74.0,628.0,-130.0
-66.0,-219.0,-65.0,-45.0,631.0,-142.0
-65.0,-216.0,-68.0,-22.0,632.0,-150.0
-67.0,-215.0,-66.0,0.0,626.0,-159.0
-68.0,-211.0,-65.0,22.0,613.0,-168.0
-65.0,-210.0,-63.0,44.0,597.0,-178.0
-67.0,-211.0,-70.0,63.0,577.0,-186.0
-69.0,-208.0,-72.0,77.0,556.0,-190.0
-64.0,-205.0,-77.0,84.0,538.0,-191.0
-62.0,-208.0,-75.0,82.0,520.0,-189.0
-59.0,-206.0,-75.0,75.0,504.0,-188.0
-58.0,-206.0,-81.0,64.0,486.0,-187.0
-57.0,-207.0,-80.0,54.0,473.0,-185.0
-58.0,-209.0,-76.0,45.0,460.0,-184.0
-55.0,-210.0,-77.0,41.0,452.0,-184.0
-58.0,-214.0,-73.0,46.0,447.0,-183.0
-58.0,-217.0,-72.0,64.0,443.0,-182.0
-65.0,-215.0,-72.0,84.0,438.0,-184.0
-68.0,-217.0,-71.0,110.0,430.0,-184.0
-69.0,-219.0,-70.0,138.0,416.0,-183.0
-72.0,-223.0,-74.0,166.0,404.0,-185.0
-79.0,-224.0,-68.0,195.0,395.0,-185.0
-78.0,-226.0,-75.0,221.0,384.0,-189.0
-77.0,-225.0,-75.0,243.0,382.0,-194.0
-79.0,-229.0,-77.0,264.0,387.0,-198.0
-77.0,-230.0,-77.0,286.0,398.0,-202.0
-80.0,-225.0,-75.0,310.0,409.0,-201.0
-77.0,-226.0,-74.0,336.0,416.0,-196.0
-76.0,-226.0,-77.0,358.0,417.0,-187.0
-76.0,-225.0,-76.0,381.0,403.0,-175.0
-73.0,-225.0,-68.0,403.0,375.0,-163.0
-65.0,-227.0,-74.0,427.0,328.0,-146.0
-74.0,-228.0,-73.0,447.0,270.0,-125.0
-74.0,-224.0,-69.0,465.0,204.0,-105.0
-75.0,-226.0,-73.0,481.0,141.0,-79.0
-75.0,-227.0,-74.0,498.0,89.0,-53.0
-78.0,-222.0,-76.0,514.0,56.0,-31.0
-79.0,-221.0,-78.0,528.0,39.0,-16.0
-71.0,-217.0,-75.0,539.0,31.0,-9.0
-79.0,-217.0,-78.0,544.0,29.0,-1.0
-79.0,-216.0,-81.0,536.0,33.0,4.0
-75.0,-214.0,-86.0,516.0,37.0,10.0
-75.0,-216.0,-75.0,473.0,43.0,11.0
-75.0,-214.0,-80.0,436.0,49.0,12.0
-75.0,-214.0,-80.0,404.0,55.0,11.0
-71.0,-218.0,-73.0,374.0,65.0,12.0
-69.0,-220.0,-77.0,346.0,82.0,10.0
-68.0,-221.0,-77.0,318.0,98.0,12.0
-68.0,-225.0,-73.0,291.0,116.0,10.0
-69.0,-225.0,-75.0,266.0,130.0,5.0
-69.0,-229.0,-70.0,247.0,146.0,4.0
-71.0,-228.0,-69.0,235.0,167.0,1.0
-73.0,-232.0,-67.0,230.0,193.0,2.0
-67.0,-231.0,-68.0,232.0,216.0,1.0
-71.0,-235.0,-66.0,244.0,235.0,6.0
-71.0,-234.0,-66.0,256.0,251.0,9.0
-70.0,-237.0,-66.0,268.0,266.0,14.0
-69.0,-235.0,-65.0,279.0,280.0,14.0
-69.0,-232.0,-62.0,291.0,296.0,16.0
-70.0,-233.0,-64.0,304.0,306.0,20.0
-66.0,-233.0,-60.0,316.0,311.0,29.0
-66.0,-232.0,-63.0,326.0,311.0,34.0
-70.0,-234.0,-62.0,338.0,310.0,39.0
-69.0,-231.0,-57.0,346.0,309.0,42.0
-69.0,-234.0,-56.0,353.0,309.0,42.0
-69.0,-227.0,-53.0,361.0,307.0,43.0
-67.0,-224.0,-57.0,370.0,305.0,44.0
-69.0,-225.0,-49.0,380.0,306.0,41.0
-71.0,-219.0,-51.0,389.0,308.0,40.0
-71.0,-214.0,-51.0,397.0,313.0,41.0
-76.0,-212.0,-50.0,404.0,320.0,43.0
-79.0,-208.0,-49.0,409.0,324.0,45.0
-76.0,-208.0,-46.0,408.0,331.0,46.0
-80.0,-201.0,-50.0,404.0,339.0,47.0
-81.0,-203.0,-49.0,394.0,352.0,45.0
-79.0,-201.0,-45.0,380.0,366.0,47.0
-78.0,-198.0,-44.0,363.0,382.0,48.0
-75.0,-198.0,-42.0,348.0,398.0,48.0
-70.0,-197.0,-46.0,335.0,413.0,44.0
-72.0,-198.0,-42.0,324.0,424.0,37.0
-74.0,-197.0,-45.0,312.0,432.0,33.0
-73.0,-195.0,-44.0,298.0,434.0,36.0
-66.0,-201.0,-50.0,284.0,431.0,44.0
-64.0,-200.0,-52.0,275.0,427.0,53.0
-64.0,-201.0,-48.0,271.0,426.0,58.0
-64.0,-204.0,-43.0,269.0,427.0,69.0
-71.0,-204.0,-45.0,267.0,426.0,79.0
-67.0,-203.0,-51.0,268.0,425.0,89.0
-69.0,-203.0,-48.0,275.0,422.0,98.0
-69.0,-208.0,-50.0,285.0,417.0,108.0
-70.0,-205.0,-54.0,296.0,406.0,119.0
-71.0,-203.0,-51.0,306.0,394.0,128.0
-72.0,-206.0,-52.0,318.0,384.0,137.0
-73.0,-207.0,-46.0,330.0,374.0,151.0
-76.0,-209.0,-52.0,343.0,371.0,161.0
-71.0,-208.0,-53.0,360.0,375.0,169.0
-76.0,-212.0,-51.0,379.0,389.0,173.0
-70.0,-213.0,-51.0,397.0,405.0,177.0
-74.0,-208.0,-54.0,413.0,422.0,183.0
-73.0,-208.0,-56.0,424.0,436.0,190.0
-76.0,-209.0,-58.0,430.0,445.0,196.0
-80.0,-205.0,-57.0,434.0,452.0,197.0
-85.0,-204.0,-53.0,434.0,457.0,201.0
-81.0,-211.0,-55.0,430.0,453.0,211.0
-83.0,-213.0,-57.0,417.0,443.0,225.0
-84.0,-212.0,-58.0,405.0,433.0,236.0
-87.0,-213.0,-59.0,395.0,431.0,239.0
-86.0,-224.0,-58.0,385.0,439.0,241.0
-84.0,-218.0,-59.0,372.0,455.0,246.0
-84.0,-223.0,-55.0,362.0,473.0,247.0
-84.0,-223.0,-58.0,357.0,494.0,245.0
-86.0,-226.0,-55.0,361.0,509.0,241.0
-86.0,-228.0,-53.0,368.0,512.0,237.0
-92.0,-226.0,-54.0,376.0,499.0,237.0
-93.0,-228.0,-51.0,382.0,480.0,240.0
-100.0,-227.0,-54.0,388.0,458.0,249.0
-100.0,-223.0,-54.0,387.0,440.0,262.0
-102.0,-223.0,-57.0,381.0,429.0,277.0
-100.0,-226.0,-51.0,373.0,428.0,293.0
-100.0,-223.0,-54.0,368.0,436.0,309.0
-100.0,-222.0,-48.0,371.0,445.0,324.0
-97.0,-222.0,-49.0,378.0,455.0,339.0
-97.0,-220.0,-50.0,385.0,465.0,352.0
-89.0,-222.0,-56.0,386.0,485.0,361.0
-87.0,-221.0,-47.0,384.0,512.0,364.0
-86.0,-222.0,-47.0,381.0,542.0,366.0
-84.0,-219.0,-47.0,375.0,570.0,362.0
-83.0,-217.0,-48.0,368.0,586.0,360.0
-80.0,-224.0,-49.0,357.0,595.0,357.0
-83.0,-216.0,-51.0,346.0,599.0,350.0
-81.0,-220.0,-49.0,332.0,602.0,346.0
-83.0,-218.0,-51.0,319.0,605.0,341.0
-81.0,-222.0,-50.0,306.0,614.0,341.0
-81.0,-220.0,-55.0,290.0,629.0,344.0
-79.0,-219.0,-54.0,282.0,649.0,342.0
-81.0,-216.0,-57.0,281.0,672.0,334.0
-79.0,-215.0,-58.0,288.0,703.0,324.0
-74.0,-215.0,-57.0,299.0,736.0,316.0
-81.0,-213.0,-55.0,309.0,778.0,315.0
-70.0,-212.0,-50.0,322.0,822.0,311.0
-69.0,-210.0,-51.0,343.0,863.0,307.0
-74.0,-206.0,-45.0,362.0,896.0,303.0
-72.0,-204.0,-49.0,379.0,922.0,300.0
-75.0,-206.0,-46.0,390.0,948.0,302.0
-67.0,-209.0,-47.0,392.0,981.0,308.0
-64.0,-207.0,-49.0,391.0,1022.0,313.0
-63.0,-206.0,-50.0,386.0,1072.0,314.0
-63.0,-206.0,-49.0,378.0,1129.0,317.0
-60.0,-203.0,-51.0,376.0,1189.0,318.0
-52.0,-210.0,-56.0,383.0,1250.0,315.0
-47.0,-211.0,-59.0,400.0,1309.0,311.0
-44.0,-211.0,-64.0,431.0,1364.0,302.0
-40.0,-217.0,-67.0,477.0,1413.0,297.0
-41.0,-221.0,-74.0,549.0,1465.0,284.0
-39.0,-226.0,-83.0,650.0,1525.0,262.0
-45.0,-233.0,-90.0,770.0,1598.0,239.0
-54.0,-226.0,-100.0,888.0,1653.0,213.0
-61.0,-218.0,-101.0,980.0,1678.0,173.0
-77.0,-208.0,-105.0,1030.0,1672.0,117.0
-86.0,-196.0,-100.0,1038.0,1646.0,54.0
-88.0,-187.0,-96.0,1008.0,1616.0,2.0
-94.0,-178.0,-82.0,957.0,1612.0,-35.0
-92.0,-176.0,-68.0,896.0,1653.0,-56.0
-82.0,-178.0,-70.0,829.0,1736.0,-73.0
-77.0,-176.0,-57.0,750.0,1836.0,-83.0
-68.0,-179.0,-43.0,664.0,1927.0,-86.0
-71.0,-180.0,-33.0,578.0,1993.0,-87.0
-76.0,-184.0,-21.0,497.0,2019.0,-85.0
-85.0,-188.0,-16.0,424.0,2008.0,-83.0
-100.0,-194.0,-18.0,359.0,1969.0,-80.0
-119.0,-200.0,-19.0,295.0,1913.0,-70.0
-128.0,-206.0,-28.0,226.0,1843.0,-63.0
-141.0,-217.0,-36.0,146.0,1764.0,-66.0
-155.0,-224.0,-48.0,66.0,1686.0,-74.0
-160.0,-235.0,-62.0,-4.0,1613.0,-76.0
-166.0,-242.0,-64.0,-59.0,1532.0,-73.0
-165.0,-250.0,-69.0,-97.0,1438.0,-66.0
-164.0,-254.0,-77.0,-119.0,1326.0,-53.0
-162.0,-259.0,-75.0,-122.0,1208.0,-33.0
-161.0,-263.0,-74.0,-104.0,1096.0,-9.0
-156.0,-264.0,-71.0,-65.0,993.0,22.0
-150.0,-270.0,-64.0,-12.0,882.0,52.0
-143.0,-273.0,-61.0,57.0,804.0,82.0
-132.0,-270.0,-61.0,137.0,737.0,106.0
-128.0,-269.0,-62.0,236.0,680.0,123.0
-119.0,-265.0,-61.0,313.0,632.0,131.0
-108.0,-257.0,-61.0,382.0,592.0,131.0
-99.0,-252.0,-63.0,436.0,556.0,122.0
-91.0,-249.0,-65.0,472.0,517.0,107.0
-83.0,-240.0,-68.0,489.0,479.0,89.0
-77.0,-241.0,-70.0,486.0,449.0,71.0
-73.0,-228.0,-70.0,467.0,434.0,53.0
-68.0,-227.0,-71.0,439.0,434.0,39.0
-66.0,-222.0,-70.0,410.0,444.0,27.0
-67.0,-221.0,-72.0,387.0,453.0,20.0
-64.0,-223.0,-67.0,373.0,457.0,21.0
-65.0,-216.0,-63.0,369.0,457.0,27.0
-67.0,-218.0,-60.0,377.0,458.0,41.0
-70.0,-217.0,-62.0,392.0,460.0,56.0
-75.0,-217.0,-61.0,406.0,464.0,74.0
-76.0,-217.0,-56.0,418.0,468.0,92.0
-79.0,-217.0,-55.0,429.0,470.0,103.0
-80.0,-219.0,-55.0,436.0,473.0,113.0
-86.0,-221.0,-58.0,438.0,480.0,120.0
-86.0,-225.0,-50.0,434.0,489.0,123.0
-95.0,-227.0,-58.0,426.0,500.0,122.0
-91.0,-227.0,-47.0,420.0,511.0,118.0
-91.0,-228.0,-51.0,417.0,516.0,112.0
-92.0,-228.0,-49.0,414.0,516.0,98.0
-93.0,-228.0,-50.0,413.0,511.0,84.0
-94.0,-229.0,-47.0,411.0,504.0,65.0
-94.0,-223.0,-50.0,407.0,489.0,44.0
-94.0,-226.0,-49.0,404.0,469.0,24.0
-90.0,-226.0,-51.0,399.0,446.0,10.0
-91.0,-222.0,-49.0,393.0,423.0,5.0
-87.0,-223.0,-50.0,385.0,400.0,5.0
-88.0,-222.0,-33.0,375.0,371.0,4.0
-93.0,-219.0,-44.0,366.0,339.0,-2.0
-95.0,-219.0,-39.0,363.0,303.0,-8.0
-97.0,-220.0,-41.0,361.0,265.0,-16.0
-98.0,-220.0,-43.0,363.0,223.0,-21.0
-98.0,-226.0,-48.0,362.0,176.0,-27.0
-101.0,-221.0,-48.0,356.0,131.0,-36.0
-101.0,-221.0,-53.0,353.0,94.0,-46.0
-100.0,-219.0,-50.0,343.0,65.0,-57.0
-101.0,-223.0,-49.0,325.0,44.0,-67.0
-97.0,-221.0,-50.0,299.0,25.0,-76.0
-97.0,-221.0,-55.0,271.0,8.0,-83.0
-100.0,-217.0,-53.0,239.0,-8.0,-84.0
-87.0,-220.0,-51.0,208.0,-24.0,-78.0
-81.0,-219.0,-49.0,179.0,-38.0,-77.0
-73.0,-216.0,-52.0,152.0,-51.0,-79.0
-65.0,-214.0,-47.0,130.0,-58.0,-86.0
-62.0,-212.0,-49.0,113.0,-60.0,-98.0
-59.0,-210.0,-48.0,101.0,-59.0,-119.0
-47.0,-205.0,-48.0,91.0,-60.0,-145.0
-48.0,-206.0,-45.0,79.0,-67.0,-173.0
-42.0,-200.0,-49.0,63.0,-79.0,-207.0
-41.0,-205.0,-41.0,42.0,-90.0,-238.0
-41.0,-203.0,-44.0,19.0,-101.0,-268.0
-38.0,-199.0,-40.0,1.0,-110.0,-302.0
-40.0,-200.0,-42.0,-18.0,-116.0,-330.0
-43.0,-200.0,-41.0,-36.0,-119.0,-356.0
-52.0,-198.0,-42.0,-58.0,-116.0,-381.0
-54.0,-199.0,-44.0,-82.0,-107.0,-398.0
-58.0,-210.0,-43.0,-105.0,-93.0,-407.0
-59.0,-213.0,-44.0,-124.0,-83.0,-413.0
-62.0,-215.0,-47.0,-137.0,-73.0,-417.0
-64.0,-220.0,-41.0,-143.0,-66.0,-417.0
-76.0,-224.0,-37.0,-146.0,-66.0,-422.0
-77.0,-238.0,-41.0,-152.0,-74.0,-428.0
-81.0,-241.0,-40.0,-161.0,-100.0,-432.0
-83.0,-247.0,-40.0,-162.0,-137.0,-435.0
-82.0,-249.0,-42.0,-156.0,-174.0,-434.0
-82.0,-255.0,-39.0,-140.0,-203.0,-432.0
-80.0,-257.0,-35.0,-122.0,-226.0,-431.0
-77.0,-258.0,-33.0,-98.0,-253.0,-425.0
-76.0,-256.0,-41.0,-71.0,-280.0,-422.0
-74.0,-255.0,-38.0,-40.0,-301.0,-421.0
-67.0,-253.0,-38.0,-11.0,-315.0,-417.0
-64.0,-243.0,-45.0,15.0,-319.0,-413.0
-59.0,-247.0,-39.0,35.0,-313.0,-408.0
-56.0,-243.0,-37.0,51.0,-307.0,-405.0
-55.0,-242.0,-43.0,61.0,-304.0,-402.0
-53.0,-241.0,-38.0,69.0,-307.0,-396.0
-58.0,-240.0,-35.0,75.0,-319.0,-382.0
-56.0,-241.0,-32.0,82.0,-336.0,-366.0
-57.0,-244.0,-24.0,94.0,-359.0,-348.0
-63.0,-243.0,-22.0,111.0,-387.0,-326.0
-63.0,-248.0,-15.0,141.0,-414.0,-303.0
-65.0,-248.0,-20.0,179.0,-442.0,-284.0
-63.0,-257.0,-13.0,227.0,-462.0,-267.0
-67.0,-254.0,-15.0,279.0,-478.0,-260.0
-67.0,-253.0,-19.0,329.0,-495.0,-256.0
-70.0,-251.0,-21.0,367.0,-510.0,-255.0
-74.0,-244.0,-28.0,396.0,-517.0,-257.0
-72.0,-240.0,-31.0,412.0,-519.0,-260.0
-71.0,-238.0,-29.0,416.0,-509.0,-269.0
-71.0,-233.0,-31.0,412.0,-490.0,-278.0
-72.0,-229.0,-26.0,400.0,-463.0,-287.0
-70.0,-226.0,-30.0,380.0,-436.0,-293.0
-68.0,-236.0,-23.0,356.0,-411.0,-302.0
-62.0,-231.0,-26.0,330.0,-386.0,-314.0
-59.0,-231.0,-22.0,301.0,-359.0,-325.0
-55.0,-238.0,-21.0,276.0,-337.0,-334.0
-53.0,-241.0,-18.0,256.0,-317.0,-342.0
-52.0,-242.0,-25.0,235.0,-303.0,-356.0
-50.0,-247.0,-18.0,220.0,-297.0,-372.0
-48.0,-249.0,-16.0,212.0,-299.0,-387.0
-52.0,-244.0,-24.0,214.0,-307.0,-407.0
-50.0,-248.0,-18.0,234.0,-319.0,-428.0
-50.0,-249.0,-18.0,271.0,-325.0,-447.0
-44.0,-240.0,-20.0,318.0,-321.0,-468.0
-49.0,-238.0,-10.0,362.0,-305.0,-484.0
-52.0,-233.0,-10.0,393.0,-281.0,-495.0
-51.0,-233.0,-11.0,402.0,-257.0,-493.0
-51.0,-229.0,-7.0,395.0,-242.0,-488.0
-56.0,-232.0,-10.0,381.0,-246.0,-482.0
-54.0,-233.0,-10.0,360.0,-259.0,-474.0
-52.0,-238.0,-21.0,335.0,-276.0,-465.0
-52.0,-242.0,-14.0,309.0,-290.0,-457.0
-56.0,-241.0,-16.0,280.0,-303.0,-451.0
-60.0,-251.0,-7.0,259.0,-316.0,-446.0
-57.0,-255.0,-20.0,255.0,-335.0,-437.0
-60.0,-254.0,-16.0,268.0,-367.0,-432.0
-61.0,-254.0,-16.0,289.0,-404.0,-430.0
-60.0,-255.0,-15.0,327.0,-434.0,-428.0
-58.0,-251.0,-19.0,376.0,-455.0,-427.0
-61.0,-248.0,-16.0,421.0,-470.0,-426.0
-63.0,-243.0,-15.0,455.0,-479.0,-421.0
-67.0,-236.0,-15.0,487.0,-489.0,-419.0
-71.0,-237.0,-11.0,518.0,-511.0,-416.0
-72.0,-237.0,-14.0,544.0,-548.0,-415.0
-75.0,-228.0,-11.0,557.0,-588.0,-412.0
-75.0,-226.0,-7.0,582.0,-625.0,-410.0
-77.0,-224.0,-14.0,607.0,-646.0,-408.0
-74.0,-227.0,-17.0,609.0,-651.0,-400.0
-71.0,-228.0,-14.0,588.0,-647.0,-398.0
-67.0,-227.0,-13.0,562.0,-640.0,-400.0
-70.0,-229.0,-16.0,538.0,-631.0,-401.0
-63.0,-235.0,-15.0,519.0,-628.0,-400.0
-58.0,-236.0,-16.0,505.0,-624.0,-400.0
-48.0,-234.0,-18.0,496.0,-625.0,-395.0
-47.0,-232.0,-16.0,489.0,-636.0,-393.0
-41.0,-233.0,-12.0,480.0,-653.0,-395.0
-37.0,-230.0,-15.0,464.0,-671.0,-395.0
-35.0,-232.0,-13.0,440.0,-689.0,-392.0
-42.0,-232.0,-13.0,417.0,-712.0,-382.0
-38.0,-233.0,-12.0,395.0,-739.0,-365.0
-45.0,-231.0,-11.0,378.0,-768.0,-347.0
-47.0,-231.0,-14.0,361.0,-787.0,-332.0
-47.0,-234.0,-15.0,344.0,-787.0,-317.0
-49.0,-239.0,-21.0,322.0,-769.0,-305.0
-49.0,-241.0,-18.0,299.0,-738.0,-298.0
-49.0,-240.0,-29.0,267.0,-700.0,-290.0
-48.0,-237.0,-30.0,231.0,-662.0,-289.0
-43.0,-244.0,-21.0,196.0,-631.0,-293.0
-36.0,-248.0,-14.0,166.0,-605.0,-286.0
-38.0,-252.0,-8.0,150.0,-580.0,-276.0
-35.0,-255.0,-4.0,152.0,-562.0,-269.0
-31.0,-258.0,-4.0,171.0,-554.0,-273.0
-25.0,-260.0,-4.0,186.0,-550.0,-273.0
-18.0,-260.0,-8.0,188.0,-553.0,-265.0
-19.0,-263.0,-9.0,181.0,-557.0,-249.0
-17.0,-259.0,-5.0,177.0,-567.0,-238.0
-19.0,-259.0,-6.0,169.0,-579.0,-225.0
-21.0,-256.0,-11.0,160.0,-590.0,-204.0
-25.0,-250.0,-11.0,154.0,-601.0,-182.0
-34.0,-243.0,-9.0,160.0,-613.0,-178.0
-38.0,-241.0,-14.0,169.0,-620.0,-176.0
-36.0,-237.0,-11.0,166.0,-608.0,-163.0
-42.0,-239.0,-8.0,157.0,-582.0,-151.0
-43.0,-231.0,-13.0,148.0,-552.0,-149.0
-40.0,-231.0,-12.0,137.0,-525.0,-153.0
-32.0,-236.0,-9.0,121.0,-503.0,-168.0
-33.0,-237.0,-11.0,96.0,-477.0,-178.0
-34.0,-238.0,-14.0,68.0,-452.0,-182.0
-25.0,-239.0,-7.0,41.0,-434.0,-181.0
-23.0,-245.0,-3.0,9.0,-412.0,-172.0
-17.0,-246.0,-10.0,-19.0,-396.0,-168.0
-12.0,-249.0,-6.0,-42.0,-385.0,-167.0
-6.0,-251.0,-4.0,-54.0,-374.0,-163.0
-9.0,-256.0,-7.0,-53.0,-370.0,-163.0
-6.0,-254.0,0.0,-40.0,-369.0,-165.0
-3.0,-255.0,-5.0,-16.0,-369.0,-161.0
-1.0,-257.0,-6.0,7.0,-361.0,-148.0
-2.0,-255.0,-6.0,30.0,-346.0,-132.0
0.0,-254.0,-6.0,62.0,-333.0,-128.0
-8.0,-250.0,-7.0,93.0,-324.0,-128.0
-13.0,-256.0,-16.0,115.0,-312.0,-123.0
-11.0,-255.0,-11.0,133.0,-296.0,-120.0
-13.0,-252.0,-14.0,148.0,-281.0,-116.0
-18.0,-251.0,-8.0,163.0,-268.0,-120.0
-19.0,-254.0,-12.0,179.0,-253.0,-126.0
-17.0,-252.0,-8.0,185.0,-233.0,-125.0
-28.0,-249.0,-4.0,187.0,-208.0,-124.0
-21.0,-244.0,-11.0,188.0,-184.0,-123.0
-26.0,-250.0,-11.0,193.0,-168.0,-132.0
-32.0,-248.0,-5.0,198.0,-156.0,-136.0
-32.0,-247.0,-12.0,201.0,-150.0,-140.0
-28.0,-247.0,-4.0,203.0,-149.0,-143.0
-27.0,-245.0,-2.0,203.0,-152.0,-142.0
-30.0,-244.0,-5.0,205.0,-161.0,-141.0
-24.0,-244.0,0.0,207.0,-175.0,-142.0
-25.0,-245.0,2.0,213.0,-189.0,-144.0
-29.0,-246.0,5.0,223.0,-200.0,-145.0
-24.0,-244.0,8.0,234.0,-203.0,-140.0
-20.0,-245.0,13.0,247.0,-205.0,-132.0
-24.0,-244.0,13.0,258.0,-211.0,-135.0
-19.0,-257.0,12.0,263.0,-217.0,-140.0
-17.0,-250.0,5.0,260.0,-229.0,-150.0
-18.0,-250.0,8.0,249.0,-243.0,-154.0
-18.0,-254.0,2.0,240.0,-255.0,-159.0
-16.0,-252.0,4.0,229.0,-261.0,-160.0
-17.0,-253.0,2.0,223.0,-258.0,-165.0
-17.0,-253.0,5.0,222.0,-248.0,-173.0
-17.0,-248.0,7.0,225.0,-232.0,-183.0
-11.0,-247.0,6.0,226.0,-212.0,-188.0
-12.0,-241.0,11.0,224.0,-189.0,-189.0
-10.0,-243.0,8.0,222.0,-178.0,-198.0
-13.0,-250.0,12.0,216.0,-177.0,-205.0
-11.0,-243.0,12.0,203.0,-186.0,-207.0
-6.0,-248.0,9.0,182.0,-192.0,-201.0
-7.0,-247.0,7.0,160.0,-198.0,-197.0
-2.0,-254.0,11.0,139.0,-201.0,-190.0
0.0,-256.0,9.0,125.0,-203.0,-184.0
1.0,-258.0,14.0,118.0,-200.0,-178.0
-1.0,-261.0,13.0,116.0,-197.0,-175.0
-4.0,-262.0,15.0,119.0,-190.0,-175.0
-5.0,-260.0,12.0,122.0,-180.0,-174.0
-5.0,-260.0,3.0,122.0,-169.0,-177.0
-3.0,-256.0,6.0,122.0,-157.0,-182.0
-5.0,-252.0,6.0,119.0,-144.0,-190.0
-10.0,-251.0,5.0,107.0,-132.0,-197.0
-6.0,-252.0,7.0,90.0,-119.0,-202.0
-10.0,-247.0,3.0,71.0,-104.0,-206.0
-7.0,-245.0,0.0,51.0,-90.0,-211.0
-6.0,-244.0,1.0,33.0,-79.0,-214.0
-3.0,-246.0,2.0,10.0,-68.0,-208.0
-3.0,-243.0,-1.0,-8.0,-65.0,-213.0
-2.0,-239.0,-4.0,-28.0,-63.0,-215.0
-2.0,-236.0,-3.0,-52.0,-65.0,-217.0
-2.0,-239.0,-9.0,-75.0,-65.0,-219.0
-2.0,-240.0,-11.0,-99.0,-62.0,-215.0
0.0,-239.0,-10.0,-114.0,-54.0,-218.0
0.0,-241.0,-7.0,-117.0,-44.0,-219.0
-3.0,-241.0,-7.0,-114.0,-30.0,-217.0
0.0,-243.0,-10.0,-109.0,-14.0,-215.0
0.0,-243.0,-9.0,-103.0,-1.0,-212.0
2.0,-246.0,-7.0,-97.0,12.0,-211.0
3.0,-244.0,-5.0,-93.0,22.0,-208.0
-1.0,-243.0,-10.0,-84.0,25.0,-208.0
0.0,-241.0,-15.0,-71.0,22.0,-208.0
1.0,-246.0,-15.0,-58.0,16.0,-208.0
1.0,-241.0,-17.0,-44.0,10.0,-208.0
2.0,-241.0,-18.0,-28.0,0.0,-208.0
1.0,-239.0,-20.0,-13.0,-7.0,-208.0
2.0,-238.0,-22.0,-3.0,-11.0,-207.0
1.0,-238.0,-24.0,1.0,-11.0,-208.0
2.0,-237.0,-22.0,4.0,-5.0,-207.0
7.0,-238.0,-33.0,7.0,6.0,-208.0
6.0,-239.0,-30.0,10.0,22.0,-212.0
3.0,-234.0,-24.0,20.0,37.0,-218.0
7.0,-238.0,-27.0,30.0,51.0,-215.0
12.0,-242.0,-24.0,40.0,65.0,-205.0
10.0,-240.0,-26.0,50.0,71.0,-196.0
8.0,-240.0,-22.0,61.0,70.0,-183.0
7.0,-239.0,-18.0,67.0,61.0,-165.0
10.0,-243.0,-20.0,73.0,50.0,-147.0
9.0,-242.0,-17.0,79.0,45.0,-126.0
10.0,-243.0,-3.0,84.0,45.0,-108.0
9.0,-241.0,-5.0,95.0,48.0,-93.0
13.0,-239.0,-10.0,110.0,54.0,-83.0
16.0,-235.0,7.0,125.0,57.0,-72.0
9.0,-237.0,-8.0,131.0,53.0,-59.0
10.0,-237.0,-4.0,123.0,51.0,-45.0
15.0,-235.0,-3.0,106.0,56.0,-29.0
22.0,-239.0,1.0,84.0,68.0,-13.0
24.0,-242.0,2.0,61.0,85.0,3.0
28.0,-248.0,6.0,47.0,102.0,17.0
30.0,-248.0,8.0,45.0,115.0,28.0
30.0,-247.0,13.0,47.0,124.0,39.0
38.0,-245.0,15.0,58.0,128.0,48.0
38.0,-242.0,17.0,69.0,124.0,53.0
42.0,-242.0,18.0,80.0,114.0,62.0
43.0,-242.0,20.0,81.0,96.0,70.0
46.0,-239.0,21.0,78.0,69.0,80.0
45.0,-244.0,20.0,64.0,37.0,91.0
