69.0,-299.0,-29.0,224.0,163.0,439.0
58.0,-303.0,-35.0,217.0,240.0,437.0
54.0,-293.0,-42.0,208.0,321.0,462.0
49.0,-274.0,-58.0,182.0,395.0,506.0
52.0,-255.0,-69.0,113.0,453.0,555.0
50.0,-235.0,-65.0,4.0,486.0,583.0
45.0,-219.0,-70.0,-120.0,496.0,597.0
36.0,-200.0,-62.0,-238.0,501.0,624.0
34.0,-193.0,-58.0,-341.0,523.0,648.0
31.0,-189.0,-46.0,-389.0,547.0,663.0
28.0,-180.0,-42.0,-394.0,564.0,661.0
16.0,-165.0,-34.0,-380.0,564.0,644.0
9.0,-158.0,-45.0,-352.0,548.0,629.0
5.0,-152.0,-38.0,-336.0,531.0,607.0
10.0,-148.0,-45.0,-329.0,522.0,572.0
10.0,-147.0,-51.0,-332.0,514.0,533.0
6.0,-149.0,-52.0,-369.0,518.0,482.0
3.0,-152.0,-54.0,-432.0,540.0,448.0
-7.0,-159.0,-51.0,-480.0,566.0,410.0
-12.0,-159.0,-45.0,-514.0,585.0,363.0
-18.0,-166.0,-36.0,-530.0,600.0,327.0
-22.0,-173.0,-39.0,-538.0,609.0,303.0
-24.0,-177.0,-30.0,-531.0,615.0,287.0
-25.0,-186.0,-29.0,-513.0,615.0,279.0
-24.0,-196.0,-28.0,-494.0,616.0,281.0
-25.0,-205.0,-31.0,-473.0,632.0,257.0
-25.0,-215.0,-36.0,-453.0,645.0,240.0
-25.0,-225.0,-30.0,-443.0,664.0,225.0
-29.0,-227.0,-27.0,-427.0,684.0,212.0
-32.0,-236.0,-27.0,-420.0,687.0,206.0
-31.0,-237.0,-22.0,-419.0,681.0,199.0
-27.0,-233.0,-18.0,-414.0,672.0,190.0
-29.0,-234.0,-16.0,-411.0,653.0,192.0
-26.0,-228.0,-11.0,-403.0,634.0,190.0
-24.0,-221.0,-9.0,-377.0,614.0,181.0
-23.0,-218.0,-5.0,-320.0,599.0,162.0
-21.0,-217.0,-6.0,-273.0,590.0,136.0
-21.0,-214.0,-11.0,-231.0,584.0,103.0
-21.0,-215.0,-13.0,-201.0,584.0,74.0
-21.0,-218.0,-18.0,-179.0,589.0,41.0
-23.0,-224.0,-23.0,-154.0,596.0,12.0
-15.0,-229.0,-13.0,-137.0,601.0,-21.0
-13.0,-232.0,-17.0,-116.0,601.0,-55.0
-16.0,-234.0,-15.0,-100.0,599.0,-102.0
-19.0,-234.0,-18.0,-96.0,597.0,-119.0
-16.0,-236.0,-14.0,-110.0,596.0,-125.0
-11.0,-254.0,-24.0,-155.0,591.0,-121.0
-18.0,-245.0,-15.0,-239.0,576.0,-141.0
-23.0,-256.0,-27.0,-308.0,550.0,-136.0
-31.0,-257.0,-26.0,-386.0,528.0,-116.0
-14.0,-261.0,-28.0,-461.0,517.0,-70.0
-6.0,-269.0,-25.0,-529.0,508.0,-54.0
-2.0,-278.0,-19.0,-591.0,522.0,-55.0
-13.0,-289.0,-18.0,-650.0,548.0,-48.0
-6.0,-296.0,-4.0,-682.0,587.0,-8.0
-3.0,-297.0,7.0,-684.0,606.0,1.0
-9.0,-295.0,7.0,-662.0,611.0,-14.0
-10.0,-294.0,8.0,-632.0,616.0,-19.0
-12.0,-289.0,4.0,-614.0,632.0,3.0
-1.0,-293.0,9.0,-614.0,674.0,53.0
-1.0,-289.0,7.0,-623.0,731.0,100.0
3.0,-292.0,11.0,-631.0,807.0,142.0
-2.0,-294.0,10.0,-635.0,870.0,172.0
1.0,-295.0,16.0,-645.0,937.0,201.0
4.0,-293.0,11.0,-651.0,995.0,229.0
4.0,-287.0,14.0,-663.0,1040.0,243.0
15.0,-280.0,10.0,-678.0,1082.0,260.0
14.0,-277.0,7.0,-697.0,1123.0,263.0
25.0,-282.0,1.0,-741.0,1169.0,256.0
26.0,-282.0,2.0,-803.0,1207.0,206.0
17.0,-281.0,-4.0,-879.0,1233.0,144.0
7.0,-279.0,-8.0,-932.0,1251.0,90.0
1.0,-287.0,-17.0,-976.0,1269.0,55.0
2.0,-295.0,-13.0,-1015.0,1285.0,21.0
-4.0,-293.0,-12.0,-1033.0,1302.0,-12.0
-6.0,-297.0,-12.0,-1030.0,1323.0,-52.0
-11.0,-295.0,-11.0,-1012.0,1344.0,-96.0
-11.0,-292.0,-17.0,-985.0,1364.0,-128.0
-13.0,-291.0,-22.0,-961.0,1389.0,-159.0
-10.0,-289.0,-37.0,-954.0,1416.0,-188.0
-8.0,-285.0,-53.0,-957.0,1432.0,-214.0
-6.0,-283.0,-71.0,-953.0,1445.0,-243.0
-6.0,-274.0,-94.0,-941.0,1446.0,-269.0
7.0,-267.0,-114.0,-918.0,1445.0,-300.0
12.0,-263.0,-138.0,-905.0,1443.0,-320.0
20.0,-263.0,-131.0,-908.0,1453.0,-339.0
38.0,-264.0,-135.0,-888.0,1476.0,-377.0
27.0,-259.0,-141.0,-852.0,1479.0,-452.0
19.0,-255.0,-141.0,-802.0,1429.0,-503.0
16.0,-255.0,-138.0,-751.0,1359.0,-551.0
10.0,-254.0,-126.0,-692.0,1279.0,-603.0
-4.0,-249.0,-118.0,-628.0,1191.0,-658.0
-19.0,-237.0,-111.0,-567.0,1091.0,-697.0
-25.0,-221.0,-105.0,-494.0,992.0,-719.0
-28.0,-197.0,-85.0,-409.0,900.0,-709.0
-36.0,-184.0,-86.0,-323.0,813.0,-692.0
-30.0,-173.0,-88.0,-267.0,716.0,-653.0
-27.0,-165.0,-84.0,-231.0,646.0,-616.0
-12.0,-164.0,-92.0,-198.0,585.0,-574.0
-2.0,-157.0,-84.0,-169.0,528.0,-545.0
0.0,-158.0,-87.0,-146.0,472.0,-505.0
9.0,-144.0,-86.0,-121.0,409.0,-461.0
23.0,-135.0,-96.0,-101.0,333.0,-404.0
28.0,-132.0,-109.0,-125.0,259.0,-377.0
32.0,-136.0,-118.0,-203.0,182.0,-378.0
36.0,-133.0,-124.0,-332.0,83.0,-398.0
43.0,-132.0,-124.0,-527.0,4.0,-425.0
48.0,-131.0,-126.0,-701.0,-70.0,-458.0
47.0,-132.0,-123.0,-858.0,-145.0,-488.0
43.0,-138.0,-118.0,-978.0,-223.0,-513.0
37.0,-148.0,-120.0,-1068.0,-296.0,-534.0
30.0,-169.0,-123.0,-1135.0,-365.0,-557.0
18.0,-193.0,-138.0,-1184.0,-433.0,-591.0
7.0,-217.0,-147.0,-1238.0,-503.0,-645.0
-3.0,-239.0,-154.0,-1300.0,-605.0,-730.0
-13.0,-275.0,-164.0,-1390.0,-697.0,-807.0
-33.0,-310.0,-136.0,-1469.0,-789.0,-888.0
-47.0,-354.0,-124.0,-1512.0,-884.0,-974.0
-57.0,-393.0,-125.0,-1529.0,-991.0,-1059.0
-51.0,-431.0,-112.0,-1553.0,-1102.0,-1144.0
-47.0,-466.0,-101.0,-1547.0,-1218.0,-1255.0
-41.0,-486.0,-78.0,-1482.0,-1349.0,-1382.0
-31.0,-529.0,-43.0,-1308.0,-1507.0,-1501.0
-23.0,-567.0,-31.0,-991.0,-1750.0,-1651.0
-12.0,-617.0,-6.0,-474.0,-1977.0,-1771.0
-23.0,-670.0,11.0,72.0,-2232.0,-1871.0
-21.0,-733.0,9.0,690.0,-2482.0,-1932.0
-15.0,-730.0,3.0,1321.0,-2666.0,-1938.0
-11.0,-711.0,-40.0,1903.0,-2728.0,-1846.0
6.0,-679.0,-63.0,2284.0,-2649.0,-1666.0
15.0,-632.0,-23.0,2522.0,-2525.0,-1471.0
24.0,-569.0,-36.0,2753.0,-2411.0,-1305.0
33.0,-489.0,-57.0,2902.0,-2235.0,-1163.0
56.0,-404.0,-73.0,2868.0,-2042.0,-1040.0
68.0,-333.0,-62.0,2683.0,-1911.0,-914.0
92.0,-267.0,-50.0,2354.0,-1877.0,-787.0
90.0,-230.0,-35.0,1910.0,-1896.0,-696.0
73.0,-194.0,17.0,1412.0,-1916.0,-601.0
76.0,-171.0,75.0,959.0,-1947.0,-450.0
106.0,-164.0,147.0,571.0,-1952.0,-230.0
110.0,-139.0,240.0,298.0,-1887.0,-20.0
108.0,-113.0,285.0,206.0,-1684.0,23.0
91.0,-84.0,292.0,295.0,-1452.0,2.0
84.0,-64.0,266.0,498.0,-1216.0,37.0
92.0,-17.0,246.0,773.0,-970.0,38.0
72.0,44.0,199.0,1038.0,-747.0,0.0
64.0,94.0,169.0,1189.0,-535.0,1.0
76.0,153.0,146.0,1233.0,-337.0,-5.0
83.0,194.0,154.0,1169.0,-185.0,-15.0
105.0,195.0,136.0,1026.0,-92.0,62.0
125.0,158.0,130.0,746.0,-18.0,194.0
158.0,85.0,125.0,490.0,60.0,347.0
190.0,-28.0,115.0,367.0,199.0,509.0
188.0,-92.0,81.0,524.0,363.0,726.0
180.0,-114.0,27.0,855.0,453.0,1047.0
141.0,-93.0,-17.0,1225.0,405.0,1342.0
54.0,-29.0,-64.0,1446.0,308.0,1415.0
28.0,-3.0,-107.0,1462.0,271.0,1455.0
-4.0,6.0,-241.0,1341.0,320.0,1437.0
-32.0,-33.0,-389.0,1098.0,600.0,1338.0
-30.0,-83.0,-418.0,891.0,926.0,1155.0
29.0,-175.0,-305.0,783.0,965.0,1077.0
124.0,-320.0,-152.0,824.0,608.0,1087.0
223.0,-504.0,-75.0,1153.0,117.0,1037.0
333.0,-628.0,-180.0,1663.0,-252.0,848.0
349.0,-618.0,-195.0,2035.0,-354.0,419.0
141.0,-512.0,-138.0,2315.0,-357.0,-159.0
20.0,-413.0,-268.0,2555.0,-278.0,-630.0
53.0,-352.0,-451.0,2430.0,58.0,-678.0
81.0,-326.0,-493.0,1937.0,491.0,-649.0
83.0,-316.0,-452.0,1290.0,684.0,-725.0
64.0,-325.0,-429.0,606.0,671.0,-894.0
42.0,-345.0,-396.0,-152.0,699.0,-1057.0
-53.0,-378.0,-322.0,-952.0,772.0,-1139.0
-106.0,-403.0,-243.0,-1665.0,693.0,-1034.0
-134.0,-404.0,-174.0,-2175.0,353.0,-862.0
-97.0,-403.0,-151.0,-2428.0,-229.0,-553.0
-6.0,-402.0,-163.0,-2466.0,-638.0,-232.0
47.0,-399.0,-188.0,-2381.0,-826.0,28.0
53.0,-388.0,-189.0,-2277.0,-763.0,226.0
38.0,-381.0,-206.0,-2185.0,-556.0,371.0
9.0,-374.0,-207.0,-2181.0,-320.0,519.0
-2.0,-386.0,-201.0,-2282.0,-149.0,682.0
-10.0,-391.0,-166.0,-2481.0,-116.0,824.0
-7.0,-409.0,-118.0,-2715.0,-209.0,891.0
-11.0,-431.0,-53.0,-2916.0,-399.0,886.0
-19.0,-448.0,16.0,-2966.0,-565.0,859.0
-28.0,-478.0,74.0,-2798.0,-732.0,870.0
-23.0,-504.0,75.0,-2525.0,-888.0,889.0
-24.0,-512.0,81.0,-2262.0,-944.0,879.0
-40.0,-517.0,56.0,-2025.0,-882.0,834.0
-57.0,-497.0,77.0,-1910.0,-754.0,842.0
-56.0,-494.0,71.0,-1789.0,-614.0,926.0
-39.0,-479.0,115.0,-1689.0,-462.0,1085.0
5.0,-464.0,181.0,-1381.0,-269.0,1332.0
58.0,-486.0,186.0,-926.0,-14.0,1575.0
111.0,-507.0,151.0,-553.0,369.0,1788.0
145.0,-491.0,194.0,-310.0,661.0,1886.0
161.0,-475.0,194.0,68.0,729.0,1847.0
99.0,-414.0,197.0,548.0,560.0,1727.0
73.0,-362.0,161.0,1016.0,256.0,1645.0
87.0,-328.0,112.0,1374.0,-35.0,1598.0
90.0,-264.0,87.0,1582.0,-150.0,1496.0
105.0,-210.0,43.0,1628.0,-295.0,1396.0
116.0,-179.0,-28.0,1532.0,-290.0,1284.0
78.0,-156.0,-57.0,1259.0,-129.0,1074.0
32.0,-168.0,-46.0,833.0,74.0,924.0
-6.0,-206.0,10.0,430.0,290.0,885.0
-24.0,-212.0,52.0,206.0,508.0,877.0
-26.0,-207.0,93.0,224.0,688.0,906.0
-22.0,-214.0,122.0,442.0,849.0,905.0
-16.0,-172.0,165.0,759.0,985.0,829.0
-30.0,-129.0,178.0,1241.0,1045.0,752.0
-34.0,-83.0,181.0,1628.0,1015.0,675.0
-22.0,-48.0,169.0,1924.0,964.0,533.0
-15.0,-22.0,136.0,2103.0,906.0,369.0
-3.0,7.0,108.0,2142.0,892.0,192.0
21.0,37.0,97.0,2103.0,914.0,-14.0
30.0,64.0,73.0,2038.0,920.0,-218.0
45.0,93.0,39.0,1945.0,893.0,-386.0
80.0,97.0,-46.0,1829.0,831.0,-521.0
122.0,97.0,-128.0,1638.0,737.0,-624.0
159.0,94.0,-211.0,1433.0,679.0,-735.0
189.0,89.0,-301.0,1175.0,670.0,-839.0
208.0,81.0,-368.0,880.0,711.0,-953.0
194.0,35.0,-432.0,520.0,769.0,-1058.0
167.0,-48.0,-473.0,61.0,852.0,-1141.0
118.0,-127.0,-457.0,-475.0,961.0,-1182.0
36.0,-217.0,-427.0,-972.0,1073.0,-1187.0
-41.0,-289.0,-400.0,-1368.0,1187.0,-1171.0
-130.0,-387.0,-397.0,-1673.0,1269.0,-1075.0
-202.0,-489.0,-374.0,-1833.0,1236.0,-942.0
-264.0,-566.0,-332.0,-1970.0,1120.0,-832.0
-257.0,-635.0,-323.0,-2078.0,767.0,-688.0
-190.0,-648.0,-347.0,-2191.0,77.0,-427.0
-78.0,-602.0,-369.0,-2290.0,-684.0,-108.0
32.0,-536.0,-336.0,-2286.0,-1147.0,201.0
104.0,-509.0,-294.0,-2154.0,-1224.0,495.0
180.0,-500.0,-247.0,-1970.0,-908.0,700.0
191.0,-518.0,-238.0,-1669.0,-538.0,625.0
119.0,-545.0,-269.0,-1380.0,-242.0,427.0
15.0,-566.0,-274.0,-1168.0,-1.0,202.0
-10.0,-591.0,-275.0,-1062.0,105.0,23.0
36.0,-629.0,-255.0,-1051.0,61.0,-101.0
52.0,-642.0,-215.0,-1075.0,-43.0,-282.0
51.0,-640.0,-180.0,-990.0,-115.0,-519.0
34.0,-621.0,-134.0,-758.0,-116.0,-725.0
6.0,-584.0,-108.0,-384.0,-93.0,-922.0
-10.0,-537.0,-92.0,188.0,-142.0,-1011.0
-19.0,-484.0,-77.0,677.0,-190.0,-1061.0
-25.0,-428.0,-74.0,1131.0,-200.0,-1067.0
-12.0,-383.0,-81.0,1517.0,-181.0,-1052.0
7.0,-319.0,-88.0,1781.0,-172.0,-1026.0
22.0,-250.0,-89.0,1880.0,-179.0,-1019.0
16.0,-184.0,-84.0,1815.0,-165.0,-1035.0
-9.0,-131.0,-69.0,1614.0,-148.0,-1066.0
-18.0,-87.0,-48.0,1330.0,-148.0,-1037.0
-19.0,-49.0,29.0,948.0,-135.0,-1000.0
-25.0,-38.0,81.0,776.0,-93.0,-948.0
-25.0,-55.0,25.0,742.0,-54.0,-890.0
-6.0,-22.0,75.0,613.0,-36.0,-810.0
-22.0,-12.0,97.0,576.0,-30.0,-767.0
1.0,40.0,131.0,585.0,-27.0,-680.0
-33.0,64.0,130.0,725.0,24.0,-627.0
-39.0,61.0,74.0,851.0,100.0,-483.0
-27.0,55.0,70.0,763.0,119.0,-188.0
-7.0,60.0,77.0,611.0,64.0,-38.0
9.0,59.0,69.0,498.0,-69.0,-42.0
20.0,50.0,70.0,354.0,-229.0,-90.0
11.0,53.0,94.0,203.0,-379.0,-161.0
-2.0,52.0,118.0,88.0,-508.0,-213.0
-13.0,59.0,161.0,51.0,-578.0,-235.0
-15.0,43.0,185.0,133.0,-599.0,-249.0
-31.0,21.0,191.0,300.0,-599.0,-274.0
-39.0,2.0,214.0,628.0,-585.0,-251.0
-71.0,4.0,235.0,1023.0,-553.0,-251.0
-85.0,0.0,215.0,1518.0,-532.0,-232.0
-96.0,-2.0,160.0,1981.0,-561.0,-165.0
-98.0,2.0,121.0,2304.0,-625.0,-85.0
-101.0,0.0,66.0,2489.0,-713.0,-16.0
-115.0,4.0,27.0,2560.0,-823.0,31.0
-145.0,9.0,-14.0,2547.0,-940.0,101.0
-169.0,10.0,-56.0,2456.0,-1067.0,244.0
-176.0,0.0,-97.0,2226.0,-1224.0,414.0
-175.0,-11.0,-109.0,1943.0,-1332.0,609.0
-141.0,-37.0,-127.0,1649.0,-1407.0,788.0
-105.0,-71.0,-176.0,1369.0,-1448.0,937.0
-88.0,-98.0,-219.0,1079.0,-1443.0,1027.0
-77.0,-132.0,-267.0,776.0,-1407.0,1085.0
-74.0,-149.0,-334.0,500.0,-1373.0,1114.0
-48.0,-181.0,-435.0,262.0,-1377.0,1117.0
-9.0,-236.0,-558.0,54.0,-1397.0,1065.0
40.0,-333.0,-712.0,-85.0,-1344.0,987.0
105.0,-472.0,-849.0,-106.0,-1170.0,866.0
179.0,-616.0,-901.0,-36.0,-966.0,678.0
317.0,-853.0,-972.0,157.0,-927.0,460.0
411.0,-950.0,-930.0,503.0,-917.0,125.0
351.0,-994.0,-687.0,954.0,-742.0,-686.0
274.0,-973.0,-300.0,553.0,-994.0,-2008.0
90.0,-806.0,-115.0,-787.0,-1923.0,-3337.0
-83.0,-652.0,210.0,-1616.0,-2227.0,-3928.0
-134.0,-508.0,310.0,-646.0,-1207.0,-3325.0
36.0,-593.0,42.0,680.0,-53.0,-2534.0
65.0,-700.0,-146.0,1092.0,770.0,-2386.0
0.0,-681.0,-216.0,1084.0,1151.0,-2361.0
-113.0,-569.0,-198.0,927.0,929.0,-2136.0
-173.0,-443.0,-193.0,691.0,241.0,-1726.0
-140.0,-359.0,-190.0,371.0,-516.0,-1258.0
-76.0,-325.0,-186.0,37.0,-1036.0,-556.0
-23.0,-317.0,-175.0,-202.0,-1121.0,108.0
54.0,-328.0,-144.0,-248.0,-824.0,739.0
108.0,-319.0,-111.0,-189.0,-408.0,1249.0
136.0,-300.0,-88.0,-76.0,15.0,1639.0
148.0,-270.0,-101.0,-39.0,352.0,1923.0
151.0,-264.0,-105.0,-102.0,652.0,2098.0
147.0,-234.0,-22.0,-271.0,917.0,2060.0
129.0,-202.0,39.0,-406.0,986.0,1836.0
89.0,-159.0,73.0,-373.0,911.0,1444.0
51.0,-118.0,87.0,-247.0,876.0,1106.0
30.0,-89.0,103.0,-158.0,841.0,859.0
-3.0,-80.0,102.0,-89.0,784.0,658.0
-28.0,-131.0,45.0,-101.0,701.0,533.0
-21.0,-182.0,69.0,-303.0,611.0,457.0
12.0,-208.0,88.0,-477.0,488.0,378.0
45.0,-202.0,151.0,-454.0,405.0,244.0
58.0,-193.0,166.0,-158.0,384.0,131.0
67.0,-204.0,157.0,324.0,500.0,47.0
74.0,-203.0,141.0,691.0,724.0,1.0
65.0,-188.0,103.0,944.0,1069.0,-29.0
67.0,-171.0,83.0,1031.0,1494.0,2.0
67.0,-164.0,93.0,977.0,1874.0,76.0
78.0,-165.0,116.0,876.0,2121.0,166.0
71.0,-153.0,152.0,832.0,2256.0,211.0
67.0,-133.0,172.0,925.0,2339.0,250.0
54.0,-99.0,196.0,1145.0,2372.0,311.0
55.0,-53.0,162.0,1544.0,2359.0,367.0
73.0,-15.0,75.0,1817.0,2272.0,405.0
88.0,8.0,6.0,1836.0,2137.0,422.0
103.0,31.0,-56.0,1582.0,2032.0,382.0
107.0,43.0,-90.0,1181.0,1978.0,294.0
115.0,38.0,-101.0,769.0,1997.0,159.0
124.0,12.0,-108.0,433.0,2037.0,15.0
129.0,-18.0,-106.0,192.0,2079.0,-130.0
106.0,-39.0,-97.0,34.0,2130.0,-315.0
72.0,-67.0,-94.0,-32.0,2191.0,-452.0
48.0,-84.0,-95.0,-34.0,2200.0,-522.0
20.0,-106.0,-101.0,-24.0,2160.0,-560.0
-10.0,-125.0,-102.0,-33.0,2090.0,-589.0
-24.0,-129.0,-104.0,-69.0,1992.0,-608.0
-37.0,-132.0,-107.0,-107.0,1884.0,-599.0
-44.0,-148.0,-116.0,-128.0,1808.0,-573.0
-50.0,-154.0,-125.0,-121.0,1794.0,-528.0
-53.0,-164.0,-151.0,-72.0,1813.0,-470.0
-51.0,-173.0,-182.0,32.0,1840.0,-398.0
-61.0,-179.0,-219.0,133.0,1888.0,-325.0
-72.0,-207.0,-273.0,223.0,1966.0,-244.0
-81.0,-238.0,-322.0,260.0,2018.0,-177.0
-103.0,-262.0,-367.0,237.0,1978.0,-97.0
-130.0,-299.0,-400.0,180.0,1840.0,12.0
-147.0,-333.0,-413.0,87.0,1638.0,154.0
-180.0,-386.0,-431.0,-91.0,1389.0,270.0
-215.0,-438.0,-453.0,-311.0,991.0,441.0
-229.0,-488.0,-471.0,-583.0,521.0,689.0
-224.0,-503.0,-442.0,-802.0,-84.0,1045.0
-192.0,-510.0,-415.0,-947.0,-730.0,1514.0
-123.0,-522.0,-357.0,-1115.0,-1187.0,2048.0
-34.0,-558.0,-252.0,-1337.0,-1300.0,2477.0
73.0,-630.0,-68.0,-1438.0,-1128.0,2640.0
120.0,-679.0,52.0,-1247.0,-846.0,2436.0
104.0,-689.0,41.0,-751.0,-653.0,1990.0
102.0,-690.0,4.0,-16.0,-569.0,1492.0
153.0,-702.0,-18.0,603.0,-521.0,1223.0
228.0,-708.0,-52.0,1182.0,-434.0,960.0
284.0,-698.0,-69.0,1634.0,-317.0,621.0
298.0,-672.0,-88.0,1922.0,-170.0,223.0
263.0,-610.0,-83.0,2059.0,16.0,-153.0
199.0,-539.0,-72.0,2107.0,180.0,-449.0
134.0,-474.0,-84.0,2163.0,247.0,-653.0
81.0,-405.0,-112.0,2234.0,237.0,-777.0
52.0,-335.0,-132.0,2281.0,197.0,-793.0
37.0,-268.0,-151.0,2257.0,149.0,-779.0
23.0,-217.0,-152.0,2176.0,58.0,-744.0
-7.0,-140.0,-147.0,2064.0,-67.0,-689.0
-22.0,-73.0,-142.0,1876.0,-203.0,-579.0
-12.0,-11.0,-145.0,1567.0,-315.0,-478.0
7.0,24.0,-135.0,1138.0,-434.0,-400.0
17.0,22.0,-136.0,632.0,-537.0,-361.0
8.0,8.0,-121.0,75.0,-587.0,-341.0
-13.0,-12.0,-120.0,-564.0,-533.0,-299.0
-45.0,-29.0,-65.0,-997.0,-413.0,-217.0
-72.0,-59.0,-28.0,-1216.0,-306.0,-155.0
-97.0,-74.0,-14.0,-1265.0,-279.0,-97.0
-102.0,-78.0,10.0,-1200.0,-305.0,-34.0
-109.0,-78.0,43.0,-1030.0,-329.0,14.0
-96.0,-83.0,42.0,-771.0,-378.0,75.0
-80.0,-85.0,41.0,-528.0,-479.0,133.0
-56.0,-89.0,30.0,-310.0,-651.0,154.0
-22.0,-100.0,20.0,-204.0,-802.0,139.0
8.0,-105.0,16.0,-139.0,-939.0,90.0
28.0,-102.0,14.0,-66.0,-1063.0,19.0
38.0,-84.0,-2.0,21.0,-1176.0,-68.0
41.0,-71.0,-29.0,90.0,-1272.0,-161.0
34.0,-68.0,-49.0,92.0,-1339.0,-237.0
24.0,-66.0,-57.0,32.0,-1371.0,-276.0
20.0,-69.0,-58.0,-57.0,-1386.0,-275.0
17.0,-92.0,-69.0,-174.0,-1386.0,-260.0
10.0,-110.0,-70.0,-300.0,-1392.0,-240.0
4.0,-137.0,-64.0,-428.0,-1395.0,-217.0
4.0,-166.0,-53.0,-536.0,-1393.0,-190.0
-2.0,-191.0,-35.0,-607.0,-1391.0,-152.0
6.0,-203.0,-19.0,-623.0,-1389.0,-104.0
13.0,-227.0,2.0,-579.0,-1377.0,-61.0
20.0,-246.0,17.0,-484.0,-1363.0,-9.0
30.0,-267.0,31.0,-367.0,-1338.0,64.0
40.0,-283.0,41.0,-240.0,-1303.0,114.0
45.0,-293.0,48.0,-144.0,-1283.0,170.0
55.0,-310.0,51.0,-53.0,-1265.0,221.0
61.0,-312.0,65.0,37.0,-1240.0,243.0
65.0,-312.0,64.0,148.0,-1216.0,264.0
80.0,-309.0,61.0,264.0,-1182.0,285.0
82.0,-302.0,62.0,360.0,-1153.0,282.0
93.0,-295.0,58.0,453.0,-1130.0,270.0
102.0,-285.0,55.0,539.0,-1101.0,230.0
101.0,-268.0,50.0,617.0,-1079.0,163.0
101.0,-261.0,36.0,651.0,-1044.0,94.0
82.0,-249.0,22.0,639.0,-1009.0,24.0
81.0,-244.0,13.0,588.0,-967.0,-36.0
62.0,-234.0,11.0,492.0,-924.0,-110.0
54.0,-230.0,6.0,370.0,-875.0,-168.0
57.0,-226.0,4.0,233.0,-832.0,-213.0
66.0,-231.0,6.0,99.0,-783.0,-236.0
80.0,-232.0,1.0,-29.0,-731.0,-274.0
84.0,-236.0,-4.0,-171.0,-681.0,-313.0
92.0,-237.0,-15.0,-280.0,-628.0,-333.0
95.0,-239.0,-12.0,-367.0,-577.0,-332.0
107.0,-245.0,-25.0,-436.0,-526.0,-318.0
119.0,-248.0,-38.0,-497.0,-477.0,-317.0
130.0,-250.0,-55.0,-562.0,-421.0,-341.0
135.0,-256.0,-64.0,-630.0,-343.0,-371.0
139.0,-263.0,-88.0,-691.0,-246.0,-402.0
139.0,-276.0,-117.0,-752.0,-120.0,-415.0
142.0,-288.0,-135.0,-794.0,-13.0,-417.0
147.0,-308.0,-161.0,-824.0,95.0,-402.0
151.0,-328.0,-181.0,-844.0,205.0,-404.0
147.0,-351.0,-196.0,-853.0,307.0,-416.0
131.0,-375.0,-198.0,-854.0,407.0,-442.0
116.0,-388.0,-201.0,-848.0,485.0,-478.0
90.0,-410.0,-197.0,-840.0,539.0,-528.0
53.0,-428.0,-183.0,-856.0,565.0,-603.0
7.0,-451.0,-160.0,-853.0,570.0,-686.0
-41.0,-461.0,-131.0,-801.0,551.0,-754.0
-77.0,-470.0,-110.0,-714.0,510.0,-789.0
-96.0,-471.0,-83.0,-599.0,473.0,-783.0
-100.0,-465.0,-69.0,-442.0,466.0,-749.0
-104.0,-452.0,-55.0,-229.0,483.0,-677.0
-102.0,-431.0,-47.0,21.0,506.0,-588.0
-103.0,-405.0,-41.0,277.0,530.0,-481.0
-105.0,-385.0,-44.0,518.0,544.0,-343.0
-98.0,-355.0,-51.0,744.0,538.0,-214.0
-82.0,-337.0,-58.0,840.0,516.0,-95.0
-76.0,-322.0,-66.0,830.0,482.0,24.0
-58.0,-309.0,-65.0,738.0,446.0,132.0
-40.0,-299.0,-57.0,593.0,416.0,221.0
-22.0,-288.0,-51.0,439.0,404.0,291.0
-10.0,-279.0,-40.0,297.0,417.0,360.0
-4.0,-267.0,-34.0,188.0,446.0,409.0
7.0,-261.0,-29.0,114.0,484.0,458.0
14.0,-257.0,-32.0,68.0,509.0,484.0
9.0,-245.0,-31.0,45.0,524.0,503.0
4.0,-230.0,-22.0,44.0,524.0,521.0
-2.0,-220.0,-14.0,61.0,504.0,545.0
-8.0,-202.0,-22.0,87.0,470.0,558.0
-11.0,-194.0,-27.0,96.0,428.0,576.0
-12.0,-186.0,-36.0,73.0,387.0,581.0
-14.0,-176.0,-41.0,30.0,347.0,581.0
-10.0,-181.0,-58.0,-47.0,311.0,574.0
-5.0,-177.0,-62.0,-140.0,292.0,548.0
-9.0,-175.0,-68.0,-241.0,289.0,509.0
-7.0,-174.0,-75.0,-329.0,294.0,477.0
-9.0,-178.0,-73.0,-416.0,318.0,437.0
-12.0,-179.0,-61.0,-492.0,346.0,390.0
-19.0,-180.0,-54.0,-543.0,363.0,345.0
-23.0,-179.0,-48.0,-569.0,366.0,312.0
-29.0,-175.0,-36.0,-572.0,354.0,286.0
-36.0,-164.0,-27.0,-539.0,335.0,285.0
-39.0,-160.0,-24.0,-493.0,325.0,289.0
-33.0,-157.0,-23.0,-456.0,323.0,293.0
-28.0,-149.0,-19.0,-427.0,329.0,287.0
-26.0,-143.0,-17.0,-392.0,335.0,286.0
-21.0,-145.0,-19.0,-353.0,341.0,292.0
-17.0,-151.0,-20.0,-334.0,356.0,294.0
-13.0,-151.0,-21.0,-325.0,374.0,285.0
-15.0,-153.0,-21.0,-311.0,386.0,286.0
-12.0,-153.0,-22.0,-293.0,397.0,281.0
-12.0,-157.0,-24.0,-279.0,411.0,270.0
-12.0,-164.0,-22.0,-262.0,424.0,259.0
-12.0,-169.0,-17.0,-240.0,429.0,248.0
-15.0,-174.0,-18.0,-218.0,430.0,244.0
-14.0,-176.0,-17.0,-197.0,425.0,240.0
-11.0,-185.0,-17.0,-181.0,426.0,230.0
-10.0,-194.0,-20.0,-176.0,431.0,216.0
-8.0,-202.0,-20.0,-185.0,430.0,199.0
-3.0,-211.0,-10.0,-194.0,432.0,182.0
0.0,-215.0,-7.0,-191.0,440.0,148.0
3.0,-224.0,-5.0,-184.0,451.0,111.0
-2.0,-232.0,-5.0,-168.0,461.0,74.0
1.0,-242.0,-2.0,-142.0,472.0,36.0
1.0,-248.0,-3.0,-120.0,487.0,5.0
3.0,-249.0,0.0,-107.0,504.0,-33.0
2.0,-251.0,-4.0,-90.0,512.0,-81.0
0.0,-249.0,-7.0,-78.0,518.0,-127.0
-1.0,-249.0,-11.0,-73.0,519.0,-152.0
4.0,-238.0,-6.0,-67.0,524.0,-164.0
3.0,-234.0,-3.0,-61.0,530.0,-175.0
1.0,-225.0,-7.0,-69.0,541.0,-189.0
5.0,-227.0,-10.0,-95.0,546.0,-183.0
1.0,-216.0,2.0,-140.0,551.0,-186.0
4.0,-215.0,-2.0,-185.0,549.0,-182.0
2.0,-214.0,3.0,-228.0,547.0,-175.0
-2.0,-217.0,-1.0,-282.0,546.0,-170.0
-7.0,-223.0,4.0,-333.0,551.0,-180.0
-10.0,-234.0,8.0,-373.0,553.0,-194.0
-18.0,-242.0,9.0,-392.0,551.0,-200.0
-26.0,-256.0,5.0,-387.0,546.0,-199.0
-32.0,-264.0,11.0,-378.0,539.0,-202.0
-39.0,-269.0,12.0,-372.0,528.0,-195.0
-45.0,-280.0,11.0,-361.0,523.0,-177.0
-46.0,-295.0,14.0,-343.0,523.0,-140.0
-52.0,-301.0,19.0,-313.0,530.0,-102.0
-52.0,-306.0,14.0,-283.0,537.0,-53.0
-52.0,-314.0,13.0,-248.0,541.0,-2.0
-56.0,-312.0,17.0,-214.0,541.0,52.0
-49.0,-316.0,8.0,-176.0,531.0,101.0
-46.0,-321.0,13.0,-150.0,508.0,143.0
-47.0,-314.0,11.0,-131.0,474.0,173.0
-46.0,-313.0,1.0,-108.0,436.0,206.0
-42.0,-306.0,0.0,-96.0,386.0,234.0
-39.0,-310.0,-21.0,-81.0,338.0,248.0
-35.0,-307.0,-31.0,-84.0,292.0,247.0
-34.0,-306.0,-41.0,-102.0,247.0,249.0
-29.0,-304.0,-57.0,-123.0,205.0,254.0
-29.0,-308.0,-72.0,-151.0,171.0,262.0
-27.0,-310.0,-90.0,-186.0,143.0,270.0
-30.0,-316.0,-96.0,-223.0,117.0,286.0
-34.0,-322.0,-101.0,-249.0,93.0,300.0
-38.0,-331.0,-109.0,-248.0,64.0,325.0
-39.0,-333.0,-106.0,-211.0,31.0,346.0
-35.0,-333.0,-112.0,-172.0,-23.0,366.0
-21.0,-334.0,-118.0,-148.0,-80.0,377.0
-10.0,-327.0,-126.0,-147.0,-124.0,391.0
4.0,-318.0,-133.0,-154.0,-150.0,396.0
18.0,-312.0,-138.0,-149.0,-169.0,406.0
32.0,-306.0,-145.0,-142.0,-180.0,414.0
44.0,-309.0,-137.0,-129.0,-181.0,422.0
51.0,-310.0,-130.0,-108.0,-172.0,407.0
61.0,-314.0,-122.0,-86.0,-168.0,386.0
70.0,-315.0,-121.0,-66.0,-163.0,351.0
80.0,-311.0,-119.0,-46.0,-152.0,319.0
88.0,-314.0,-118.0,-19.0,-137.0,278.0
98.0,-321.0,-107.0,27.0,-122.0,230.0
106.0,-320.0,-101.0,97.0,-112.0,172.0
112.0,-320.0,-94.0,179.0,-111.0,114.0
114.0,-320.0,-102.0,263.0,-105.0,34.0
106.0,-315.0,-103.0,349.0,-82.0,-28.0
100.0,-306.0,-110.0,394.0,-59.0,-91.0
92.0,-300.0,-99.0,420.0,-40.0,-140.0
87.0,-293.0,-87.0,434.0,-22.0,-193.0
77.0,-284.0,-80.0,447.0,-1.0,-240.0
72.0,-277.0,-77.0,461.0,14.0,-291.0
60.0,-266.0,-75.0,467.0,12.0,-345.0
44.0,-260.0,-66.0,454.0,-3.0,-395.0
35.0,-250.0,-71.0,423.0,-33.0,-435.0
24.0,-239.0,-68.0,365.0,-87.0,-470.0
22.0,-227.0,-72.0,313.0,-138.0,-498.0
16.0,-219.0,-74.0,267.0,-174.0,-540.0
11.0,-213.0,-78.0,218.0,-197.0,-585.0
-6.0,-200.0,-77.0,174.0,-228.0,-618.0
-11.0,-189.0,-78.0,131.0,-273.0,-616.0
-14.0,-184.0,-80.0,84.0,-314.0,-590.0
-16.0,-175.0,-73.0,27.0,-336.0,-540.0
-12.0,-172.0,-70.0,-17.0,-344.0,-470.0
-13.0,-177.0,-64.0,-48.0,-336.0,-409.0
-14.0,-177.0,-57.0,-81.0,-321.0,-351.0
-10.0,-179.0,-55.0,-103.0,-312.0,-289.0
-11.0,-180.0,-48.0,-104.0,-309.0,-233.0
-6.0,-181.0,-45.0,-94.0,-315.0,-175.0
-3.0,-183.0,-43.0,-88.0,-332.0,-127.0
-1.0,-187.0,-44.0,-81.0,-359.0,-87.0
5.0,-194.0,-45.0,-82.0,-390.0,-49.0
12.0,-192.0,-41.0,-87.0,-432.0,-9.0
20.0,-197.0,-47.0,-79.0,-468.0,9.0
25.0,-200.0,-33.0,-58.0,-495.0,10.0
29.0,-200.0,-38.0,-25.0,-517.0,-6.0
34.0,-198.0,-36.0,16.0,-535.0,-28.0
40.0,-200.0,-36.0,45.0,-549.0,-58.0
45.0,-202.0,-40.0,59.0,-560.0,-82.0
50.0,-206.0,-40.0,48.0,-575.0,-97.0
51.0,-203.0,-41.0,26.0,-584.0,-114.0
55.0,-208.0,-30.0,-7.0,-597.0,-101.0
59.0,-211.0,-31.0,-33.0,-596.0,-99.0
60.0,-214.0,-31.0,-61.0,-591.0,-102.0
