38.0,-213.0,16.0,128.0,-39.0,-353.0
37.0,-216.0,21.0,124.0,-22.0,-357.0
37.0,-228.0,23.0,111.0,-10.0,-363.0
33.0,-227.0,23.0,95.0,-1.0,-368.0
38.0,-229.0,26.0,76.0,11.0,-382.0
34.0,-227.0,20.0,74.0,24.0,-392.0
28.0,-231.0,18.0,82.0,34.0,-406.0
24.0,-227.0,23.0,82.0,39.0,-422.0
20.0,-220.0,18.0,86.0,39.0,-433.0
20.0,-222.0,15.0,95.0,34.0,-437.0
16.0,-221.0,17.0,73.0,27.0,-438.0
15.0,-219.0,15.0,34.0,14.0,-430.0
9.0,-215.0,15.0,8.0,-4.0,-425.0
12.0,-209.0,15.0,-2.0,-16.0,-417.0
17.0,-212.0,15.0,1.0,-31.0,-402.0
15.0,-212.0,11.0,1.0,-38.0,-382.0
15.0,-210.0,11.0,-3.0,-44.0,-360.0
15.0,-206.0,18.0,-8.0,-46.0,-332.0
22.0,-205.0,14.0,-12.0,-41.0,-304.0
21.0,-202.0,14.0,-21.0,-35.0,-282.0
23.0,-200.0,13.0,-36.0,-20.0,-244.0
29.0,-193.0,15.0,-47.0,-8.0,-218.0
34.0,-194.0,17.0,-59.0,2.0,-192.0
37.0,-193.0,14.0,-76.0,10.0,-172.0
43.0,-192.0,13.0,-101.0,17.0,-152.0
49.0,-196.0,12.0,-131.0,22.0,-138.0
49.0,-198.0,16.0,-166.0,30.0,-127.0
54.0,-202.0,22.0,-198.0,37.0,-116.0
55.0,-204.0,19.0,-232.0,46.0,-102.0
53.0,-208.0,21.0,-261.0,51.0,-83.0
50.0,-211.0,24.0,-283.0,55.0,-66.0
46.0,-217.0,26.0,-299.0,57.0,-45.0
43.0,-222.0,35.0,-302.0,59.0,-23.0
38.0,-227.0,41.0,-292.0,63.0,-1.0
37.0,-230.0,40.0,-267.0,66.0,26.0
32.0,-232.0,45.0,-234.0,66.0,56.0
33.0,-239.0,49.0,-189.0,61.0,83.0
27.0,-237.0,52.0,-135.0,54.0,105.0
26.0,-240.0,58.0,-74.0,43.0,127.0
23.0,-239.0,58.0,-16.0,30.0,152.0
22.0,-240.0,55.0,34.0,10.0,173.0
19.0,-240.0,56.0,64.0,-17.0,193.0
18.0,-246.0,46.0,72.0,-50.0,209.0
17.0,-249.0,44.0,67.0,-83.0,222.0
18.0,-250.0,44.0,50.0,-111.0,229.0
18.0,-256.0,42.0,30.0,-128.0,229.0
16.0,-263.0,39.0,8.0,-133.0,224.0
15.0,-268.0,45.0,-11.0,-127.0,217.0
14.0,-280.0,49.0,-23.0,-118.0,205.0
12.0,-281.0,46.0,-23.0,-111.0,195.0
4.0,-280.0,54.0,-9.0,-115.0,188.0
2.0,-285.0,51.0,15.0,-130.0,187.0
-1.0,-282.0,50.0,43.0,-150.0,186.0
2.0,-280.0,51.0,69.0,-168.0,187.0
0.0,-278.0,46.0,86.0,-175.0,182.0
6.0,-272.0,36.0,84.0,-170.0,172.0
16.0,-271.0,32.0,57.0,-143.0,157.0
30.0,-269.0,26.0,21.0,-89.0,138.0
43.0,-267.0,22.0,-19.0,-12.0,112.0
63.0,-273.0,24.0,-61.0,75.0,84.0
82.0,-279.0,22.0,-100.0,148.0,47.0
96.0,-291.0,41.0,-129.0,190.0,6.0
109.0,-306.0,63.0,-135.0,188.0,-38.0
104.0,-309.0,77.0,-110.0,141.0,-77.0
99.0,-316.0,108.0,-37.0,66.0,-111.0
81.0,-318.0,128.0,82.0,-24.0,-143.0
63.0,-317.0,144.0,218.0,-119.0,-178.0
37.0,-310.0,146.0,352.0,-201.0,-209.0
11.0,-304.0,146.0,466.0,-253.0,-233.0
-14.0,-301.0,142.0,560.0,-265.0,-245.0
-39.0,-294.0,118.0,636.0,-250.0,-246.0
-61.0,-285.0,77.0,672.0,-224.0,-253.0
-79.0,-282.0,30.0,615.0,-212.0,-276.0
-85.0,-286.0,0.0,436.0,-230.0,-301.0
-74.0,-296.0,-27.0,140.0,-279.0,-304.0
-44.0,-320.0,-25.0,-190.0,-343.0,-292.0
-17.0,-353.0,-8.0,-442.0,-367.0,-276.0
11.0,-380.0,-5.0,-550.0,-345.0,-269.0
26.0,-384.0,-2.0,-514.0,-317.0,-288.0
51.0,-383.0,-14.0,-382.0,-306.0,-313.0
70.0,-369.0,-38.0,-224.0,-304.0,-341.0
97.0,-345.0,-56.0,-89.0,-288.0,-357.0
112.0,-314.0,-76.0,-3.0,-249.0,-370.0
122.0,-295.0,-91.0,19.0,-188.0,-382.0
126.0,-267.0,-108.0,-22.0,-126.0,-389.0
126.0,-246.0,-121.0,-98.0,-78.0,-387.0
118.0,-224.0,-126.0,-180.0,-49.0,-376.0
97.0,-215.0,-133.0,-254.0,-42.0,-360.0
80.0,-208.0,-126.0,-305.0,-61.0,-338.0
55.0,-197.0,-116.0,-326.0,-103.0,-309.0
30.0,-196.0,-96.0,-311.0,-163.0,-268.0
1.0,-194.0,-83.0,-258.0,-229.0,-225.0
-13.0,-196.0,-62.0,-177.0,-292.0,-186.0
-30.0,-200.0,-45.0,-85.0,-341.0,-156.0
-39.0,-207.0,-34.0,6.0,-367.0,-129.0
-44.0,-213.0,-28.0,76.0,-369.0,-113.0
-48.0,-212.0,-26.0,118.0,-352.0,-96.0
-46.0,-224.0,-28.0,139.0,-324.0,-66.0
-36.0,-233.0,-30.0,141.0,-303.0,-20.0
-29.0,-241.0,-29.0,126.0,-290.0,38.0
-18.0,-252.0,-24.0,110.0,-287.0,96.0
-1.0,-256.0,-24.0,109.0,-287.0,157.0
11.0,-258.0,-23.0,131.0,-285.0,220.0
17.0,-258.0,-15.0,175.0,-281.0,279.0
31.0,-261.0,-11.0,233.0,-280.0,337.0
42.0,-259.0,-13.0,278.0,-275.0,393.0
58.0,-254.0,-16.0,301.0,-266.0,439.0
66.0,-248.0,-13.0,296.0,-251.0,476.0
76.0,-242.0,0.0,266.0,-226.0,506.0
82.0,-235.0,1.0,236.0,-189.0,521.0
87.0,-223.0,0.0,211.0,-141.0,520.0
89.0,-223.0,-2.0,173.0,-81.0,505.0
94.0,-220.0,-5.0,110.0,-18.0,483.0
77.0,-224.0,-9.0,23.0,48.0,453.0
69.0,-217.0,-18.0,-78.0,112.0,424.0
61.0,-216.0,-22.0,-181.0,173.0,402.0
52.0,-216.0,-22.0,-270.0,233.0,382.0
42.0,-215.0,-19.0,-330.0,290.0,360.0
33.0,-213.0,-12.0,-357.0,352.0,339.0
20.0,-210.0,-9.0,-351.0,411.0,323.0
17.0,-209.0,-8.0,-321.0,458.0,308.0
6.0,-205.0,-4.0,-284.0,488.0,295.0
0.0,-201.0,-3.0,-251.0,495.0,287.0
-6.0,-200.0,0.0,-225.0,494.0,286.0
-9.0,-199.0,4.0,-202.0,484.0,290.0
-12.0,-208.0,5.0,-184.0,468.0,291.0
-17.0,-210.0,6.0,-178.0,448.0,285.0
-22.0,-219.0,4.0,-178.0,429.0,271.0
-22.0,-224.0,12.0,-182.0,408.0,255.0
-21.0,-230.0,9.0,-183.0,389.0,246.0
-21.0,-233.0,8.0,-168.0,364.0,242.0
-21.0,-233.0,9.0,-135.0,334.0,249.0
-22.0,-234.0,7.0,-98.0,298.0,261.0
-21.0,-228.0,7.0,-62.0,259.0,275.0
-22.0,-228.0,13.0,-34.0,222.0,289.0
-22.0,-223.0,9.0,-13.0,184.0,307.0
-24.0,-223.0,12.0,-1.0,149.0,322.0
-21.0,-221.0,13.0,-3.0,114.0,332.0
-21.0,-219.0,12.0,-20.0,81.0,334.0
-17.0,-220.0,13.0,-41.0,51.0,327.0
-16.0,-221.0,16.0,-64.0,27.0,317.0
-16.0,-216.0,17.0,-81.0,9.0,301.0
-16.0,-214.0,20.0,-93.0,-1.0,285.0
-18.0,-214.0,19.0,-97.0,-7.0,267.0
-15.0,-211.0,20.0,-90.0,-11.0,246.0
-16.0,-212.0,24.0,-82.0,-13.0,224.0
-17.0,-209.0,24.0,-70.0,-15.0,201.0
-17.0,-209.0,28.0,-64.0,-16.0,183.0
-18.0,-204.0,27.0,-46.0,-18.0,165.0
-16.0,-208.0,23.0,-30.0,-22.0,151.0
-18.0,-202.0,26.0,-27.0,-21.0,138.0
-10.0,-203.0,26.0,-33.0,-17.0,125.0
-12.0,-201.0,23.0,-49.0,-12.0,114.0
-15.0,-201.0,23.0,-77.0,-9.0,103.0
-11.0,-202.0,18.0,-111.0,-9.0,98.0
-9.0,-203.0,22.0,-144.0,-17.0,96.0
-10.0,-202.0,19.0,-172.0,-22.0,95.0
-7.0,-204.0,15.0,-198.0,-25.0,93.0
-7.0,-204.0,21.0,-218.0,-28.0,91.0
-5.0,-208.0,20.0,-233.0,-29.0,87.0
-4.0,-214.0,24.0,-249.0,-31.0,78.0
1.0,-218.0,18.0,-266.0,-35.0,66.0
-2.0,-223.0,12.0,-279.0,-33.0,48.0
-3.0,-227.0,2.0,-300.0,-25.0,37.0
3.0,-232.0,1.0,-332.0,-13.0,32.0
2.0,-238.0,0.0,-371.0,6.0,27.0
2.0,-243.0,-2.0,-409.0,24.0,20.0
13.0,-249.0,3.0,-444.0,35.0,16.0
12.0,-257.0,-1.0,-468.0,36.0,12.0
10.0,-262.0,-1.0,-478.0,24.0,6.0
5.0,-264.0,-4.0,-474.0,1.0,3.0
1.0,-270.0,-3.0,-457.0,-31.0,4.0
3.0,-272.0,-7.0,-427.0,-55.0,14.0
1.0,-273.0,-8.0,-393.0,-68.0,25.0
1.0,-267.0,-5.0,-356.0,-65.0,36.0
1.0,-264.0,2.0,-311.0,-55.0,47.0
-3.0,-255.0,4.0,-268.0,-41.0,57.0
-5.0,-251.0,11.0,-234.0,-18.0,68.0
-8.0,-245.0,28.0,-213.0,9.0,70.0
-13.0,-233.0,28.0,-210.0,33.0,66.0
-15.0,-226.0,30.0,-224.0,48.0,58.0
-27.0,-214.0,26.0,-262.0,41.0,53.0
-26.0,-211.0,17.0,-334.0,10.0,56.0
-26.0,-209.0,4.0,-437.0,-50.0,56.0
-25.0,-205.0,-8.0,-565.0,-134.0,56.0
-25.0,-214.0,-11.0,-708.0,-224.0,55.0
-24.0,-215.0,-23.0,-846.0,-302.0,57.0
-18.0,-230.0,-15.0,-950.0,-372.0,62.0
-24.0,-239.0,-16.0,-1000.0,-433.0,78.0
-28.0,-250.0,-18.0,-991.0,-461.0,106.0
-32.0,-252.0,-13.0,-934.0,-458.0,148.0
-33.0,-253.0,-23.0,-871.0,-431.0,185.0
-31.0,-255.0,-32.0,-835.0,-395.0,210.0
-31.0,-254.0,-26.0,-829.0,-361.0,219.0
-31.0,-250.0,-23.0,-835.0,-330.0,227.0
-33.0,-248.0,-12.0,-837.0,-306.0,240.0
-28.0,-242.0,-13.0,-839.0,-293.0,249.0
-20.0,-245.0,-4.0,-852.0,-302.0,255.0
-12.0,-250.0,-12.0,-888.0,-347.0,252.0
-12.0,-245.0,-14.0,-944.0,-411.0,241.0
-8.0,-246.0,-24.0,-1011.0,-456.0,227.0
-4.0,-244.0,-30.0,-1079.0,-451.0,210.0
0.0,-244.0,-34.0,-1135.0,-389.0,192.0
0.0,-245.0,-28.0,-1168.0,-296.0,167.0
1.0,-250.0,-24.0,-1176.0,-203.0,140.0
1.0,-253.0,-24.0,-1162.0,-139.0,114.0
-7.0,-245.0,-27.0,-1132.0,-110.0,86.0
-3.0,-247.0,-22.0,-1095.0,-104.0,57.0
-2.0,-244.0,-19.0,-1058.0,-86.0,28.0
-2.0,-241.0,-19.0,-1024.0,-49.0,-3.0
1.0,-245.0,-29.0,-993.0,-8.0,-42.0
-1.0,-246.0,-32.0,-965.0,22.0,-83.0
0.0,-245.0,-41.0,-942.0,31.0,-123.0
-8.0,-238.0,-35.0,-925.0,16.0,-159.0
-10.0,-237.0,-33.0,-909.0,-19.0,-184.0
-29.0,-227.0,-33.0,-883.0,-69.0,-214.0
-62.0,-210.0,-51.0,-848.0,-136.0,-258.0
-92.0,-193.0,-74.0,-818.0,-243.0,-299.0
-121.0,-175.0,-105.0,-824.0,-384.0,-315.0
-136.0,-168.0,-123.0,-870.0,-517.0,-309.0
-173.0,-156.0,-128.0,-948.0,-598.0,-290.0
-204.0,-162.0,-80.0,-1048.0,-608.0,-264.0
-224.0,-191.0,-30.0,-1128.0,-576.0,-227.0
-234.0,-210.0,8.0,-1162.0,-569.0,-175.0
-223.0,-250.0,36.0,-1148.0,-646.0,-126.0
-191.0,-277.0,38.0,-1107.0,-786.0,-74.0
-136.0,-314.0,6.0,-1066.0,-918.0,0.0
-88.0,-345.0,-25.0,-1048.0,-979.0,93.0
-61.0,-379.0,-48.0,-1079.0,-968.0,162.0
-25.0,-420.0,-60.0,-1156.0,-959.0,178.0
1.0,-462.0,-57.0,-1238.0,-1040.0,138.0
16.0,-499.0,-60.0,-1304.0,-1212.0,82.0
46.0,-533.0,-87.0,-1347.0,-1398.0,44.0
74.0,-565.0,-114.0,-1392.0,-1498.0,16.0
99.0,-600.0,-141.0,-1453.0,-1484.0,-17.0
125.0,-643.0,-155.0,-1508.0,-1377.0,-57.0
159.0,-669.0,-164.0,-1521.0,-1195.0,-96.0
179.0,-684.0,-165.0,-1473.0,-921.0,-119.0
181.0,-688.0,-154.0,-1345.0,-546.0,-105.0
174.0,-685.0,-126.0,-1116.0,-155.0,-99.0
166.0,-659.0,-105.0,-797.0,173.0,-134.0
143.0,-617.0,-111.0,-459.0,400.0,-204.0
122.0,-574.0,-132.0,-212.0,524.0,-294.0
114.0,-534.0,-156.0,-105.0,577.0,-388.0
109.0,-476.0,-166.0,-117.0,615.0,-478.0
99.0,-425.0,-149.0,-178.0,671.0,-560.0
62.0,-383.0,-122.0,-202.0,752.0,-643.0
21.0,-339.0,-98.0,-163.0,823.0,-698.0
-12.0,-303.0,-85.0,-78.0,831.0,-756.0
-51.0,-240.0,-86.0,57.0,777.0,-827.0
-106.0,-169.0,-117.0,246.0,685.0,-971.0
-135.0,-122.0,-131.0,381.0,602.0,-1127.0
-138.0,-85.0,-110.0,360.0,563.0,-1133.0
-103.0,-68.0,-79.0,186.0,570.0,-892.0
-31.0,-74.0,-37.0,-44.0,562.0,-521.0
27.0,-79.0,-3.0,-222.0,469.0,-198.0
55.0,-80.0,13.0,-309.0,310.0,21.0
61.0,-76.0,20.0,-317.0,139.0,192.0
80.0,-70.0,27.0,-260.0,-13.0,336.0
101.0,-61.0,34.0,-132.0,-113.0,437.0
105.0,-38.0,40.0,48.0,-126.0,499.0
113.0,-15.0,49.0,236.0,-61.0,542.0
107.0,2.0,61.0,390.0,48.0,593.0
114.0,21.0,78.0,492.0,169.0,647.0
106.0,54.0,89.0,550.0,284.0,671.0
102.0,80.0,92.0,568.0,399.0,651.0
91.0,112.0,87.0,569.0,523.0,577.0
81.0,130.0,82.0,567.0,651.0,467.0
64.0,147.0,84.0,557.0,770.0,379.0
52.0,141.0,75.0,509.0,856.0,375.0
57.0,127.0,76.0,409.0,918.0,450.0
53.0,115.0,83.0,349.0,970.0,504.0
40.0,110.0,92.0,424.0,1015.0,446.0
17.0,107.0,96.0,636.0,1084.0,292.0
-2.0,95.0,105.0,903.0,1186.0,122.0
-4.0,80.0,119.0,1130.0,1278.0,4.0
2.0,52.0,129.0,1293.0,1311.0,-83.0
12.0,26.0,130.0,1374.0,1251.0,-169.0
22.0,0.0,122.0,1361.0,1103.0,-256.0
21.0,-29.0,74.0,1240.0,903.0,-318.0
9.0,-54.0,19.0,1002.0,736.0,-330.0
-12.0,-75.0,-32.0,699.0,648.0,-279.0
-34.0,-69.0,-52.0,411.0,616.0,-177.0
-59.0,-76.0,-62.0,213.0,583.0,-33.0
-94.0,-61.0,-33.0,150.0,522.0,135.0
-116.0,-45.0,0.0,260.0,432.0,329.0
-111.0,-34.0,11.0,548.0,279.0,520.0
-120.0,-15.0,-20.0,941.0,23.0,672.0
-146.0,9.0,-201.0,1307.0,-299.0,788.0
-194.0,28.0,-618.0,1581.0,-573.0,916.0
-97.0,76.0,-689.0,1571.0,-599.0,1083.0
-102.0,79.0,-730.0,1397.0,-447.0,1102.0
-107.0,64.0,-903.0,1166.0,-532.0,1099.0
44.0,-29.0,-879.0,556.0,-582.0,1446.0
228.0,-197.0,-710.0,-292.0,-388.0,1895.0
502.0,-411.0,-587.0,-983.0,-258.0,2084.0
712.0,-649.0,-405.0,-1508.0,-343.0,1848.0
749.0,-1040.0,-42.0,-1890.0,-345.0,986.0
339.0,-1293.0,105.0,-2078.0,-20.0,-951.0
-133.0,-1445.0,50.0,-2098.0,568.0,-2497.0
-347.0,-1257.0,-256.0,-1834.0,1285.0,-3271.0
-273.0,-1100.0,-429.0,-1396.0,2040.0,-3088.0
-216.0,-943.0,-508.0,-921.0,2421.0,-2606.0
-223.0,-795.0,-435.0,-486.0,2178.0,-2110.0
-246.0,-666.0,-325.0,27.0,1387.0,-1524.0
-251.0,-574.0,-240.0,594.0,393.0,-666.0
-199.0,-530.0,-204.0,1147.0,-582.0,456.0
-125.0,-485.0,-174.0,1700.0,-1062.0,1468.0
-54.0,-424.0,-137.0,2200.0,-1274.0,2087.0
12.0,-332.0,-119.0,2620.0,-1274.0,2291.0
80.0,-214.0,-105.0,2842.0,-1173.0,2187.0
124.0,-123.0,-104.0,2829.0,-1019.0,1888.0
148.0,8.0,-111.0,2582.0,-853.0,1444.0
186.0,96.0,-142.0,1946.0,-750.0,897.0
201.0,129.0,-174.0,1273.0,-571.0,377.0
181.0,78.0,-205.0,430.0,-307.0,6.0
153.0,9.0,-196.0,-544.0,69.0,-112.0
122.0,-85.0,-163.0,-1478.0,447.0,-96.0
86.0,-185.0,-107.0,-2187.0,759.0,-58.0
61.0,-272.0,-59.0,-2563.0,979.0,-43.0
44.0,-345.0,-24.0,-2611.0,1106.0,-31.0
40.0,-391.0,-1.0,-2424.0,1158.0,1.0
38.0,-435.0,13.0,-2099.0,1150.0,48.0
32.0,-472.0,7.0,-1718.0,1103.0,101.0
17.0,-486.0,-5.0,-1361.0,1040.0,151.0
2.0,-495.0,-14.0,-1061.0,979.0,214.0
-6.0,-497.0,-29.0,-813.0,917.0,281.0
-30.0,-484.0,-30.0,-588.0,845.0,341.0
-58.0,-467.0,-27.0,-339.0,768.0,394.0
-87.0,-447.0,-31.0,-61.0,695.0,446.0
-113.0,-423.0,-30.0,237.0,624.0,498.0
-144.0,-391.0,-24.0,523.0,548.0,552.0
-167.0,-360.0,-17.0,767.0,473.0,597.0
-179.0,-327.0,-9.0,954.0,405.0,629.0
-191.0,-295.0,0.0,1084.0,338.0,651.0
-190.0,-264.0,10.0,1165.0,267.0,657.0
-187.0,-217.0,20.0,1204.0,181.0,651.0
-175.0,-173.0,20.0,1207.0,82.0,640.0
-154.0,-131.0,13.0,1179.0,-24.0,635.0
-125.0,-97.0,13.0,1131.0,-134.0,640.0
-102.0,-72.0,10.0,1066.0,-239.0,645.0
-67.0,-41.0,-3.0,998.0,-322.0,648.0
-34.0,-19.0,-17.0,925.0,-377.0,667.0
-1.0,-5.0,-33.0,849.0,-408.0,709.0
27.0,1.0,-40.0,774.0,-419.0,767.0
45.0,-8.0,-45.0,703.0,-405.0,822.0
66.0,-32.0,-45.0,630.0,-386.0,841.0
67.0,-54.0,-33.0,555.0,-369.0,807.0
64.0,-88.0,-25.0,490.0,-349.0,730.0
46.0,-123.0,-14.0,450.0,-327.0,620.0
38.0,-145.0,-11.0,433.0,-286.0,504.0
25.0,-171.0,-3.0,405.0,-215.0,396.0
9.0,-199.0,1.0,357.0,-127.0,283.0
5.0,-219.0,0.0,299.0,-32.0,161.0
0.0,-235.0,-2.0,251.0,74.0,40.0
-2.0,-245.0,-8.0,233.0,180.0,-68.0
-6.0,-255.0,-9.0,260.0,268.0,-161.0
-6.0,-262.0,-15.0,325.0,326.0,-227.0
-4.0,-263.0,-17.0,412.0,347.0,-272.0
0.0,-255.0,-24.0,510.0,347.0,-316.0
-6.0,-251.0,-34.0,595.0,331.0,-366.0
-11.0,-235.0,-42.0,656.0,301.0,-399.0
-10.0,-215.0,-37.0,685.0,279.0,-417.0
-2.0,-205.0,-18.0,702.0,314.0,-445.0
-1.0,-193.0,-3.0,748.0,405.0,-493.0
-13.0,-178.0,10.0,828.0,490.0,-543.0
-29.0,-164.0,18.0,922.0,493.0,-570.0
-38.0,-154.0,22.0,997.0,398.0,-550.0
-59.0,-146.0,13.0,1033.0,241.0,-521.0
-69.0,-137.0,12.0,1030.0,80.0,-511.0
-82.0,-131.0,10.0,984.0,-61.0,-506.0
-109.0,-120.0,4.0,917.0,-187.0,-498.0
-126.0,-114.0,3.0,846.0,-319.0,-470.0
-143.0,-111.0,-6.0,775.0,-461.0,-426.0
-142.0,-107.0,-10.0,704.0,-594.0,-375.0
-139.0,-106.0,-17.0,648.0,-689.0,-327.0
-128.0,-102.0,-24.0,618.0,-723.0,-276.0
-108.0,-109.0,-24.0,600.0,-696.0,-243.0
-69.0,-115.0,-29.0,591.0,-629.0,-244.0
-44.0,-122.0,-26.0,598.0,-542.0,-272.0
-14.0,-129.0,-18.0,611.0,-455.0,-325.0
18.0,-138.0,-24.0,630.0,-383.0,-389.0
36.0,-137.0,-21.0,664.0,-335.0,-446.0
57.0,-139.0,-18.0,720.0,-323.0,-491.0
70.0,-144.0,-13.0,798.0,-340.0,-521.0
87.0,-144.0,-8.0,884.0,-384.0,-540.0
102.0,-140.0,-5.0,968.0,-431.0,-550.0
118.0,-133.0,5.0,1052.0,-452.0,-544.0
124.0,-127.0,17.0,1149.0,-431.0,-528.0
120.0,-124.0,23.0,1272.0,-373.0,-501.0
109.0,-115.0,16.0,1421.0,-301.0,-475.0
52.0,-111.0,-41.0,1591.0,-249.0,-457.0
46.0,-97.0,-49.0,1785.0,-275.0,-476.0
0.0,-107.0,-94.0,1931.0,-368.0,-447.0
-18.0,-132.0,-173.0,1887.0,-541.0,-115.0
-79.0,-153.0,-313.0,1591.0,-851.0,376.0
-165.0,-174.0,-422.0,1075.0,-1143.0,586.0
-227.0,-235.0,-445.0,362.0,-1320.0,601.0
-268.0,-332.0,-364.0,-417.0,-1624.0,755.0
-249.0,-421.0,-277.0,-1027.0,-1763.0,1041.0
-189.0,-559.0,-114.0,-1321.0,-1259.0,1279.0
-121.0,-700.0,88.0,-1211.0,-412.0,1286.0
-71.0,-793.0,222.0,-644.0,195.0,1053.0
-52.0,-818.0,234.0,201.0,286.0,734.0
20.0,-801.0,94.0,971.0,18.0,549.0
170.0,-743.0,-113.0,1393.0,-286.0,502.0
196.0,-674.0,-268.0,1440.0,-485.0,386.0
143.0,-594.0,-308.0,1315.0,-589.0,173.0
102.0,-540.0,-276.0,1300.0,-561.0,-30.0
80.0,-474.0,-216.0,1492.0,-387.0,-139.0
78.0,-438.0,-151.0,1767.0,-110.0,-217.0
42.0,-400.0,-111.0,1983.0,203.0,-317.0
-15.0,-370.0,-86.0,2071.0,442.0,-443.0
-55.0,-347.0,-71.0,2005.0,539.0,-566.0
-97.0,-305.0,-67.0,1792.0,512.0,-668.0
-116.0,-273.0,-61.0,1477.0,421.0,-740.0
-122.0,-245.0,-60.0,1112.0,325.0,-784.0
-118.0,-229.0,-61.0,735.0,242.0,-795.0
-111.0,-219.0,-56.0,372.0,158.0,-759.0
-109.0,-215.0,-44.0,58.0,64.0,-681.0
-102.0,-222.0,-29.0,-187.0,-26.0,-562.0
-100.0,-227.0,-9.0,-342.0,-116.0,-428.0
-94.0,-234.0,9.0,-407.0,-215.0,-312.0
-82.0,-240.0,12.0,-407.0,-341.0,-228.0
-68.0,-255.0,4.0,-394.0,-485.0,-182.0
-53.0,-261.0,0.0,-412.0,-629.0,-166.0
-37.0,-266.0,-9.0,-465.0,-748.0,-170.0
-20.0,-270.0,-19.0,-543.0,-832.0,-182.0
-13.0,-270.0,-25.0,-617.0,-878.0,-205.0
-4.0,-268.0,-33.0,-659.0,-883.0,-239.0
2.0,-265.0,-38.0,-662.0,-846.0,-275.0
11.0,-259.0,-34.0,-619.0,-776.0,-308.0
16.0,-254.0,-28.0,-532.0,-687.0,-355.0
16.0,-256.0,-27.0,-417.0,-597.0,-416.0
11.0,-242.0,-22.0,-292.0,-514.0,-487.0
8.0,-237.0,-14.0,-179.0,-450.0,-553.0
15.0,-232.0,-9.0,-93.0,-411.0,-594.0
23.0,-227.0,-4.0,-41.0,-395.0,-615.0
39.0,-220.0,3.0,-27.0,-385.0,-613.0
54.0,-214.0,8.0,-37.0,-376.0,-620.0
62.0,-204.0,8.0,-56.0,-366.0,-636.0
64.0,-193.0,12.0,-73.0,-357.0,-652.0
67.0,-181.0,10.0,-80.0,-348.0,-664.0
67.0,-174.0,12.0,-80.0,-347.0,-670.0
76.0,-165.0,17.0,-75.0,-356.0,-667.0
74.0,-161.0,11.0,-55.0,-359.0,-663.0
78.0,-150.0,3.0,-48.0,-348.0,-665.0
74.0,-138.0,2.0,-41.0,-321.0,-673.0
65.0,-130.0,-6.0,-34.0,-278.0,-683.0
63.0,-120.0,-1.0,-29.0,-224.0,-679.0
57.0,-116.0,-3.0,-30.0,-160.0,-666.0
38.0,-112.0,-4.0,-33.0,-99.0,-647.0
33.0,-105.0,-3.0,-32.0,-46.0,-609.0
33.0,-107.0,0.0,-17.0,-5.0,-550.0
34.0,-103.0,3.0,16.0,24.0,-476.0
34.0,-102.0,5.0,66.0,46.0,-423.0
37.0,-90.0,6.0,113.0,71.0,-374.0
42.0,-93.0,8.0,137.0,104.0,-335.0
50.0,-85.0,5.0,139.0,135.0,-319.0
55.0,-79.0,8.0,111.0,168.0,-319.0
60.0,-75.0,10.0,54.0,213.0,-332.0
64.0,-75.0,19.0,-40.0,282.0,-349.0
66.0,-75.0,20.0,-160.0,342.0,-359.0
70.0,-88.0,26.0,-290.0,395.0,-365.0
74.0,-101.0,29.0,-420.0,431.0,-365.0
70.0,-124.0,30.0,-536.0,453.0,-346.0
67.0,-147.0,37.0,-612.0,476.0,-311.0
65.0,-173.0,37.0,-630.0,510.0,-272.0
49.0,-198.0,42.0,-565.0,558.0,-225.0
48.0,-220.0,51.0,-432.0,620.0,-182.0
47.0,-238.0,57.0,-235.0,692.0,-146.0
45.0,-250.0,61.0,0.0,777.0,-125.0
47.0,-253.0,61.0,245.0,874.0,-119.0
53.0,-248.0,56.0,465.0,974.0,-125.0
64.0,-241.0,48.0,637.0,1073.0,-141.0
70.0,-227.0,44.0,755.0,1165.0,-160.0
76.0,-220.0,36.0,812.0,1242.0,-181.0
83.0,-207.0,33.0,818.0,1299.0,-197.0
75.0,-195.0,17.0,784.0,1329.0,-203.0
70.0,-188.0,19.0,725.0,1326.0,-195.0
56.0,-182.0,18.0,660.0,1294.0,-165.0
42.0,-175.0,19.0,603.0,1235.0,-112.0
19.0,-172.0,21.0,566.0,1153.0,-46.0
-1.0,-172.0,21.0,545.0,1053.0,32.0
-23.0,-170.0,21.0,527.0,946.0,112.0
-44.0,-177.0,24.0,501.0,843.0,175.0
-63.0,-185.0,28.0,483.0,759.0,223.0
-80.0,-211.0,28.0,525.0,702.0,261.0
-51.0,-245.0,25.0,660.0,693.0,256.0
-11.0,-268.0,-37.0,837.0,716.0,145.0
1.0,-310.0,-182.0,900.0,772.0,-77.0
10.0,-326.0,-305.0,630.0,876.0,-319.0
34.0,-364.0,-405.0,-107.0,897.0,-510.0
77.0,-424.0,-387.0,-1097.0,740.0,-627.0
132.0,-501.0,-280.0,-1911.0,560.0,-697.0
154.0,-575.0,-147.0,-2258.0,494.0,-778.0
133.0,-621.0,-63.0,-2102.0,527.0,-885.0
69.0,-667.0,25.0,-1555.0,557.0,-971.0
11.0,-679.0,85.0,-752.0,509.0,-999.0
-50.0,-653.0,90.0,179.0,431.0,-961.0
-117.0,-598.0,33.0,1058.0,366.0,-847.0
-171.0,-524.0,-16.0,1725.0,285.0,-666.0
-226.0,-443.0,-71.0,2123.0,148.0,-450.0
-259.0,-367.0,-116.0,2253.0,-62.0,-208.0
-264.0,-322.0,-129.0,2164.0,-328.0,43.0
-244.0,-295.0,-125.0,1920.0,-616.0,271.0
-213.0,-292.0,-110.0,1589.0,-880.0,453.0
-162.0,-299.0,-93.0,1229.0,-1063.0,572.0
-105.0,-309.0,-64.0,881.0,-1166.0,670.0
-51.0,-321.0,-32.0,594.0,-1224.0,753.0
-1.0,-331.0,-7.0,402.0,-1272.0,822.0
59.0,-334.0,2.0,313.0,-1320.0,869.0
108.0,-335.0,0.0,314.0,-1356.0,884.0
154.0,-330.0,-20.0,352.0,-1346.0,871.0
185.0,-319.0,-39.0,368.0,-1276.0,825.0
198.0,-308.0,-52.0,326.0,-1154.0,763.0
202.0,-291.0,-56.0,225.0,-993.0,700.0
199.0,-270.0,-56.0,103.0,-806.0,651.0
200.0,-251.0,-45.0,2.0,-597.0,623.0
190.0,-242.0,-34.0,-66.0,-381.0,612.0
176.0,-231.0,-34.0,-120.0,-180.0,616.0
153.0,-223.0,-25.0,-183.0,-17.0,619.0
128.0,-221.0,-17.0,-259.0,105.0,622.0
102.0,-220.0,-9.0,-331.0,195.0,636.0
71.0,-220.0,-11.0,-388.0,263.0,658.0
53.0,-218.0,-9.0,-414.0,320.0,687.0
31.0,-217.0,-10.0,-408.0,360.0,709.0
18.0,-212.0,-8.0,-360.0,388.0,721.0
3.0,-216.0,-12.0,-278.0,411.0,715.0
-8.0,-205.0,-10.0,-174.0,436.0,692.0
-11.0,-202.0,-2.0,-55.0,460.0,660.0
-20.0,-196.0,0.0,58.0,480.0,628.0
-21.0,-185.0,0.0,154.0,495.0,602.0
-28.0,-181.0,6.0,225.0,509.0,583.0
-27.0,-168.0,5.0,265.0,523.0,563.0
-25.0,-166.0,7.0,271.0,532.0,541.0
-27.0,-158.0,2.0,240.0,533.0,514.0
-32.0,-153.0,8.0,189.0,524.0,484.0
-34.0,-148.0,1.0,126.0,511.0,457.0
-34.0,-143.0,7.0,59.0,490.0,437.0
-38.0,-144.0,2.0,-1.0,471.0,416.0
-35.0,-142.0,-2.0,-54.0,454.0,395.0
-34.0,-140.0,-4.0,-98.0,441.0,373.0
-33.0,-140.0,-11.0,-128.0,432.0,352.0
-28.0,-144.0,-15.0,-144.0,428.0,334.0
-25.0,-145.0,-16.0,-154.0,426.0,320.0
-20.0,-149.0,-18.0,-150.0,433.0,304.0
-20.0,-155.0,-18.0,-136.0,446.0,284.0
-24.0,-157.0,-19.0,-108.0,457.0,265.0
-23.0,-163.0,-19.0,-69.0,458.0,241.0
-22.0,-163.0,-16.0,-41.0,444.0,211.0
-21.0,-172.0,-11.0,-26.0,420.0,182.0
-25.0,-179.0,-6.0,-20.0,383.0,153.0
-31.0,-180.0,-7.0,-21.0,340.0,123.0
-25.0,-191.0,0.0,-25.0,295.0,101.0
-33.0,-192.0,2.0,-23.0,248.0,83.0
-36.0,-189.0,8.0,-21.0,206.0,62.0
-42.0,-193.0,8.0,-24.0,172.0,44.0
-47.0,-197.0,11.0,-26.0,146.0,26.0
-50.0,-198.0,16.0,-20.0,127.0,11.0
-51.0,-204.0,24.0,-9.0,108.0,-1.0
-58.0,-207.0,31.0,10.0,82.0,-11.0
-57.0,-208.0,28.0,28.0,52.0,-11.0
-60.0,-208.0,35.0,40.0,17.0,-6.0
-56.0,-214.0,22.0,47.0,-17.0,11.0
-57.0,-212.0,24.0,49.0,-49.0,29.0
-54.0,-214.0,22.0,51.0,-72.0,44.0
-49.0,-214.0,20.0,52.0,-86.0,53.0
-52.0,-217.0,27.0,53.0,-92.0,54.0
-47.0,-211.0,35.0,67.0,-94.0,48.0
-40.0,-214.0,43.0,106.0,-93.0,42.0
-29.0,-213.0,45.0,156.0,-83.0,29.0
-20.0,-215.0,47.0,205.0,-60.0,1.0
-14.0,-214.0,57.0,247.0,-26.0,-38.0
-11.0,-211.0,55.0,278.0,8.0,-85.0
-13.0,-214.0,61.0,300.0,30.0,-138.0
-5.0,-217.0,60.0,313.0,40.0,-185.0
-6.0,-220.0,58.0,312.0,34.0,-226.0
-7.0,-229.0,50.0,295.0,14.0,-260.0
-8.0,-233.0,49.0,268.0,-17.0,-285.0
-13.0,-237.0,46.0,230.0,-57.0,-301.0
-19.0,-247.0,37.0,196.0,-99.0,-305.0
-17.0,-256.0,33.0,162.0,-133.0,-300.0
-18.0,-256.0,36.0,134.0,-151.0,-285.0
-14.0,-259.0,34.0,118.0,-141.0,-271.0
-12.0,-268.0,31.0,117.0,-110.0,-253.0
-9.0,-263.0,34.0,120.0,-66.0,-231.0
0.0,-270.0,39.0,119.0,-24.0,-214.0
0.0,-276.0,36.0,103.0,9.0,-199.0
3.0,-280.0,34.0,67.0,24.0,-185.0
8.0,-285.0,30.0,11.0,24.0,-172.0
9.0,-294.0,30.0,-52.0,6.0,-165.0
3.0,-302.0,33.0,-109.0,-37.0,-160.0
-3.0,-310.0,41.0,-142.0,-100.0,-149.0
-24.0,-318.0,62.0,-138.0,-165.0,-128.0
-34.0,-329.0,84.0,-83.0,-218.0,-100.0
-42.0,-330.0,109.0,24.0,-240.0,-65.0
-50.0,-324.0,130.0,171.0,-225.0,-22.0
-50.0,-329.0,137.0,333.0,-178.0,25.0
-45.0,-320.0,146.0,489.0,-113.0,76.0
-41.0,-309.0,154.0,626.0,-54.0,135.0
