32.0,-235.0,-86.0,16.0,141.0,-1.0
36.0,-239.0,-85.0,16.0,141.0,-1.0
36.0,-239.0,-86.0,20.0,142.0,-2.0
32.0,-240.0,-85.0,22.0,141.0,-2.0
39.0,-238.0,-79.0,21.0,139.0,-1.0
35.0,-240.0,-87.0,17.0,138.0,0.0
32.0,-239.0,-87.0,10.0,138.0,8.0
34.0,-243.0,-87.0,4.0,141.0,11.0
32.0,-244.0,-85.0,-3.0,142.0,14.0
30.0,-239.0,-86.0,-6.0,139.0,15.0
34.0,-243.0,-87.0,-11.0,132.0,16.0
32.0,-245.0,-86.0,-14.0,127.0,17.0
32.0,-245.0,-83.0,-19.0,121.0,18.0
33.0,-245.0,-86.0,-22.0,118.0,17.0
30.0,-247.0,-83.0,-23.0,116.0,17.0
31.0,-248.0,-84.0,-23.0,111.0,15.0
31.0,-248.0,-87.0,-20.0,109.0,12.0
31.0,-247.0,-84.0,-13.0,104.0,8.0
33.0,-244.0,-85.0,-6.0,100.0,4.0
32.0,-245.0,-83.0,0.0,90.0,2.0
31.0,-243.0,-81.0,4.0,84.0,0.0
33.0,-241.0,-83.0,6.0,77.0,2.0
32.0,-240.0,-84.0,6.0,74.0,2.0
33.0,-240.0,-87.0,4.0,75.0,3.0
35.0,-239.0,-84.0,-2.0,76.0,5.0
31.0,-239.0,-88.0,-5.0,78.0,5.0
32.0,-241.0,-85.0,-12.0,78.0,4.0
31.0,-238.0,-83.0,-14.0,78.0,5.0
33.0,-241.0,-84.0,-16.0,77.0,2.0
32.0,-238.0,-85.0,-14.0,74.0,0.0
32.0,-239.0,-85.0,-10.0,71.0,-5.0
32.0,-240.0,-84.0,-11.0,66.0,-9.0
33.0,-238.0,-86.0,-13.0,58.0,-13.0
32.0,-241.0,-85.0,-21.0,50.0,-16.0
34.0,-236.0,-87.0,-30.0,42.0,-18.0
40.0,-239.0,-94.0,-40.0,34.0,-23.0
34.0,-238.0,-89.0,-51.0,29.0,-25.0
34.0,-241.0,-89.0,-59.0,25.0,-26.0
33.0,-243.0,-86.0,-63.0,22.0,-25.0
33.0,-245.0,-90.0,-63.0,21.0,-23.0
33.0,-244.0,-89.0,-61.0,20.0,-24.0
31.0,-247.0,-88.0,-61.0,20.0,-24.0
32.0,-245.0,-84.0,-60.0,18.0,-25.0
33.0,-246.0,-85.0,-60.0,14.0,-27.0
32.0,-242.0,-84.0,-59.0,9.0,-27.0
30.0,-244.0,-84.0,-57.0,2.0,-27.0
30.0,-241.0,-87.0,-54.0,-6.0,-28.0
34.0,-245.0,-86.0,-51.0,-12.0,-30.0
31.0,-243.0,-85.0,-49.0,-18.0,-29.0
31.0,-242.0,-83.0,-47.0,-23.0,-27.0
31.0,-242.0,-86.0,-44.0,-26.0,-25.0
34.0,-244.0,-85.0,-40.0,-25.0,-25.0
32.0,-242.0,-88.0,-36.0,-22.0,-23.0
34.0,-241.0,-90.0,-34.0,-16.0,-21.0
34.0,-244.0,-89.0,-31.0,-8.0,-20.0
36.0,-247.0,-86.0,-26.0,1.0,-16.0
38.0,-245.0,-95.0,-22.0,12.0,-15.0
38.0,-247.0,-92.0,-17.0,22.0,-13.0
39.0,-244.0,-90.0,-15.0,30.0,-9.0
38.0,-245.0,-91.0,-10.0,36.0,-10.0
35.0,-244.0,-91.0,-8.0,38.0,-8.0
34.0,-245.0,-89.0,-8.0,35.0,-9.0
37.0,-241.0,-88.0,-8.0,31.0,-9.0
37.0,-243.0,-92.0,-7.0,26.0,-7.0
35.0,-241.0,-87.0,-4.0,22.0,-9.0
38.0,-241.0,-85.0,-4.0,19.0,-8.0
35.0,-237.0,-85.0,-1.0,17.0,-7.0
36.0,-241.0,-86.0,1.0,16.0,-6.0
38.0,-239.0,-86.0,4.0,16.0,-3.0
32.0,-238.0,-82.0,8.0,17.0,-2.0
37.0,-245.0,-86.0,10.0,19.0,0.0
37.0,-242.0,-85.0,11.0,22.0,1.0
33.0,-242.0,-84.0,8.0,25.0,4.0
34.0,-241.0,-83.0,2.0,27.0,6.0
36.0,-244.0,-84.0,-3.0,30.0,8.0
35.0,-243.0,-84.0,-7.0,32.0,10.0
35.0,-242.0,-86.0,-12.0,33.0,10.0
32.0,-237.0,-86.0,-16.0,32.0,12.0
33.0,-235.0,-86.0,-22.0,29.0,11.0
32.0,-236.0,-86.0,-25.0,27.0,12.0
36.0,-238.0,-92.0,-29.0,26.0,11.0
36.0,-237.0,-85.0,-31.0,26.0,11.0
37.0,-238.0,-89.0,-34.0,27.0,10.0
34.0,-237.0,-85.0,-38.0,29.0,10.0
34.0,-238.0,-87.0,-42.0,28.0,11.0
38.0,-240.0,-85.0,-43.0,30.0,11.0
36.0,-240.0,-85.0,-44.0,36.0,11.0
33.0,-242.0,-89.0,-41.0,42.0,11.0
36.0,-244.0,-84.0,-38.0,46.0,10.0
35.0,-247.0,-87.0,-34.0,53.0,12.0
34.0,-244.0,-85.0,-30.0,59.0,12.0
35.0,-244.0,-86.0,-26.0,65.0,13.0
33.0,-244.0,-87.0,-23.0,69.0,13.0
35.0,-241.0,-89.0,-18.0,74.0,13.0
33.0,-240.0,-89.0,-16.0,77.0,13.0
35.0,-241.0,-90.0,-15.0,81.0,14.0
36.0,-238.0,-87.0,-15.0,86.0,16.0
35.0,-233.0,-90.0,-17.0,90.0,18.0
33.0,-232.0,-86.0,-23.0,92.0,18.0
34.0,-230.0,-84.0,-34.0,95.0,20.0
37.0,-232.0,-87.0,-48.0,95.0,20.0
35.0,-234.0,-84.0,-64.0,93.0,20.0
36.0,-237.0,-85.0,-77.0,92.0,21.0
38.0,-239.0,-85.0,-90.0,91.0,23.0
35.0,-240.0,-84.0,-93.0,91.0,23.0
33.0,-240.0,-84.0,-96.0,87.0,25.0
32.0,-241.0,-84.0,-97.0,85.0,23.0
33.0,-241.0,-83.0,-95.0,83.0,23.0
30.0,-238.0,-87.0,-99.0,80.0,24.0
32.0,-237.0,-82.0,-108.0,77.0,23.0
29.0,-233.0,-88.0,-124.0,75.0,23.0
28.0,-230.0,-86.0,-143.0,71.0,23.0
30.0,-230.0,-88.0,-166.0,67.0,23.0
30.0,-226.0,-91.0,-192.0,60.0,27.0
28.0,-224.0,-95.0,-222.0,52.0,31.0
28.0,-225.0,-94.0,-256.0,44.0,36.0
27.0,-227.0,-92.0,-289.0,34.0,41.0
26.0,-230.0,-96.0,-315.0,21.0,45.0
24.0,-230.0,-92.0,-330.0,8.0,48.0
26.0,-239.0,-91.0,-335.0,-9.0,49.0
27.0,-245.0,-90.0,-328.0,-29.0,50.0
25.0,-247.0,-87.0,-314.0,-48.0,49.0
30.0,-253.0,-89.0,-295.0,-63.0,48.0
25.0,-251.0,-87.0,-277.0,-72.0,44.0
26.0,-253.0,-87.0,-259.0,-76.0,42.0
26.0,-255.0,-84.0,-240.0,-77.0,42.0
26.0,-256.0,-82.0,-223.0,-74.0,41.0
27.0,-256.0,-84.0,-211.0,-67.0,42.0
28.0,-251.0,-83.0,-205.0,-62.0,45.0
25.0,-249.0,-87.0,-211.0,-60.0,45.0
26.0,-248.0,-88.0,-227.0,-62.0,45.0
23.0,-240.0,-87.0,-248.0,-67.0,41.0
24.0,-235.0,-89.0,-270.0,-72.0,37.0
30.0,-234.0,-91.0,-287.0,-77.0,33.0
25.0,-224.0,-96.0,-302.0,-82.0,27.0
27.0,-222.0,-98.0,-314.0,-89.0,20.0
26.0,-215.0,-104.0,-330.0,-96.0,12.0
28.0,-211.0,-110.0,-351.0,-105.0,8.0
28.0,-208.0,-116.0,-368.0,-113.0,2.0
33.0,-207.0,-121.0,-386.0,-118.0,-1.0
34.0,-198.0,-131.0,-404.0,-123.0,-3.0
39.0,-194.0,-140.0,-426.0,-130.0,-7.0
37.0,-182.0,-146.0,-453.0,-140.0,-9.0
39.0,-170.0,-149.0,-487.0,-148.0,-13.0
44.0,-147.0,-158.0,-527.0,-152.0,-16.0
42.0,-131.0,-161.0,-574.0,-151.0,-13.0
43.0,-111.0,-156.0,-616.0,-143.0,-7.0
43.0,-92.0,-150.0,-656.0,-126.0,-1.0
43.0,-70.0,-136.0,-684.0,-101.0,5.0
37.0,-50.0,-116.0,-702.0,-73.0,10.0
37.0,-30.0,-94.0,-702.0,-34.0,18.0
31.0,-9.0,-76.0,-690.0,16.0,30.0
25.0,8.0,-52.0,-671.0,74.0,43.0
14.0,26.0,-27.0,-651.0,139.0,68.0
9.0,35.0,-9.0,-632.0,211.0,105.0
-3.0,44.0,18.0,-617.0,275.0,145.0
-7.0,44.0,47.0,-605.0,319.0,190.0
-6.0,39.0,68.0,-580.0,352.0,227.0
-7.0,31.0,90.0,-530.0,364.0,244.0
-14.0,19.0,91.0,-458.0,350.0,242.0
-36.0,11.0,91.0,-375.0,304.0,226.0
-53.0,-5.0,80.0,-307.0,213.0,223.0
-56.0,-31.0,70.0,-259.0,79.0,242.0
-40.0,-56.0,48.0,-191.0,-53.0,263.0
-20.0,-81.0,18.0,-95.0,-155.0,270.0
1.0,-100.0,-13.0,-25.0,-210.0,274.0
30.0,-122.0,-35.0,-6.0,-210.0,288.0
49.0,-146.0,-61.0,-19.0,-136.0,295.0
59.0,-176.0,-78.0,-40.0,5.0,298.0
63.0,-208.0,-90.0,-29.0,187.0,312.0
46.0,-241.0,-110.0,15.0,372.0,318.0
29.0,-280.0,-134.0,53.0,526.0,310.0
17.0,-313.0,-165.0,32.0,637.0,290.0
20.0,-337.0,-229.0,-79.0,741.0,269.0
50.0,-354.0,-307.0,-280.0,900.0,260.0
94.0,-380.0,-368.0,-519.0,1101.0,236.0
126.0,-427.0,-361.0,-660.0,1207.0,152.0
145.0,-501.0,-281.0,-518.0,1123.0,23.0
147.0,-579.0,-183.0,-111.0,972.0,-115.0
123.0,-641.0,-153.0,315.0,879.0,-218.0
76.0,-677.0,-211.0,520.0,818.0,-283.0
44.0,-711.0,-265.0,435.0,706.0,-283.0
36.0,-786.0,-298.0,187.0,514.0,-177.0
47.0,-882.0,-296.0,-65.0,283.0,30.0
48.0,-992.0,-295.0,-179.0,76.0,304.0
38.0,-1105.0,-328.0,-75.0,-56.0,578.0
34.0,-1200.0,-365.0,163.0,-123.0,823.0
46.0,-1285.0,-369.0,404.0,-152.0,971.0
67.0,-1332.0,-336.0,660.0,-54.0,954.0
68.0,-1317.0,-304.0,958.0,195.0,762.0
47.0,-1210.0,-266.0,1243.0,441.0,487.0
39.0,-1090.0,-234.0,1462.0,532.0,332.0
54.0,-991.0,-213.0,1564.0,526.0,314.0
76.0,-919.0,-185.0,1518.0,505.0,330.0
88.0,-875.0,-161.0,1391.0,506.0,341.0
94.0,-853.0,-132.0,1275.0,534.0,382.0
125.0,-836.0,-105.0,1249.0,603.0,432.0
131.0,-786.0,-79.0,1276.0,726.0,441.0
132.0,-719.0,-66.0,1300.0,860.0,432.0
106.0,-652.0,-81.0,1213.0,920.0,411.0
84.0,-619.0,-81.0,926.0,786.0,433.0
103.0,-583.0,-90.0,702.0,511.0,467.0
125.0,-512.0,-129.0,703.0,264.0,401.0
125.0,-405.0,-170.0,850.0,101.0,275.0
128.0,-292.0,-201.0,970.0,6.0,153.0
116.0,-153.0,-191.0,991.0,-20.0,41.0
103.0,-57.0,-171.0,967.0,6.0,-39.0
96.0,11.0,-151.0,903.0,35.0,-68.0
93.0,78.0,-116.0,715.0,14.0,-74.0
74.0,129.0,-92.0,488.0,-43.0,-123.0
37.0,148.0,-85.0,314.0,-111.0,-230.0
-19.0,170.0,-87.0,188.0,-238.0,-346.0
-85.0,191.0,-87.0,124.0,-390.0,-425.0
-132.0,202.0,-96.0,179.0,-454.0,-409.0
-151.0,220.0,-153.0,356.0,-355.0,-321.0
-165.0,248.0,-205.0,517.0,-175.0,-230.0
-174.0,289.0,-234.0,520.0,-46.0,-138.0
-176.0,327.0,-268.0,325.0,-24.0,-38.0
-145.0,333.0,-323.0,37.0,-112.0,23.0
-96.0,298.0,-402.0,-283.0,-243.0,-30.0
-70.0,213.0,-461.0,-673.0,-380.0,-169.0
-3.0,30.0,-415.0,-1128.0,-468.0,-202.0
71.0,-184.0,-183.0,-1518.0,-445.0,-130.0
100.0,-338.0,44.0,-1304.0,-198.0,-123.0
73.0,-353.0,124.0,-400.0,201.0,-149.0
31.0,-242.0,115.0,416.0,537.0,-154.0
2.0,-87.0,90.0,1073.0,624.0,-140.0
1.0,44.0,49.0,1174.0,431.0,-156.0
13.0,131.0,24.0,869.0,162.0,-230.0
36.0,168.0,15.0,425.0,-155.0,-315.0
76.0,145.0,45.0,62.0,-306.0,-328.0
98.0,103.0,58.0,-126.0,-262.0,-281.0
100.0,42.0,79.0,-190.0,-121.0,-186.0
81.0,-6.0,95.0,-184.0,36.0,-105.0
45.0,-38.0,91.0,-130.0,172.0,-60.0
12.0,-52.0,78.0,-50.0,284.0,-33.0
-16.0,-46.0,54.0,48.0,364.0,-18.0
-28.0,-26.0,31.0,117.0,395.0,-10.0
-32.0,-6.0,6.0,122.0,384.0,-17.0
-34.0,8.0,-7.0,69.0,342.0,-25.0
-28.0,13.0,-17.0,-1.0,301.0,-24.0
-23.0,21.0,-15.0,-41.0,283.0,-16.0
-15.0,29.0,-15.0,-42.0,283.0,1.0
-24.0,46.0,-19.0,-27.0,298.0,17.0
-24.0,56.0,-25.0,-38.0,314.0,35.0
-28.0,68.0,-39.0,-76.0,337.0,52.0
-37.0,71.0,-54.0,-115.0,376.0,66.0
-41.0,67.0,-60.0,-146.0,429.0,73.0
-42.0,54.0,-60.0,-169.0,477.0,64.0
-43.0,43.0,-59.0,-189.0,494.0,27.0
-47.0,29.0,-60.0,-200.0,483.0,-33.0
-47.0,21.0,-60.0,-183.0,458.0,-87.0
-48.0,21.0,-59.0,-141.0,437.0,-134.0
-49.0,33.0,-56.0,-103.0,413.0,-168.0
-58.0,42.0,-51.0,-92.0,380.0,-191.0
-65.0,46.0,-37.0,-112.0,330.0,-214.0
-73.0,50.0,-29.0,-151.0,262.0,-244.0
-77.0,50.0,-25.0,-202.0,189.0,-277.0
-87.0,51.0,-31.0,-268.0,116.0,-312.0
-83.0,44.0,-37.0,-351.0,43.0,-351.0
-82.0,44.0,-36.0,-435.0,-25.0,-385.0
-73.0,33.0,-37.0,-500.0,-74.0,-415.0
-63.0,24.0,-28.0,-533.0,-105.0,-437.0
-49.0,17.0,-27.0,-538.0,-121.0,-455.0
-39.0,14.0,-21.0,-519.0,-125.0,-461.0
-27.0,12.0,-26.0,-492.0,-121.0,-455.0
-21.0,11.0,-34.0,-482.0,-121.0,-441.0
-14.0,7.0,-35.0,-468.0,-124.0,-420.0
-10.0,3.0,-40.0,-451.0,-125.0,-400.0
-11.0,-4.0,-39.0,-440.0,-131.0,-380.0
-10.0,-10.0,-48.0,-427.0,-136.0,-363.0
-12.0,-10.0,-53.0,-415.0,-135.0,-345.0
-11.0,-11.0,-57.0,-403.0,-129.0,-323.0
-9.0,-14.0,-52.0,-383.0,-113.0,-301.0
-2.0,-21.0,-46.0,-351.0,-85.0,-282.0
-9.0,-22.0,-42.0,-303.0,-56.0,-268.0
-17.0,-20.0,-40.0,-252.0,-43.0,-253.0
-24.0,-17.0,-42.0,-216.0,-47.0,-242.0
-29.0,-9.0,-49.0,-202.0,-62.0,-231.0
-34.0,1.0,-61.0,-192.0,-61.0,-212.0
-36.0,2.0,-65.0,-189.0,-36.0,-180.0
-35.0,-3.0,-66.0,-232.0,11.0,-145.0
-25.0,-15.0,-52.0,-312.0,80.0,-110.0
-2.0,-43.0,-57.0,-372.0,144.0,-71.0
11.0,-64.0,-89.0,-406.0,198.0,-36.0
38.0,-71.0,-136.0,-496.0,241.0,-32.0
59.0,-85.0,-146.0,-683.0,264.0,-77.0
66.0,-119.0,-143.0,-889.0,245.0,-146.0
72.0,-160.0,-151.0,-1055.0,178.0,-210.0
79.0,-211.0,-178.0,-1175.0,58.0,-253.0
83.0,-260.0,-220.0,-1250.0,-95.0,-282.0
94.0,-320.0,-247.0,-1259.0,-219.0,-272.0
113.0,-392.0,-263.0,-1206.0,-232.0,-200.0
125.0,-470.0,-268.0,-1125.0,-106.0,-65.0
140.0,-566.0,-263.0,-1071.0,62.0,84.0
142.0,-659.0,-298.0,-1012.0,157.0,226.0
168.0,-688.0,-466.0,-924.0,131.0,409.0
184.0,-630.0,-797.0,-969.0,-282.0,559.0
127.0,-742.0,-911.0,-1403.0,-949.0,662.0
102.0,-1313.0,-412.0,-2021.0,-1609.0,1063.0
119.0,-1918.0,56.0,-1707.0,-1268.0,1664.0
148.0,-2220.0,241.0,-444.0,-456.0,1788.0
129.0,-2097.0,181.0,807.0,-12.0,1213.0
73.0,-1256.0,-106.0,1906.0,-131.0,277.0
115.0,-760.0,-367.0,2946.0,-246.0,-132.0
138.0,-462.0,-411.0,3223.0,-37.0,-134.0
134.0,-309.0,-309.0,2748.0,232.0,-88.0
63.0,-267.0,-142.0,2035.0,321.0,-170.0
46.0,-296.0,-24.0,1500.0,313.0,-203.0
55.0,-334.0,-30.0,1196.0,350.0,-125.0
33.0,-335.0,-83.0,878.0,436.0,-92.0
3.0,-317.0,-138.0,569.0,551.0,-98.0
-18.0,-302.0,-177.0,325.0,554.0,-70.0
-22.0,-287.0,-184.0,155.0,411.0,-67.0
-30.0,-275.0,-167.0,47.0,225.0,-114.0
-29.0,-289.0,-135.0,-32.0,66.0,-149.0
-19.0,-306.0,-104.0,-130.0,-95.0,-161.0
-8.0,-320.0,-99.0,-206.0,-274.0,-171.0
-11.0,-319.0,-122.0,-216.0,-442.0,-186.0
-2.0,-315.0,-153.0,-221.0,-563.0,-146.0
8.0,-311.0,-180.0,-262.0,-614.0,-57.0
21.0,-304.0,-184.0,-311.0,-598.0,27.0
29.0,-299.0,-174.0,-305.0,-542.0,86.0
41.0,-286.0,-159.0,-231.0,-487.0,122.0
48.0,-277.0,-145.0,-114.0,-456.0,125.0
58.0,-263.0,-138.0,-4.0,-449.0,95.0
65.0,-247.0,-136.0,77.0,-448.0,41.0
64.0,-224.0,-139.0,135.0,-437.0,-11.0
64.0,-202.0,-142.0,170.0,-403.0,-45.0
69.0,-190.0,-132.0,171.0,-356.0,-64.0
63.0,-184.0,-125.0,168.0,-288.0,-87.0
54.0,-175.0,-111.0,160.0,-205.0,-96.0
45.0,-181.0,-102.0,147.0,-134.0,-70.0
46.0,-179.0,-90.0,136.0,-82.0,-21.0
39.0,-178.0,-79.0,149.0,-53.0,18.0
31.0,-169.0,-78.0,177.0,-49.0,49.0
23.0,-158.0,-74.0,214.0,-69.0,76.0
21.0,-147.0,-71.0,253.0,-102.0,95.0
16.0,-128.0,-68.0,295.0,-131.0,100.0
12.0,-113.0,-71.0,326.0,-155.0,96.0
10.0,-100.0,-70.0,333.0,-176.0,89.0
2.0,-88.0,-75.0,312.0,-201.0,78.0
1.0,-85.0,-72.0,269.0,-228.0,64.0
-5.0,-83.0,-74.0,220.0,-252.0,46.0
-8.0,-91.0,-77.0,172.0,-267.0,25.0
-8.0,-94.0,-77.0,128.0,-276.0,5.0
-9.0,-98.0,-80.0,89.0,-285.0,-14.0
-2.0,-107.0,-84.0,49.0,-296.0,-32.0
3.0,-113.0,-87.0,8.0,-307.0,-48.0
10.0,-118.0,-88.0,-33.0,-322.0,-63.0
21.0,-125.0,-90.0,-70.0,-338.0,-69.0
31.0,-129.0,-93.0,-97.0,-345.0,-73.0
40.0,-131.0,-97.0,-111.0,-334.0,-70.0
53.0,-142.0,-102.0,-118.0,-302.0,-54.0
63.0,-150.0,-103.0,-125.0,-257.0,-32.0
71.0,-161.0,-104.0,-137.0,-207.0,-7.0
77.0,-173.0,-110.0,-154.0,-162.0,20.0
89.0,-183.0,-106.0,-171.0,-120.0,46.0
97.0,-195.0,-116.0,-187.0,-89.0,74.0
97.0,-212.0,-121.0,-203.0,-57.0,102.0
102.0,-226.0,-130.0,-211.0,-12.0,134.0
95.0,-238.0,-131.0,-208.0,53.0,170.0
90.0,-245.0,-135.0,-196.0,133.0,203.0
88.0,-254.0,-131.0,-183.0,216.0,231.0
76.0,-260.0,-131.0,-168.0,287.0,253.0
66.0,-268.0,-133.0,-153.0,340.0,269.0
59.0,-273.0,-136.0,-130.0,373.0,280.0
55.0,-276.0,-138.0,-101.0,396.0,282.0
47.0,-267.0,-138.0,-69.0,411.0,281.0
41.0,-266.0,-140.0,-37.0,427.0,275.0
34.0,-261.0,-138.0,-8.0,437.0,268.0
25.0,-255.0,-138.0,17.0,442.0,263.0
33.0,-253.0,-121.0,41.0,436.0,257.0
28.0,-250.0,-122.0,60.0,417.0,254.0
25.0,-249.0,-114.0,69.0,392.0,250.0
23.0,-247.0,-102.0,69.0,364.0,245.0
18.0,-246.0,-99.0,67.0,340.0,240.0
16.0,-243.0,-92.0,70.0,321.0,239.0
13.0,-246.0,-91.0,72.0,303.0,237.0
9.0,-245.0,-88.0,68.0,287.0,232.0
10.0,-249.0,-83.0,59.0,273.0,225.0
14.0,-248.0,-78.0,52.0,263.0,212.0
18.0,-247.0,-79.0,50.0,257.0,200.0
24.0,-245.0,-77.0,48.0,253.0,183.0
25.0,-242.0,-75.0,42.0,249.0,167.0
31.0,-239.0,-78.0,35.0,248.0,151.0
35.0,-234.0,-80.0,31.0,254.0,138.0
40.0,-233.0,-81.0,32.0,263.0,125.0
41.0,-229.0,-83.0,39.0,274.0,113.0
41.0,-222.0,-83.0,44.0,288.0,101.0
45.0,-222.0,-82.0,42.0,308.0,93.0
43.0,-219.0,-86.0,32.0,327.0,87.0
45.0,-215.0,-84.0,16.0,348.0,79.0
37.0,-218.0,-85.0,-6.0,367.0,73.0
41.0,-218.0,-85.0,-28.0,381.0,71.0
40.0,-218.0,-89.0,-50.0,395.0,71.0
36.0,-221.0,-91.0,-73.0,407.0,74.0
32.0,-228.0,-98.0,-96.0,417.0,77.0
27.0,-232.0,-95.0,-120.0,422.0,80.0
22.0,-236.0,-97.0,-135.0,423.0,82.0
18.0,-244.0,-99.0,-139.0,419.0,84.0
19.0,-249.0,-92.0,-133.0,411.0,82.0
11.0,-251.0,-100.0,-119.0,397.0,81.0
12.0,-254.0,-102.0,-100.0,385.0,80.0
11.0,-259.0,-99.0,-80.0,375.0,80.0
11.0,-256.0,-105.0,-64.0,366.0,78.0
12.0,-253.0,-102.0,-47.0,358.0,75.0
13.0,-252.0,-99.0,-32.0,348.0,71.0
15.0,-246.0,-98.0,-17.0,336.0,67.0
15.0,-244.0,-97.0,-4.0,321.0,64.0
13.0,-238.0,-98.0,3.0,308.0,61.0
13.0,-233.0,-94.0,6.0,295.0,57.0
15.0,-238.0,-92.0,7.0,285.0,52.0
13.0,-235.0,-94.0,8.0,278.0,48.0
13.0,-234.0,-93.0,9.0,276.0,44.0
9.0,-228.0,-97.0,8.0,277.0,40.0
12.0,-232.0,-89.0,8.0,284.0,37.0
15.0,-235.0,-88.0,6.0,289.0,32.0
14.0,-237.0,-91.0,2.0,292.0,28.0
13.0,-237.0,-93.0,-1.0,296.0,22.0
15.0,-238.0,-94.0,0.0,298.0,15.0
14.0,-241.0,-93.0,-3.0,297.0,12.0
18.0,-241.0,-90.0,-4.0,295.0,12.0
21.0,-242.0,-92.0,-2.0,293.0,12.0
22.0,-243.0,-94.0,-1.0,293.0,17.0
21.0,-243.0,-89.0,0.0,291.0,20.0
22.0,-243.0,-88.0,2.0,291.0,25.0
23.0,-245.0,-86.0,4.0,290.0,29.0
24.0,-247.0,-87.0,6.0,290.0,33.0
20.0,-245.0,-87.0,11.0,290.0,36.0
19.0,-246.0,-91.0,12.0,289.0,40.0
17.0,-244.0,-87.0,8.0,289.0,44.0
18.0,-245.0,-86.0,1.0,286.0,44.0
15.0,-245.0,-88.0,-9.0,286.0,45.0
16.0,-244.0,-90.0,-14.0,282.0,44.0
18.0,-244.0,-87.0,-17.0,281.0,44.0
14.0,-242.0,-87.0,-16.0,277.0,45.0
14.0,-245.0,-88.0,-15.0,273.0,45.0
15.0,-244.0,-87.0,-16.0,267.0,44.0
13.0,-244.0,-88.0,-18.0,262.0,45.0
15.0,-245.0,-92.0,-23.0,256.0,46.0
16.0,-247.0,-90.0,-29.0,251.0,45.0
14.0,-242.0,-87.0,-34.0,249.0,47.0
16.0,-246.0,-86.0,-36.0,252.0,48.0
15.0,-243.0,-88.0,-36.0,260.0,49.0
16.0,-243.0,-86.0,-34.0,268.0,51.0
15.0,-240.0,-85.0,-33.0,278.0,53.0
17.0,-241.0,-87.0,-35.0,288.0,53.0
19.0,-242.0,-91.0,-37.0,299.0,54.0
18.0,-239.0,-90.0,-43.0,308.0,54.0
16.0,-238.0,-89.0,-48.0,317.0,54.0
18.0,-238.0,-85.0,-53.0,323.0,51.0
17.0,-242.0,-89.0,-59.0,329.0,49.0
15.0,-238.0,-88.0,-63.0,332.0,48.0
15.0,-239.0,-91.0,-67.0,332.0,46.0
17.0,-239.0,-91.0,-73.0,332.0,40.0
14.0,-243.0,-89.0,-73.0,331.0,38.0
16.0,-241.0,-90.0,-69.0,331.0,34.0
15.0,-245.0,-89.0,-64.0,333.0,31.0
14.0,-245.0,-92.0,-59.0,333.0,28.0
13.0,-245.0,-95.0,-55.0,332.0,23.0
12.0,-241.0,-93.0,-54.0,326.0,20.0
11.0,-241.0,-96.0,-57.0,315.0,15.0
10.0,-239.0,-95.0,-63.0,299.0,9.0
12.0,-241.0,-94.0,-73.0,280.0,3.0
11.0,-239.0,-96.0,-86.0,262.0,-2.0
10.0,-239.0,-91.0,-95.0,246.0,-7.0
11.0,-239.0,-95.0,-101.0,228.0,-11.0
9.0,-236.0,-91.0,-106.0,213.0,-15.0
13.0,-237.0,-92.0,-111.0,197.0,-18.0
13.0,-238.0,-91.0,-109.0,182.0,-21.0
13.0,-234.0,-96.0,-111.0,168.0,-23.0
14.0,-236.0,-93.0,-114.0,157.0,-24.0
13.0,-236.0,-94.0,-118.0,145.0,-24.0
16.0,-243.0,-94.0,-118.0,138.0,-24.0
16.0,-241.0,-95.0,-118.0,131.0,-20.0
17.0,-242.0,-97.0,-116.0,124.0,-19.0
17.0,-243.0,-99.0,-113.0,117.0,-18.0
20.0,-246.0,-97.0,-108.0,109.0,-19.0
18.0,-244.0,-97.0,-104.0,101.0,-21.0
21.0,-245.0,-99.0,-99.0,94.0,-23.0
24.0,-247.0,-98.0,-94.0,88.0,-24.0
21.0,-243.0,-101.0,-85.0,84.0,-27.0
26.0,-245.0,-100.0,-74.0,83.0,-31.0
22.0,-242.0,-99.0,-60.0,81.0,-34.0
18.0,-242.0,-99.0,-43.0,80.0,-37.0
19.0,-238.0,-99.0,-26.0,78.0,-40.0
15.0,-234.0,-102.0,-16.0,73.0,-41.0
16.0,-237.0,-100.0,-8.0,68.0,-41.0
18.0,-235.0,-95.0,-6.0,60.0,-45.0
13.0,-236.0,-99.0,-6.0,49.0,-47.0
16.0,-238.0,-99.0,-9.0,35.0,-48.0
12.0,-236.0,-93.0,-13.0,21.0,-49.0
15.0,-239.0,-99.0,-17.0,7.0,-51.0
11.0,-238.0,-101.0,-22.0,-9.0,-56.0
9.0,-239.0,-98.0,-25.0,-24.0,-61.0
12.0,-240.0,-98.0,-26.0,-38.0,-66.0
9.0,-236.0,-100.0,-26.0,-52.0,-71.0
12.0,-237.0,-98.0,-24.0,-65.0,-77.0
10.0,-238.0,-96.0,-20.0,-77.0,-84.0
13.0,-238.0,-95.0,-18.0,-90.0,-90.0
11.0,-236.0,-91.0,-16.0,-103.0,-96.0
13.0,-236.0,-94.0,-18.0,-116.0,-102.0
13.0,-236.0,-94.0,-20.0,-129.0,-107.0
13.0,-234.0,-94.0,-24.0,-138.0,-112.0
14.0,-237.0,-94.0,-30.0,-149.0,-116.0
13.0,-235.0,-94.0,-35.0,-156.0,-120.0
13.0,-240.0,-97.0,-38.0,-166.0,-122.0
11.0,-238.0,-94.0,-38.0,-174.0,-125.0
11.0,-235.0,-92.0,-34.0,-182.0,-125.0
12.0,-238.0,-93.0,-26.0,-188.0,-128.0
16.0,-240.0,-95.0,-16.0,-196.0,-129.0
14.0,-239.0,-95.0,-7.0,-201.0,-127.0
18.0,-241.0,-97.0,1.0,-205.0,-129.0
14.0,-237.0,-94.0,6.0,-209.0,-129.0
17.0,-241.0,-89.0,10.0,-211.0,-131.0
18.0,-238.0,-92.0,11.0,-215.0,-130.0
18.0,-243.0,-94.0,13.0,-217.0,-132.0
18.0,-242.0,-96.0,12.0,-222.0,-132.0
21.0,-245.0,-99.0,8.0,-222.0,-132.0
20.0,-245.0,-97.0,7.0,-219.0,-133.0
21.0,-241.0,-99.0,9.0,-210.0,-132.0
24.0,-246.0,-96.0,16.0,-199.0,-131.0
25.0,-245.0,-97.0,29.0,-187.0,-126.0
24.0,-237.0,-96.0,43.0,-171.0,-124.0
23.0,-246.0,-100.0,56.0,-156.0,-120.0
24.0,-241.0,-103.0,65.0,-141.0,-115.0
21.0,-240.0,-104.0,69.0,-124.0,-111.0
21.0,-240.0,-104.0,71.0,-106.0,-106.0
22.0,-241.0,-107.0,69.0,-91.0,-102.0
17.0,-235.0,-104.0,67.0,-77.0,-98.0
20.0,-239.0,-103.0,64.0,-63.0,-94.0
18.0,-236.0,-102.0,64.0,-51.0,-91.0
20.0,-237.0,-98.0,63.0,-42.0,-86.0
19.0,-236.0,-96.0,64.0,-36.0,-83.0
18.0,-237.0,-99.0,63.0,-31.0,-77.0
17.0,-236.0,-101.0,60.0,-29.0,-74.0
21.0,-240.0,-99.0,54.0,-30.0,-70.0
19.0,-239.0,-102.0,46.0,-30.0,-65.0
17.0,-241.0,-99.0,40.0,-34.0,-65.0
20.0,-240.0,-98.0,34.0,-37.0,-62.0
19.0,-241.0,-96.0,30.0,-40.0,-61.0
17.0,-241.0,-101.0,28.0,-40.0,-58.0
20.0,-243.0,-101.0,29.0,-39.0,-54.0
17.0,-244.0,-99.0,31.0,-36.0,-52.0
21.0,-250.0,-100.0,36.0,-32.0,-52.0
19.0,-243.0,-99.0,40.0,-27.0,-50.0
20.0,-243.0,-98.0,46.0,-25.0,-47.0
19.0,-238.0,-99.0,52.0,-20.0,-44.0
20.0,-240.0,-96.0,57.0,-18.0,-44.0
17.0,-238.0,-95.0,62.0,-16.0,-44.0
20.0,-236.0,-93.0,62.0,-18.0,-41.0
18.0,-234.0,-94.0,56.0,-21.0,-42.0
20.0,-233.0,-93.0,47.0,-23.0,-43.0
21.0,-235.0,-90.0,33.0,-28.0,-45.0
21.0,-235.0,-94.0,21.0,-30.0,-43.0
20.0,-235.0,-90.0,13.0,-33.0,-45.0
20.0,-236.0,-95.0,10.0,-34.0,-44.0
22.0,-239.0,-88.0,15.0,-35.0,-45.0
24.0,-241.0,-88.0,18.0,-34.0,-46.0
24.0,-241.0,-94.0,22.0,-31.0,-45.0
26.0,-245.0,-95.0,23.0,-28.0,-47.0
26.0,-242.0,-92.0,27.0,-23.0,-45.0
25.0,-243.0,-97.0,34.0,-20.0,-45.0
30.0,-245.0,-95.0,43.0,-16.0,-46.0
28.0,-239.0,-98.0,54.0,-12.0,-45.0
28.0,-240.0,-96.0,63.0,-8.0,-44.0
22.0,-239.0,-103.0,71.0,-7.0,-46.0
26.0,-241.0,-100.0,77.0,-8.0,-44.0
23.0,-238.0,-97.0,81.0,-9.0,-44.0
20.0,-239.0,-100.0,85.0,-7.0,-44.0
19.0,-236.0,-99.0,88.0,-7.0,-46.0
18.0,-240.0,-100.0,92.0,-10.0,-47.0
21.0,-238.0,-97.0,93.0,-9.0,-48.0
19.0,-238.0,-97.0,96.0,-6.0,-48.0
23.0,-238.0,-99.0,100.0,-1.0,-51.0
21.0,-237.0,-92.0,103.0,3.0,-50.0
23.0,-237.0,-97.0,107.0,9.0,-48.0
26.0,-239.0,-93.0,107.0,14.0,-48.0
28.0,-236.0,-92.0,101.0,17.0,-49.0
27.0,-237.0,-91.0,88.0,18.0,-51.0
29.0,-236.0,-95.0,73.0,16.0,-50.0
30.0,-240.0,-90.0,59.0,14.0,-51.0
34.0,-238.0,-92.0,49.0,12.0,-50.0
30.0,-236.0,-95.0,43.0,11.0,-50.0
30.0,-235.0,-93.0,42.0,13.0,-50.0
29.0,-233.0,-95.0,43.0,13.0,-47.0
28.0,-234.0,-93.0,45.0,14.0,-45.0
30.0,-238.0,-96.0,45.0,17.0,-44.0
35.0,-237.0,-96.0,41.0,21.0,-42.0
30.0,-239.0,-98.0,32.0,27.0,-40.0
34.0,-240.0,-95.0,24.0,34.0,-40.0
34.0,-238.0,-100.0,17.0,43.0,-39.0
34.0,-238.0,-94.0,10.0,53.0,-37.0
37.0,-241.0,-91.0,7.0,68.0,-33.0
37.0,-241.0,-92.0,4.0,85.0,-27.0
36.0,-242.0,-99.0,-1.0,100.0,-25.0
40.0,-243.0,-97.0,-5.0,115.0,-24.0
36.0,-243.0,-93.0,-12.0,131.0,-24.0
39.0,-240.0,-96.0,-18.0,147.0,-22.0
39.0,-241.0,-96.0,-18.0,164.0,-21.0
