-13.0,-255.0,24.0,-50.0,90.0,-5.0
-12.0,-254.0,27.0,-48.0,89.0,-6.0
-14.0,-252.0,24.0,-44.0,87.0,-7.0
-10.0,-253.0,20.0,-41.0,90.0,-7.0
-12.0,-251.0,21.0,-42.0,92.0,-9.0
-14.0,-253.0,24.0,-47.0,96.0,-9.0
-13.0,-253.0,20.0,-50.0,99.0,-10.0
-15.0,-258.0,25.0,-54.0,102.0,-9.0
-15.0,-261.0,25.0,-54.0,104.0,-9.0
-13.0,-255.0,23.0,-53.0,104.0,-10.0
-13.0,-258.0,22.0,-52.0,103.0,-9.0
-12.0,-258.0,24.0,-52.0,100.0,-9.0
-15.0,-255.0,24.0,-51.0,99.0,-8.0
-14.0,-254.0,23.0,-48.0,96.0,-9.0
-16.0,-253.0,21.0,-44.0,97.0,-9.0
-17.0,-253.0,21.0,-45.0,97.0,-9.0
-16.0,-253.0,18.0,-46.0,101.0,-7.0
-14.0,-254.0,25.0,-51.0,102.0,-6.0
-15.0,-256.0,22.0,-54.0,103.0,-6.0
-15.0,-255.0,23.0,-54.0,102.0,-5.0
-15.0,-255.0,25.0,-53.0,99.0,-4.0
-16.0,-253.0,22.0,-52.0,99.0,-4.0
-14.0,-256.0,22.0,-50.0,97.0,-7.0
-14.0,-257.0,21.0,-48.0,95.0,-6.0
-15.0,-254.0,23.0,-47.0,93.0,-8.0
-17.0,-252.0,20.0,-46.0,92.0,-7.0
-16.0,-256.0,22.0,-45.0,89.0,-6.0
-16.0,-256.0,23.0,-46.0,85.0,-6.0
-18.0,-257.0,19.0,-45.0,82.0,-5.0
-18.0,-254.0,21.0,-45.0,77.0,-2.0
-15.0,-256.0,21.0,-42.0,73.0,1.0
-20.0,-249.0,24.0,-39.0,72.0,4.0
-15.0,-256.0,23.0,-36.0,70.0,6.0
-16.0,-257.0,22.0,-34.0,69.0,8.0
-19.0,-255.0,20.0,-35.0,67.0,11.0
-18.0,-253.0,19.0,-38.0,66.0,10.0
-13.0,-257.0,20.0,-41.0,66.0,11.0
-13.0,-254.0,17.0,-42.0,64.0,12.0
-13.0,-256.0,20.0,-42.0,64.0,11.0
-13.0,-253.0,19.0,-41.0,62.0,10.0
-17.0,-252.0,21.0,-39.0,59.0,9.0
-14.0,-254.0,21.0,-39.0,57.0,7.0
-14.0,-254.0,18.0,-37.0,56.0,6.0
-17.0,-253.0,20.0,-36.0,53.0,6.0
-16.0,-253.0,22.0,-35.0,52.0,4.0
-16.0,-255.0,25.0,-35.0,54.0,3.0
-15.0,-252.0,20.0,-38.0,54.0,4.0
-14.0,-253.0,23.0,-39.0,55.0,5.0
-14.0,-256.0,22.0,-39.0,55.0,7.0
-14.0,-256.0,21.0,-37.0,57.0,8.0
-15.0,-253.0,20.0,-35.0,60.0,9.0
-13.0,-254.0,25.0,-34.0,61.0,10.0
-9.0,-254.0,19.0,-34.0,63.0,10.0
-11.0,-256.0,18.0,-38.0,66.0,8.0
-13.0,-254.0,20.0,-39.0,67.0,5.0
-12.0,-251.0,18.0,-37.0,65.0,4.0
-10.0,-252.0,23.0,-37.0,65.0,2.0
-14.0,-252.0,22.0,-34.0,65.0,-1.0
-13.0,-251.0,20.0,-37.0,63.0,-4.0
-10.0,-251.0,25.0,-40.0,63.0,-6.0
-12.0,-252.0,20.0,-42.0,65.0,-7.0
-14.0,-251.0,21.0,-44.0,67.0,-7.0
-16.0,-255.0,25.0,-48.0,65.0,-6.0
-15.0,-256.0,19.0,-46.0,61.0,-3.0
-15.0,-256.0,19.0,-47.0,62.0,-3.0
-18.0,-254.0,17.0,-46.0,60.0,-1.0
-14.0,-259.0,17.0,-44.0,61.0,1.0
-14.0,-258.0,19.0,-42.0,62.0,2.0
-13.0,-257.0,19.0,-42.0,62.0,2.0
-16.0,-254.0,21.0,-41.0,64.0,3.0
-15.0,-254.0,21.0,-41.0,65.0,3.0
-12.0,-256.0,17.0,-42.0,63.0,3.0
-13.0,-260.0,18.0,-43.0,59.0,3.0
-21.0,-258.0,17.0,-44.0,56.0,4.0
-15.0,-256.0,17.0,-40.0,56.0,4.0
-14.0,-255.0,23.0,-34.0,57.0,2.0
-13.0,-257.0,19.0,-29.0,59.0,-1.0
-13.0,-252.0,18.0,-26.0,60.0,-2.0
-14.0,-252.0,15.0,-29.0,61.0,-3.0
-10.0,-253.0,18.0,-31.0,64.0,-2.0
-10.0,-255.0,17.0,-37.0,67.0,-3.0
-12.0,-255.0,15.0,-39.0,69.0,-3.0
-12.0,-258.0,15.0,-40.0,72.0,-1.0
-10.0,-255.0,12.0,-40.0,74.0,-1.0
-11.0,-256.0,16.0,-40.0,73.0,-2.0
-14.0,-255.0,15.0,-43.0,74.0,-1.0
-12.0,-256.0,14.0,-42.0,76.0,-3.0
-12.0,-257.0,19.0,-42.0,80.0,-2.0
-14.0,-256.0,14.0,-36.0,83.0,-3.0
-12.0,-252.0,15.0,-35.0,86.0,-3.0
-13.0,-254.0,19.0,-37.0,85.0,-5.0
-15.0,-251.0,17.0,-41.0,89.0,-5.0
-12.0,-252.0,12.0,-45.0,91.0,-6.0
-12.0,-251.0,15.0,-46.0,93.0,-7.0
-16.0,-254.0,17.0,-48.0,92.0,-9.0
-17.0,-256.0,8.0,-51.0,94.0,-9.0
-12.0,-252.0,10.0,-54.0,101.0,-12.0
-17.0,-254.0,14.0,-56.0,106.0,-11.0
-14.0,-255.0,11.0,-59.0,102.0,-12.0
-16.0,-254.0,11.0,-60.0,98.0,-13.0
-12.0,-257.0,9.0,-59.0,101.0,-14.0
-14.0,-253.0,5.0,-54.0,109.0,-14.0
-14.0,-255.0,5.0,-53.0,114.0,-12.0
-14.0,-255.0,6.0,-56.0,113.0,-8.0
-14.0,-255.0,3.0,-64.0,111.0,-4.0
-14.0,-257.0,4.0,-73.0,110.0,0.0
-22.0,-253.0,-1.0,-80.0,109.0,1.0
-23.0,-252.0,0.0,-87.0,102.0,1.0
-23.0,-250.0,-3.0,-91.0,94.0,-1.0
-22.0,-246.0,-4.0,-92.0,90.0,-4.0
-19.0,-251.0,-4.0,-94.0,87.0,-7.0
-22.0,-248.0,-2.0,-94.0,91.0,-11.0
-23.0,-247.0,-6.0,-96.0,94.0,-10.0
-21.0,-246.0,-4.0,-103.0,87.0,-2.0
-25.0,-246.0,-14.0,-119.0,74.0,8.0
-26.0,-245.0,-17.0,-146.0,66.0,14.0
-28.0,-245.0,-20.0,-175.0,66.0,17.0
-33.0,-249.0,-26.0,-198.0,60.0,21.0
-32.0,-244.0,-19.0,-216.0,39.0,26.0
-30.0,-246.0,-20.0,-229.0,12.0,31.0
-30.0,-247.0,-20.0,-244.0,-12.0,29.0
-30.0,-248.0,-20.0,-258.0,-24.0,27.0
-31.0,-246.0,-26.0,-270.0,-29.0,26.0
-32.0,-242.0,-30.0,-277.0,-34.0,24.0
-32.0,-236.0,-32.0,-285.0,-40.0,19.0
-33.0,-227.0,-39.0,-292.0,-50.0,10.0
-33.0,-217.0,-45.0,-310.0,-62.0,-5.0
-30.0,-211.0,-50.0,-334.0,-73.0,-28.0
-30.0,-199.0,-59.0,-363.0,-84.0,-53.0
-27.0,-185.0,-64.0,-400.0,-95.0,-78.0
-21.0,-175.0,-74.0,-447.0,-107.0,-104.0
-21.0,-153.0,-85.0,-506.0,-118.0,-134.0
-14.0,-139.0,-98.0,-582.0,-124.0,-161.0
-7.0,-117.0,-103.0,-674.0,-127.0,-189.0
6.0,-105.0,-107.0,-771.0,-125.0,-221.0
1.0,-79.0,-112.0,-868.0,-118.0,-270.0
0.0,-65.0,-120.0,-951.0,-89.0,-300.0
14.0,-34.0,-99.0,-1038.0,-57.0,-320.0
10.0,-23.0,-108.0,-1085.0,-35.0,-342.0
29.0,8.0,-76.0,-1150.0,9.0,-362.0
35.0,24.0,-73.0,-1175.0,43.0,-387.0
40.0,21.0,-77.0,-1201.0,54.0,-382.0
52.0,54.0,-34.0,-1243.0,45.0,-355.0
50.0,62.0,-34.0,-1189.0,39.0,-323.0
53.0,66.0,-30.0,-1102.0,90.0,-273.0
40.0,69.0,-14.0,-1043.0,150.0,-205.0
34.0,66.0,16.0,-1022.0,196.0,-132.0
18.0,47.0,29.0,-1037.0,212.0,-62.0
10.0,22.0,37.0,-1105.0,186.0,12.0
20.0,-9.0,47.0,-1205.0,149.0,107.0
34.0,-48.0,59.0,-1313.0,135.0,193.0
42.0,-85.0,76.0,-1417.0,149.0,251.0
38.0,-127.0,109.0,-1469.0,178.0,263.0
27.0,-176.0,121.0,-1378.0,208.0,234.0
27.0,-213.0,110.0,-1163.0,224.0,166.0
4.0,-247.0,73.0,-866.0,224.0,61.0
-1.0,-302.0,45.0,-555.0,252.0,-25.0
-13.0,-366.0,39.0,-188.0,309.0,-126.0
-10.0,-414.0,35.0,285.0,412.0,-262.0
3.0,-433.0,36.0,706.0,503.0,-379.0
40.0,-433.0,28.0,879.0,487.0,-456.0
53.0,-428.0,29.0,766.0,384.0,-567.0
47.0,-429.0,46.0,511.0,276.0,-692.0
35.0,-453.0,110.0,343.0,283.0,-742.0
21.0,-491.0,197.0,447.0,402.0,-689.0
5.0,-560.0,184.0,848.0,522.0,-526.0
-7.0,-602.0,139.0,1228.0,516.0,-310.0
15.0,-655.0,39.0,1280.0,365.0,-76.0
32.0,-739.0,9.0,782.0,199.0,123.0
26.0,-859.0,109.0,142.0,232.0,275.0
-10.0,-982.0,230.0,-95.0,420.0,342.0
-74.0,-1079.0,261.0,140.0,578.0,327.0
-129.0,-1159.0,245.0,438.0,615.0,291.0
-171.0,-1231.0,226.0,463.0,578.0,265.0
-188.0,-1297.0,202.0,194.0,524.0,242.0
-181.0,-1293.0,196.0,-233.0,466.0,190.0
-152.0,-1275.0,144.0,-479.0,383.0,124.0
-116.0,-1238.0,89.0,-341.0,300.0,58.0
-66.0,-1190.0,64.0,144.0,254.0,-5.0
-5.0,-1138.0,54.0,897.0,263.0,-67.0
31.0,-1050.0,59.0,1715.0,291.0,-94.0
31.0,-961.0,53.0,2462.0,315.0,-98.0
56.0,-844.0,43.0,2985.0,330.0,-119.0
79.0,-700.0,32.0,3038.0,456.0,-194.0
56.0,-568.0,10.0,2499.0,594.0,-309.0
25.0,-478.0,-9.0,1552.0,527.0,-366.0
25.0,-461.0,-42.0,535.0,315.0,-334.0
29.0,-428.0,-61.0,-132.0,128.0,-288.0
11.0,-419.0,-123.0,-286.0,54.0,-241.0
-11.0,-406.0,-172.0,-333.0,94.0,-163.0
-52.0,-431.0,-231.0,-501.0,165.0,-80.0
-89.0,-373.0,-181.0,-864.0,190.0,22.0
-123.0,-335.0,-174.0,-964.0,124.0,99.0
-140.0,-334.0,-201.0,-860.0,-23.0,179.0
-150.0,-298.0,-235.0,-766.0,-230.0,227.0
-141.0,-277.0,-207.0,-854.0,-428.0,288.0
-127.0,-267.0,-94.0,-932.0,-584.0,366.0
-88.0,-249.0,55.0,-707.0,-672.0,411.0
-52.0,-249.0,157.0,-74.0,-723.0,373.0
-29.0,-182.0,107.0,765.0,-736.0,297.0
19.0,-114.0,33.0,1438.0,-726.0,252.0
44.0,-30.0,-45.0,1786.0,-685.0,205.0
51.0,51.0,-126.0,1830.0,-578.0,144.0
35.0,91.0,-229.0,1620.0,-428.0,78.0
-11.0,100.0,-320.0,1124.0,-238.0,56.0
27.0,148.0,-353.0,333.0,-62.0,66.0
42.0,204.0,-340.0,-404.0,88.0,-40.0
55.0,248.0,-319.0,-820.0,222.0,-263.0
61.0,279.0,-292.0,-986.0,291.0,-511.0
24.0,265.0,-276.0,-1092.0,266.0,-626.0
61.0,141.0,-226.0,-1374.0,217.0,-444.0
73.0,26.0,-163.0,-1822.0,140.0,-280.0
52.0,-91.0,-84.0,-2183.0,69.0,-315.0
23.0,-196.0,-2.0,-2283.0,67.0,-406.0
-8.0,-272.0,62.0,-2081.0,87.0,-446.0
-42.0,-336.0,85.0,-1625.0,85.0,-390.0
-54.0,-348.0,91.0,-1077.0,46.0,-252.0
-53.0,-315.0,88.0,-465.0,-36.0,-147.0
-48.0,-240.0,83.0,137.0,-119.0,-107.0
-41.0,-137.0,66.0,610.0,-170.0,-87.0
-30.0,-26.0,35.0,824.0,-203.0,-83.0
-20.0,67.0,4.0,764.0,-217.0,-87.0
-10.0,136.0,-19.0,546.0,-197.0,-96.0
0.0,186.0,-24.0,290.0,-136.0,-92.0
8.0,210.0,-14.0,68.0,-66.0,-73.0
16.0,204.0,-15.0,-111.0,-8.0,-70.0
15.0,182.0,-5.0,-275.0,43.0,-119.0
22.0,155.0,11.0,-446.0,85.0,-186.0
21.0,120.0,21.0,-594.0,118.0,-227.0
22.0,79.0,34.0,-700.0,151.0,-226.0
19.0,49.0,44.0,-747.0,187.0,-181.0
16.0,14.0,37.0,-726.0,220.0,-118.0
16.0,-8.0,31.0,-663.0,242.0,-62.0
14.0,-25.0,19.0,-587.0,254.0,-26.0
15.0,-29.0,3.0,-522.0,263.0,-9.0
19.0,-27.0,-2.0,-482.0,278.0,-11.0
22.0,-17.0,-12.0,-465.0,301.0,-24.0
26.0,-10.0,-21.0,-466.0,335.0,-36.0
27.0,-5.0,-23.0,-480.0,378.0,-50.0
22.0,1.0,-26.0,-498.0,423.0,-66.0
19.0,-2.0,-28.0,-508.0,468.0,-79.0
13.0,-1.0,-29.0,-506.0,505.0,-84.0
6.0,1.0,-27.0,-499.0,524.0,-85.0
2.0,-5.0,-20.0,-498.0,525.0,-85.0
-8.0,-3.0,-19.0,-501.0,510.0,-78.0
-6.0,-7.0,-18.0,-511.0,484.0,-60.0
-9.0,-7.0,-6.0,-521.0,450.0,-36.0
-10.0,-7.0,1.0,-528.0,415.0,-8.0
-12.0,-9.0,3.0,-528.0,382.0,25.0
-16.0,-10.0,4.0,-524.0,349.0,63.0
-14.0,-14.0,7.0,-520.0,318.0,100.0
-15.0,-10.0,6.0,-519.0,284.0,136.0
-17.0,-8.0,4.0,-523.0,252.0,167.0
-15.0,-7.0,4.0,-528.0,227.0,195.0
-16.0,-4.0,3.0,-530.0,208.0,216.0
-9.0,-2.0,-3.0,-534.0,200.0,229.0
-5.0,2.0,-8.0,-540.0,204.0,241.0
0.0,5.0,-14.0,-546.0,219.0,252.0
0.0,8.0,-17.0,-551.0,247.0,258.0
4.0,6.0,-22.0,-560.0,283.0,260.0
5.0,7.0,-25.0,-570.0,325.0,259.0
9.0,1.0,-31.0,-578.0,370.0,257.0
11.0,-6.0,-35.0,-588.0,413.0,252.0
13.0,-15.0,-32.0,-599.0,451.0,240.0
14.0,-26.0,-35.0,-609.0,483.0,222.0
11.0,-35.0,-32.0,-600.0,510.0,198.0
7.0,-45.0,-29.0,-568.0,530.0,173.0
9.0,-49.0,-37.0,-515.0,547.0,150.0
14.0,-60.0,-23.0,-448.0,563.0,125.0
14.0,-59.0,-23.0,-367.0,580.0,96.0
21.0,-63.0,-16.0,-270.0,604.0,60.0
30.0,-64.0,-16.0,-166.0,635.0,17.0
38.0,-57.0,-10.0,-57.0,665.0,-25.0
44.0,-53.0,-9.0,60.0,700.0,-69.0
54.0,-44.0,-5.0,189.0,729.0,-111.0
62.0,-45.0,-3.0,342.0,756.0,-152.0
70.0,-45.0,9.0,542.0,788.0,-194.0
95.0,-49.0,11.0,795.0,831.0,-241.0
109.0,-63.0,-13.0,1080.0,877.0,-297.0
100.0,-84.0,3.0,1383.0,928.0,-348.0
143.0,-121.0,-24.0,1772.0,1007.0,-356.0
90.0,-162.0,-67.0,2216.0,995.0,-355.0
16.0,-242.0,81.0,2598.0,922.0,-253.0
-64.0,-270.0,100.0,3170.0,644.0,112.0
-129.0,-262.0,-35.0,3636.0,-236.0,471.0
-120.0,-308.0,-214.0,3483.0,-1257.0,661.0
-81.0,-343.0,-388.0,2775.0,-1547.0,730.0
-43.0,-386.0,-563.0,1500.0,-709.0,702.0
-73.0,-438.0,-620.0,-160.0,559.0,579.0
-234.0,-534.0,-397.0,-1771.0,1373.0,441.0
-322.0,-802.0,45.0,-2743.0,1388.0,469.0
-271.0,-931.0,307.0,-2534.0,899.0,749.0
-183.0,-980.0,128.0,-1402.0,199.0,1060.0
-69.0,-1017.0,-188.0,-537.0,-430.0,1172.0
66.0,-1039.0,-464.0,-682.0,-693.0,1065.0
165.0,-1045.0,-484.0,-1830.0,-507.0,753.0
294.0,-1227.0,-22.0,-3022.0,182.0,356.0
274.0,-1204.0,699.0,-2746.0,1079.0,-61.0
122.0,-1147.0,714.0,195.0,1618.0,-201.0
10.0,-1044.0,497.0,3364.0,1757.0,163.0
-117.0,-855.0,388.0,4273.0,1809.0,527.0
-217.0,-767.0,82.0,3069.0,1489.0,508.0
-248.0,-715.0,-5.0,1112.0,941.0,283.0
-243.0,-723.0,78.0,-421.0,502.0,127.0
-191.0,-754.0,179.0,-727.0,325.0,82.0
-167.0,-708.0,172.0,150.0,292.0,33.0
-148.0,-596.0,139.0,1342.0,318.0,-55.0
-135.0,-508.0,85.0,1964.0,261.0,-156.0
-101.0,-370.0,85.0,1824.0,66.0,-236.0
-64.0,-287.0,-2.0,1423.0,-165.0,-294.0
-50.0,-257.0,-75.0,862.0,-347.0,-299.0
-34.0,-228.0,-88.0,251.0,-447.0,-221.0
-27.0,-247.0,-96.0,-159.0,-484.0,-85.0
-10.0,-268.0,-85.0,-380.0,-512.0,77.0
-1.0,-297.0,-62.0,-501.0,-552.0,192.0
25.0,-319.0,-45.0,-576.0,-565.0,250.0
60.0,-341.0,-29.0,-619.0,-543.0,255.0
80.0,-353.0,-33.0,-620.0,-502.0,239.0
97.0,-362.0,-41.0,-595.0,-438.0,229.0
97.0,-371.0,-50.0,-564.0,-363.0,219.0
93.0,-384.0,-39.0,-573.0,-263.0,195.0
75.0,-394.0,-37.0,-612.0,-168.0,128.0
72.0,-363.0,22.0,-645.0,-99.0,47.0
63.0,-353.0,16.0,-484.0,-115.0,-3.0
68.0,-328.0,7.0,-278.0,-139.0,-5.0
67.0,-286.0,15.0,-131.0,-149.0,-27.0
71.0,-253.0,5.0,18.0,-141.0,-50.0
71.0,-208.0,5.0,101.0,-104.0,-59.0
66.0,-158.0,0.0,150.0,-48.0,-59.0
61.0,-111.0,-5.0,176.0,22.0,-61.0
47.0,-75.0,-17.0,160.0,85.0,-66.0
38.0,-46.0,-23.0,99.0,142.0,-67.0
24.0,-36.0,-32.0,14.0,183.0,-70.0
19.0,-38.0,-38.0,-111.0,201.0,-71.0
19.0,-50.0,-26.0,-252.0,216.0,-71.0
19.0,-64.0,-15.0,-346.0,236.0,-74.0
19.0,-82.0,-3.0,-366.0,233.0,-89.0
20.0,-94.0,1.0,-334.0,212.0,-121.0
16.0,-104.0,5.0,-291.0,195.0,-149.0
14.0,-114.0,-1.0,-256.0,206.0,-152.0
13.0,-123.0,5.0,-235.0,224.0,-137.0
6.0,-127.0,-1.0,-204.0,237.0,-129.0
7.0,-134.0,1.0,-159.0,242.0,-113.0
0.0,-141.0,-2.0,-97.0,235.0,-90.0
9.0,-150.0,-3.0,-36.0,218.0,-62.0
13.0,-157.0,-10.0,21.0,213.0,-43.0
18.0,-167.0,-5.0,77.0,231.0,-22.0
13.0,-171.0,-7.0,128.0,269.0,-14.0
11.0,-177.0,-8.0,182.0,322.0,-9.0
10.0,-184.0,-10.0,237.0,381.0,-3.0
5.0,-194.0,-13.0,276.0,437.0,-1.0
0.0,-200.0,-13.0,299.0,482.0,-4.0
-3.0,-209.0,-20.0,306.0,512.0,-9.0
-15.0,-213.0,-29.0,303.0,523.0,-21.0
-21.0,-216.0,-42.0,296.0,517.0,-40.0
-24.0,-218.0,-53.0,287.0,498.0,-62.0
-26.0,-219.0,-71.0,274.0,474.0,-85.0
-36.0,-225.0,-84.0,253.0,453.0,-99.0
-45.0,-231.0,-88.0,234.0,436.0,-73.0
-39.0,-240.0,-86.0,217.0,414.0,-72.0
-57.0,-242.0,-87.0,233.0,365.0,-125.0
-57.0,-255.0,-81.0,232.0,318.0,-118.0
-35.0,-272.0,-55.0,168.0,253.0,-65.0
-32.0,-282.0,-43.0,96.0,174.0,-33.0
-29.0,-283.0,-35.0,59.0,141.0,-28.0
-34.0,-283.0,-36.0,57.0,134.0,-46.0
-34.0,-290.0,-28.0,68.0,141.0,-14.0
-34.0,-298.0,-18.0,80.0,143.0,38.0
-35.0,-298.0,-17.0,116.0,127.0,62.0
-36.0,-287.0,-15.0,173.0,102.0,69.0
-36.0,-280.0,-20.0,226.0,75.0,80.0
-34.0,-272.0,-23.0,242.0,45.0,91.0
-38.0,-268.0,-22.0,211.0,16.0,109.0
-47.0,-265.0,-23.0,150.0,-18.0,141.0
-54.0,-274.0,-21.0,81.0,-57.0,186.0
-64.0,-289.0,-18.0,22.0,-102.0,230.0
-66.0,-293.0,-19.0,-14.0,-157.0,256.0
-69.0,-304.0,-20.0,-24.0,-225.0,262.0
-68.0,-308.0,-14.0,-21.0,-296.0,251.0
-71.0,-310.0,-14.0,-10.0,-359.0,240.0
-68.0,-308.0,-22.0,3.0,-406.0,226.0
-67.0,-299.0,-19.0,16.0,-444.0,209.0
-59.0,-292.0,-24.0,15.0,-474.0,183.0
-55.0,-286.0,-26.0,-7.0,-498.0,160.0
-45.0,-280.0,-20.0,-39.0,-520.0,138.0
-34.0,-282.0,-24.0,-64.0,-547.0,126.0
-30.0,-276.0,-20.0,-78.0,-577.0,114.0
-21.0,-273.0,-19.0,-81.0,-603.0,100.0
-17.0,-266.0,-19.0,-76.0,-621.0,90.0
-13.0,-265.0,-20.0,-72.0,-632.0,84.0
-10.0,-258.0,-18.0,-67.0,-639.0,82.0
-5.0,-254.0,-18.0,-62.0,-641.0,83.0
-4.0,-249.0,-19.0,-47.0,-640.0,84.0
-6.0,-248.0,-18.0,-27.0,-635.0,88.0
-1.0,-248.0,-22.0,-3.0,-626.0,93.0
4.0,-248.0,-21.0,20.0,-614.0,99.0
6.0,-236.0,-28.0,41.0,-605.0,106.0
2.0,-241.0,-18.0,61.0,-596.0,112.0
-2.0,-238.0,-15.0,85.0,-594.0,117.0
0.0,-231.0,-16.0,107.0,-598.0,120.0
-2.0,-229.0,-20.0,122.0,-601.0,118.0
-4.0,-226.0,-17.0,130.0,-595.0,114.0
1.0,-225.0,-18.0,134.0,-579.0,111.0
-2.0,-225.0,-17.0,133.0,-554.0,104.0
-2.0,-226.0,-12.0,128.0,-531.0,97.0
-6.0,-229.0,-14.0,117.0,-511.0,92.0
-4.0,-236.0,-18.0,105.0,-495.0,86.0
-11.0,-236.0,-13.0,98.0,-482.0,86.0
-12.0,-237.0,-10.0,98.0,-475.0,87.0
-11.0,-244.0,-7.0,102.0,-475.0,88.0
-13.0,-245.0,-3.0,116.0,-480.0,89.0
-15.0,-246.0,-8.0,132.0,-480.0,96.0
-13.0,-244.0,-5.0,140.0,-473.0,103.0
-16.0,-245.0,-7.0,147.0,-458.0,106.0
-19.0,-243.0,0.0,153.0,-445.0,107.0
-18.0,-244.0,-6.0,161.0,-435.0,109.0
-19.0,-242.0,-3.0,173.0,-430.0,113.0
-17.0,-242.0,-1.0,184.0,-431.0,117.0
-20.0,-235.0,-7.0,195.0,-433.0,118.0
-16.0,-244.0,-5.0,201.0,-433.0,116.0
-16.0,-245.0,-6.0,196.0,-430.0,113.0
-16.0,-251.0,-8.0,186.0,-429.0,108.0
-18.0,-255.0,-10.0,175.0,-430.0,94.0
-20.0,-261.0,-7.0,169.0,-429.0,79.0
-20.0,-266.0,-8.0,168.0,-423.0,63.0
-20.0,-274.0,-5.0,172.0,-414.0,48.0
-22.0,-276.0,-11.0,183.0,-402.0,30.0
-25.0,-275.0,-8.0,198.0,-387.0,14.0
-25.0,-280.0,-7.0,213.0,-372.0,3.0
-26.0,-282.0,-7.0,223.0,-354.0,2.0
-25.0,-280.0,-5.0,234.0,-339.0,3.0
-24.0,-282.0,0.0,246.0,-332.0,11.0
-22.0,-280.0,0.0,257.0,-330.0,24.0
-19.0,-281.0,-6.0,259.0,-331.0,45.0
-14.0,-280.0,-6.0,255.0,-331.0,69.0
-15.0,-279.0,-11.0,248.0,-332.0,95.0
-17.0,-276.0,-12.0,241.0,-331.0,123.0
-18.0,-270.0,-19.0,230.0,-333.0,145.0
-16.0,-264.0,-20.0,215.0,-336.0,163.0
-10.0,-266.0,-22.0,193.0,-339.0,172.0
-9.0,-256.0,-19.0,170.0,-335.0,178.0
-4.0,-253.0,-19.0,150.0,-317.0,179.0
-3.0,-253.0,-12.0,133.0,-291.0,175.0
-8.0,-251.0,-6.0,125.0,-265.0,165.0
-10.0,-250.0,-6.0,122.0,-243.0,155.0
-9.0,-250.0,-2.0,121.0,-225.0,143.0
-7.0,-251.0,-5.0,116.0,-214.0,128.0
-9.0,-249.0,-6.0,114.0,-205.0,113.0
-6.0,-249.0,-3.0,116.0,-199.0,99.0
-7.0,-248.0,-4.0,119.0,-190.0,86.0
-12.0,-249.0,-7.0,117.0,-181.0,76.0
-12.0,-247.0,-3.0,111.0,-171.0,68.0
-15.0,-247.0,-3.0,106.0,-163.0,64.0
-16.0,-249.0,-2.0,103.0,-150.0,61.0
-15.0,-249.0,6.0,97.0,-137.0,56.0
-15.0,-248.0,5.0,105.0,-133.0,57.0
-11.0,-249.0,1.0,121.0,-129.0,57.0
-15.0,-247.0,2.0,124.0,-118.0,57.0
-13.0,-248.0,2.0,114.0,-105.0,59.0
-13.0,-249.0,0.0,106.0,-96.0,61.0
-16.0,-252.0,1.0,100.0,-96.0,65.0
-18.0,-258.0,12.0,96.0,-97.0,66.0
-17.0,-256.0,7.0,93.0,-95.0,62.0
-18.0,-260.0,11.0,91.0,-92.0,56.0
-21.0,-261.0,11.0,95.0,-87.0,49.0
-16.0,-260.0,22.0,108.0,-85.0,38.0
-20.0,-263.0,18.0,129.0,-83.0,25.0
-20.0,-261.0,22.0,151.0,-80.0,12.0
-18.0,-263.0,17.0,168.0,-75.0,-1.0
-20.0,-263.0,21.0,176.0,-70.0,-12.0
-16.0,-264.0,16.0,182.0,-68.0,-21.0
-13.0,-265.0,12.0,191.0,-69.0,-31.0
-13.0,-259.0,12.0,201.0,-71.0,-35.0
-11.0,-257.0,15.0,204.0,-72.0,-39.0
-16.0,-252.0,13.0,201.0,-68.0,-39.0
-20.0,-251.0,16.0,188.0,-61.0,-39.0
-21.0,-252.0,13.0,172.0,-56.0,-35.0
-20.0,-252.0,14.0,161.0,-54.0,-31.0
-16.0,-252.0,13.0,156.0,-49.0,-28.0
-15.0,-252.0,9.0,155.0,-40.0,-24.0
-16.0,-251.0,10.0,156.0,-30.0,-20.0
-16.0,-253.0,10.0,153.0,-26.0,-17.0
-15.0,-252.0,9.0,148.0,-23.0,-14.0
-19.0,-253.0,6.0,139.0,-21.0,-9.0
-16.0,-252.0,13.0,131.0,-17.0,-9.0
-19.0,-248.0,15.0,125.0,-17.0,-11.0
-18.0,-253.0,19.0,118.0,-19.0,-13.0
-18.0,-250.0,12.0,110.0,-19.0,-17.0
-18.0,-251.0,16.0,105.0,-15.0,-22.0
-16.0,-253.0,14.0,102.0,-9.0,-29.0
-16.0,-250.0,14.0,99.0,-2.0,-33.0
-18.0,-253.0,11.0,96.0,9.0,-36.0
-17.0,-251.0,13.0,90.0,21.0,-40.0
-18.0,-250.0,10.0,81.0,30.0,-41.0
-18.0,-252.0,15.0,73.0,34.0,-44.0
-19.0,-255.0,15.0,69.0,36.0,-46.0
-22.0,-251.0,16.0,67.0,38.0,-47.0
-21.0,-251.0,16.0,62.0,44.0,-52.0
-22.0,-252.0,17.0,54.0,50.0,-53.0
-23.0,-254.0,19.0,47.0,54.0,-53.0
-19.0,-254.0,15.0,45.0,54.0,-53.0
-21.0,-253.0,21.0,47.0,54.0,-52.0
-22.0,-252.0,16.0,49.0,54.0,-51.0
-22.0,-250.0,17.0,53.0,57.0,-47.0
-22.0,-250.0,14.0,52.0,59.0,-44.0
-24.0,-251.0,18.0,51.0,60.0,-45.0
-23.0,-250.0,19.0,50.0,61.0,-44.0
-28.0,-251.0,20.0,49.0,60.0,-42.0
-28.0,-254.0,22.0,45.0,58.0,-45.0
-30.0,-254.0,22.0,40.0,58.0,-48.0
-28.0,-257.0,22.0,35.0,57.0,-53.0
-27.0,-254.0,21.0,27.0,57.0,-60.0
-22.0,-257.0,21.0,20.0,60.0,-67.0
-22.0,-259.0,22.0,15.0,69.0,-73.0
-19.0,-261.0,21.0,12.0,79.0,-73.0
-19.0,-260.0,21.0,13.0,87.0,-73.0
-23.0,-257.0,23.0,20.0,88.0,-69.0
-24.0,-252.0,23.0,26.0,86.0,-65.0
-25.0,-250.0,20.0,28.0,83.0,-57.0
-22.0,-252.0,21.0,24.0,80.0,-48.0
-24.0,-249.0,21.0,14.0,77.0,-38.0
-27.0,-253.0,20.0,2.0,76.0,-31.0
-26.0,-255.0,24.0,-2.0,75.0,-24.0
-25.0,-254.0,20.0,1.0,72.0,-19.0
-27.0,-252.0,17.0,5.0,71.0,-15.0
-25.0,-256.0,20.0,8.0,73.0,-11.0
-13.0,-253.0,25.0,8.0,74.0,-9.0
-22.0,-254.0,18.0,9.0,75.0,-9.0
-20.0,-252.0,17.0,7.0,77.0,-9.0
-19.0,-251.0,21.0,2.0,83.0,-12.0
-22.0,-252.0,16.0,-3.0,89.0,-15.0
-21.0,-251.0,15.0,-10.0,94.0,-18.0
-24.0,-252.0,19.0,-16.0,96.0,-21.0
-26.0,-255.0,24.0,-21.0,94.0,-23.0
-24.0,-253.0,20.0,-23.0,91.0,-28.0
-22.0,-252.0,19.0,-24.0,87.0,-31.0
-23.0,-253.0,20.0,-24.0,85.0,-36.0
-23.0,-250.0,18.0,-27.0,85.0,-38.0
-24.0,-250.0,17.0,-31.0,87.0,-40.0
-24.0,-252.0,22.0,-36.0,89.0,-42.0
-20.0,-249.0,17.0,-40.0,90.0,-41.0
-23.0,-251.0,17.0,-40.0,87.0,-39.0
-26.0,-252.0,19.0,-40.0,87.0,-38.0
-26.0,-252.0,16.0,-43.0,86.0,-35.0
-28.0,-253.0,17.0,-43.0,85.0,-34.0
-29.0,-253.0,16.0,-41.0,76.0,-34.0
-29.0,-256.0,15.0,-47.0,67.0,-28.0
-29.0,-249.0,14.0,-48.0,60.0,-28.0
-39.0,-248.0,1.0,-32.0,55.0,-46.0
-29.0,-246.0,11.0,-22.0,45.0,-64.0
-25.0,-255.0,11.0,-30.0,38.0,-55.0
-22.0,-265.0,19.0,-61.0,35.0,-34.0
-24.0,-271.0,19.0,-84.0,42.0,-9.0
-28.0,-270.0,19.0,-87.0,42.0,3.0
-24.0,-273.0,19.0,-75.0,30.0,11.0
-23.0,-268.0,18.0,-55.0,13.0,15.0
-19.0,-261.0,13.0,-29.0,4.0,14.0
-21.0,-250.0,11.0,-4.0,-1.0,5.0
-18.0,-249.0,15.0,4.0,-5.0,-4.0
-19.0,-243.0,9.0,-9.0,-4.0,-12.0
-21.0,-246.0,14.0,-37.0,2.0,-14.0
-22.0,-248.0,14.0,-68.0,9.0,-12.0
-21.0,-251.0,21.0,-95.0,14.0,-12.0
-22.0,-256.0,19.0,-106.0,8.0,-16.0
-22.0,-257.0,20.0,-100.0,2.0,-15.0
-27.0,-256.0,20.0,-89.0,-1.0,-11.0
-26.0,-255.0,14.0,-76.0,1.0,-6.0
-25.0,-254.0,18.0,-69.0,-3.0,-6.0
-21.0,-250.0,16.0,-61.0,-10.0,-4.0
-23.0,-253.0,13.0,-61.0,-12.0,-4.0
-21.0,-249.0,16.0,-73.0,-3.0,-8.0
-19.0,-251.0,17.0,-86.0,9.0,-11.0
-24.0,-249.0,19.0,-99.0,13.0,-12.0
-21.0,-252.0,19.0,-108.0,10.0,-14.0
-18.0,-256.0,20.0,-109.0,4.0,-17.0
-20.0,-253.0,17.0,-106.0,-3.0,-17.0
-21.0,-251.0,16.0,-101.0,-15.0,-18.0
-21.0,-255.0,13.0,-99.0,-19.0,-19.0
-25.0,-255.0,13.0,-95.0,-22.0,-17.0
-24.0,-256.0,13.0,-93.0,-29.0,-17.0
-21.0,-255.0,11.0,-93.0,-35.0,-14.0
-28.0,-254.0,15.0,-91.0,-39.0,-12.0
-29.0,-255.0,16.0,-90.0,-43.0,-9.0
-30.0,-251.0,13.0,-91.0,-46.0,-5.0
-28.0,-256.0,16.0,-92.0,-50.0,2.0
-26.0,-255.0,15.0,-91.0,-53.0,6.0
-21.0,-256.0,12.0,-86.0,-54.0,10.0
-18.0,-259.0,14.0,-82.0,-54.0,16.0
-23.0,-255.0,14.0,-78.0,-56.0,20.0
-21.0,-253.0,10.0,-75.0,-59.0,21.0
-24.0,-252.0,17.0,-82.0,-65.0,24.0
-26.0,-248.0,5.0,-90.0,-75.0,24.0
-21.0,-253.0,17.0,-98.0,-89.0,20.0
-23.0,-253.0,19.0,-102.0,-94.0,16.0
-25.0,-254.0,17.0,-104.0,-95.0,14.0
-22.0,-255.0,12.0,-104.0,-91.0,12.0
-21.0,-251.0,15.0,-100.0,-88.0,12.0
-21.0,-255.0,11.0,-96.0,-88.0,13.0
-18.0,-254.0,13.0,-93.0,-91.0,14.0
-18.0,-253.0,13.0,-94.0,-90.0,17.0
-20.0,-250.0,8.0,-101.0,-91.0,18.0
