-33.0,-234.0,92.0,-106.0,634.0,76.0
-68.0,-230.0,70.0,-193.0,660.0,88.0
-100.0,-241.0,47.0,-306.0,688.0,123.0
-126.0,-261.0,23.0,-447.0,714.0,184.0
-154.0,-297.0,17.0,-619.0,731.0,254.0
-164.0,-336.0,20.0,-778.0,726.0,343.0
-161.0,-382.0,40.0,-896.0,691.0,448.0
-156.0,-416.0,52.0,-958.0,630.0,556.0
-150.0,-436.0,56.0,-970.0,550.0,655.0
-141.0,-449.0,72.0,-918.0,441.0,720.0
-126.0,-448.0,80.0,-760.0,298.0,746.0
-109.0,-439.0,70.0,-483.0,141.0,729.0
-90.0,-413.0,50.0,-128.0,0.0,659.0
-85.0,-385.0,28.0,256.0,-113.0,546.0
-85.0,-331.0,2.0,617.0,-214.0,417.0
-88.0,-285.0,-30.0,891.0,-304.0,305.0
-85.0,-253.0,-56.0,1019.0,-367.0,240.0
-84.0,-234.0,-71.0,1020.0,-400.0,207.0
-78.0,-221.0,-82.0,947.0,-426.0,175.0
-63.0,-217.0,-86.0,851.0,-457.0,139.0
-44.0,-209.0,-88.0,752.0,-478.0,104.0
-28.0,-200.0,-86.0,662.0,-467.0,84.0
-23.0,-197.0,-74.0,583.0,-413.0,75.0
-24.0,-189.0,-60.0,518.0,-354.0,63.0
-24.0,-186.0,-46.0,462.0,-322.0,35.0
-19.0,-186.0,-35.0,407.0,-327.0,-13.0
-17.0,-188.0,-38.0,345.0,-348.0,-76.0
-22.0,-194.0,-47.0,268.0,-375.0,-147.0
-21.0,-203.0,-47.0,177.0,-404.0,-225.0
-23.0,-217.0,-49.0,100.0,-444.0,-294.0
-26.0,-233.0,-53.0,46.0,-485.0,-332.0
-25.0,-260.0,-47.0,4.0,-513.0,-335.0
-26.0,-260.0,-37.0,-41.0,-526.0,-317.0
-27.0,-271.0,-25.0,-90.0,-535.0,-279.0
-18.0,-295.0,-14.0,-124.0,-549.0,-237.0
-12.0,-310.0,1.0,-131.0,-570.0,-195.0
-6.0,-318.0,3.0,-115.0,-591.0,-162.0
-3.0,-321.0,12.0,-78.0,-612.0,-150.0
-8.0,-321.0,20.0,-11.0,-640.0,-168.0
-18.0,-316.0,22.0,76.0,-696.0,-211.0
-31.0,-305.0,19.0,173.0,-781.0,-278.0
-39.0,-287.0,8.0,261.0,-900.0,-351.0
-43.0,-266.0,-2.0,320.0,-1038.0,-423.0
-41.0,-243.0,-22.0,347.0,-1168.0,-492.0
-53.0,-220.0,-47.0,340.0,-1269.0,-551.0
-57.0,-203.0,-57.0,261.0,-1336.0,-580.0
-63.0,-195.0,-60.0,153.0,-1365.0,-588.0
-66.0,-185.0,-56.0,38.0,-1373.0,-578.0
-67.0,-185.0,-50.0,-60.0,-1364.0,-547.0
-66.0,-191.0,-40.0,-142.0,-1357.0,-518.0
-65.0,-198.0,-25.0,-217.0,-1349.0,-506.0
-66.0,-202.0,-15.0,-281.0,-1329.0,-501.0
-64.0,-207.0,0.0,-302.0,-1330.0,-478.0
-59.0,-215.0,9.0,-287.0,-1357.0,-455.0
-52.0,-217.0,10.0,-232.0,-1397.0,-445.0
-47.0,-218.0,13.0,-173.0,-1435.0,-439.0
-37.0,-216.0,14.0,-104.0,-1475.0,-430.0
-17.0,-219.0,12.0,-22.0,-1509.0,-434.0
-3.0,-209.0,6.0,48.0,-1532.0,-472.0
-2.0,-195.0,11.0,96.0,-1545.0,-522.0
-6.0,-193.0,4.0,126.0,-1554.0,-557.0
0.0,-193.0,-3.0,121.0,-1570.0,-550.0
15.0,-197.0,-1.0,67.0,-1582.0,-524.0
30.0,-203.0,0.0,7.0,-1583.0,-509.0
41.0,-209.0,4.0,-50.0,-1584.0,-509.0
36.0,-213.0,0.0,-86.0,-1583.0,-497.0
46.0,-218.0,2.0,-116.0,-1579.0,-486.0
54.0,-217.0,1.0,-122.0,-1568.0,-487.0
53.0,-201.0,-1.0,-158.0,-1571.0,-541.0
48.0,-200.0,7.0,-192.0,-1550.0,-585.0
41.0,-197.0,6.0,-206.0,-1532.0,-604.0
39.0,-194.0,1.0,-252.0,-1516.0,-611.0
38.0,-192.0,1.0,-335.0,-1484.0,-614.0
31.0,-194.0,4.0,-427.0,-1438.0,-616.0
25.0,-192.0,7.0,-490.0,-1398.0,-608.0
19.0,-194.0,9.0,-530.0,-1375.0,-581.0
17.0,-202.0,13.0,-552.0,-1359.0,-545.0
17.0,-206.0,18.0,-536.0,-1338.0,-505.0
26.0,-202.0,3.0,-471.0,-1304.0,-472.0
25.0,-202.0,6.0,-413.0,-1249.0,-449.0
22.0,-201.0,1.0,-380.0,-1180.0,-406.0
23.0,-205.0,11.0,-343.0,-1110.0,-326.0
33.0,-211.0,9.0,-284.0,-1056.0,-254.0
38.0,-209.0,1.0,-233.0,-1013.0,-220.0
39.0,-205.0,4.0,-200.0,-966.0,-217.0
47.0,-202.0,3.0,-165.0,-907.0,-218.0
46.0,-200.0,8.0,-123.0,-839.0,-206.0
42.0,-207.0,11.0,-80.0,-779.0,-186.0
41.0,-207.0,11.0,-46.0,-735.0,-168.0
39.0,-208.0,15.0,-25.0,-707.0,-152.0
41.0,-210.0,16.0,-22.0,-686.0,-141.0
44.0,-212.0,25.0,-32.0,-659.0,-136.0
42.0,-212.0,26.0,-41.0,-627.0,-132.0
42.0,-214.0,30.0,-41.0,-599.0,-132.0
44.0,-207.0,42.0,-18.0,-577.0,-133.0
39.0,-212.0,32.0,42.0,-573.0,-130.0
34.0,-208.0,27.0,61.0,-559.0,-127.0
36.0,-212.0,36.0,36.0,-520.0,-126.0
31.0,-214.0,33.0,3.0,-501.0,-123.0
30.0,-219.0,38.0,-40.0,-504.0,-106.0
37.0,-224.0,46.0,-80.0,-504.0,-84.0
38.0,-233.0,45.0,-96.0,-492.0,-73.0
32.0,-235.0,50.0,-88.0,-475.0,-73.0
24.0,-238.0,50.0,-65.0,-460.0,-76.0
20.0,-246.0,47.0,-35.0,-452.0,-71.0
14.0,-249.0,52.0,-19.0,-456.0,-58.0
10.0,-248.0,50.0,-15.0,-471.0,-55.0
9.0,-248.0,53.0,-13.0,-491.0,-63.0
9.0,-246.0,50.0,9.0,-520.0,-72.0
3.0,-242.0,46.0,24.0,-550.0,-81.0
-1.0,-235.0,44.0,21.0,-575.0,-97.0
-3.0,-236.0,42.0,21.0,-617.0,-116.0
-8.0,-232.0,36.0,21.0,-677.0,-132.0
-11.0,-228.0,28.0,11.0,-741.0,-141.0
-6.0,-231.0,17.0,-29.0,-802.0,-141.0
0.0,-237.0,20.0,-97.0,-846.0,-130.0
1.0,-249.0,2.0,-153.0,-882.0,-126.0
4.0,-255.0,5.0,-232.0,-898.0,-138.0
2.0,-263.0,12.0,-283.0,-895.0,-155.0
5.0,-275.0,22.0,-307.0,-885.0,-162.0
2.0,-280.0,35.0,-322.0,-881.0,-154.0
7.0,-289.0,48.0,-333.0,-893.0,-133.0
11.0,-290.0,55.0,-337.0,-923.0,-105.0
28.0,-292.0,60.0,-332.0,-964.0,-70.0
38.0,-293.0,63.0,-322.0,-989.0,-33.0
48.0,-297.0,58.0,-303.0,-997.0,4.0
56.0,-297.0,53.0,-278.0,-1002.0,35.0
63.0,-296.0,41.0,-268.0,-994.0,56.0
71.0,-289.0,47.0,-280.0,-956.0,66.0
70.0,-294.0,44.0,-294.0,-932.0,97.0
70.0,-294.0,49.0,-313.0,-911.0,109.0
65.0,-290.0,49.0,-325.0,-893.0,98.0
64.0,-295.0,52.0,-346.0,-872.0,92.0
69.0,-297.0,54.0,-392.0,-847.0,87.0
68.0,-301.0,51.0,-442.0,-822.0,62.0
64.0,-299.0,51.0,-485.0,-795.0,15.0
62.0,-296.0,50.0,-521.0,-762.0,-35.0
59.0,-293.0,51.0,-547.0,-724.0,-65.0
47.0,-291.0,33.0,-568.0,-683.0,-80.0
54.0,-275.0,38.0,-596.0,-608.0,-112.0
53.0,-261.0,32.0,-613.0,-567.0,-101.0
47.0,-252.0,20.0,-609.0,-559.0,-41.0
58.0,-249.0,1.0,-607.0,-550.0,32.0
60.0,-241.0,-19.0,-610.0,-520.0,78.0
61.0,-232.0,-40.0,-601.0,-479.0,113.0
62.0,-228.0,-55.0,-588.0,-439.0,136.0
43.0,-242.0,-97.0,-584.0,-394.0,148.0
55.0,-239.0,-104.0,-617.0,-307.0,110.0
61.0,-232.0,-94.0,-645.0,-261.0,98.0
51.0,-234.0,-100.0,-650.0,-304.0,129.0
43.0,-252.0,-101.0,-641.0,-342.0,132.0
38.0,-254.0,-98.0,-643.0,-324.0,85.0
29.0,-261.0,-97.0,-660.0,-288.0,9.0
22.0,-248.0,-63.0,-697.0,-224.0,-106.0
7.0,-255.0,-86.0,-627.0,-186.0,-190.0
11.0,-259.0,-97.0,-553.0,-244.0,-189.0
20.0,-263.0,-93.0,-522.0,-288.0,-209.0
16.0,-257.0,-100.0,-503.0,-268.0,-241.0
-5.0,-261.0,-119.0,-452.0,-207.0,-245.0
6.0,-208.0,-81.0,-386.0,-100.0,-241.0
-17.0,-188.0,-84.0,-166.0,-18.0,-179.0
-17.0,-158.0,-97.0,94.0,-27.0,-29.0
-1.0,-130.0,-94.0,291.0,-45.0,90.0
12.0,-120.0,-99.0,353.0,-45.0,197.0
26.0,-127.0,-104.0,248.0,-51.0,313.0
51.0,-141.0,-104.0,1.0,-77.0,414.0
64.0,-158.0,-103.0,-292.0,-104.0,477.0
71.0,-173.0,-86.0,-537.0,-86.0,506.0
71.0,-183.0,-74.0,-697.0,-14.0,511.0
71.0,-190.0,-69.0,-782.0,65.0,508.0
65.0,-195.0,-62.0,-833.0,124.0,491.0
54.0,-196.0,-66.0,-890.0,164.0,454.0
44.0,-203.0,-61.0,-974.0,204.0,423.0
26.0,-215.0,-62.0,-1071.0,248.0,381.0
16.0,-223.0,-61.0,-1173.0,279.0,334.0
5.0,-234.0,-63.0,-1252.0,290.0,282.0
-1.0,-245.0,-59.0,-1289.0,310.0,234.0
-1.0,-251.0,-53.0,-1279.0,346.0,195.0
-10.0,-256.0,-52.0,-1252.0,388.0,165.0
-10.0,-259.0,-39.0,-1229.0,433.0,151.0
-18.0,-256.0,-28.0,-1197.0,468.0,152.0
-12.0,-257.0,-18.0,-1165.0,481.0,163.0
-10.0,-260.0,-13.0,-1139.0,476.0,164.0
-8.0,-261.0,-10.0,-1116.0,461.0,170.0
-1.0,-260.0,-6.0,-1109.0,439.0,178.0
11.0,-248.0,12.0,-1138.0,414.0,180.0
3.0,-258.0,-10.0,-1139.0,385.0,184.0
2.0,-251.0,-8.0,-1162.0,347.0,199.0
1.0,-247.0,-10.0,-1192.0,310.0,202.0
3.0,-245.0,-12.0,-1213.0,291.0,205.0
2.0,-234.0,-20.0,-1216.0,292.0,210.0
13.0,-228.0,-29.0,-1224.0,311.0,216.0
29.0,-215.0,-46.0,-1242.0,340.0,227.0
38.0,-218.0,-46.0,-1278.0,376.0,244.0
49.0,-218.0,-48.0,-1334.0,415.0,267.0
51.0,-215.0,-53.0,-1400.0,450.0,286.0
43.0,-217.0,-56.0,-1463.0,477.0,296.0
38.0,-217.0,-47.0,-1525.0,498.0,294.0
26.0,-214.0,-50.0,-1586.0,515.0,285.0
12.0,-212.0,-48.0,-1650.0,522.0,270.0
0.0,-211.0,-44.0,-1719.0,525.0,255.0
-2.0,-207.0,-47.0,-1791.0,520.0,237.0
0.0,-210.0,-52.0,-1851.0,516.0,219.0
0.0,-218.0,-59.0,-1906.0,513.0,205.0
0.0,-228.0,-67.0,-1943.0,510.0,195.0
6.0,-238.0,-78.0,-1958.0,500.0,187.0
11.0,-250.0,-83.0,-1953.0,475.0,183.0
14.0,-249.0,-88.0,-1930.0,455.0,188.0
20.0,-251.0,-85.0,-1898.0,451.0,198.0
17.0,-250.0,-81.0,-1875.0,459.0,207.0
18.0,-246.0,-76.0,-1868.0,459.0,212.0
21.0,-240.0,-71.0,-1876.0,452.0,217.0
23.0,-234.0,-71.0,-1901.0,446.0,224.0
25.0,-226.0,-70.0,-1935.0,440.0,234.0
32.0,-227.0,-73.0,-1971.0,440.0,247.0
29.0,-222.0,-76.0,-2006.0,447.0,264.0
27.0,-215.0,-83.0,-2048.0,456.0,277.0
26.0,-213.0,-85.0,-2092.0,466.0,294.0
25.0,-211.0,-89.0,-2140.0,471.0,308.0
22.0,-214.0,-89.0,-2184.0,474.0,318.0
19.0,-213.0,-97.0,-2216.0,473.0,325.0
22.0,-213.0,-93.0,-2232.0,472.0,328.0
19.0,-214.0,-97.0,-2228.0,478.0,329.0
21.0,-213.0,-92.0,-2211.0,487.0,329.0
23.0,-205.0,-88.0,-2183.0,498.0,334.0
22.0,-200.0,-84.0,-2146.0,514.0,338.0
18.0,-199.0,-90.0,-2095.0,532.0,336.0
17.0,-190.0,-89.0,-2046.0,541.0,330.0
17.0,-180.0,-93.0,-2002.0,535.0,327.0
22.0,-172.0,-95.0,-1975.0,526.0,326.0
30.0,-163.0,-95.0,-1969.0,534.0,330.0
34.0,-161.0,-89.0,-1971.0,564.0,338.0
39.0,-157.0,-80.0,-1966.0,620.0,348.0
39.0,-155.0,-64.0,-1950.0,692.0,358.0
43.0,-153.0,-55.0,-1914.0,757.0,363.0
43.0,-153.0,-53.0,-1866.0,804.0,363.0
36.0,-151.0,-42.0,-1809.0,820.0,363.0
36.0,-145.0,-47.0,-1763.0,827.0,358.0
35.0,-139.0,-43.0,-1729.0,846.0,360.0
33.0,-135.0,-38.0,-1715.0,867.0,364.0
39.0,-134.0,-41.0,-1714.0,882.0,372.0
48.0,-131.0,-38.0,-1735.0,895.0,386.0
54.0,-130.0,-38.0,-1765.0,914.0,406.0
59.0,-138.0,-33.0,-1802.0,948.0,432.0
51.0,-150.0,-31.0,-1837.0,991.0,448.0
41.0,-152.0,-25.0,-1855.0,1022.0,467.0
24.0,-160.0,-19.0,-1861.0,1024.0,481.0
2.0,-158.0,-7.0,-1856.0,996.0,491.0
-17.0,-167.0,9.0,-1856.0,937.0,489.0
-37.0,-168.0,22.0,-1846.0,867.0,474.0
-49.0,-169.0,32.0,-1819.0,798.0,466.0
-63.0,-171.0,37.0,-1764.0,752.0,461.0
-69.0,-166.0,46.0,-1702.0,715.0,449.0
-75.0,-175.0,55.0,-1636.0,683.0,432.0
-71.0,-169.0,64.0,-1526.0,663.0,418.0
-68.0,-170.0,80.0,-1382.0,632.0,392.0
-60.0,-170.0,105.0,-1232.0,582.0,359.0
-58.0,-156.0,108.0,-1106.0,528.0,320.0
-44.0,-157.0,80.0,-1005.0,476.0,301.0
-25.0,-161.0,64.0,-897.0,425.0,291.0
-11.0,-158.0,50.0,-729.0,398.0,269.0
-1.0,-139.0,62.0,-505.0,415.0,259.0
-3.0,-104.0,82.0,-282.0,452.0,258.0
-14.0,-68.0,91.0,-131.0,436.0,264.0
-25.0,-38.0,84.0,-114.0,329.0,295.0
-18.0,-13.0,57.0,-210.0,185.0,330.0
-8.0,-9.0,16.0,-372.0,74.0,343.0
-6.0,-7.0,-20.0,-529.0,34.0,323.0
-5.0,-9.0,-40.0,-619.0,46.0,299.0
-18.0,-14.0,-61.0,-614.0,58.0,283.0
-38.0,-11.0,-98.0,-513.0,31.0,285.0
-51.0,-3.0,-146.0,-352.0,-55.0,297.0
-58.0,7.0,-193.0,-176.0,-173.0,317.0
-69.0,22.0,-220.0,-40.0,-347.0,323.0
-81.0,41.0,-230.0,15.0,-575.0,322.0
-77.0,85.0,-207.0,-19.0,-871.0,306.0
-54.0,132.0,-189.0,-111.0,-1223.0,308.0
-46.0,170.0,-190.0,-299.0,-1593.0,349.0
-52.0,179.0,-214.0,-639.0,-1953.0,430.0
-73.0,157.0,-279.0,-1077.0,-2271.0,517.0
-66.0,108.0,-335.0,-1513.0,-2470.0,613.0
-123.0,58.0,-360.0,-1858.0,-2552.0,632.0
-163.0,-17.0,-305.0,-2074.0,-2572.0,699.0
-187.0,-55.0,-246.0,-2162.0,-2706.0,940.0
-205.0,-94.0,-192.0,-2011.0,-2871.0,1028.0
-253.0,-90.0,-158.0,-1787.0,-3147.0,804.0
-242.0,-83.0,-167.0,-1534.0,-3645.0,643.0
-210.0,-78.0,-187.0,-1161.0,-4019.0,631.0
-217.0,-59.0,-222.0,-668.0,-4092.0,657.0
-240.0,-26.0,-245.0,-106.0,-4103.0,703.0
-257.0,41.0,-259.0,439.0,-4250.0,743.0
-280.0,158.0,-255.0,987.0,-4459.0,724.0
-242.0,195.0,-346.0,1727.0,-4599.0,579.0
22.0,310.0,-405.0,2411.0,-4811.0,404.0
148.0,320.0,-557.0,2908.0,-5129.0,449.0
255.0,292.0,-643.0,2724.0,-5117.0,1058.0
438.0,275.0,-640.0,2027.0,-4526.0,1611.0
579.0,258.0,-526.0,833.0,-3695.0,1794.0
-707.0,1478.0,-3808.0,-327.0,-2721.0,1648.0
-1278.0,446.0,2419.0,-18295.0,11975.0,2563.0
1519.0,1425.0,-133.0,-22566.0,9777.0,2260.0
815.0,-84.0,1718.0,-5681.0,-3095.0,-1006.0
650.0,12.0,454.0,4301.0,-8028.0,-34.0
-361.0,414.0,-1118.0,117.0,-6811.0,716.0
-374.0,973.0,-723.0,-3860.0,-2227.0,830.0
-209.0,796.0,-1190.0,-5280.0,197.0,868.0
-188.0,865.0,-1196.0,-5708.0,879.0,805.0
-260.0,295.0,-1265.0,-5185.0,572.0,669.0
-275.0,333.0,-1036.0,-5065.0,312.0,691.0
-348.0,373.0,-891.0,-4985.0,178.0,730.0
-351.0,31.0,-800.0,-5268.0,337.0,862.0
-384.0,159.0,-738.0,-5705.0,533.0,932.0
-381.0,314.0,-660.0,-5943.0,686.0,942.0
-437.0,-36.0,-993.0,-5660.0,740.0,1008.0
-194.0,71.0,-1072.0,-6216.0,857.0,1003.0
21.0,608.0,-622.0,-6819.0,1032.0,863.0
-325.0,-465.0,-1227.0,-7057.0,1096.0,855.0
-231.0,-25.0,-812.0,-9764.0,1112.0,804.0
-287.0,119.0,-490.0,-11520.0,1152.0,724.0
-312.0,83.0,-461.0,-12131.0,1156.0,746.0
-283.0,103.0,-428.0,-12493.0,1130.0,750.0
-242.0,93.0,-384.0,-12934.0,1039.0,737.0
-211.0,50.0,-301.0,-13455.0,952.0,734.0
-183.0,60.0,-218.0,-14082.0,910.0,777.0
-78.0,24.0,-123.0,-14662.0,818.0,848.0
-84.0,15.0,-55.0,-15161.0,768.0,1026.0
20.0,-14.0,-11.0,-15491.0,665.0,1177.0
7.0,1.0,-23.0,-15782.0,599.0,1322.0
-31.0,66.0,47.0,-16058.0,634.0,1392.0
31.0,143.0,157.0,-16049.0,830.0,1341.0
73.0,261.0,325.0,-15193.0,1195.0,1219.0
-16.0,208.0,270.0,-13463.0,1651.0,1041.0
5.0,120.0,-81.0,-11031.0,1919.0,925.0
109.0,108.0,-110.0,-7945.0,1798.0,905.0
89.0,2.0,-185.0,-4264.0,1475.0,1185.0
123.0,110.0,-23.0,-97.0,1428.0,1378.0
24.0,99.0,-135.0,2046.0,1609.0,1472.0
-57.0,278.0,88.0,2426.0,1648.0,1444.0
-88.0,267.0,354.0,1649.0,1419.0,1317.0
-74.0,225.0,439.0,-123.0,1203.0,1056.0
-100.0,293.0,312.0,-1601.0,879.0,757.0
-49.0,212.0,243.0,-2257.0,561.0,678.0
-5.0,242.0,253.0,-2246.0,346.0,714.0
-72.0,176.0,172.0,-1672.0,254.0,802.0
-32.0,199.0,225.0,-979.0,309.0,902.0
-43.0,223.0,100.0,-636.0,246.0,934.0
-53.0,245.0,243.0,-599.0,179.0,916.0
-86.0,235.0,237.0,-722.0,178.0,878.0
-47.0,222.0,82.0,-735.0,217.0,829.0
-64.0,170.0,62.0,-447.0,267.0,808.0
-71.0,169.0,158.0,-132.0,213.0,776.0
-73.0,197.0,139.0,-196.0,90.0,620.0
-98.0,193.0,148.0,-722.0,220.0,458.0
-51.0,194.0,114.0,-1161.0,146.0,271.0
-38.0,178.0,103.0,-1154.0,90.0,240.0
-30.0,181.0,99.0,-1045.0,55.0,214.0
-3.0,191.0,86.0,-961.0,46.0,187.0
-14.0,189.0,99.0,-859.0,69.0,175.0
-11.0,192.0,112.0,-745.0,80.0,147.0
-17.0,201.0,116.0,-594.0,90.0,93.0
-6.0,218.0,114.0,-423.0,88.0,62.0
-10.0,209.0,103.0,-257.0,97.0,26.0
2.0,204.0,103.0,-78.0,93.0,-56.0
-1.0,199.0,97.0,109.0,102.0,-150.0
-2.0,217.0,94.0,277.0,106.0,-261.0
-11.0,229.0,92.0,426.0,107.0,-340.0
-4.0,234.0,87.0,538.0,109.0,-387.0
-13.0,210.0,78.0,659.0,111.0,-415.0
-5.0,231.0,71.0,772.0,111.0,-468.0
-6.0,234.0,64.0,851.0,103.0,-499.0
-6.0,235.0,49.0,906.0,98.0,-532.0
4.0,254.0,36.0,939.0,103.0,-577.0
13.0,247.0,36.0,936.0,107.0,-621.0
1.0,260.0,33.0,924.0,105.0,-665.0
-6.0,271.0,31.0,916.0,91.0,-685.0
-13.0,280.0,29.0,918.0,79.0,-693.0
-19.0,289.0,23.0,911.0,67.0,-693.0
-22.0,293.0,28.0,904.0,53.0,-680.0
-26.0,296.0,25.0,899.0,40.0,-663.0
-35.0,300.0,21.0,883.0,28.0,-643.0
-35.0,300.0,16.0,863.0,18.0,-622.0
-37.0,301.0,19.0,832.0,11.0,-597.0
-41.0,302.0,17.0,794.0,4.0,-572.0
-49.0,311.0,14.0,751.0,-1.0,-550.0
-48.0,317.0,19.0,705.0,-5.0,-528.0
-44.0,314.0,18.0,665.0,-11.0,-510.0
-50.0,315.0,19.0,637.0,-14.0,-495.0
-48.0,312.0,13.0,621.0,-15.0,-482.0
-55.0,309.0,9.0,608.0,-15.0,-468.0
-56.0,309.0,5.0,597.0,-15.0,-452.0
-59.0,307.0,4.0,582.0,-15.0,-442.0
-51.0,298.0,0.0,565.0,-16.0,-434.0
-52.0,297.0,1.0,546.0,-15.0,-433.0
-53.0,289.0,4.0,528.0,-15.0,-432.0
-52.0,282.0,4.0,510.0,-14.0,-437.0
-52.0,273.0,5.0,485.0,-12.0,-445.0
-51.0,270.0,13.0,459.0,-11.0,-451.0
-53.0,264.0,13.0,436.0,-9.0,-451.0
-61.0,257.0,17.0,418.0,-6.0,-451.0
-62.0,257.0,9.0,401.0,-3.0,-446.0
-66.0,254.0,11.0,386.0,1.0,-433.0
-65.0,252.0,6.0,371.0,2.0,-414.0
-68.0,252.0,12.0,352.0,2.0,-391.0
-72.0,250.0,7.0,325.0,3.0,-362.0
-68.0,248.0,5.0,297.0,5.0,-329.0
-66.0,245.0,14.0,266.0,6.0,-299.0
-73.0,240.0,7.0,240.0,7.0,-275.0
-66.0,242.0,8.0,218.0,10.0,-251.0
-63.0,240.0,8.0,202.0,16.0,-232.0
-64.0,238.0,6.0,195.0,20.0,-210.0
-59.0,241.0,4.0,185.0,25.0,-190.0
-59.0,241.0,6.0,173.0,28.0,-173.0
-57.0,240.0,6.0,162.0,29.0,-160.0
-55.0,236.0,4.0,150.0,30.0,-149.0
-52.0,236.0,4.0,141.0,31.0,-143.0
-57.0,237.0,5.0,135.0,35.0,-134.0
-56.0,239.0,4.0,133.0,37.0,-120.0
-56.0,240.0,3.0,130.0,37.0,-104.0
-53.0,243.0,3.0,125.0,40.0,-83.0
-54.0,249.0,6.0,116.0,42.0,-60.0
-53.0,250.0,4.0,102.0,41.0,-33.0
-53.0,252.0,6.0,87.0,41.0,-12.0
-51.0,256.0,4.0,69.0,40.0,5.0
-55.0,260.0,6.0,51.0,39.0,21.0
-56.0,261.0,4.0,37.0,38.0,29.0
-55.0,261.0,10.0,26.0,36.0,40.0
-55.0,263.0,8.0,18.0,35.0,46.0
-54.0,261.0,7.0,9.0,35.0,49.0
-55.0,266.0,8.0,4.0,33.0,52.0
-54.0,263.0,5.0,1.0,34.0,51.0
-55.0,267.0,5.0,-2.0,33.0,49.0
-51.0,263.0,7.0,-5.0,32.0,46.0
-50.0,257.0,10.0,-8.0,31.0,41.0
-51.0,257.0,11.0,-13.0,28.0,38.0
-50.0,256.0,11.0,-19.0,28.0,34.0
-49.0,256.0,16.0,-24.0,25.0,32.0
-50.0,255.0,15.0,-25.0,25.0,28.0
-48.0,256.0,15.0,-22.0,23.0,25.0
-54.0,255.0,24.0,-20.0,23.0,21.0
-54.0,260.0,14.0,-17.0,22.0,20.0
-53.0,255.0,17.0,-14.0,20.0,17.0
-50.0,253.0,14.0,-10.0,19.0,12.0
-52.0,253.0,18.0,-5.0,20.0,8.0
-51.0,253.0,14.0,0.0,17.0,8.0
-50.0,255.0,15.0,7.0,15.0,7.0
-48.0,255.0,16.0,16.0,14.0,3.0
-49.0,251.0,15.0,25.0,14.0,-3.0
-46.0,249.0,17.0,32.0,13.0,-8.0
-47.0,250.0,14.0,41.0,11.0,-11.0
-50.0,247.0,19.0,52.0,11.0,-15.0
-47.0,249.0,19.0,65.0,11.0,-15.0
-46.0,251.0,15.0,77.0,10.0,-20.0
-46.0,249.0,12.0,85.0,10.0,-26.0
-46.0,248.0,12.0,94.0,11.0,-35.0
-50.0,252.0,14.0,101.0,10.0,-44.0
-50.0,253.0,15.0,107.0,8.0,-56.0
-50.0,255.0,10.0,113.0,8.0,-65.0
-52.0,255.0,15.0,118.0,10.0,-73.0
-51.0,256.0,15.0,123.0,9.0,-80.0
-52.0,258.0,12.0,128.0,11.0,-86.0
-53.0,256.0,12.0,129.0,11.0,-91.0
-50.0,256.0,9.0,128.0,12.0,-95.0
-53.0,256.0,6.0,127.0,11.0,-98.0
-52.0,258.0,7.0,126.0,12.0,-103.0
-51.0,256.0,6.0,122.0,11.0,-107.0
-52.0,256.0,6.0,119.0,13.0,-108.0
-55.0,256.0,10.0,117.0,12.0,-107.0
-52.0,258.0,11.0,115.0,13.0,-108.0
-52.0,254.0,5.0,112.0,11.0,-108.0
-56.0,256.0,5.0,104.0,9.0,-111.0
-56.0,259.0,5.0,98.0,10.0,-114.0
-52.0,257.0,7.0,93.0,8.0,-114.0
-55.0,258.0,8.0,89.0,8.0,-116.0
-55.0,257.0,9.0,85.0,7.0,-114.0
-57.0,257.0,6.0,77.0,5.0,-113.0
-54.0,257.0,8.0,75.0,5.0,-116.0
-52.0,258.0,11.0,73.0,4.0,-117.0
-56.0,258.0,10.0,73.0,5.0,-119.0
-55.0,257.0,10.0,73.0,5.0,-121.0
-56.0,256.0,9.0,73.0,4.0,-124.0
-57.0,257.0,9.0,75.0,3.0,-123.0
-57.0,266.0,1.0,73.0,3.0,-124.0
-58.0,260.0,10.0,73.0,1.0,-121.0
-58.0,259.0,9.0,71.0,1.0,-118.0
-59.0,256.0,8.0,67.0,2.0,-115.0
-55.0,256.0,5.0,60.0,3.0,-109.0
-59.0,257.0,7.0,51.0,3.0,-106.0
-58.0,256.0,6.0,43.0,3.0,-106.0
-59.0,259.0,12.0,36.0,2.0,-104.0
-61.0,255.0,12.0,34.0,4.0,-105.0
-59.0,258.0,10.0,39.0,5.0,-99.0
-61.0,256.0,8.0,42.0,6.0,-92.0
-60.0,257.0,8.0,45.0,6.0,-90.0
-62.0,253.0,14.0,46.0,6.0,-88.0
-58.0,257.0,9.0,47.0,6.0,-84.0
-61.0,256.0,8.0,45.0,7.0,-81.0
-62.0,255.0,6.0,45.0,9.0,-79.0
-60.0,255.0,11.0,44.0,9.0,-78.0
-62.0,256.0,11.0,44.0,8.0,-76.0
-59.0,254.0,10.0,45.0,9.0,-75.0
-60.0,253.0,10.0,45.0,10.0,-73.0
-63.0,253.0,12.0,44.0,9.0,-72.0
-62.0,250.0,9.0,43.0,9.0,-67.0
-63.0,254.0,10.0,42.0,10.0,-65.0
-61.0,255.0,10.0,40.0,9.0,-64.0
-60.0,257.0,7.0,38.0,8.0,-65.0
-61.0,253.0,12.0,36.0,8.0,-61.0
-63.0,256.0,11.0,36.0,8.0,-60.0
-63.0,253.0,14.0,37.0,8.0,-58.0
-64.0,255.0,11.0,40.0,9.0,-52.0
-63.0,254.0,13.0,45.0,10.0,-47.0
-60.0,254.0,15.0,48.0,11.0,-43.0
-62.0,252.0,12.0,55.0,12.0,-37.0
-62.0,252.0,10.0,57.0,13.0,-32.0
-55.0,246.0,21.0,61.0,12.0,-26.0
-59.0,253.0,10.0,65.0,14.0,-22.0
-57.0,252.0,13.0,69.0,15.0,-20.0
-59.0,252.0,8.0,74.0,16.0,-18.0
-56.0,254.0,10.0,78.0,16.0,-17.0
-60.0,255.0,10.0,82.0,15.0,-16.0
-57.0,253.0,12.0,86.0,16.0,-11.0
-60.0,255.0,10.0,88.0,16.0,-9.0
-61.0,256.0,10.0,90.0,17.0,-8.0
-59.0,256.0,8.0,93.0,16.0,-8.0
-60.0,256.0,11.0,97.0,16.0,-9.0
-63.0,259.0,11.0,99.0,17.0,-14.0
-62.0,258.0,7.0,101.0,17.0,-18.0
-62.0,256.0,11.0,104.0,18.0,-18.0
-61.0,256.0,8.0,104.0,18.0,-21.0
-59.0,257.0,10.0,104.0,16.0,-23.0
-62.0,257.0,7.0,104.0,15.0,-27.0
-58.0,255.0,9.0,104.0,16.0,-28.0
-58.0,255.0,8.0,102.0,17.0,-29.0
-59.0,254.0,6.0,100.0,15.0,-30.0
-62.0,255.0,12.0,97.0,15.0,-31.0
-60.0,257.0,7.0,92.0,16.0,-32.0
-59.0,256.0,7.0,87.0,15.0,-34.0
-60.0,256.0,10.0,84.0,15.0,-33.0
-58.0,256.0,7.0,82.0,15.0,-34.0
-58.0,254.0,7.0,80.0,15.0,-36.0
-57.0,255.0,6.0,79.0,14.0,-38.0
-59.0,255.0,9.0,77.0,14.0,-40.0
-61.0,261.0,7.0,74.0,13.0,-45.0
-61.0,256.0,7.0,74.0,12.0,-46.0
-62.0,254.0,6.0,71.0,14.0,-46.0
-63.0,256.0,5.0,68.0,12.0,-45.0
-63.0,257.0,10.0,64.0,12.0,-44.0
-59.0,254.0,10.0,63.0,12.0,-43.0
-59.0,254.0,7.0,61.0,13.0,-44.0
-59.0,254.0,6.0,60.0,11.0,-44.0
-59.0,255.0,9.0,58.0,12.0,-40.0
-62.0,253.0,7.0,56.0,12.0,-39.0
-61.0,254.0,6.0,53.0,11.0,-41.0
-58.0,253.0,5.0,53.0,11.0,-43.0
-61.0,255.0,11.0,52.0,10.0,-42.0
-60.0,252.0,10.0,52.0,11.0,-40.0
-63.0,252.0,7.0,51.0,10.0,-39.0
-53.0,256.0,10.0,49.0,9.0,-36.0
-61.0,257.0,7.0,48.0,11.0,-32.0
-64.0,255.0,7.0,47.0,10.0,-32.0
-62.0,256.0,5.0,46.0,9.0,-29.0
-63.0,256.0,5.0,45.0,9.0,-28.0
-62.0,254.0,7.0,45.0,9.0,-26.0
-61.0,251.0,9.0,44.0,10.0,-24.0
-62.0,252.0,9.0,44.0,9.0,-23.0
-61.0,254.0,8.0,44.0,10.0,-21.0
-63.0,255.0,9.0,43.0,10.0,-21.0
-63.0,257.0,5.0,42.0,9.0,-20.0
-64.0,256.0,9.0,41.0,9.0,-19.0
-62.0,253.0,6.0,42.0,9.0,-18.0
-62.0,256.0,9.0,42.0,9.0,-19.0
-62.0,255.0,6.0,42.0,8.0,-18.0
-63.0,255.0,7.0,43.0,9.0,-19.0
-63.0,255.0,11.0,44.0,9.0,-19.0
-61.0,256.0,7.0,46.0,11.0,-15.0
-64.0,253.0,9.0,45.0,10.0,-12.0
-63.0,254.0,10.0,46.0,9.0,-10.0
-60.0,256.0,7.0,46.0,8.0,-9.0
-60.0,256.0,10.0,48.0,8.0,-8.0
-63.0,255.0,7.0,48.0,9.0,-9.0
-61.0,256.0,12.0,49.0,9.0,-9.0
-61.0,256.0,4.0,50.0,10.0,-11.0
-65.0,258.0,7.0,52.0,9.0,-12.0
-60.0,256.0,11.0,54.0,10.0,-11.0
-63.0,256.0,10.0,55.0,10.0,-11.0
-63.0,255.0,7.0,55.0,11.0,-11.0
-64.0,255.0,5.0,54.0,11.0,-13.0
-61.0,253.0,7.0,52.0,10.0,-14.0
-58.0,252.0,3.0,51.0,10.0,-19.0
-62.0,252.0,7.0,50.0,11.0,-19.0
-60.0,256.0,9.0,48.0,10.0,-22.0
-62.0,254.0,14.0,51.0,9.0,-23.0
-61.0,256.0,8.0,55.0,11.0,-23.0
-59.0,253.0,8.0,58.0,11.0,-24.0
-63.0,256.0,6.0,57.0,9.0,-24.0
-59.0,254.0,8.0,61.0,11.0,-25.0
-53.0,253.0,10.0,59.0,8.0,-22.0
-60.0,256.0,10.0,61.0,8.0,-19.0
-62.0,254.0,12.0,70.0,9.0,-23.0
-66.0,252.0,3.0,83.0,7.0,-28.0
-66.0,254.0,5.0,92.0,7.0,-32.0
