-9.0,-178.0,-39.0,-353.0,-372.0,-575.0
-8.0,-178.0,-40.0,-266.0,-422.0,-539.0
-5.0,-178.0,-51.0,-178.0,-479.0,-511.0
1.0,-175.0,-55.0,-103.0,-539.0,-497.0
7.0,-179.0,-60.0,-32.0,-605.0,-488.0
15.0,-177.0,-62.0,36.0,-674.0,-483.0
15.0,-172.0,-67.0,96.0,-737.0,-490.0
23.0,-171.0,-73.0,138.0,-778.0,-505.0
27.0,-170.0,-82.0,167.0,-795.0,-533.0
29.0,-172.0,-89.0,174.0,-793.0,-559.0
27.0,-179.0,-100.0,162.0,-769.0,-586.0
25.0,-186.0,-98.0,135.0,-734.0,-613.0
20.0,-202.0,-108.0,97.0,-693.0,-636.0
12.0,-221.0,-109.0,56.0,-649.0,-649.0
1.0,-236.0,-112.0,16.0,-602.0,-652.0
-7.0,-255.0,-108.0,-17.0,-554.0,-648.0
-11.0,-267.0,-109.0,-34.0,-512.0,-634.0
-21.0,-288.0,-105.0,-37.0,-485.0,-608.0
-22.0,-312.0,-100.0,-21.0,-484.0,-581.0
-18.0,-325.0,-103.0,17.0,-502.0,-565.0
-13.0,-334.0,-108.0,74.0,-522.0,-549.0
-4.0,-331.0,-110.0,143.0,-531.0,-544.0
3.0,-348.0,-119.0,188.0,-512.0,-494.0
17.0,-366.0,-127.0,232.0,-475.0,-464.0
41.0,-370.0,-137.0,282.0,-422.0,-478.0
61.0,-378.0,-139.0,321.0,-322.0,-469.0
81.0,-384.0,-137.0,362.0,-199.0,-440.0
100.0,-396.0,-126.0,414.0,-79.0,-406.0
115.0,-404.0,-113.0,491.0,26.0,-385.0
122.0,-406.0,-106.0,584.0,114.0,-361.0
124.0,-397.0,-109.0,679.0,190.0,-340.0
136.0,-378.0,-124.0,741.0,255.0,-314.0
135.0,-352.0,-150.0,736.0,327.0,-292.0
134.0,-317.0,-191.0,641.0,409.0,-284.0
120.0,-293.0,-229.0,454.0,495.0,-273.0
101.0,-260.0,-264.0,197.0,562.0,-241.0
89.0,-240.0,-289.0,-86.0,610.0,-173.0
90.0,-230.0,-325.0,-370.0,655.0,-76.0
83.0,-232.0,-340.0,-635.0,696.0,35.0
77.0,-247.0,-338.0,-859.0,714.0,151.0
76.0,-262.0,-340.0,-1022.0,690.0,256.0
75.0,-270.0,-341.0,-1112.0,617.0,335.0
70.0,-264.0,-347.0,-1130.0,528.0,393.0
52.0,-246.0,-361.0,-1090.0,441.0,441.0
6.0,-221.0,-376.0,-1007.0,370.0,486.0
-15.0,-204.0,-383.0,-908.0,297.0,545.0
-41.0,-186.0,-385.0,-815.0,223.0,604.0
-61.0,-166.0,-377.0,-723.0,169.0,645.0
-70.0,-133.0,-361.0,-637.0,151.0,644.0
-76.0,-98.0,-332.0,-556.0,172.0,603.0
-69.0,-85.0,-303.0,-423.0,188.0,520.0
-61.0,-83.0,-270.0,-207.0,180.0,403.0
-55.0,-94.0,-254.0,53.0,158.0,265.0
-59.0,-108.0,-234.0,291.0,155.0,108.0
-58.0,-125.0,-207.0,475.0,182.0,-50.0
-59.0,-134.0,-196.0,612.0,224.0,-200.0
-63.0,-133.0,-184.0,705.0,266.0,-342.0
-59.0,-136.0,-167.0,737.0,294.0,-461.0
-51.0,-136.0,-171.0,746.0,305.0,-563.0
-45.0,-140.0,-178.0,717.0,322.0,-639.0
-34.0,-151.0,-180.0,639.0,363.0,-684.0
-20.0,-158.0,-185.0,522.0,421.0,-699.0
-4.0,-162.0,-188.0,381.0,480.0,-689.0
15.0,-169.0,-188.0,235.0,524.0,-658.0
41.0,-181.0,-187.0,99.0,544.0,-608.0
51.0,-190.0,-194.0,-28.0,545.0,-533.0
65.0,-203.0,-193.0,-136.0,523.0,-434.0
76.0,-225.0,-195.0,-217.0,465.0,-315.0
78.0,-238.0,-196.0,-270.0,366.0,-192.0
77.0,-247.0,-199.0,-297.0,246.0,-72.0
77.0,-253.0,-200.0,-294.0,133.0,39.0
73.0,-249.0,-198.0,-275.0,38.0,139.0
65.0,-243.0,-195.0,-242.0,-38.0,223.0
54.0,-232.0,-191.0,-212.0,-96.0,290.0
44.0,-231.0,-186.0,-194.0,-146.0,338.0
37.0,-223.0,-182.0,-190.0,-177.0,368.0
22.0,-211.0,-177.0,-191.0,-192.0,377.0
17.0,-203.0,-163.0,-191.0,-190.0,361.0
3.0,-189.0,-149.0,-185.0,-177.0,337.0
-2.0,-180.0,-142.0,-178.0,-158.0,310.0
-11.0,-164.0,-126.0,-171.0,-140.0,285.0
-22.0,-151.0,-115.0,-165.0,-127.0,270.0
-35.0,-138.0,-99.0,-160.0,-126.0,267.0
-43.0,-129.0,-85.0,-146.0,-134.0,275.0
-50.0,-127.0,-79.0,-107.0,-153.0,269.0
-54.0,-116.0,-71.0,-47.0,-178.0,261.0
-63.0,-112.0,-70.0,8.0,-202.0,266.0
-68.0,-106.0,-67.0,53.0,-230.0,271.0
-70.0,-102.0,-69.0,89.0,-257.0,277.0
-70.0,-96.0,-69.0,110.0,-283.0,291.0
-71.0,-98.0,-70.0,107.0,-312.0,309.0
-67.0,-101.0,-75.0,87.0,-335.0,324.0
-67.0,-104.0,-76.0,49.0,-363.0,336.0
-56.0,-115.0,-79.0,-20.0,-388.0,343.0
-53.0,-121.0,-92.0,-93.0,-412.0,335.0
-40.0,-126.0,-91.0,-190.0,-437.0,326.0
-32.0,-137.0,-96.0,-302.0,-460.0,310.0
-21.0,-145.0,-94.0,-404.0,-485.0,285.0
-7.0,-158.0,-94.0,-501.0,-503.0,272.0
-4.0,-158.0,-99.0,-585.0,-518.0,246.0
2.0,-159.0,-102.0,-635.0,-524.0,225.0
14.0,-159.0,-100.0,-672.0,-520.0,210.0
26.0,-160.0,-97.0,-692.0,-505.0,192.0
33.0,-163.0,-100.0,-688.0,-484.0,171.0
42.0,-161.0,-95.0,-669.0,-454.0,145.0
46.0,-161.0,-92.0,-636.0,-414.0,116.0
50.0,-156.0,-94.0,-590.0,-366.0,88.0
43.0,-153.0,-81.0,-523.0,-309.0,75.0
42.0,-148.0,-77.0,-438.0,-246.0,75.0
44.0,-144.0,-81.0,-339.0,-178.0,84.0
34.0,-135.0,-77.0,-230.0,-107.0,107.0
24.0,-130.0,-74.0,-114.0,-43.0,146.0
12.0,-121.0,-69.0,-5.0,13.0,197.0
6.0,-120.0,-76.0,92.0,60.0,265.0
2.0,-115.0,-76.0,157.0,98.0,329.0
10.0,-114.0,-87.0,176.0,127.0,385.0
11.0,-111.0,-92.0,156.0,147.0,434.0
15.0,-115.0,-99.0,117.0,159.0,479.0
29.0,-119.0,-107.0,65.0,168.0,524.0
40.0,-128.0,-116.0,-1.0,175.0,560.0
47.0,-139.0,-129.0,-67.0,184.0,585.0
60.0,-155.0,-134.0,-128.0,186.0,602.0
74.0,-177.0,-142.0,-181.0,178.0,609.0
77.0,-194.0,-145.0,-231.0,162.0,600.0
74.0,-217.0,-146.0,-275.0,141.0,579.0
67.0,-251.0,-146.0,-316.0,123.0,558.0
51.0,-275.0,-150.0,-345.0,110.0,543.0
35.0,-305.0,-146.0,-364.0,111.0,540.0
13.0,-319.0,-138.0,-367.0,130.0,557.0
-22.0,-329.0,-130.0,-350.0,160.0,582.0
-55.0,-344.0,-113.0,-303.0,189.0,610.0
-81.0,-345.0,-94.0,-227.0,207.0,634.0
-108.0,-349.0,-95.0,-125.0,213.0,648.0
-130.0,-345.0,-92.0,-24.0,208.0,642.0
-139.0,-336.0,-101.0,65.0,191.0,619.0
-143.0,-331.0,-111.0,142.0,164.0,585.0
-138.0,-314.0,-129.0,202.0,123.0,531.0
-127.0,-297.0,-155.0,251.0,75.0,463.0
-117.0,-278.0,-184.0,286.0,19.0,371.0
-103.0,-238.0,-216.0,301.0,-41.0,263.0
-88.0,-195.0,-253.0,286.0,-96.0,159.0
-87.0,-161.0,-296.0,233.0,-133.0,62.0
-92.0,-129.0,-327.0,123.0,-159.0,-18.0
-93.0,-110.0,-349.0,-64.0,-184.0,-84.0
-91.0,-100.0,-366.0,-335.0,-218.0,-138.0
-95.0,-107.0,-370.0,-667.0,-275.0,-184.0
-98.0,-125.0,-366.0,-1007.0,-366.0,-221.0
-92.0,-141.0,-367.0,-1309.0,-486.0,-240.0
-82.0,-166.0,-369.0,-1541.0,-602.0,-241.0
-82.0,-182.0,-359.0,-1707.0,-688.0,-223.0
-88.0,-188.0,-350.0,-1826.0,-749.0,-189.0
-76.0,-181.0,-347.0,-1895.0,-799.0,-142.0
-64.0,-168.0,-334.0,-1924.0,-824.0,-94.0
-53.0,-158.0,-328.0,-1902.0,-830.0,-47.0
-31.0,-143.0,-315.0,-1821.0,-822.0,-1.0
10.0,-125.0,-310.0,-1689.0,-804.0,32.0
46.0,-107.0,-298.0,-1509.0,-773.0,39.0
66.0,-93.0,-291.0,-1300.0,-737.0,30.0
78.0,-87.0,-285.0,-1073.0,-704.0,19.0
86.0,-82.0,-277.0,-846.0,-670.0,17.0
88.0,-85.0,-263.0,-635.0,-627.0,24.0
89.0,-84.0,-253.0,-451.0,-574.0,31.0
94.0,-92.0,-240.0,-308.0,-517.0,39.0
101.0,-105.0,-231.0,-188.0,-470.0,41.0
102.0,-114.0,-223.0,-93.0,-420.0,42.0
97.0,-127.0,-218.0,-27.0,-365.0,43.0
84.0,-141.0,-209.0,2.0,-308.0,41.0
72.0,-147.0,-209.0,-8.0,-258.0,36.0
55.0,-162.0,-210.0,-54.0,-218.0,20.0
28.0,-174.0,-209.0,-118.0,-191.0,-10.0
-2.0,-179.0,-214.0,-184.0,-175.0,-49.0
-24.0,-184.0,-218.0,-259.0,-156.0,-76.0
-36.0,-186.0,-226.0,-352.0,-121.0,-90.0
-49.0,-185.0,-231.0,-451.0,-63.0,-104.0
-55.0,-190.0,-233.0,-554.0,15.0,-120.0
-61.0,-194.0,-232.0,-650.0,95.0,-141.0
-62.0,-193.0,-223.0,-715.0,163.0,-170.0
-59.0,-192.0,-214.0,-743.0,213.0,-207.0
-56.0,-189.0,-211.0,-748.0,240.0,-245.0
-55.0,-180.0,-202.0,-741.0,243.0,-286.0
-46.0,-178.0,-195.0,-734.0,214.0,-313.0
-42.0,-167.0,-187.0,-725.0,160.0,-323.0
-34.0,-168.0,-187.0,-721.0,97.0,-328.0
-30.0,-163.0,-189.0,-720.0,32.0,-318.0
-36.0,-157.0,-185.0,-729.0,-34.0,-301.0
-27.0,-150.0,-186.0,-744.0,-92.0,-278.0
-25.0,-144.0,-185.0,-767.0,-150.0,-264.0
-20.0,-138.0,-176.0,-792.0,-211.0,-258.0
-19.0,-132.0,-169.0,-817.0,-275.0,-267.0
-17.0,-128.0,-163.0,-832.0,-340.0,-288.0
-14.0,-119.0,-154.0,-834.0,-398.0,-312.0
-9.0,-114.0,-149.0,-825.0,-439.0,-342.0
-4.0,-108.0,-142.0,-805.0,-473.0,-377.0
-1.0,-101.0,-139.0,-778.0,-494.0,-417.0
0.0,-96.0,-131.0,-744.0,-512.0,-460.0
13.0,-87.0,-134.0,-708.0,-530.0,-520.0
17.0,-77.0,-135.0,-683.0,-543.0,-591.0
23.0,-77.0,-137.0,-674.0,-550.0,-660.0
28.0,-76.0,-138.0,-677.0,-551.0,-731.0
33.0,-80.0,-139.0,-706.0,-539.0,-781.0
29.0,-82.0,-135.0,-758.0,-514.0,-809.0
22.0,-86.0,-126.0,-815.0,-503.0,-832.0
15.0,-90.0,-122.0,-875.0,-513.0,-850.0
-2.0,-94.0,-109.0,-934.0,-553.0,-865.0
-13.0,-95.0,-111.0,-990.0,-619.0,-876.0
-24.0,-95.0,-104.0,-1043.0,-697.0,-886.0
-44.0,-98.0,-96.0,-1079.0,-787.0,-892.0
-45.0,-98.0,-94.0,-1101.0,-881.0,-894.0
-44.0,-95.0,-89.0,-1108.0,-975.0,-903.0
-48.0,-90.0,-83.0,-1090.0,-1063.0,-914.0
-42.0,-93.0,-75.0,-1047.0,-1141.0,-926.0
-40.0,-90.0,-72.0,-981.0,-1211.0,-938.0
-36.0,-89.0,-72.0,-901.0,-1276.0,-960.0
-28.0,-86.0,-64.0,-816.0,-1341.0,-1000.0
-20.0,-82.0,-58.0,-723.0,-1412.0,-1068.0
-10.0,-79.0,-47.0,-638.0,-1484.0,-1155.0
-17.0,-75.0,-42.0,-549.0,-1544.0,-1215.0
10.0,-72.0,-35.0,-482.0,-1616.0,-1280.0
10.0,-71.0,-34.0,-360.0,-1625.0,-1266.0
4.0,-68.0,-35.0,-223.0,-1641.0,-1228.0
1.0,-66.0,-42.0,-115.0,-1665.0,-1196.0
0.0,-64.0,-45.0,-35.0,-1681.0,-1167.0
-1.0,-63.0,-56.0,24.0,-1701.0,-1139.0
4.0,-62.0,-66.0,63.0,-1726.0,-1105.0
-1.0,-56.0,-76.0,77.0,-1759.0,-1063.0
6.0,-61.0,-83.0,64.0,-1800.0,-999.0
1.0,-60.0,-86.0,43.0,-1841.0,-928.0
5.0,-59.0,-99.0,4.0,-1875.0,-844.0
13.0,-65.0,-99.0,-64.0,-1902.0,-753.0
21.0,-64.0,-102.0,-140.0,-1920.0,-678.0
24.0,-66.0,-100.0,-198.0,-1918.0,-615.0
33.0,-77.0,-100.0,-229.0,-1901.0,-529.0
29.0,-78.0,-97.0,-194.0,-1859.0,-468.0
31.0,-80.0,-93.0,-156.0,-1818.0,-420.0
35.0,-81.0,-90.0,-126.0,-1782.0,-370.0
37.0,-71.0,-88.0,-130.0,-1750.0,-316.0
31.0,-64.0,-85.0,-169.0,-1728.0,-270.0
32.0,-65.0,-84.0,-228.0,-1712.0,-226.0
21.0,-85.0,-76.0,-285.0,-1683.0,-207.0
5.0,-71.0,-71.0,-269.0,-1640.0,-209.0
8.0,-86.0,-74.0,-234.0,-1610.0,-163.0
3.0,-79.0,-76.0,-184.0,-1593.0,-118.0
-12.0,-68.0,-74.0,-186.0,-1581.0,-91.0
-18.0,-64.0,-77.0,-213.0,-1577.0,-50.0
-20.0,-72.0,-71.0,-252.0,-1572.0,-8.0
-39.0,-58.0,-71.0,-284.0,-1544.0,-31.0
-48.0,-64.0,-57.0,-326.0,-1506.0,-39.0
-59.0,-58.0,-51.0,-313.0,-1480.0,17.0
-45.0,-56.0,-41.0,-274.0,-1453.0,109.0
-44.0,-39.0,-38.0,-267.0,-1406.0,148.0
-42.0,-61.0,-27.0,-320.0,-1348.0,157.0
-34.0,-60.0,-25.0,-241.0,-1279.0,149.0
-30.0,-50.0,-36.0,-108.0,-1234.0,154.0
-22.0,-30.0,-39.0,-52.0,-1220.0,176.0
-14.0,-21.0,-43.0,-28.0,-1220.0,193.0
-4.0,-14.0,-52.0,-10.0,-1226.0,203.0
-2.0,-5.0,-51.0,-6.0,-1227.0,211.0
-2.0,3.0,-56.0,-16.0,-1215.0,219.0
-3.0,5.0,-63.0,-44.0,-1188.0,231.0
2.0,9.0,-76.0,-84.0,-1148.0,248.0
-2.0,14.0,-70.0,-139.0,-1099.0,266.0
-6.0,14.0,-63.0,-167.0,-1054.0,294.0
-3.0,20.0,-69.0,-167.0,-1031.0,333.0
2.0,34.0,-77.0,-187.0,-1020.0,357.0
-2.0,48.0,-89.0,-240.0,-1010.0,364.0
-4.0,61.0,-104.0,-330.0,-1007.0,375.0
-5.0,73.0,-113.0,-454.0,-1005.0,394.0
-10.0,84.0,-119.0,-589.0,-991.0,412.0
-18.0,91.0,-124.0,-725.0,-979.0,430.0
-24.0,95.0,-126.0,-831.0,-988.0,459.0
-17.0,95.0,-131.0,-904.0,-1019.0,479.0
-28.0,100.0,-128.0,-973.0,-1060.0,473.0
-39.0,96.0,-123.0,-1030.0,-1109.0,469.0
-49.0,88.0,-108.0,-1071.0,-1157.0,477.0
-64.0,87.0,-95.0,-1061.0,-1203.0,488.0
-69.0,81.0,-86.0,-1036.0,-1239.0,493.0
-86.0,74.0,-72.0,-988.0,-1275.0,509.0
-102.0,69.0,-58.0,-923.0,-1315.0,548.0
-98.0,72.0,-34.0,-849.0,-1346.0,597.0
-90.0,75.0,-21.0,-796.0,-1351.0,645.0
-80.0,85.0,-43.0,-789.0,-1321.0,671.0
-65.0,68.0,-41.0,-843.0,-1247.0,669.0
-31.0,45.0,-29.0,-928.0,-1173.0,688.0
-6.0,15.0,-20.0,-1004.0,-1103.0,718.0
12.0,-7.0,-43.0,-1048.0,-1049.0,749.0
35.0,-21.0,-49.0,-1136.0,-1048.0,755.0
49.0,-37.0,-57.0,-1247.0,-1079.0,738.0
40.0,-48.0,-24.0,-1369.0,-1141.0,689.0
-40.0,-76.0,2.0,-1477.0,-1257.0,640.0
-184.0,-68.0,-19.0,-1442.0,-1382.0,705.0
-328.0,-15.0,-145.0,-1411.0,-1515.0,847.0
-533.0,112.0,-341.0,-1544.0,-1678.0,1083.0
-983.0,305.0,-573.0,-1621.0,-1831.0,1358.0
-1471.0,329.0,-767.0,-1764.0,-2203.0,1760.0
-2351.0,595.0,-1006.0,-2127.0,-2715.0,2303.0
-3282.0,1127.0,-1597.0,-2906.0,-2638.0,3305.0
-1410.0,556.0,-1234.0,-3497.0,333.0,5041.0
-930.0,-74.0,-1147.0,-4718.0,937.0,5424.0
-1534.0,-52.0,-1413.0,-4117.0,1819.0,4860.0
-1022.0,128.0,-793.0,-5433.0,2713.0,4761.0
-812.0,402.0,-733.0,-5667.0,3256.0,4916.0
-402.0,96.0,-716.0,-4571.0,3569.0,4727.0
-185.0,437.0,-839.0,-2736.0,3307.0,3639.0
-31.0,581.0,-926.0,-2029.0,1631.0,3116.0
-58.0,236.0,-507.0,-2892.0,-879.0,2851.0
-195.0,180.0,-334.0,-3722.0,-2829.0,2668.0
-209.0,189.0,-316.0,-4272.0,-3962.0,2859.0
-191.0,153.0,-366.0,-4731.0,-4407.0,2866.0
-141.0,105.0,-326.0,-4812.0,-4194.0,2512.0
-71.0,107.0,-328.0,-4596.0,-3441.0,1975.0
-119.0,143.0,-337.0,-4324.0,-2259.0,1603.0
-257.0,206.0,-342.0,-4083.0,-1104.0,1508.0
-365.0,212.0,-286.0,-3968.0,-430.0,1525.0
-332.0,164.0,-229.0,-3818.0,-131.0,1617.0
-340.0,79.0,-168.0,-3683.0,-32.0,1838.0
-389.0,28.0,-174.0,-3687.0,-250.0,2034.0
-148.0,-127.0,-160.0,-3576.0,-164.0,2320.0
-136.0,-193.0,-128.0,-3062.0,556.0,2669.0
-206.0,-179.0,-112.0,-2472.0,1140.0,2789.0
-225.0,-124.0,-94.0,-1871.0,1415.0,2644.0
-272.0,-47.0,-98.0,-1311.0,1462.0,2353.0
-232.0,0.0,-136.0,-904.0,1319.0,1866.0
-141.0,-13.0,-130.0,-547.0,1322.0,1259.0
-125.0,47.0,-135.0,-138.0,1494.0,630.0
-124.0,85.0,-136.0,97.0,1673.0,197.0
-80.0,75.0,-107.0,111.0,1877.0,-75.0
-78.0,127.0,-87.0,40.0,2076.0,-254.0
-89.0,173.0,-71.0,-144.0,2200.0,-292.0
-58.0,165.0,-43.0,-380.0,2281.0,-235.0
-29.0,152.0,-18.0,-485.0,2389.0,-175.0
-9.0,151.0,1.0,-461.0,2469.0,-142.0
-22.0,181.0,25.0,-449.0,2460.0,-123.0
-68.0,239.0,37.0,-490.0,2363.0,-104.0
-128.0,315.0,30.0,-555.0,2171.0,-50.0
-145.0,353.0,19.0,-550.0,1968.0,42.0
-153.0,393.0,8.0,-510.0,1799.0,123.0
-160.0,425.0,-9.0,-504.0,1669.0,201.0
-161.0,412.0,-27.0,-560.0,1568.0,258.0
-167.0,352.0,-45.0,-567.0,1533.0,241.0
-191.0,364.0,-83.0,-306.0,1625.0,148.0
-492.0,739.0,-189.0,-227.0,1661.0,200.0
-211.0,420.0,-93.0,-1005.0,1376.0,621.0
-53.0,160.0,-68.0,-1007.0,1493.0,763.0
-93.0,71.0,-90.0,-542.0,1664.0,555.0
-166.0,113.0,-125.0,-126.0,1578.0,253.0
-199.0,120.0,-128.0,18.0,1328.0,113.0
-173.0,119.0,-129.0,22.0,1110.0,109.0
-161.0,109.0,-124.0,-10.0,953.0,136.0
-144.0,97.0,-119.0,-87.0,811.0,95.0
-153.0,98.0,-117.0,-134.0,720.0,22.0
-146.0,122.0,-120.0,-135.0,667.0,-45.0
-135.0,126.0,-120.0,-166.0,627.0,-37.0
-123.0,128.0,-113.0,-202.0,594.0,0.0
-133.0,151.0,-104.0,-209.0,571.0,37.0
-106.0,161.0,-95.0,-158.0,536.0,88.0
-92.0,151.0,-99.0,3.0,512.0,108.0
-79.0,137.0,-100.0,232.0,469.0,104.0
-70.0,118.0,-97.0,448.0,436.0,107.0
-72.0,117.0,-104.0,627.0,411.0,112.0
-73.0,127.0,-121.0,782.0,386.0,109.0
-73.0,150.0,-136.0,900.0,359.0,99.0
-80.0,173.0,-148.0,1003.0,322.0,86.0
-98.0,191.0,-204.0,1101.0,309.0,83.0
-134.0,210.0,-284.0,1125.0,409.0,99.0
-88.0,83.0,-224.0,869.0,634.0,184.0
-93.0,166.0,-212.0,639.0,676.0,150.0
-78.0,186.0,-211.0,568.0,517.0,126.0
-86.0,180.0,-210.0,578.0,391.0,86.0
-86.0,176.0,-207.0,595.0,304.0,30.0
-94.0,174.0,-223.0,576.0,216.0,-18.0
-103.0,179.0,-242.0,533.0,145.0,-58.0
-107.0,177.0,-256.0,452.0,74.0,-82.0
-119.0,180.0,-257.0,345.0,19.0,-94.0
-123.0,183.0,-266.0,233.0,-10.0,-99.0
-131.0,189.0,-265.0,125.0,-24.0,-82.0
-135.0,196.0,-273.0,18.0,-24.0,-60.0
-132.0,198.0,-247.0,-62.0,-15.0,-29.0
-125.0,211.0,-249.0,-91.0,-10.0,-3.0
-129.0,205.0,-256.0,-68.0,-5.0,15.0
-116.0,201.0,-249.0,-28.0,-1.0,17.0
-113.0,192.0,-246.0,-1.0,-2.0,5.0
-100.0,188.0,-242.0,25.0,-7.0,-10.0
-91.0,188.0,-233.0,33.0,-14.0,-43.0
-83.0,184.0,-224.0,39.0,-18.0,-88.0
-76.0,184.0,-213.0,37.0,-22.0,-154.0
-71.0,177.0,-214.0,39.0,-18.0,-230.0
-67.0,167.0,-205.0,43.0,-15.0,-322.0
-78.0,157.0,-205.0,39.0,-11.0,-383.0
-76.0,159.0,-203.0,41.0,-22.0,-418.0
-69.0,146.0,-201.0,44.0,-22.0,-435.0
-82.0,145.0,-198.0,63.0,-22.0,-439.0
-83.0,156.0,-198.0,101.0,-1.0,-449.0
-76.0,143.0,-185.0,190.0,40.0,-449.0
-43.0,131.0,-180.0,286.0,93.0,-433.0
-36.0,133.0,-177.0,412.0,201.0,-418.0
-48.0,142.0,-161.0,513.0,335.0,-386.0
-82.0,139.0,-161.0,543.0,405.0,-349.0
-84.0,143.0,-163.0,585.0,462.0,-292.0
-91.0,134.0,-150.0,631.0,501.0,-257.0
-112.0,136.0,-147.0,656.0,530.0,-220.0
-117.0,146.0,-157.0,652.0,572.0,-185.0
-141.0,144.0,-139.0,645.0,628.0,-130.0
-101.0,140.0,-149.0,656.0,669.0,-104.0
-201.0,133.0,-147.0,685.0,717.0,-98.0
-209.0,116.0,-125.0,729.0,673.0,-116.0
-233.0,119.0,-160.0,810.0,541.0,-121.0
-134.0,111.0,-174.0,867.0,411.0,-75.0
-112.0,118.0,-196.0,866.0,382.0,-15.0
-111.0,130.0,-192.0,834.0,407.0,17.0
-117.0,139.0,-217.0,754.0,423.0,50.0
-123.0,188.0,-209.0,670.0,411.0,72.0
-125.0,187.0,-228.0,602.0,403.0,123.0
-122.0,131.0,-219.0,527.0,362.0,158.0
-143.0,117.0,-195.0,458.0,322.0,121.0
-133.0,152.0,-171.0,437.0,334.0,82.0
-88.0,173.0,-175.0,500.0,444.0,99.0
-72.0,169.0,-210.0,682.0,588.0,129.0
-75.0,123.0,-244.0,877.0,696.0,137.0
-118.0,87.0,-293.0,1011.0,741.0,127.0
-131.0,83.0,-318.0,1020.0,733.0,140.0
-108.0,109.0,-306.0,984.0,678.0,173.0
-74.0,138.0,-300.0,1050.0,582.0,192.0
-37.0,149.0,-288.0,1139.0,496.0,186.0
-31.0,173.0,-279.0,1159.0,422.0,133.0
-41.0,155.0,-264.0,1101.0,333.0,60.0
-27.0,162.0,-246.0,972.0,252.0,-44.0
-50.0,148.0,-217.0,787.0,232.0,-189.0
-71.0,145.0,-199.0,639.0,216.0,-293.0
-101.0,129.0,-177.0,466.0,201.0,-415.0
-66.0,138.0,-188.0,270.0,221.0,-486.0
-117.0,75.0,-134.0,77.0,275.0,-504.0
-67.0,63.0,-134.0,106.0,286.0,-406.0
-45.0,72.0,-148.0,246.0,311.0,-329.0
-49.0,70.0,-166.0,347.0,324.0,-343.0
-66.0,74.0,-181.0,338.0,324.0,-372.0
-63.0,48.0,-162.0,254.0,302.0,-342.0
-59.0,25.0,-164.0,245.0,238.0,-275.0
-76.0,48.0,-181.0,315.0,167.0,-227.0
-75.0,83.0,-204.0,360.0,107.0,-146.0
-72.0,84.0,-210.0,323.0,74.0,-90.0
-74.0,90.0,-213.0,257.0,67.0,-66.0
-84.0,100.0,-226.0,202.0,87.0,-58.0
-83.0,98.0,-229.0,161.0,136.0,-57.0
-82.0,100.0,-233.0,147.0,196.0,-52.0
-80.0,104.0,-228.0,144.0,244.0,-40.0
-78.0,103.0,-228.0,148.0,268.0,-30.0
-75.0,104.0,-220.0,157.0,275.0,-23.0
-72.0,106.0,-211.0,179.0,277.0,-17.0
-74.0,114.0,-214.0,209.0,278.0,-14.0
-73.0,101.0,-214.0,246.0,277.0,-17.0
-75.0,97.0,-223.0,282.0,275.0,-11.0
-72.0,102.0,-224.0,301.0,265.0,-8.0
-75.0,104.0,-240.0,312.0,248.0,-5.0
-73.0,102.0,-246.0,303.0,221.0,-5.0
-77.0,102.0,-256.0,276.0,197.0,-3.0
-77.0,105.0,-258.0,232.0,167.0,-2.0
-81.0,110.0,-280.0,185.0,136.0,-1.0
-72.0,109.0,-259.0,129.0,106.0,-3.0
-99.0,165.0,-258.0,87.0,107.0,-42.0
-106.0,130.0,-232.0,27.0,66.0,-25.0
-93.0,127.0,-254.0,39.0,43.0,-13.0
-99.0,125.0,-264.0,39.0,23.0,-1.0
-93.0,128.0,-268.0,12.0,8.0,9.0
-96.0,131.0,-263.0,-28.0,3.0,20.0
-96.0,143.0,-243.0,-60.0,-7.0,38.0
-93.0,132.0,-256.0,-105.0,-10.0,40.0
-92.0,129.0,-263.0,-126.0,-25.0,47.0
-87.0,126.0,-265.0,-141.0,-35.0,49.0
-83.0,118.0,-260.0,-152.0,-46.0,43.0
-77.0,116.0,-254.0,-152.0,-56.0,32.0
-74.0,111.0,-248.0,-148.0,-67.0,20.0
-78.0,108.0,-243.0,-148.0,-77.0,12.0
-80.0,111.0,-239.0,-152.0,-90.0,7.0
-75.0,110.0,-229.0,-159.0,-101.0,2.0
-74.0,105.0,-230.0,-167.0,-110.0,0.0
-76.0,111.0,-226.0,-171.0,-114.0,0.0
-71.0,108.0,-220.0,-178.0,-112.0,-2.0
-74.0,110.0,-221.0,-187.0,-108.0,-1.0
-75.0,108.0,-219.0,-196.0,-104.0,-1.0
-74.0,113.0,-212.0,-208.0,-102.0,2.0
-77.0,111.0,-210.0,-218.0,-97.0,0.0
-78.0,113.0,-207.0,-222.0,-95.0,0.0
-83.0,119.0,-200.0,-221.0,-91.0,1.0
-77.0,121.0,-197.0,-216.0,-83.0,1.0
-80.0,121.0,-198.0,-209.0,-74.0,0.0
-77.0,119.0,-197.0,-203.0,-61.0,1.0
-78.0,121.0,-195.0,-194.0,-48.0,0.0
-76.0,120.0,-195.0,-184.0,-31.0,0.0
-78.0,120.0,-193.0,-169.0,-14.0,0.0
-73.0,116.0,-196.0,-150.0,3.0,0.0
-74.0,115.0,-197.0,-129.0,18.0,1.0
-77.0,116.0,-195.0,-110.0,30.0,4.0
-74.0,115.0,-198.0,-89.0,36.0,5.0
-72.0,115.0,-200.0,-71.0,41.0,7.0
-73.0,115.0,-207.0,-55.0,46.0,7.0
-78.0,117.0,-203.0,-39.0,49.0,9.0
-73.0,115.0,-205.0,-23.0,50.0,10.0
-76.0,114.0,-206.0,-6.0,51.0,11.0
-72.0,114.0,-208.0,8.0,52.0,9.0
-71.0,114.0,-208.0,22.0,52.0,8.0
-70.0,115.0,-211.0,36.0,51.0,7.0
-74.0,116.0,-210.0,47.0,51.0,5.0
-76.0,122.0,-214.0,58.0,48.0,6.0
-75.0,119.0,-217.0,68.0,46.0,4.0
-88.0,128.0,-218.0,75.0,45.0,3.0
-80.0,124.0,-224.0,85.0,41.0,3.0
-80.0,124.0,-207.0,81.0,45.0,6.0
-75.0,123.0,-221.0,77.0,47.0,12.0
-83.0,124.0,-223.0,75.0,47.0,13.0
-82.0,127.0,-223.0,73.0,50.0,14.0
-89.0,124.0,-219.0,76.0,54.0,6.0
-83.0,121.0,-226.0,86.0,52.0,11.0
-81.0,125.0,-229.0,68.0,59.0,17.0
-80.0,121.0,-225.0,57.0,62.0,22.0
-79.0,125.0,-221.0,52.0,64.0,22.0
-79.0,125.0,-229.0,52.0,65.0,21.0
-77.0,121.0,-225.0,55.0,66.0,21.0
-78.0,119.0,-214.0,63.0,66.0,15.0
-77.0,126.0,-223.0,71.0,67.0,13.0
-77.0,121.0,-226.0,83.0,67.0,8.0
-77.0,125.0,-227.0,89.0,68.0,8.0
-73.0,120.0,-227.0,88.0,71.0,7.0
-80.0,120.0,-224.0,90.0,71.0,6.0
-77.0,120.0,-222.0,89.0,73.0,7.0
-78.0,120.0,-224.0,90.0,75.0,6.0
-74.0,119.0,-221.0,94.0,76.0,5.0
-78.0,120.0,-221.0,102.0,78.0,4.0
-77.0,119.0,-229.0,106.0,79.0,5.0
-75.0,120.0,-224.0,108.0,79.0,4.0
-82.0,126.0,-222.0,110.0,75.0,0.0
-75.0,118.0,-228.0,124.0,64.0,-3.0
-77.0,119.0,-219.0,108.0,69.0,1.0
-71.0,117.0,-220.0,97.0,63.0,1.0
-71.0,116.0,-218.0,89.0,58.0,2.0
-72.0,113.0,-216.0,82.0,53.0,4.0
-77.0,119.0,-216.0,76.0,50.0,6.0
-72.0,117.0,-220.0,73.0,47.0,6.0
-73.0,120.0,-218.0,72.0,47.0,5.0
-79.0,122.0,-224.0,73.0,47.0,7.0
-75.0,118.0,-220.0,71.0,46.0,5.0
-72.0,115.0,-218.0,71.0,44.0,7.0
-73.0,117.0,-221.0,70.0,46.0,8.0
-73.0,119.0,-220.0,68.0,45.0,8.0
-76.0,121.0,-222.0,66.0,44.0,8.0
-74.0,117.0,-219.0,66.0,44.0,7.0
-74.0,118.0,-219.0,65.0,44.0,6.0
-70.0,115.0,-219.0,65.0,45.0,6.0
-75.0,118.0,-220.0,66.0,44.0,5.0
-72.0,120.0,-219.0,67.0,42.0,5.0
-77.0,113.0,-225.0,67.0,41.0,1.0
-72.0,118.0,-221.0,67.0,38.0,-1.0
-73.0,117.0,-217.0,68.0,35.0,-3.0
-72.0,118.0,-216.0,68.0,33.0,-5.0
-72.0,121.0,-225.0,69.0,31.0,-6.0
-72.0,117.0,-221.0,69.0,27.0,-9.0
-74.0,119.0,-220.0,70.0,26.0,-11.0
-73.0,116.0,-218.0,66.0,26.0,-11.0
-73.0,115.0,-220.0,64.0,28.0,-12.0
-72.0,121.0,-220.0,64.0,28.0,-14.0
-71.0,117.0,-217.0,66.0,28.0,-13.0
-69.0,118.0,-215.0,68.0,29.0,-14.0
-71.0,123.0,-220.0,69.0,29.0,-14.0
-79.0,116.0,-221.0,74.0,28.0,-18.0
-77.0,116.0,-223.0,82.0,28.0,-16.0
-72.0,114.0,-223.0,71.0,30.0,-13.0
-74.0,116.0,-221.0,67.0,31.0,-12.0
-75.0,121.0,-224.0,64.0,30.0,-12.0
-74.0,118.0,-224.0,61.0,28.0,-11.0
-77.0,121.0,-222.0,59.0,26.0,-10.0
-76.0,117.0,-224.0,57.0,24.0,-11.0
-73.0,117.0,-224.0,54.0,21.0,-10.0
-77.0,122.0,-227.0,51.0,19.0,-10.0
-75.0,118.0,-223.0,49.0,18.0,-11.0
-69.0,117.0,-221.0,47.0,17.0,-9.0
-74.0,118.0,-221.0,45.0,15.0,-9.0
-73.0,118.0,-226.0,41.0,15.0,-9.0
-73.0,118.0,-226.0,40.0,13.0,-7.0
-72.0,115.0,-222.0,41.0,15.0,-7.0
-73.0,116.0,-221.0,42.0,15.0,-7.0
-75.0,120.0,-223.0,44.0,13.0,-7.0
-74.0,119.0,-220.0,46.0,12.0,-8.0
-75.0,119.0,-221.0,44.0,13.0,-7.0
-77.0,113.0,-217.0,44.0,13.0,-7.0
-74.0,117.0,-224.0,44.0,13.0,-6.0
-74.0,119.0,-223.0,45.0,14.0,-7.0
-74.0,120.0,-222.0,46.0,14.0,-8.0
-70.0,122.0,-220.0,45.0,16.0,-8.0
-72.0,116.0,-217.0,46.0,16.0,-6.0
-72.0,120.0,-221.0,46.0,18.0,-6.0
-72.0,115.0,-220.0,45.0,18.0,-6.0
-81.0,121.0,-220.0,47.0,19.0,-6.0
-77.0,120.0,-222.0,50.0,19.0,-7.0
-75.0,119.0,-218.0,50.0,19.0,-7.0
-78.0,118.0,-216.0,47.0,19.0,-7.0
-74.0,117.0,-218.0,45.0,19.0,-8.0
-71.0,120.0,-220.0,42.0,19.0,-7.0
-73.0,117.0,-220.0,42.0,19.0,-5.0
-76.0,117.0,-221.0,38.0,17.0,-7.0
-76.0,118.0,-220.0,36.0,19.0,-6.0
-74.0,121.0,-222.0,36.0,20.0,-7.0
-74.0,119.0,-224.0,41.0,23.0,-7.0
