-11.0,-236.0,42.0,38.0,308.0,-224.0
-11.0,-235.0,43.0,58.0,323.0,-239.0
-12.0,-235.0,46.0,75.0,344.0,-253.0
-15.0,-236.0,41.0,86.0,361.0,-258.0
-21.0,-235.0,35.0,94.0,378.0,-262.0
-23.0,-233.0,30.0,94.0,392.0,-255.0
-28.0,-236.0,22.0,89.0,403.0,-244.0
-29.0,-234.0,17.0,79.0,411.0,-223.0
-35.0,-237.0,9.0,63.0,412.0,-198.0
-44.0,-238.0,3.0,39.0,412.0,-176.0
-53.0,-242.0,-3.0,2.0,404.0,-146.0
-58.0,-247.0,-1.0,-45.0,392.0,-114.0
-62.0,-255.0,-3.0,-92.0,377.0,-76.0
-64.0,-268.0,0.0,-132.0,366.0,-36.0
-68.0,-279.0,6.0,-171.0,362.0,8.0
-72.0,-285.0,17.0,-204.0,364.0,49.0
-74.0,-291.0,28.0,-226.0,363.0,87.0
-74.0,-301.0,30.0,-246.0,365.0,126.0
-75.0,-303.0,46.0,-262.0,370.0,162.0
-70.0,-302.0,51.0,-267.0,378.0,200.0
-67.0,-308.0,60.0,-260.0,389.0,232.0
-62.0,-305.0,62.0,-248.0,403.0,271.0
-55.0,-304.0,67.0,-237.0,414.0,300.0
-55.0,-290.0,73.0,-216.0,426.0,316.0
-41.0,-285.0,81.0,-169.0,440.0,344.0
-36.0,-273.0,83.0,-119.0,444.0,343.0
-37.0,-267.0,77.0,-79.0,440.0,325.0
-41.0,-255.0,68.0,-74.0,446.0,322.0
-54.0,-234.0,42.0,-107.0,453.0,315.0
-78.0,-223.0,6.0,-183.0,448.0,310.0
-107.0,-225.0,-11.0,-300.0,433.0,312.0
-135.0,-241.0,-46.0,-437.0,409.0,332.0
-147.0,-278.0,-64.0,-565.0,378.0,385.0
-170.0,-320.0,-86.0,-670.0,325.0,425.0
-182.0,-364.0,-98.0,-729.0,239.0,471.0
-198.0,-390.0,-99.0,-722.0,127.0,509.0
-205.0,-422.0,-102.0,-641.0,-7.0,563.0
-185.0,-435.0,-94.0,-480.0,-156.0,626.0
-145.0,-422.0,-88.0,-248.0,-303.0,655.0
-141.0,-385.0,-81.0,48.0,-408.0,630.0
-121.0,-362.0,-88.0,351.0,-496.0,591.0
-106.0,-334.0,-102.0,565.0,-595.0,536.0
-102.0,-302.0,-126.0,711.0,-673.0,444.0
-80.0,-271.0,-143.0,815.0,-718.0,351.0
-53.0,-247.0,-151.0,890.0,-733.0,286.0
-33.0,-237.0,-156.0,917.0,-722.0,240.0
-18.0,-232.0,-155.0,903.0,-697.0,226.0
2.0,-229.0,-148.0,850.0,-666.0,232.0
12.0,-234.0,-140.0,757.0,-632.0,225.0
14.0,-240.0,-134.0,633.0,-605.0,191.0
19.0,-236.0,-127.0,489.0,-584.0,141.0
29.0,-234.0,-123.0,352.0,-569.0,86.0
38.0,-239.0,-114.0,242.0,-550.0,24.0
39.0,-242.0,-104.0,161.0,-538.0,-46.0
34.0,-252.0,-98.0,108.0,-540.0,-116.0
23.0,-260.0,-99.0,78.0,-556.0,-178.0
8.0,-276.0,-96.0,64.0,-580.0,-225.0
-1.0,-295.0,-98.0,61.0,-606.0,-259.0
-11.0,-304.0,-100.0,56.0,-632.0,-281.0
-15.0,-316.0,-95.0,41.0,-656.0,-301.0
-22.0,-321.0,-100.0,4.0,-692.0,-336.0
-19.0,-328.0,-104.0,-52.0,-735.0,-386.0
-23.0,-326.0,-99.0,-116.0,-777.0,-450.0
-26.0,-322.0,-95.0,-177.0,-824.0,-513.0
-28.0,-318.0,-90.0,-209.0,-877.0,-562.0
-34.0,-304.0,-83.0,-201.0,-927.0,-605.0
-38.0,-293.0,-84.0,-165.0,-977.0,-650.0
-33.0,-281.0,-91.0,-122.0,-1021.0,-690.0
-24.0,-274.0,-86.0,-102.0,-1063.0,-712.0
-16.0,-260.0,-77.0,-88.0,-1084.0,-738.0
-23.0,-242.0,-69.0,-49.0,-1102.0,-764.0
-25.0,-229.0,-61.0,11.0,-1107.0,-768.0
-24.0,-220.0,-64.0,74.0,-1094.0,-775.0
-29.0,-215.0,-56.0,113.0,-1086.0,-790.0
-39.0,-208.0,-60.0,115.0,-1087.0,-792.0
-38.0,-205.0,-59.0,100.0,-1093.0,-780.0
-26.0,-210.0,-59.0,79.0,-1102.0,-773.0
-24.0,-209.0,-67.0,45.0,-1110.0,-781.0
-20.0,-211.0,-65.0,-16.0,-1127.0,-807.0
-9.0,-207.0,-65.0,-66.0,-1151.0,-831.0
-7.0,-206.0,-71.0,-121.0,-1175.0,-852.0
-8.0,-206.0,-67.0,-173.0,-1185.0,-871.0
1.0,-207.0,-61.0,-207.0,-1197.0,-885.0
2.0,-200.0,-58.0,-216.0,-1217.0,-899.0
4.0,-202.0,-51.0,-200.0,-1236.0,-908.0
11.0,-197.0,-47.0,-173.0,-1245.0,-916.0
7.0,-192.0,-46.0,-158.0,-1243.0,-921.0
14.0,-192.0,-46.0,-167.0,-1233.0,-923.0
13.0,-188.0,-42.0,-188.0,-1232.0,-931.0
14.0,-182.0,-48.0,-216.0,-1242.0,-940.0
24.0,-172.0,-51.0,-236.0,-1246.0,-938.0
34.0,-172.0,-51.0,-258.0,-1241.0,-930.0
38.0,-168.0,-36.0,-278.0,-1228.0,-915.0
45.0,-168.0,-30.0,-275.0,-1209.0,-887.0
43.0,-170.0,-32.0,-258.0,-1180.0,-852.0
40.0,-168.0,-28.0,-263.0,-1144.0,-816.0
37.0,-170.0,-33.0,-280.0,-1100.0,-779.0
32.0,-167.0,-33.0,-302.0,-1047.0,-739.0
34.0,-163.0,-39.0,-334.0,-994.0,-687.0
40.0,-167.0,-43.0,-368.0,-935.0,-631.0
39.0,-170.0,-46.0,-400.0,-879.0,-580.0
32.0,-174.0,-44.0,-426.0,-831.0,-532.0
31.0,-182.0,-40.0,-444.0,-785.0,-473.0
30.0,-195.0,-38.0,-470.0,-742.0,-409.0
37.0,-212.0,-28.0,-503.0,-707.0,-345.0
45.0,-232.0,-12.0,-533.0,-675.0,-289.0
42.0,-248.0,-1.0,-542.0,-642.0,-246.0
43.0,-256.0,7.0,-521.0,-604.0,-227.0
42.0,-267.0,10.0,-476.0,-566.0,-223.0
45.0,-277.0,15.0,-416.0,-523.0,-234.0
36.0,-285.0,18.0,-353.0,-486.0,-257.0
28.0,-291.0,7.0,-293.0,-456.0,-282.0
34.0,-292.0,5.0,-240.0,-425.0,-299.0
31.0,-285.0,-2.0,-195.0,-399.0,-311.0
31.0,-281.0,-11.0,-161.0,-374.0,-314.0
29.0,-273.0,-20.0,-154.0,-348.0,-313.0
29.0,-267.0,-22.0,-162.0,-323.0,-310.0
27.0,-261.0,-30.0,-184.0,-303.0,-316.0
15.0,-255.0,-37.0,-217.0,-298.0,-324.0
12.0,-246.0,-41.0,-259.0,-301.0,-322.0
13.0,-253.0,-37.0,-306.0,-310.0,-310.0
10.0,-260.0,-34.0,-352.0,-326.0,-296.0
8.0,-264.0,-29.0,-391.0,-331.0,-274.0
5.0,-269.0,-20.0,-413.0,-335.0,-241.0
7.0,-277.0,-12.0,-406.0,-339.0,-211.0
5.0,-277.0,-12.0,-372.0,-346.0,-184.0
4.0,-280.0,-10.0,-332.0,-348.0,-164.0
5.0,-278.0,-10.0,-297.0,-346.0,-142.0
2.0,-272.0,-11.0,-266.0,-347.0,-125.0
0.0,-267.0,-13.0,-241.0,-349.0,-109.0
0.0,-257.0,-15.0,-226.0,-356.0,-95.0
-2.0,-254.0,-17.0,-222.0,-362.0,-80.0
0.0,-250.0,-16.0,-222.0,-366.0,-65.0
1.0,-244.0,-19.0,-222.0,-372.0,-49.0
-1.0,-240.0,-17.0,-223.0,-378.0,-28.0
0.0,-235.0,-15.0,-225.0,-383.0,-13.0
-1.0,-236.0,-14.0,-230.0,-391.0,-1.0
0.0,-233.0,-13.0,-241.0,-404.0,4.0
2.0,-232.0,-20.0,-257.0,-414.0,10.0
0.0,-232.0,-19.0,-282.0,-426.0,14.0
4.0,-237.0,-16.0,-311.0,-433.0,22.0
3.0,-238.0,-11.0,-327.0,-439.0,27.0
5.0,-238.0,-12.0,-326.0,-444.0,31.0
1.0,-234.0,-7.0,-313.0,-451.0,30.0
0.0,-229.0,-11.0,-288.0,-460.0,28.0
0.0,-222.0,-6.0,-260.0,-471.0,25.0
-4.0,-213.0,-5.0,-236.0,-481.0,20.0
-6.0,-199.0,-11.0,-217.0,-488.0,14.0
-4.0,-191.0,-15.0,-202.0,-493.0,4.0
-8.0,-180.0,-22.0,-191.0,-493.0,-5.0
-10.0,-174.0,-24.0,-180.0,-490.0,-16.0
-10.0,-164.0,-24.0,-169.0,-485.0,-28.0
-10.0,-155.0,-25.0,-154.0,-477.0,-37.0
-8.0,-147.0,-18.0,-133.0,-474.0,-45.0
-2.0,-145.0,-16.0,-115.0,-478.0,-58.0
-7.0,-137.0,-12.0,-98.0,-491.0,-78.0
-2.0,-131.0,-13.0,-87.0,-507.0,-93.0
0.0,-126.0,-14.0,-85.0,-519.0,-104.0
6.0,-121.0,-16.0,-88.0,-520.0,-99.0
10.0,-120.0,-16.0,-100.0,-510.0,-92.0
16.0,-114.0,-16.0,-119.0,-488.0,-81.0
24.0,-109.0,-19.0,-134.0,-456.0,-64.0
28.0,-105.0,-21.0,-145.0,-417.0,-39.0
38.0,-105.0,-21.0,-158.0,-370.0,-18.0
47.0,-100.0,-21.0,-170.0,-315.0,-5.0
62.0,-94.0,-13.0,-167.0,-259.0,-7.0
58.0,-94.0,-28.0,-134.0,-210.0,-27.0
59.0,-87.0,-36.0,-153.0,-141.0,-32.0
66.0,-77.0,-33.0,-210.0,-53.0,-20.0
72.0,-77.0,-31.0,-264.0,33.0,-15.0
82.0,-73.0,-37.0,-308.0,117.0,-13.0
82.0,-65.0,-32.0,-345.0,208.0,-28.0
87.0,-63.0,-42.0,-375.0,293.0,-58.0
89.0,-58.0,-36.0,-407.0,378.0,-97.0
86.0,-52.0,-42.0,-423.0,458.0,-145.0
85.0,-51.0,-48.0,-430.0,522.0,-195.0
73.0,-41.0,-54.0,-460.0,569.0,-254.0
64.0,-38.0,-62.0,-510.0,601.0,-299.0
65.0,-49.0,-65.0,-575.0,622.0,-326.0
63.0,-59.0,-70.0,-661.0,636.0,-349.0
51.0,-74.0,-73.0,-779.0,644.0,-392.0
27.0,-97.0,-68.0,-904.0,632.0,-431.0
8.0,-128.0,-60.0,-1021.0,602.0,-462.0
-16.0,-153.0,-47.0,-1124.0,550.0,-498.0
-46.0,-186.0,-35.0,-1208.0,469.0,-542.0
-73.0,-208.0,-13.0,-1270.0,374.0,-579.0
-97.0,-230.0,-4.0,-1271.0,280.0,-583.0
-111.0,-245.0,-1.0,-1234.0,199.0,-556.0
-119.0,-254.0,-5.0,-1159.0,132.0,-505.0
-106.0,-256.0,-20.0,-1058.0,78.0,-426.0
-81.0,-259.0,-59.0,-956.0,16.0,-340.0
-59.0,-250.0,-93.0,-905.0,-43.0,-250.0
-23.0,-238.0,-128.0,-923.0,-88.0,-151.0
6.0,-223.0,-147.0,-1002.0,-135.0,-51.0
58.0,-210.0,-170.0,-1118.0,-193.0,33.0
95.0,-195.0,-189.0,-1260.0,-258.0,88.0
124.0,-182.0,-198.0,-1415.0,-306.0,127.0
138.0,-178.0,-208.0,-1585.0,-331.0,156.0
142.0,-188.0,-213.0,-1754.0,-335.0,178.0
132.0,-205.0,-224.0,-1920.0,-304.0,190.0
119.0,-228.0,-230.0,-2057.0,-243.0,199.0
99.0,-262.0,-222.0,-2153.0,-162.0,200.0
81.0,-284.0,-213.0,-2213.0,-84.0,197.0
63.0,-321.0,-192.0,-2235.0,-22.0,199.0
54.0,-355.0,-170.0,-2229.0,19.0,195.0
43.0,-383.0,-150.0,-2191.0,16.0,190.0
31.0,-403.0,-142.0,-2149.0,-18.0,199.0
28.0,-413.0,-133.0,-2097.0,-79.0,209.0
24.0,-415.0,-140.0,-2058.0,-152.0,219.0
32.0,-405.0,-150.0,-2035.0,-227.0,229.0
44.0,-380.0,-166.0,-2035.0,-300.0,253.0
58.0,-354.0,-183.0,-2056.0,-360.0,291.0
65.0,-332.0,-189.0,-2094.0,-397.0,345.0
71.0,-317.0,-197.0,-2157.0,-421.0,400.0
75.0,-301.0,-201.0,-2237.0,-435.0,461.0
79.0,-294.0,-209.0,-2334.0,-452.0,524.0
72.0,-293.0,-209.0,-2439.0,-473.0,583.0
65.0,-298.0,-217.0,-2530.0,-496.0,642.0
58.0,-307.0,-221.0,-2612.0,-521.0,696.0
52.0,-321.0,-225.0,-2682.0,-542.0,747.0
46.0,-339.0,-227.0,-2745.0,-566.0,784.0
48.0,-355.0,-224.0,-2808.0,-599.0,807.0
50.0,-381.0,-215.0,-2872.0,-641.0,814.0
51.0,-396.0,-207.0,-2935.0,-687.0,805.0
44.0,-415.0,-200.0,-2989.0,-743.0,780.0
41.0,-429.0,-189.0,-3020.0,-799.0,745.0
36.0,-433.0,-182.0,-3024.0,-842.0,709.0
36.0,-433.0,-181.0,-3020.0,-873.0,687.0
36.0,-428.0,-175.0,-3017.0,-888.0,683.0
35.0,-413.0,-168.0,-3016.0,-883.0,697.0
39.0,-402.0,-157.0,-3024.0,-861.0,734.0
39.0,-388.0,-155.0,-3041.0,-820.0,786.0
33.0,-376.0,-147.0,-3069.0,-773.0,842.0
24.0,-360.0,-147.0,-3107.0,-712.0,904.0
24.0,-344.0,-133.0,-3149.0,-632.0,975.0
21.0,-327.0,-121.0,-3202.0,-525.0,1062.0
17.0,-313.0,-98.0,-3276.0,-388.0,1165.0
23.0,-302.0,-71.0,-3376.0,-238.0,1291.0
28.0,-291.0,-39.0,-3470.0,-93.0,1399.0
42.0,-282.0,-2.0,-3528.0,47.0,1490.0
57.0,-269.0,21.0,-3544.0,195.0,1563.0
70.0,-260.0,52.0,-3545.0,333.0,1615.0
93.0,-264.0,84.0,-3505.0,464.0,1639.0
113.0,-275.0,125.0,-3363.0,589.0,1620.0
116.0,-265.0,167.0,-3114.0,678.0,1548.0
121.0,-253.0,194.0,-2821.0,696.0,1421.0
95.0,-222.0,233.0,-2532.0,670.0,1268.0
68.0,-180.0,277.0,-2314.0,645.0,1107.0
23.0,-122.0,372.0,-2277.0,599.0,967.0
-23.0,-76.0,432.0,-2462.0,494.0,828.0
-71.0,-58.0,436.0,-2738.0,335.0,660.0
-122.0,-47.0,397.0,-2853.0,155.0,487.0
-150.0,-29.0,330.0,-2636.0,-1.0,336.0
-155.0,0.0,263.0,-2131.0,-109.0,236.0
-166.0,27.0,207.0,-1546.0,-196.0,143.0
-187.0,53.0,161.0,-1039.0,-313.0,70.0
-192.0,97.0,94.0,-626.0,-466.0,66.0
-189.0,131.0,48.0,-297.0,-665.0,107.0
-176.0,161.0,1.0,-148.0,-908.0,157.0
-151.0,192.0,-25.0,-191.0,-1151.0,215.0
-141.0,208.0,-30.0,-354.0,-1356.0,282.0
-140.0,221.0,-42.0,-537.0,-1492.0,317.0
-115.0,218.0,-68.0,-601.0,-1567.0,369.0
-80.0,208.0,-90.0,-640.0,-1614.0,434.0
-57.0,197.0,-107.0,-681.0,-1656.0,494.0
-14.0,175.0,-140.0,-693.0,-1642.0,566.0
40.0,122.0,-179.0,-732.0,-1585.0,617.0
66.0,91.0,-200.0,-851.0,-1544.0,619.0
79.0,68.0,-198.0,-1009.0,-1510.0,609.0
76.0,49.0,-207.0,-1160.0,-1490.0,585.0
81.0,29.0,-201.0,-1301.0,-1475.0,570.0
82.0,17.0,-178.0,-1396.0,-1468.0,571.0
84.0,12.0,-178.0,-1379.0,-1471.0,586.0
74.0,13.0,-185.0,-1253.0,-1461.0,636.0
64.0,9.0,-204.0,-1062.0,-1447.0,697.0
39.0,9.0,-217.0,-797.0,-1441.0,733.0
16.0,28.0,-262.0,-451.0,-1438.0,737.0
-11.0,63.0,-291.0,-101.0,-1434.0,724.0
-36.0,104.0,-322.0,141.0,-1437.0,715.0
-52.0,131.0,-345.0,233.0,-1449.0,700.0
-65.0,146.0,-378.0,202.0,-1462.0,677.0
-64.0,159.0,-398.0,113.0,-1455.0,650.0
-60.0,174.0,-386.0,-6.0,-1413.0,610.0
-55.0,179.0,-358.0,-176.0,-1335.0,552.0
-46.0,174.0,-334.0,-368.0,-1223.0,488.0
-33.0,173.0,-304.0,-556.0,-1070.0,421.0
-22.0,171.0,-298.0,-750.0,-880.0,369.0
0.0,184.0,-289.0,-958.0,-671.0,345.0
5.0,158.0,-282.0,-1111.0,-457.0,335.0
19.0,140.0,-287.0,-1177.0,-232.0,344.0
31.0,124.0,-291.0,-1197.0,10.0,357.0
47.0,102.0,-299.0,-1202.0,264.0,363.0
54.0,81.0,-313.0,-1210.0,494.0,343.0
64.0,54.0,-313.0,-1250.0,676.0,304.0
66.0,15.0,-304.0,-1300.0,820.0,244.0
57.0,-20.0,-303.0,-1305.0,960.0,175.0
25.0,-54.0,-326.0,-1236.0,1108.0,109.0
-5.0,-33.0,-311.0,-1144.0,1250.0,52.0
-67.0,47.0,-365.0,-898.0,1365.0,54.0
-996.0,1226.0,-3482.0,-1195.0,2312.0,489.0
-343.0,1919.0,-791.0,-5934.0,9269.0,4264.0
-220.0,2125.0,-462.0,-6703.0,5460.0,5155.0
-284.0,1342.0,620.0,-8282.0,564.0,3021.0
-231.0,859.0,292.0,-7491.0,-1582.0,1182.0
-174.0,475.0,-399.0,-6021.0,-1948.0,456.0
-184.0,-22.0,-884.0,-6025.0,-1440.0,72.0
-155.0,-422.0,-787.0,-6888.0,-1003.0,-32.0
-98.0,-602.0,-554.0,-7412.0,156.0,348.0
202.0,-785.0,-540.0,-7374.0,980.0,963.0
40.0,-358.0,-346.0,-6847.0,1262.0,948.0
-212.0,24.0,-312.0,-5711.0,1027.0,726.0
-344.0,319.0,-473.0,-4084.0,765.0,692.0
-343.0,471.0,-503.0,-2686.0,513.0,550.0
-363.0,627.0,-452.0,-1517.0,210.0,409.0
-319.0,626.0,-478.0,-762.0,-41.0,430.0
-250.0,680.0,-549.0,-387.0,-189.0,564.0
-182.0,694.0,-557.0,-310.0,-311.0,600.0
-153.0,694.0,-536.0,-357.0,-461.0,577.0
-123.0,628.0,-508.0,-382.0,-617.0,469.0
-131.0,515.0,-477.0,-339.0,-810.0,303.0
-173.0,389.0,-446.0,-199.0,-1032.0,127.0
-188.0,285.0,-415.0,18.0,-1248.0,-19.0
-172.0,206.0,-384.0,245.0,-1381.0,-136.0
-154.0,163.0,-326.0,467.0,-1435.0,-276.0
-118.0,90.0,-274.0,687.0,-1523.0,-414.0
-86.0,65.0,-216.0,966.0,-1612.0,-579.0
-60.0,90.0,-173.0,1282.0,-1613.0,-724.0
-56.0,109.0,-129.0,1529.0,-1492.0,-781.0
-40.0,119.0,-85.0,1771.0,-1303.0,-744.0
1.0,117.0,-67.0,2021.0,-1055.0,-703.0
35.0,133.0,-64.0,2170.0,-774.0,-758.0
25.0,129.0,-48.0,2163.0,-581.0,-857.0
44.0,81.0,-29.0,2213.0,-428.0,-881.0
72.0,96.0,-9.0,2445.0,-286.0,-854.0
81.0,152.0,-11.0,2795.0,-173.0,-825.0
77.0,284.0,-44.0,3031.0,-156.0,-858.0
87.0,319.0,-65.0,3147.0,-172.0,-856.0
97.0,335.0,-81.0,3229.0,-216.0,-882.0
71.0,362.0,-108.0,3281.0,-267.0,-927.0
54.0,370.0,-137.0,3231.0,-296.0,-941.0
58.0,327.0,-176.0,3089.0,-246.0,-917.0
47.0,320.0,-184.0,2813.0,-183.0,-913.0
21.0,301.0,-178.0,2417.0,-139.0,-922.0
3.0,265.0,-173.0,1858.0,-90.0,-903.0
-16.0,246.0,-160.0,1351.0,-12.0,-852.0
-32.0,216.0,-151.0,868.0,100.0,-767.0
-50.0,189.0,-135.0,447.0,240.0,-665.0
-71.0,158.0,-115.0,125.0,362.0,-563.0
-84.0,131.0,-91.0,-90.0,436.0,-455.0
-104.0,114.0,-85.0,-196.0,476.0,-338.0
-111.0,92.0,-84.0,-211.0,503.0,-216.0
-120.0,108.0,-104.0,-167.0,535.0,-87.0
-125.0,132.0,-121.0,-97.0,610.0,75.0
-125.0,148.0,-126.0,-39.0,726.0,260.0
-117.0,174.0,-136.0,-5.0,818.0,413.0
-109.0,192.0,-140.0,-2.0,871.0,536.0
-94.0,201.0,-136.0,-36.0,886.0,620.0
-80.0,205.0,-138.0,-86.0,860.0,653.0
-75.0,215.0,-144.0,-159.0,798.0,635.0
-74.0,220.0,-147.0,-255.0,707.0,591.0
-59.0,190.0,-148.0,-378.0,543.0,535.0
-38.0,105.0,-121.0,-363.0,363.0,405.0
-36.0,95.0,-136.0,-188.0,228.0,287.0
-36.0,92.0,-157.0,-34.0,152.0,211.0
-40.0,90.0,-155.0,37.0,121.0,147.0
-29.0,101.0,-160.0,72.0,131.0,105.0
-29.0,98.0,-163.0,87.0,144.0,60.0
-34.0,97.0,-172.0,136.0,146.0,35.0
-45.0,105.0,-191.0,206.0,162.0,36.0
-51.0,117.0,-207.0,260.0,179.0,38.0
-58.0,119.0,-223.0,306.0,184.0,16.0
-70.0,116.0,-235.0,382.0,194.0,-8.0
-73.0,104.0,-239.0,455.0,205.0,-28.0
-86.0,104.0,-241.0,521.0,221.0,-50.0
-89.0,104.0,-246.0,557.0,246.0,-65.0
-88.0,103.0,-249.0,580.0,276.0,-76.0
-87.0,111.0,-259.0,604.0,292.0,-84.0
-94.0,114.0,-273.0,616.0,293.0,-94.0
-102.0,102.0,-275.0,620.0,287.0,-94.0
-108.0,97.0,-286.0,614.0,281.0,-96.0
-112.0,101.0,-300.0,578.0,274.0,-95.0
-110.0,95.0,-300.0,532.0,266.0,-90.0
-105.0,94.0,-299.0,497.0,253.0,-85.0
-104.0,87.0,-297.0,482.0,244.0,-81.0
-96.0,85.0,-297.0,484.0,237.0,-80.0
-93.0,84.0,-301.0,498.0,235.0,-82.0
-85.0,80.0,-296.0,517.0,231.0,-87.0
-83.0,84.0,-293.0,539.0,232.0,-91.0
-76.0,84.0,-295.0,559.0,233.0,-97.0
-75.0,81.0,-292.0,578.0,238.0,-104.0
-73.0,82.0,-287.0,593.0,247.0,-112.0
-68.0,82.0,-277.0,605.0,262.0,-117.0
-67.0,75.0,-273.0,613.0,284.0,-122.0
-62.0,75.0,-261.0,620.0,306.0,-125.0
-56.0,71.0,-257.0,629.0,326.0,-129.0
-61.0,66.0,-246.0,639.0,347.0,-134.0
-53.0,64.0,-242.0,654.0,365.0,-142.0
-54.0,65.0,-235.0,664.0,378.0,-150.0
-48.0,72.0,-227.0,663.0,387.0,-155.0
-54.0,59.0,-222.0,665.0,391.0,-165.0
-45.0,56.0,-217.0,676.0,392.0,-171.0
-45.0,56.0,-219.0,688.0,387.0,-178.0
-49.0,52.0,-218.0,697.0,381.0,-187.0
-41.0,51.0,-210.0,699.0,370.0,-185.0
-42.0,43.0,-213.0,700.0,356.0,-185.0
-44.0,48.0,-218.0,695.0,344.0,-177.0
-43.0,46.0,-215.0,681.0,330.0,-164.0
-45.0,42.0,-216.0,665.0,312.0,-146.0
-44.0,45.0,-217.0,647.0,294.0,-126.0
-51.0,46.0,-216.0,621.0,278.0,-112.0
-49.0,46.0,-219.0,595.0,264.0,-96.0
-49.0,46.0,-219.0,573.0,251.0,-85.0
-42.0,49.0,-215.0,553.0,232.0,-74.0
-44.0,46.0,-223.0,545.0,218.0,-67.0
-41.0,43.0,-222.0,542.0,203.0,-60.0
-47.0,32.0,-225.0,529.0,188.0,-57.0
-46.0,39.0,-231.0,508.0,175.0,-54.0
-47.0,41.0,-228.0,479.0,162.0,-51.0
-51.0,42.0,-236.0,456.0,153.0,-46.0
-45.0,36.0,-239.0,431.0,152.0,-36.0
-47.0,32.0,-240.0,398.0,154.0,-29.0
-50.0,42.0,-248.0,364.0,156.0,-17.0
-47.0,34.0,-248.0,340.0,153.0,-11.0
-47.0,33.0,-250.0,311.0,143.0,-4.0
-49.0,27.0,-253.0,271.0,129.0,0.0
-47.0,35.0,-255.0,236.0,127.0,3.0
-45.0,34.0,-257.0,211.0,129.0,7.0
-44.0,29.0,-260.0,195.0,129.0,10.0
-39.0,26.0,-260.0,183.0,124.0,12.0
-44.0,30.0,-258.0,174.0,116.0,12.0
-46.0,24.0,-257.0,170.0,108.0,11.0
-45.0,35.0,-266.0,177.0,94.0,6.0
-36.0,31.0,-262.0,167.0,100.0,9.0
-38.0,31.0,-262.0,152.0,101.0,6.0
-37.0,31.0,-267.0,134.0,97.0,3.0
-41.0,35.0,-263.0,116.0,91.0,1.0
-27.0,44.0,-255.0,100.0,82.0,-2.0
-44.0,40.0,-261.0,89.0,71.0,-3.0
-47.0,43.0,-261.0,81.0,56.0,-2.0
-48.0,45.0,-257.0,73.0,42.0,-3.0
-46.0,43.0,-255.0,65.0,27.0,-1.0
-50.0,45.0,-254.0,54.0,14.0,-2.0
-47.0,44.0,-251.0,43.0,-1.0,-3.0
-52.0,40.0,-248.0,36.0,-16.0,-1.0
-48.0,43.0,-246.0,28.0,-26.0,1.0
-50.0,41.0,-245.0,22.0,-34.0,0.0
-46.0,40.0,-247.0,16.0,-42.0,1.0
-44.0,42.0,-244.0,12.0,-49.0,1.0
-42.0,35.0,-246.0,9.0,-53.0,3.0
-44.0,41.0,-243.0,7.0,-59.0,2.0
-46.0,43.0,-235.0,5.0,-63.0,1.0
-47.0,43.0,-239.0,7.0,-67.0,1.0
-49.0,43.0,-233.0,10.0,-71.0,0.0
-45.0,42.0,-237.0,12.0,-75.0,0.0
-45.0,39.0,-234.0,16.0,-79.0,0.0
-45.0,42.0,-238.0,20.0,-82.0,-1.0
-50.0,46.0,-231.0,25.0,-84.0,-3.0
-46.0,41.0,-236.0,29.0,-84.0,-3.0
-47.0,43.0,-241.0,26.0,-84.0,-5.0
-46.0,42.0,-243.0,21.0,-85.0,-6.0
-47.0,43.0,-242.0,13.0,-86.0,-6.0
-47.0,42.0,-244.0,8.0,-88.0,-8.0
-48.0,45.0,-242.0,2.0,-89.0,-8.0
-47.0,42.0,-245.0,-6.0,-88.0,-9.0
-44.0,44.0,-245.0,-12.0,-85.0,-10.0
-51.0,44.0,-242.0,-16.0,-81.0,-8.0
-49.0,43.0,-241.0,-21.0,-81.0,-7.0
-49.0,43.0,-235.0,-21.0,-80.0,-7.0
-50.0,44.0,-242.0,-19.0,-81.0,-7.0
-54.0,45.0,-239.0,-19.0,-78.0,-7.0
-55.0,45.0,-243.0,-18.0,-76.0,-6.0
-52.0,45.0,-246.0,-18.0,-71.0,-6.0
-51.0,45.0,-241.0,-20.0,-68.0,-7.0
-53.0,45.0,-242.0,-25.0,-70.0,-5.0
-54.0,46.0,-246.0,-26.0,-69.0,-7.0
-50.0,46.0,-246.0,-26.0,-69.0,-7.0
-52.0,49.0,-246.0,-25.0,-71.0,-7.0
-53.0,46.0,-243.0,-23.0,-73.0,-8.0
-54.0,45.0,-243.0,-17.0,-71.0,-8.0
-62.0,43.0,-242.0,-11.0,-70.0,-11.0
-50.0,49.0,-238.0,-4.0,-67.0,-11.0
-56.0,49.0,-238.0,5.0,-66.0,-14.0
-54.0,43.0,-239.0,13.0,-64.0,-15.0
-51.0,48.0,-238.0,22.0,-61.0,-16.0
-53.0,47.0,-240.0,27.0,-55.0,-19.0
-53.0,46.0,-237.0,33.0,-51.0,-19.0
-54.0,46.0,-233.0,38.0,-45.0,-20.0
-56.0,47.0,-237.0,43.0,-41.0,-22.0
-52.0,45.0,-236.0,47.0,-38.0,-22.0
-52.0,45.0,-235.0,53.0,-36.0,-21.0
-52.0,46.0,-237.0,58.0,-34.0,-22.0
-51.0,46.0,-245.0,61.0,-35.0,-21.0
-51.0,45.0,-238.0,63.0,-35.0,-23.0
-50.0,44.0,-237.0,66.0,-36.0,-23.0
-53.0,43.0,-241.0,67.0,-36.0,-24.0
-49.0,42.0,-238.0,67.0,-36.0,-24.0
-51.0,42.0,-239.0,70.0,-35.0,-24.0
-56.0,45.0,-242.0,72.0,-33.0,-24.0
-54.0,48.0,-240.0,76.0,-32.0,-23.0
-54.0,40.0,-240.0,77.0,-26.0,-24.0
-56.0,44.0,-236.0,80.0,-23.0,-26.0
-54.0,44.0,-242.0,82.0,-21.0,-24.0
-56.0,41.0,-238.0,83.0,-19.0,-23.0
-53.0,43.0,-238.0,86.0,-19.0,-25.0
-54.0,45.0,-241.0,85.0,-16.0,-23.0
-51.0,41.0,-239.0,85.0,-16.0,-21.0
-56.0,41.0,-238.0,85.0,-13.0,-23.0
-52.0,42.0,-232.0,83.0,-10.0,-22.0
-53.0,42.0,-240.0,82.0,-7.0,-21.0
-54.0,43.0,-238.0,83.0,-7.0,-21.0
-54.0,42.0,-239.0,86.0,-6.0,-20.0
-55.0,41.0,-240.0,90.0,-7.0,-22.0
-60.0,43.0,-233.0,93.0,-7.0,-21.0
-58.0,52.0,-237.0,92.0,-8.0,-20.0
-57.0,44.0,-238.0,92.0,-8.0,-21.0
-53.0,40.0,-242.0,91.0,-7.0,-19.0
-53.0,46.0,-242.0,92.0,-8.0,-18.0
-56.0,42.0,-241.0,91.0,-7.0,-19.0
-55.0,44.0,-243.0,90.0,-7.0,-19.0
-55.0,43.0,-242.0,89.0,-5.0,-18.0
-57.0,43.0,-240.0,88.0,-7.0,-18.0
-54.0,40.0,-241.0,86.0,-8.0,-17.0
-55.0,43.0,-241.0,83.0,-10.0,-18.0
-52.0,42.0,-245.0,81.0,-11.0,-17.0
-56.0,44.0,-246.0,78.0,-13.0,-16.0
-55.0,39.0,-242.0,75.0,-15.0,-16.0
-54.0,43.0,-246.0,72.0,-15.0,-16.0
-55.0,41.0,-241.0,69.0,-16.0,-17.0
-54.0,41.0,-244.0,68.0,-13.0,-16.0
-54.0,46.0,-243.0,66.0,-12.0,-14.0
-55.0,41.0,-246.0,66.0,-12.0,-14.0
-55.0,41.0,-242.0,64.0,-10.0,-15.0
-57.0,42.0,-240.0,63.0,-7.0,-14.0
-54.0,42.0,-239.0,61.0,-5.0,-13.0
-58.0,36.0,-239.0,57.0,-3.0,-12.0
-55.0,42.0,-239.0,55.0,-3.0,-13.0
-55.0,44.0,-245.0,55.0,-1.0,-10.0
-52.0,42.0,-238.0,55.0,4.0,-10.0
-53.0,42.0,-239.0,56.0,8.0,-9.0
-50.0,46.0,-241.0,57.0,11.0,-11.0
-55.0,42.0,-239.0,60.0,13.0,-9.0
-52.0,41.0,-237.0,63.0,14.0,-10.0
-54.0,45.0,-238.0,66.0,16.0,-10.0
-52.0,42.0,-240.0,68.0,18.0,-9.0
-56.0,42.0,-242.0,70.0,23.0,-11.0
-54.0,39.0,-241.0,69.0,25.0,-7.0
-55.0,40.0,-234.0,69.0,33.0,-8.0
-56.0,42.0,-241.0,71.0,39.0,-8.0
-55.0,43.0,-237.0,72.0,42.0,-8.0
-53.0,42.0,-239.0,72.0,44.0,-8.0
-52.0,45.0,-237.0,71.0,45.0,-8.0
-53.0,42.0,-237.0,72.0,43.0,-9.0
-53.0,40.0,-239.0,72.0,42.0,-8.0
-55.0,42.0,-238.0,72.0,42.0,-10.0
-55.0,40.0,-242.0,70.0,39.0,-8.0
-57.0,43.0,-242.0,72.0,40.0,-8.0
-60.0,38.0,-239.0,72.0,39.0,-8.0
-54.0,41.0,-240.0,72.0,36.0,-9.0
-53.0,44.0,-241.0,73.0,37.0,-9.0
-54.0,42.0,-243.0,73.0,39.0,-9.0
-55.0,40.0,-239.0,74.0,39.0,-10.0
-52.0,42.0,-243.0,73.0,37.0,-9.0
-52.0,45.0,-240.0,74.0,35.0,-7.0
-54.0,42.0,-241.0,72.0,34.0,-7.0
-57.0,43.0,-244.0,71.0,34.0,-8.0
-53.0,41.0,-243.0,71.0,33.0,-9.0
-56.0,43.0,-242.0,68.0,34.0,-7.0
-55.0,43.0,-244.0,67.0,33.0,-6.0
-55.0,44.0,-246.0,62.0,34.0,-7.0
-56.0,42.0,-244.0,60.0,34.0,-6.0
-54.0,43.0,-246.0,58.0,34.0,-9.0
-55.0,42.0,-244.0,57.0,33.0,-8.0
-53.0,43.0,-241.0,57.0,33.0,-8.0
-54.0,42.0,-235.0,57.0,31.0,-7.0
-51.0,44.0,-242.0,59.0,31.0,-7.0
-53.0,43.0,-240.0,60.0,32.0,-9.0
-56.0,41.0,-242.0,61.0,32.0,-8.0
-54.0,42.0,-239.0,60.0,33.0,-7.0
-54.0,40.0,-244.0,60.0,33.0,-9.0
-52.0,42.0,-241.0,59.0,34.0,-9.0
-54.0,43.0,-240.0,59.0,35.0,-9.0
-53.0,42.0,-239.0,60.0,35.0,-8.0
-51.0,41.0,-240.0,60.0,37.0,-9.0
-53.0,43.0,-242.0,61.0,35.0,-9.0
-53.0,42.0,-236.0,62.0,33.0,-10.0
-54.0,43.0,-240.0,66.0,31.0,-10.0
-54.0,41.0,-241.0,68.0,30.0,-11.0
-52.0,42.0,-242.0,71.0,27.0,-10.0
-51.0,62.0,-246.0,71.0,26.0,-11.0
-53.0,41.0,-240.0,71.0,26.0,-11.0
-53.0,45.0,-242.0,70.0,25.0,-13.0
-55.0,44.0,-241.0,69.0,24.0,-11.0
-54.0,43.0,-241.0,70.0,25.0,-12.0
-53.0,43.0,-243.0,68.0,23.0,-13.0
-51.0,39.0,-241.0,67.0,23.0,-11.0
-52.0,42.0,-240.0,67.0,22.0,-11.0
-49.0,38.0,-243.0,67.0,22.0,-11.0
-52.0,45.0,-240.0,66.0,23.0,-11.0
-51.0,41.0,-238.0,67.0,23.0,-13.0
-52.0,39.0,-243.0,66.0,22.0,-13.0
-49.0,42.0,-240.0,67.0,20.0,-13.0
