-58.0,-242.0,-172.0,-312.0,-200.0,-925.0
-46.0,-259.0,-173.0,-317.0,-273.0,-856.0
-37.0,-273.0,-181.0,-361.0,-335.0,-782.0
-15.0,-289.0,-182.0,-422.0,-371.0,-679.0
0.0,-303.0,-179.0,-495.0,-372.0,-556.0
19.0,-322.0,-165.0,-575.0,-342.0,-411.0
42.0,-340.0,-144.0,-656.0,-300.0,-273.0
67.0,-362.0,-120.0,-733.0,-264.0,-165.0
80.0,-383.0,-103.0,-809.0,-244.0,-106.0
88.0,-400.0,-90.0,-883.0,-239.0,-93.0
85.0,-416.0,-85.0,-938.0,-233.0,-111.0
98.0,-428.0,-76.0,-971.0,-218.0,-154.0
93.0,-429.0,-58.0,-957.0,-209.0,-224.0
85.0,-424.0,-61.0,-865.0,-201.0,-309.0
79.0,-416.0,-73.0,-723.0,-185.0,-398.0
73.0,-409.0,-80.0,-567.0,-147.0,-480.0
64.0,-398.0,-84.0,-414.0,-92.0,-548.0
58.0,-384.0,-90.0,-276.0,-38.0,-604.0
45.0,-367.0,-91.0,-151.0,-8.0,-660.0
40.0,-359.0,-94.0,-31.0,-3.0,-701.0
32.0,-341.0,-100.0,31.0,8.0,-732.0
27.0,-329.0,-87.0,55.0,42.0,-745.0
18.0,-314.0,-72.0,71.0,80.0,-739.0
15.0,-305.0,-85.0,97.0,112.0,-728.0
0.0,-292.0,-70.0,84.0,138.0,-717.0
-14.0,-276.0,-74.0,86.0,147.0,-684.0
0.0,-278.0,-74.0,86.0,166.0,-644.0
3.0,-281.0,-67.0,77.0,171.0,-637.0
6.0,-274.0,-56.0,67.0,157.0,-667.0
1.0,-273.0,-48.0,83.0,121.0,-705.0
-1.0,-273.0,-43.0,119.0,60.0,-734.0
-1.0,-270.0,-48.0,158.0,-8.0,-741.0
-1.0,-272.0,-47.0,177.0,-67.0,-739.0
0.0,-271.0,-48.0,184.0,-120.0,-740.0
6.0,-270.0,-34.0,197.0,-163.0,-748.0
2.0,-262.0,-35.0,236.0,-201.0,-767.0
8.0,-256.0,-38.0,265.0,-233.0,-773.0
7.0,-253.0,-39.0,285.0,-255.0,-775.0
13.0,-253.0,-35.0,309.0,-267.0,-769.0
14.0,-241.0,-40.0,342.0,-267.0,-751.0
20.0,-243.0,-20.0,380.0,-265.0,-729.0
22.0,-233.0,-32.0,430.0,-294.0,-737.0
17.0,-223.0,-29.0,433.0,-311.0,-761.0
19.0,-217.0,-21.0,436.0,-310.0,-768.0
22.0,-217.0,-9.0,478.0,-328.0,-759.0
18.0,-204.0,5.0,553.0,-369.0,-754.0
3.0,-205.0,-10.0,659.0,-440.0,-747.0
7.0,-207.0,-45.0,702.0,-502.0,-726.0
13.0,-206.0,-61.0,630.0,-508.0,-695.0
13.0,-198.0,-64.0,511.0,-451.0,-682.0
9.0,-189.0,-59.0,388.0,-372.0,-674.0
0.0,-182.0,-41.0,275.0,-339.0,-659.0
0.0,-178.0,-24.0,186.0,-349.0,-641.0
-3.0,-178.0,-24.0,137.0,-383.0,-619.0
-9.0,-170.0,-24.0,84.0,-415.0,-596.0
1.0,-163.0,-26.0,14.0,-435.0,-565.0
2.0,-156.0,-18.0,-53.0,-442.0,-533.0
6.0,-160.0,-9.0,-106.0,-422.0,-497.0
5.0,-155.0,-14.0,-131.0,-390.0,-444.0
31.0,-165.0,-15.0,-155.0,-349.0,-365.0
41.0,-178.0,3.0,-188.0,-331.0,-327.0
37.0,-186.0,8.0,-209.0,-339.0,-343.0
37.0,-191.0,9.0,-207.0,-338.0,-365.0
42.0,-193.0,13.0,-193.0,-336.0,-393.0
39.0,-194.0,20.0,-166.0,-350.0,-413.0
39.0,-194.0,21.0,-118.0,-375.0,-415.0
39.0,-188.0,28.0,-47.0,-397.0,-411.0
34.0,-196.0,31.0,41.0,-418.0,-408.0
29.0,-194.0,29.0,140.0,-428.0,-403.0
25.0,-191.0,29.0,242.0,-432.0,-394.0
18.0,-183.0,21.0,332.0,-434.0,-377.0
21.0,-178.0,27.0,395.0,-433.0,-344.0
18.0,-170.0,30.0,434.0,-448.0,-312.0
22.0,-172.0,29.0,462.0,-480.0,-283.0
26.0,-176.0,35.0,476.0,-516.0,-257.0
32.0,-174.0,39.0,484.0,-547.0,-240.0
39.0,-171.0,36.0,489.0,-573.0,-226.0
39.0,-173.0,39.0,492.0,-586.0,-219.0
46.0,-171.0,37.0,493.0,-595.0,-202.0
42.0,-170.0,41.0,491.0,-596.0,-187.0
40.0,-168.0,39.0,487.0,-591.0,-167.0
44.0,-164.0,40.0,482.0,-582.0,-137.0
47.0,-165.0,42.0,477.0,-572.0,-99.0
50.0,-166.0,41.0,479.0,-555.0,-61.0
46.0,-165.0,48.0,478.0,-536.0,-25.0
35.0,-162.0,47.0,471.0,-520.0,14.0
32.0,-167.0,52.0,467.0,-516.0,52.0
25.0,-170.0,57.0,468.0,-534.0,83.0
18.0,-168.0,53.0,473.0,-575.0,105.0
12.0,-168.0,55.0,482.0,-628.0,126.0
13.0,-166.0,53.0,498.0,-686.0,146.0
14.0,-157.0,51.0,512.0,-729.0,160.0
22.0,-164.0,55.0,515.0,-752.0,163.0
23.0,-162.0,71.0,507.0,-771.0,160.0
0.0,-171.0,48.0,519.0,-824.0,136.0
0.0,-171.0,41.0,501.0,-855.0,121.0
3.0,-175.0,50.0,449.0,-877.0,123.0
6.0,-183.0,40.0,394.0,-921.0,119.0
9.0,-187.0,37.0,319.0,-948.0,106.0
10.0,-199.0,49.0,216.0,-962.0,93.0
11.0,-199.0,45.0,106.0,-986.0,81.0
17.0,-210.0,47.0,5.0,-1019.0,69.0
27.0,-224.0,52.0,-87.0,-1045.0,56.0
34.0,-231.0,57.0,-154.0,-1052.0,40.0
34.0,-235.0,59.0,-184.0,-1049.0,20.0
33.0,-240.0,63.0,-188.0,-1054.0,-3.0
46.0,-247.0,59.0,-171.0,-1068.0,-14.0
55.0,-254.0,52.0,-148.0,-1070.0,-20.0
65.0,-250.0,45.0,-139.0,-1058.0,-24.0
74.0,-257.0,50.0,-140.0,-1032.0,-17.0
83.0,-260.0,53.0,-146.0,-999.0,-4.0
98.0,-267.0,49.0,-165.0,-971.0,2.0
101.0,-268.0,51.0,-183.0,-952.0,10.0
110.0,-276.0,53.0,-191.0,-928.0,24.0
112.0,-275.0,69.0,-170.0,-896.0,45.0
115.0,-281.0,52.0,-81.0,-867.0,63.0
105.0,-287.0,38.0,-6.0,-829.0,54.0
88.0,-274.0,33.0,47.0,-767.0,47.0
77.0,-261.0,40.0,92.0,-698.0,60.0
73.0,-251.0,33.0,145.0,-675.0,82.0
75.0,-240.0,16.0,200.0,-663.0,103.0
73.0,-224.0,0.0,256.0,-637.0,122.0
74.0,-213.0,-23.0,308.0,-613.0,138.0
75.0,-206.0,-43.0,357.0,-599.0,150.0
77.0,-197.0,-62.0,412.0,-579.0,154.0
84.0,-200.0,-75.0,479.0,-542.0,141.0
89.0,-193.0,-86.0,559.0,-483.0,118.0
93.0,-193.0,-89.0,634.0,-412.0,82.0
100.0,-191.0,-82.0,693.0,-349.0,36.0
100.0,-192.0,-89.0,739.0,-300.0,-22.0
88.0,-188.0,-94.0,780.0,-255.0,-91.0
71.0,-187.0,-95.0,822.0,-202.0,-158.0
64.0,-184.0,-101.0,872.0,-150.0,-217.0
66.0,-182.0,-103.0,929.0,-110.0,-269.0
70.0,-177.0,-104.0,962.0,-65.0,-314.0
66.0,-171.0,-102.0,969.0,8.0,-353.0
61.0,-166.0,-92.0,941.0,100.0,-368.0
64.0,-169.0,-85.0,881.0,214.0,-363.0
60.0,-170.0,-74.0,797.0,307.0,-350.0
65.0,-173.0,-58.0,717.0,418.0,-342.0
69.0,-180.0,-52.0,626.0,544.0,-340.0
70.0,-189.0,-45.0,554.0,677.0,-338.0
67.0,-197.0,-49.0,494.0,816.0,-346.0
62.0,-208.0,-53.0,461.0,951.0,-353.0
52.0,-224.0,-66.0,454.0,1065.0,-348.0
43.0,-246.0,-88.0,474.0,1159.0,-335.0
39.0,-268.0,-114.0,517.0,1242.0,-323.0
27.0,-287.0,-134.0,567.0,1307.0,-313.0
9.0,-307.0,-160.0,595.0,1349.0,-303.0
8.0,-326.0,-174.0,556.0,1361.0,-298.0
8.0,-352.0,-172.0,450.0,1389.0,-283.0
-8.0,-366.0,-158.0,326.0,1463.0,-254.0
-19.0,-381.0,-142.0,224.0,1535.0,-235.0
-34.0,-400.0,-106.0,171.0,1549.0,-233.0
-28.0,-418.0,-89.0,189.0,1500.0,-254.0
-19.0,-421.0,-80.0,268.0,1447.0,-300.0
-17.0,-418.0,-84.0,389.0,1435.0,-343.0
-10.0,-416.0,-84.0,518.0,1457.0,-354.0
6.0,-401.0,-89.0,636.0,1469.0,-343.0
23.0,-390.0,-97.0,724.0,1479.0,-321.0
31.0,-374.0,-98.0,773.0,1496.0,-290.0
36.0,-361.0,-100.0,773.0,1516.0,-247.0
35.0,-347.0,-106.0,717.0,1533.0,-195.0
41.0,-345.0,-95.0,614.0,1552.0,-133.0
55.0,-341.0,-92.0,495.0,1569.0,-75.0
56.0,-343.0,-70.0,385.0,1575.0,-34.0
52.0,-356.0,-38.0,355.0,1582.0,9.0
56.0,-385.0,-36.0,463.0,1584.0,68.0
62.0,-405.0,-27.0,630.0,1609.0,144.0
65.0,-422.0,-26.0,831.0,1665.0,226.0
54.0,-432.0,-13.0,1046.0,1754.0,304.0
55.0,-445.0,-5.0,1261.0,1859.0,404.0
42.0,-458.0,-14.0,1457.0,1944.0,551.0
32.0,-457.0,-14.0,1569.0,1950.0,698.0
31.0,-449.0,5.0,1594.0,1901.0,826.0
23.0,-442.0,11.0,1588.0,1861.0,922.0
6.0,-428.0,30.0,1575.0,1828.0,994.0
-8.0,-410.0,41.0,1553.0,1776.0,1047.0
-11.0,-387.0,49.0,1514.0,1701.0,1089.0
-23.0,-365.0,67.0,1464.0,1611.0,1120.0
-35.0,-346.0,85.0,1434.0,1501.0,1135.0
-34.0,-336.0,88.0,1430.0,1359.0,1150.0
-36.0,-322.0,87.0,1453.0,1204.0,1138.0
-34.0,-303.0,88.0,1504.0,1085.0,1107.0
-44.0,-286.0,89.0,1556.0,996.0,1071.0
-56.0,-273.0,91.0,1609.0,894.0,1029.0
-53.0,-265.0,85.0,1632.0,782.0,1020.0
-41.0,-260.0,95.0,1622.0,711.0,1053.0
-31.0,-257.0,97.0,1588.0,665.0,1095.0
-10.0,-255.0,116.0,1534.0,614.0,1142.0
-4.0,-256.0,115.0,1466.0,542.0,1171.0
-4.0,-254.0,106.0,1369.0,453.0,1168.0
-14.0,-247.0,112.0,1224.0,342.0,1147.0
-11.0,-250.0,122.0,1049.0,218.0,1147.0
-6.0,-252.0,124.0,847.0,71.0,1132.0
2.0,-263.0,133.0,679.0,-93.0,1106.0
10.0,-289.0,153.0,584.0,-200.0,1067.0
13.0,-310.0,175.0,595.0,-279.0,1017.0
11.0,-323.0,192.0,727.0,-340.0,953.0
9.0,-330.0,195.0,908.0,-395.0,885.0
11.0,-340.0,188.0,1119.0,-438.0,815.0
3.0,-330.0,176.0,1310.0,-481.0,726.0
-1.0,-324.0,165.0,1471.0,-531.0,618.0
0.0,-314.0,148.0,1621.0,-592.0,504.0
-5.0,-297.0,124.0,1765.0,-629.0,408.0
-5.0,-277.0,103.0,1862.0,-611.0,336.0
-25.0,-249.0,103.0,1911.0,-542.0,286.0
-1.0,-228.0,88.0,1961.0,-436.0,285.0
16.0,-221.0,66.0,1991.0,-407.0,282.0
36.0,-229.0,37.0,2078.0,-408.0,264.0
26.0,-230.0,-8.0,2287.0,-363.0,228.0
0.0,-220.0,-43.0,2597.0,-260.0,197.0
-11.0,-185.0,-61.0,2906.0,-174.0,158.0
-17.0,-143.0,-67.0,3083.0,-144.0,91.0
-37.0,-81.0,-80.0,3092.0,-155.0,80.0
-48.0,-31.0,-86.0,2911.0,-174.0,74.0
-43.0,-1.0,-64.0,2668.0,-209.0,54.0
-24.0,1.0,-95.0,2500.0,-224.0,54.0
-14.0,5.0,-96.0,2339.0,-164.0,87.0
4.0,5.0,-71.0,2163.0,-53.0,135.0
0.0,1.0,-54.0,2063.0,53.0,167.0
-10.0,-4.0,-19.0,2050.0,84.0,194.0
-2.0,3.0,-40.0,2145.0,71.0,231.0
18.0,10.0,-70.0,2267.0,67.0,275.0
15.0,19.0,-96.0,2345.0,107.0,318.0
3.0,24.0,-99.0,2349.0,151.0,379.0
2.0,22.0,-98.0,2324.0,193.0,448.0
11.0,11.0,-84.0,2281.0,233.0,502.0
1.0,0.0,-56.0,2254.0,269.0,528.0
2.0,-29.0,-36.0,2265.0,279.0,532.0
-2.0,-57.0,-21.0,2297.0,278.0,529.0
-13.0,-77.0,-23.0,2332.0,265.0,507.0
-15.0,-90.0,-21.0,2354.0,253.0,473.0
-13.0,-100.0,-17.0,2354.0,262.0,437.0
-13.0,-100.0,0.0,2332.0,281.0,399.0
-11.0,-93.0,4.0,2304.0,281.0,358.0
2.0,-86.0,10.0,2275.0,249.0,312.0
8.0,-83.0,10.0,2255.0,206.0,267.0
22.0,-77.0,2.0,2250.0,169.0,223.0
25.0,-65.0,0.0,2244.0,146.0,188.0
16.0,-49.0,22.0,2238.0,122.0,163.0
17.0,-37.0,40.0,2284.0,60.0,161.0
39.0,-42.0,1.0,2377.0,-26.0,162.0
51.0,-48.0,-33.0,2385.0,-45.0,117.0
50.0,-40.0,-43.0,2299.0,29.0,55.0
26.0,-23.0,-25.0,2172.0,145.0,19.0
17.0,-8.0,-5.0,2052.0,210.0,24.0
7.0,7.0,17.0,1976.0,205.0,55.0
1.0,25.0,35.0,1936.0,151.0,81.0
1.0,33.0,30.0,1904.0,81.0,111.0
4.0,45.0,20.0,1872.0,20.0,153.0
14.0,26.0,16.0,1844.0,-2.0,202.0
12.0,30.0,33.0,1853.0,-15.0,257.0
63.0,28.0,-19.0,1906.0,-42.0,299.0
63.0,20.0,-22.0,1878.0,53.0,273.0
48.0,25.0,1.0,1823.0,171.0,228.0
43.0,33.0,16.0,1779.0,224.0,214.0
39.0,47.0,33.0,1764.0,252.0,227.0
35.0,58.0,36.0,1770.0,289.0,258.0
31.0,56.0,43.0,1783.0,356.0,296.0
22.0,54.0,41.0,1812.0,451.0,342.0
23.0,44.0,53.0,1864.0,548.0,414.0
28.0,32.0,64.0,1922.0,631.0,499.0
41.0,17.0,78.0,1971.0,689.0,579.0
40.0,7.0,65.0,2007.0,722.0,648.0
53.0,-2.0,57.0,2042.0,741.0,701.0
72.0,-21.0,37.0,2111.0,726.0,719.0
95.0,-26.0,5.0,2220.0,701.0,704.0
109.0,-2.0,-14.0,2318.0,688.0,633.0
94.0,32.0,-27.0,2346.0,715.0,535.0
81.0,44.0,-38.0,2308.0,766.0,449.0
45.0,56.0,-41.0,2273.0,845.0,389.0
11.0,51.0,-33.0,2288.0,943.0,360.0
-24.0,44.0,-14.0,2346.0,981.0,365.0
-41.0,27.0,-6.0,2455.0,953.0,370.0
-60.0,10.0,-20.0,2588.0,892.0,352.0
-85.0,2.0,-21.0,2731.0,801.0,310.0
-113.0,-4.0,-61.0,2909.0,665.0,262.0
-145.0,-9.0,-93.0,3038.0,508.0,192.0
-171.0,19.0,-94.0,3061.0,343.0,118.0
-206.0,64.0,-86.0,2999.0,181.0,95.0
-205.0,92.0,-85.0,2942.0,25.0,154.0
-182.0,121.0,-90.0,2953.0,-86.0,274.0
-146.0,133.0,-106.0,3011.0,-131.0,430.0
-126.0,145.0,-105.0,3034.0,-125.0,591.0
-105.0,154.0,-84.0,2968.0,-95.0,743.0
-96.0,133.0,-42.0,2809.0,-60.0,868.0
-94.0,93.0,11.0,2574.0,-34.0,971.0
-143.0,60.0,166.0,2268.0,-17.0,1037.0
-274.0,-56.0,228.0,1982.0,-55.0,1050.0
-605.0,-111.0,466.0,1738.0,-58.0,874.0
-645.0,-100.0,656.0,1685.0,-292.0,644.0
169.0,-207.0,662.0,1624.0,-1107.0,836.0
454.0,-367.0,898.0,1169.0,-1504.0,1147.0
233.0,-488.0,1226.0,459.0,-1129.0,1011.0
-217.0,-492.0,1693.0,-156.0,-960.0,411.0
-523.0,-424.0,1899.0,-516.0,-1482.0,-229.0
-582.0,-358.0,2091.0,-656.0,-2177.0,-529.0
-683.0,-287.0,2342.0,-717.0,-2253.0,-695.0
-1018.0,-254.0,2580.0,-850.0,-2013.0,-945.0
-780.0,-209.0,2497.0,-1178.0,-2003.0,-1433.0
-669.0,-225.0,2043.0,-1361.0,-2267.0,-1547.0
-450.0,-225.0,1669.0,-1211.0,-2024.0,-1337.0
-306.0,-258.0,1336.0,-839.0,-1435.0,-999.0
93.0,-293.0,977.0,-414.0,-848.0,-633.0
198.0,-307.0,704.0,218.0,-52.0,-269.0
127.0,-252.0,613.0,616.0,778.0,-85.0
63.0,-209.0,535.0,698.0,1202.0,-86.0
-31.0,-159.0,487.0,506.0,1336.0,-219.0
-239.0,-186.0,399.0,125.0,1361.0,-425.0
-346.0,-299.0,335.0,-550.0,1322.0,-846.0
-269.0,-247.0,341.0,-1123.0,993.0,-1185.0
-234.0,-134.0,360.0,-928.0,519.0,-1000.0
-168.0,-63.0,314.0,-126.0,269.0,-468.0
-95.0,-43.0,198.0,406.0,114.0,-227.0
59.0,-90.0,67.0,444.0,-58.0,-310.0
143.0,-103.0,-14.0,225.0,-126.0,-525.0
169.0,-88.0,-43.0,8.0,-50.0,-653.0
217.0,-61.0,-27.0,-74.0,81.0,-673.0
210.0,-50.0,-11.0,-33.0,213.0,-713.0
236.0,-23.0,-18.0,35.0,280.0,-757.0
212.0,-4.0,-11.0,40.0,361.0,-728.0
145.0,38.0,2.0,64.0,506.0,-688.0
76.0,90.0,-4.0,207.0,648.0,-592.0
22.0,132.0,-34.0,368.0,771.0,-484.0
3.0,155.0,-58.0,447.0,859.0,-357.0
-19.0,159.0,-65.0,434.0,897.0,-200.0
-27.0,154.0,-63.0,392.0,897.0,-38.0
-19.0,129.0,-69.0,335.0,877.0,110.0
-26.0,98.0,-74.0,249.0,851.0,212.0
-52.0,65.0,-51.0,149.0,822.0,273.0
-70.0,40.0,-20.0,80.0,771.0,260.0
-112.0,22.0,6.0,78.0,620.0,203.0
-127.0,14.0,-9.0,161.0,395.0,157.0
-130.0,12.0,-35.0,254.0,195.0,127.0
-161.0,18.0,-22.0,292.0,89.0,77.0
-179.0,22.0,0.0,284.0,19.0,44.0
-187.0,17.0,40.0,223.0,-89.0,53.0
-164.0,1.0,86.0,124.0,-255.0,85.0
-124.0,-18.0,130.0,75.0,-462.0,133.0
-36.0,-37.0,162.0,165.0,-661.0,218.0
10.0,-52.0,173.0,401.0,-757.0,329.0
20.0,-51.0,191.0,700.0,-718.0,390.0
-4.0,-31.0,212.0,1018.0,-665.0,388.0
-18.0,7.0,220.0,1308.0,-698.0,368.0
-5.0,54.0,218.0,1523.0,-819.0,358.0
-11.0,81.0,209.0,1652.0,-944.0,338.0
-52.0,119.0,212.0,1702.0,-1035.0,289.0
-87.0,150.0,245.0,1673.0,-1097.0,231.0
-110.0,157.0,289.0,1548.0,-1130.0,178.0
-108.0,144.0,335.0,1364.0,-1156.0,136.0
-92.0,118.0,383.0,1226.0,-1187.0,94.0
-52.0,99.0,418.0,1208.0,-1223.0,62.0
-16.0,91.0,428.0,1310.0,-1209.0,47.0
8.0,83.0,448.0,1418.0,-1141.0,27.0
24.0,90.0,443.0,1533.0,-1048.0,-26.0
-2.0,122.0,441.0,1613.0,-978.0,-103.0
-3.0,143.0,410.0,1647.0,-909.0,-138.0
2.0,164.0,387.0,1646.0,-813.0,-151.0
1.0,186.0,366.0,1605.0,-738.0,-174.0
-2.0,215.0,369.0,1437.0,-705.0,-210.0
-24.0,247.0,381.0,1161.0,-712.0,-209.0
-33.0,255.0,374.0,835.0,-725.0,-156.0
-23.0,255.0,359.0,553.0,-704.0,-86.0
-11.0,251.0,348.0,343.0,-604.0,-11.0
9.0,229.0,338.0,166.0,-446.0,63.0
8.0,197.0,327.0,24.0,-317.0,109.0
11.0,157.0,309.0,-33.0,-276.0,128.0
19.0,119.0,282.0,23.0,-301.0,115.0
11.0,116.0,262.0,153.0,-316.0,92.0
10.0,116.0,245.0,261.0,-296.0,85.0
3.0,118.0,230.0,300.0,-268.0,100.0
-3.0,114.0,215.0,300.0,-249.0,115.0
-9.0,126.0,215.0,265.0,-238.0,108.0
-15.0,132.0,214.0,147.0,-221.0,103.0
-7.0,119.0,204.0,-12.0,-211.0,120.0
-2.0,93.0,203.0,-111.0,-216.0,126.0
0.0,74.0,196.0,-110.0,-211.0,106.0
0.0,74.0,203.0,-94.0,-187.0,97.0
-4.0,70.0,213.0,-133.0,-177.0,114.0
-1.0,52.0,215.0,-215.0,-192.0,143.0
3.0,22.0,204.0,-270.0,-227.0,160.0
19.0,1.0,194.0,-255.0,-268.0,166.0
27.0,-6.0,189.0,-192.0,-301.0,154.0
42.0,-13.0,184.0,-125.0,-320.0,149.0
58.0,-13.0,185.0,-83.0,-331.0,138.0
64.0,-5.0,186.0,-67.0,-342.0,129.0
65.0,3.0,197.0,-51.0,-348.0,111.0
68.0,9.0,193.0,-31.0,-343.0,93.0
66.0,21.0,194.0,-3.0,-333.0,75.0
63.0,34.0,192.0,19.0,-316.0,68.0
65.0,45.0,201.0,26.0,-297.0,63.0
59.0,60.0,224.0,-9.0,-275.0,61.0
58.0,68.0,235.0,-109.0,-244.0,62.0
47.0,67.0,239.0,-239.0,-212.0,68.0
41.0,55.0,244.0,-328.0,-183.0,78.0
37.0,41.0,248.0,-345.0,-156.0,84.0
34.0,35.0,251.0,-302.0,-139.0,88.0
33.0,37.0,256.0,-239.0,-132.0,87.0
23.0,42.0,257.0,-196.0,-125.0,84.0
20.0,42.0,257.0,-183.0,-119.0,81.0
19.0,38.0,254.0,-178.0,-110.0,75.0
19.0,37.0,253.0,-165.0,-96.0,66.0
16.0,33.0,254.0,-143.0,-71.0,51.0
14.0,31.0,252.0,-121.0,-37.0,35.0
7.0,35.0,256.0,-109.0,-12.0,19.0
2.0,39.0,259.0,-109.0,4.0,4.0
0.0,44.0,269.0,-115.0,16.0,-8.0
-5.0,43.0,271.0,-120.0,15.0,-16.0
-5.0,41.0,269.0,-117.0,7.0,-17.0
-5.0,39.0,271.0,-107.0,1.0,-20.0
-3.0,41.0,280.0,-112.0,0.0,-23.0
-9.0,42.0,279.0,-150.0,-2.0,-24.0
-2.0,32.0,271.0,-188.0,-11.0,-23.0
-7.0,24.0,262.0,-202.0,-17.0,-20.0
-9.0,15.0,257.0,-188.0,-12.0,-19.0
-10.0,19.0,256.0,-159.0,-2.0,-15.0
-10.0,17.0,257.0,-137.0,8.0,-14.0
-7.0,23.0,254.0,-127.0,17.0,-8.0
-13.0,28.0,252.0,-121.0,23.0,-6.0
-11.0,28.0,257.0,-113.0,24.0,-4.0
-14.0,29.0,251.0,-91.0,19.0,2.0
-11.0,25.0,252.0,-53.0,3.0,4.0
-4.0,26.0,246.0,-5.0,-16.0,4.0
-3.0,33.0,250.0,32.0,-26.0,3.0
-4.0,39.0,246.0,51.0,-28.0,-2.0
1.0,39.0,248.0,50.0,-24.0,-8.0
0.0,37.0,250.0,38.0,-14.0,-13.0
1.0,32.0,250.0,27.0,-5.0,-19.0
1.0,25.0,247.0,23.0,4.0,-20.0
5.0,27.0,251.0,28.0,13.0,-19.0
3.0,26.0,255.0,22.0,20.0,-18.0
3.0,30.0,255.0,5.0,30.0,-16.0
2.0,29.0,256.0,-11.0,41.0,-7.0
1.0,21.0,246.0,-11.0,52.0,3.0
0.0,17.0,249.0,18.0,63.0,9.0
0.0,19.0,238.0,66.0,64.0,13.0
0.0,27.0,238.0,107.0,59.0,14.0
-3.0,28.0,238.0,125.0,49.0,13.0
-7.0,31.0,236.0,132.0,33.0,13.0
-4.0,30.0,234.0,143.0,19.0,9.0
-2.0,33.0,238.0,165.0,12.0,8.0
-2.0,35.0,244.0,186.0,12.0,4.0
-5.0,33.0,244.0,202.0,16.0,6.0
-2.0,36.0,254.0,218.0,19.0,8.0
1.0,35.0,250.0,238.0,22.0,6.0
-2.0,33.0,251.0,264.0,26.0,5.0
2.0,32.0,255.0,293.0,31.0,4.0
4.0,29.0,257.0,324.0,32.0,1.0
5.0,28.0,255.0,352.0,31.0,-4.0
7.0,29.0,256.0,381.0,29.0,-7.0
4.0,29.0,251.0,410.0,33.0,-13.0
7.0,28.0,249.0,441.0,36.0,-19.0
6.0,28.0,250.0,471.0,39.0,-27.0
1.0,33.0,250.0,502.0,40.0,-35.0
2.0,35.0,241.0,530.0,40.0,-42.0
0.0,45.0,241.0,547.0,45.0,-49.0
-3.0,54.0,238.0,542.0,51.0,-53.0
-8.0,59.0,237.0,515.0,50.0,-53.0
-7.0,63.0,235.0,473.0,46.0,-52.0
-7.0,67.0,237.0,423.0,42.0,-48.0
-14.0,71.0,235.0,365.0,39.0,-47.0
-14.0,78.0,244.0,302.0,34.0,-44.0
-16.0,73.0,244.0,239.0,28.0,-43.0
-14.0,73.0,246.0,178.0,19.0,-40.0
-18.0,71.0,251.0,118.0,13.0,-35.0
-15.0,61.0,256.0,83.0,0.0,-31.0
-13.0,58.0,258.0,62.0,-15.0,-25.0
-10.0,52.0,255.0,57.0,-28.0,-20.0
-10.0,51.0,257.0,67.0,-35.0,-14.0
-10.0,53.0,253.0,81.0,-40.0,-10.0
-10.0,51.0,253.0,99.0,-41.0,-5.0
-3.0,54.0,248.0,112.0,-40.0,-1.0
-7.0,58.0,248.0,122.0,-40.0,4.0
-8.0,62.0,247.0,123.0,-45.0,10.0
-4.0,65.0,247.0,116.0,-49.0,8.0
-5.0,67.0,247.0,97.0,-55.0,7.0
10.0,67.0,246.0,69.0,-58.0,4.0
-2.0,68.0,244.0,36.0,-60.0,2.0
0.0,64.0,246.0,5.0,-62.0,2.0
-1.0,62.0,243.0,-17.0,-65.0,2.0
-1.0,58.0,248.0,-28.0,-69.0,-3.0
-1.0,51.0,247.0,-32.0,-74.0,-7.0
0.0,54.0,246.0,-31.0,-81.0,-13.0
-2.0,52.0,241.0,-26.0,-82.0,-15.0
1.0,47.0,244.0,-15.0,-79.0,-17.0
1.0,43.0,246.0,-2.0,-73.0,-16.0
4.0,45.0,246.0,10.0,-64.0,-13.0
5.0,42.0,244.0,23.0,-53.0,-13.0
6.0,43.0,249.0,31.0,-43.0,-12.0
9.0,39.0,252.0,41.0,-36.0,-12.0
4.0,44.0,252.0,56.0,-34.0,-12.0
3.0,44.0,249.0,73.0,-30.0,-9.0
3.0,45.0,248.0,87.0,-28.0,-8.0
4.0,52.0,251.0,90.0,-27.0,-7.0
2.0,56.0,246.0,78.0,-29.0,-8.0
1.0,60.0,242.0,54.0,-34.0,-11.0
3.0,59.0,241.0,19.0,-40.0,-11.0
1.0,57.0,241.0,-19.0,-44.0,-12.0
1.0,57.0,245.0,-52.0,-52.0,-11.0
2.0,53.0,246.0,-75.0,-61.0,-14.0
-3.0,53.0,244.0,-81.0,-70.0,-13.0
0.0,46.0,243.0,-77.0,-77.0,-14.0
2.0,49.0,244.0,-67.0,-81.0,-15.0
1.0,43.0,247.0,-56.0,-84.0,-15.0
6.0,43.0,249.0,-49.0,-84.0,-17.0
3.0,41.0,249.0,-42.0,-80.0,-18.0
4.0,41.0,253.0,-35.0,-73.0,-18.0
8.0,39.0,252.0,-25.0,-66.0,-19.0
9.0,43.0,251.0,-13.0,-58.0,-18.0
16.0,48.0,251.0,-1.0,-51.0,-18.0
6.0,41.0,249.0,9.0,-48.0,-18.0
8.0,44.0,246.0,18.0,-49.0,-16.0
3.0,42.0,250.0,25.0,-51.0,-19.0
3.0,47.0,248.0,33.0,-52.0,-18.0
1.0,49.0,250.0,37.0,-52.0,-18.0
0.0,48.0,249.0,33.0,-50.0,-18.0
0.0,53.0,251.0,15.0,-47.0,-16.0
-2.0,51.0,248.0,-7.0,-46.0,-13.0
-2.0,50.0,250.0,-25.0,-47.0,-11.0
-3.0,48.0,244.0,-35.0,-48.0,-10.0
-3.0,48.0,250.0,-43.0,-49.0,-9.0
2.0,47.0,247.0,-48.0,-49.0,-8.0
0.0,48.0,252.0,-51.0,-47.0,-7.0
-3.0,47.0,249.0,-50.0,-47.0,-8.0
-1.0,42.0,250.0,-47.0,-46.0,-6.0
-2.0,42.0,256.0,-38.0,-47.0,-5.0
-1.0,42.0,255.0,-25.0,-51.0,-5.0
-3.0,44.0,248.0,-9.0,-59.0,-7.0
4.0,42.0,243.0,7.0,-66.0,-6.0
4.0,47.0,242.0,21.0,-72.0,-6.0
5.0,36.0,240.0,31.0,-75.0,-7.0
0.0,29.0,268.0,35.0,-77.0,-7.0
5.0,40.0,246.0,33.0,-81.0,-7.0
13.0,40.0,257.0,31.0,-82.0,-10.0
-4.0,46.0,246.0,29.0,-81.0,-10.0
13.0,36.0,235.0,29.0,-76.0,-10.0
5.0,47.0,248.0,33.0,-71.0,-8.0
14.0,39.0,235.0,41.0,-69.0,-9.0
35.0,48.0,234.0,51.0,-66.0,-8.0
4.0,42.0,260.0,59.0,-62.0,-5.0
18.0,46.0,235.0,60.0,-57.0,-4.0
7.0,49.0,248.0,60.0,-52.0,-2.0
8.0,47.0,249.0,60.0,-46.0,-1.0
10.0,42.0,250.0,63.0,-41.0,-3.0
8.0,44.0,247.0,69.0,-37.0,-4.0
10.0,47.0,236.0,76.0,-32.0,-3.0
6.0,52.0,254.0,81.0,-27.0,-2.0
6.0,48.0,250.0,84.0,-22.0,3.0
7.0,47.0,252.0,85.0,-22.0,3.0
6.0,44.0,246.0,88.0,-24.0,1.0
6.0,46.0,247.0,87.0,-22.0,2.0
8.0,47.0,249.0,81.0,-13.0,3.0
8.0,48.0,246.0,70.0,0.0,11.0
11.0,47.0,238.0,56.0,4.0,12.0
10.0,49.0,242.0,46.0,-1.0,12.0
13.0,50.0,239.0,39.0,-9.0,11.0
14.0,50.0,242.0,35.0,-16.0,9.0
17.0,50.0,244.0,32.0,-19.0,7.0
16.0,54.0,246.0,26.0,-22.0,4.0
19.0,49.0,248.0,16.0,-23.0,2.0
17.0,55.0,255.0,7.0,-24.0,-6.0
17.0,53.0,257.0,2.0,-27.0,-11.0
17.0,51.0,254.0,-8.0,-26.0,-17.0
18.0,52.0,255.0,-18.0,-23.0,-23.0
18.0,50.0,249.0,-29.0,-21.0,-31.0
20.0,42.0,250.0,-37.0,-20.0,-34.0
20.0,39.0,251.0,-36.0,-18.0,-40.0
20.0,37.0,249.0,-29.0,-13.0,-42.0
16.0,38.0,249.0,-17.0,-2.0,-42.0
16.0,37.0,250.0,-6.0,7.0,-44.0
17.0,39.0,245.0,-4.0,13.0,-42.0
16.0,42.0,245.0,-9.0,17.0,-40.0
15.0,42.0,246.0,-12.0,19.0,-37.0
12.0,43.0,241.0,-15.0,19.0,-39.0
9.0,47.0,243.0,-16.0,19.0,-40.0
8.0,47.0,241.0,-21.0,18.0,-42.0
6.0,49.0,236.0,-31.0,15.0,-46.0
3.0,50.0,240.0,-45.0,8.0,-48.0
0.0,51.0,244.0,-61.0,0.0,-51.0
-2.0,50.0,244.0,-80.0,-11.0,-54.0
-3.0,51.0,247.0,-93.0,-22.0,-54.0
-1.0,50.0,249.0,-96.0,-32.0,-53.0
1.0,42.0,253.0,-90.0,-35.0,-52.0
0.0,43.0,249.0,-77.0,-35.0,-51.0
0.0,41.0,251.0,-63.0,-32.0,-48.0
-1.0,46.0,252.0,-54.0,-32.0,-45.0
1.0,39.0,244.0,-50.0,-31.0,-43.0
-2.0,38.0,246.0,-54.0,-30.0,-39.0
-1.0,35.0,250.0,-55.0,-31.0,-36.0
-1.0,36.0,244.0,-51.0,-34.0,-30.0
0.0,37.0,243.0,-50.0,-39.0,-25.0
1.0,35.0,248.0,-51.0,-47.0,-21.0
2.0,35.0,251.0,-53.0,-51.0,-17.0
3.0,39.0,253.0,-54.0,-55.0,-14.0
4.0,42.0,251.0,-51.0,-56.0,-13.0
7.0,44.0,250.0,-51.0,-55.0,-13.0
3.0,44.0,249.0,-56.0,-53.0,-13.0
9.0,44.0,249.0,-70.0,-52.0,-13.0
9.0,44.0,251.0,-90.0,-48.0,-14.0
9.0,40.0,252.0,-112.0,-46.0,-14.0
