91.0,-306.0,-119.0,54.0,-1.0,-185.0
85.0,-303.0,-129.0,53.0,53.0,-162.0
76.0,-294.0,-137.0,42.0,103.0,-126.0
65.0,-285.0,-147.0,30.0,147.0,-77.0
58.0,-274.0,-161.0,17.0,185.0,-17.0
57.0,-263.0,-179.0,-2.0,219.0,48.0
54.0,-263.0,-196.0,-35.0,248.0,116.0
48.0,-267.0,-207.0,-77.0,273.0,180.0
42.0,-284.0,-211.0,-118.0,300.0,238.0
35.0,-308.0,-212.0,-147.0,321.0,284.0
29.0,-325.0,-212.0,-161.0,331.0,308.0
28.0,-347.0,-219.0,-175.0,330.0,312.0
36.0,-352.0,-229.0,-207.0,329.0,290.0
34.0,-336.0,-238.0,-254.0,324.0,252.0
36.0,-321.0,-239.0,-286.0,308.0,212.0
24.0,-295.0,-241.0,-294.0,281.0,164.0
14.0,-270.0,-235.0,-279.0,251.0,115.0
0.0,-240.0,-232.0,-244.0,225.0,60.0
-27.0,-212.0,-229.0,-201.0,197.0,4.0
-46.0,-195.0,-222.0,-164.0,170.0,-41.0
-69.0,-175.0,-223.0,-132.0,143.0,-73.0
-82.0,-167.0,-221.0,-123.0,114.0,-89.0
-94.0,-157.0,-209.0,-141.0,89.0,-94.0
-109.0,-150.0,-194.0,-164.0,67.0,-95.0
-117.0,-147.0,-187.0,-189.0,45.0,-90.0
-116.0,-151.0,-170.0,-228.0,23.0,-81.0
-109.0,-163.0,-160.0,-279.0,-7.0,-69.0
-92.0,-179.0,-154.0,-347.0,-41.0,-58.0
-65.0,-196.0,-150.0,-429.0,-75.0,-51.0
-40.0,-215.0,-145.0,-517.0,-107.0,-45.0
-18.0,-240.0,-147.0,-606.0,-136.0,-27.0
-3.0,-262.0,-135.0,-683.0,-169.0,-2.0
15.0,-277.0,-138.0,-730.0,-203.0,30.0
29.0,-298.0,-136.0,-757.0,-224.0,65.0
37.0,-311.0,-136.0,-758.0,-234.0,114.0
48.0,-317.0,-147.0,-740.0,-235.0,174.0
50.0,-318.0,-152.0,-706.0,-232.0,244.0
42.0,-320.0,-159.0,-681.0,-230.0,324.0
39.0,-313.0,-166.0,-660.0,-236.0,411.0
32.0,-301.0,-164.0,-640.0,-247.0,478.0
29.0,-279.0,-163.0,-617.0,-259.0,527.0
20.0,-259.0,-154.0,-589.0,-267.0,554.0
9.0,-245.0,-140.0,-551.0,-261.0,564.0
7.0,-234.0,-139.0,-513.0,-239.0,552.0
7.0,-216.0,-128.0,-476.0,-205.0,530.0
9.0,-209.0,-123.0,-434.0,-154.0,496.0
10.0,-210.0,-124.0,-394.0,-76.0,475.0
3.0,-216.0,-119.0,-390.0,5.0,474.0
-4.0,-220.0,-117.0,-417.0,48.0,447.0
-4.0,-226.0,-109.0,-453.0,68.0,396.0
3.0,-239.0,-104.0,-479.0,90.0,361.0
1.0,-238.0,-105.0,-503.0,125.0,363.0
0.0,-240.0,-102.0,-515.0,149.0,389.0
3.0,-241.0,-101.0,-512.0,161.0,417.0
-3.0,-241.0,-95.0,-512.0,158.0,444.0
-4.0,-247.0,-103.0,-521.0,129.0,457.0
-3.0,-244.0,-95.0,-526.0,99.0,466.0
-8.0,-248.0,-88.0,-515.0,79.0,488.0
-1.0,-239.0,-86.0,-490.0,66.0,516.0
0.0,-239.0,-86.0,-451.0,63.0,537.0
-5.0,-240.0,-82.0,-422.0,61.0,561.0
-11.0,-232.0,-84.0,-405.0,54.0,569.0
-18.0,-225.0,-83.0,-388.0,49.0,570.0
-26.0,-221.0,-87.0,-365.0,49.0,564.0
-27.0,-220.0,-92.0,-351.0,50.0,555.0
-26.0,-224.0,-95.0,-341.0,59.0,542.0
-27.0,-224.0,-101.0,-336.0,71.0,520.0
-22.0,-224.0,-103.0,-330.0,85.0,495.0
-21.0,-223.0,-107.0,-323.0,101.0,469.0
-19.0,-219.0,-109.0,-323.0,122.0,443.0
-19.0,-220.0,-110.0,-328.0,140.0,415.0
-20.0,-215.0,-116.0,-335.0,160.0,390.0
-20.0,-213.0,-112.0,-336.0,175.0,366.0
-16.0,-216.0,-108.0,-340.0,194.0,340.0
-13.0,-213.0,-110.0,-339.0,212.0,316.0
-8.0,-213.0,-104.0,-340.0,233.0,292.0
0.0,-218.0,-103.0,-334.0,257.0,272.0
-1.0,-220.0,-96.0,-323.0,281.0,253.0
2.0,-228.0,-90.0,-307.0,302.0,240.0
4.0,-230.0,-89.0,-276.0,325.0,228.0
7.0,-239.0,-80.0,-234.0,352.0,220.0
6.0,-244.0,-79.0,-180.0,381.0,211.0
10.0,-248.0,-74.0,-122.0,414.0,200.0
13.0,-256.0,-75.0,-58.0,450.0,189.0
16.0,-259.0,-75.0,5.0,489.0,177.0
15.0,-259.0,-76.0,68.0,527.0,163.0
16.0,-266.0,-81.0,131.0,561.0,145.0
18.0,-269.0,-79.0,195.0,588.0,126.0
19.0,-277.0,-77.0,265.0,618.0,109.0
14.0,-281.0,-76.0,339.0,649.0,98.0
15.0,-283.0,-75.0,419.0,684.0,89.0
9.0,-280.0,-79.0,500.0,723.0,91.0
3.0,-274.0,-79.0,569.0,757.0,94.0
0.0,-273.0,-86.0,621.0,785.0,93.0
0.0,-264.0,-83.0,665.0,798.0,90.0
-3.0,-257.0,-85.0,704.0,799.0,81.0
-8.0,-245.0,-82.0,738.0,795.0,70.0
-10.0,-233.0,-82.0,767.0,793.0,59.0
-15.0,-224.0,-88.0,788.0,798.0,51.0
-20.0,-215.0,-84.0,794.0,805.0,40.0
-24.0,-208.0,-88.0,782.0,815.0,28.0
-26.0,-206.0,-88.0,753.0,828.0,15.0
-24.0,-203.0,-94.0,719.0,844.0,-1.0
-31.0,-205.0,-94.0,654.0,854.0,-22.0
-36.0,-207.0,-102.0,567.0,860.0,-43.0
-44.0,-215.0,-112.0,464.0,854.0,-59.0
-53.0,-224.0,-114.0,354.0,831.0,-68.0
-63.0,-240.0,-118.0,249.0,802.0,-66.0
-76.0,-251.0,-119.0,159.0,765.0,-55.0
-85.0,-264.0,-122.0,88.0,721.0,-35.0
-90.0,-277.0,-120.0,35.0,669.0,-10.0
-92.0,-283.0,-128.0,-3.0,611.0,12.0
-95.0,-290.0,-135.0,-32.0,546.0,34.0
-94.0,-295.0,-143.0,-60.0,476.0,58.0
-90.0,-296.0,-144.0,-80.0,405.0,75.0
-84.0,-300.0,-154.0,-87.0,337.0,92.0
-75.0,-302.0,-156.0,-83.0,278.0,101.0
-66.0,-307.0,-155.0,-62.0,231.0,107.0
-59.0,-309.0,-158.0,-33.0,190.0,111.0
-48.0,-312.0,-158.0,-4.0,157.0,111.0
-40.0,-312.0,-158.0,26.0,130.0,106.0
-34.0,-312.0,-158.0,49.0,105.0,96.0
-27.0,-314.0,-162.0,75.0,82.0,76.0
-19.0,-313.0,-159.0,99.0,62.0,54.0
-9.0,-315.0,-159.0,117.0,46.0,30.0
-1.0,-317.0,-157.0,133.0,37.0,3.0
-1.0,-314.0,-158.0,154.0,32.0,-18.0
1.0,-313.0,-151.0,178.0,35.0,-33.0
6.0,-310.0,-150.0,207.0,48.0,-43.0
5.0,-305.0,-150.0,237.0,77.0,-51.0
7.0,-304.0,-150.0,262.0,114.0,-54.0
7.0,-298.0,-149.0,284.0,161.0,-55.0
16.0,-288.0,-156.0,305.0,212.0,-59.0
23.0,-273.0,-162.0,323.0,271.0,-63.0
31.0,-256.0,-166.0,339.0,330.0,-68.0
33.0,-244.0,-174.0,350.0,387.0,-75.0
36.0,-228.0,-175.0,362.0,431.0,-77.0
39.0,-215.0,-179.0,372.0,471.0,-74.0
45.0,-191.0,-173.0,378.0,505.0,-73.0
52.0,-164.0,-175.0,397.0,539.0,-65.0
55.0,-148.0,-175.0,442.0,570.0,-58.0
55.0,-142.0,-186.0,477.0,600.0,-49.0
52.0,-139.0,-192.0,453.0,626.0,-41.0
52.0,-137.0,-195.0,382.0,646.0,-42.0
48.0,-137.0,-191.0,283.0,657.0,-40.0
48.0,-139.0,-189.0,192.0,651.0,-34.0
43.0,-139.0,-177.0,117.0,636.0,-24.0
31.0,-143.0,-169.0,62.0,616.0,-8.0
21.0,-155.0,-168.0,24.0,588.0,20.0
17.0,-175.0,-158.0,-30.0,560.0,52.0
8.0,-189.0,-150.0,-71.0,537.0,83.0
10.0,-203.0,-146.0,-98.0,511.0,114.0
4.0,-224.0,-142.0,-122.0,469.0,140.0
0.0,-240.0,-151.0,-141.0,405.0,160.0
-9.0,-248.0,-155.0,-176.0,324.0,177.0
-10.0,-254.0,-169.0,-220.0,236.0,194.0
-11.0,-259.0,-183.0,-262.0,155.0,210.0
-11.0,-261.0,-190.0,-304.0,90.0,225.0
-2.0,-271.0,-199.0,-346.0,31.0,238.0
-5.0,-278.0,-200.0,-382.0,-18.0,250.0
1.0,-291.0,-206.0,-400.0,-50.0,262.0
0.0,-298.0,-211.0,-401.0,-63.0,274.0
1.0,-308.0,-204.0,-383.0,-58.0,288.0
2.0,-325.0,-191.0,-337.0,-49.0,301.0
5.0,-332.0,-185.0,-256.0,-40.0,308.0
7.0,-340.0,-168.0,-153.0,-33.0,309.0
5.0,-339.0,-160.0,-49.0,-22.0,310.0
5.0,-334.0,-156.0,55.0,-3.0,303.0
4.0,-323.0,-151.0,147.0,17.0,286.0
3.0,-312.0,-150.0,236.0,40.0,255.0
2.0,-292.0,-147.0,325.0,58.0,216.0
1.0,-270.0,-151.0,385.0,59.0,161.0
9.0,-256.0,-150.0,417.0,71.0,114.0
3.0,-232.0,-148.0,446.0,94.0,86.0
5.0,-213.0,-147.0,459.0,109.0,58.0
5.0,-196.0,-138.0,465.0,123.0,20.0
1.0,-184.0,-134.0,457.0,134.0,-12.0
-5.0,-169.0,-123.0,434.0,145.0,-35.0
-9.0,-161.0,-114.0,415.0,145.0,-60.0
-16.0,-156.0,-103.0,402.0,142.0,-88.0
-15.0,-156.0,-89.0,397.0,132.0,-115.0
-13.0,-155.0,-92.0,386.0,110.0,-135.0
-12.0,-152.0,-78.0,368.0,83.0,-149.0
-3.0,-147.0,-78.0,352.0,50.0,-153.0
2.0,-144.0,-71.0,334.0,13.0,-149.0
7.0,-139.0,-71.0,316.0,-24.0,-137.0
4.0,-134.0,-73.0,295.0,-53.0,-125.0
12.0,-134.0,-66.0,278.0,-79.0,-111.0
16.0,-128.0,-73.0,270.0,-104.0,-100.0
17.0,-124.0,-57.0,268.0,-121.0,-87.0
9.0,-124.0,-43.0,275.0,-138.0,-79.0
12.0,-121.0,-42.0,289.0,-145.0,-66.0
22.0,-118.0,-41.0,309.0,-145.0,-48.0
10.0,-132.0,-28.0,340.0,-143.0,-28.0
11.0,-133.0,-19.0,375.0,-147.0,-6.0
19.0,-128.0,-19.0,415.0,-163.0,19.0
15.0,-130.0,-8.0,452.0,-193.0,39.0
9.0,-128.0,-14.0,487.0,-234.0,59.0
5.0,-119.0,-22.0,515.0,-272.0,81.0
-4.0,-110.0,-38.0,532.0,-301.0,105.0
1.0,-102.0,-36.0,540.0,-312.0,133.0
5.0,-97.0,-35.0,543.0,-305.0,164.0
6.0,-88.0,-49.0,539.0,-286.0,202.0
9.0,-73.0,-54.0,531.0,-264.0,243.0
27.0,-65.0,-59.0,517.0,-248.0,283.0
45.0,-86.0,-71.0,499.0,-240.0,317.0
54.0,-79.0,-60.0,478.0,-230.0,339.0
66.0,-77.0,-79.0,453.0,-217.0,351.0
79.0,-96.0,-86.0,422.0,-197.0,350.0
92.0,-89.0,-89.0,398.0,-167.0,344.0
90.0,-100.0,-73.0,388.0,-127.0,348.0
93.0,-121.0,-63.0,395.0,-77.0,355.0
101.0,-135.0,-51.0,416.0,-30.0,359.0
113.0,-151.0,-64.0,447.0,10.0,347.0
103.0,-145.0,-70.0,492.0,29.0,323.0
95.0,-131.0,-86.0,544.0,24.0,298.0
90.0,-120.0,-112.0,585.0,-11.0,280.0
83.0,-100.0,-136.0,578.0,-54.0,264.0
73.0,-78.0,-143.0,526.0,-88.0,257.0
51.0,-47.0,-158.0,472.0,-106.0,264.0
30.0,-22.0,-163.0,439.0,-111.0,294.0
7.0,5.0,-165.0,427.0,-111.0,330.0
6.0,31.0,-173.0,449.0,-106.0,358.0
10.0,70.0,-197.0,509.0,-90.0,380.0
1.0,114.0,-219.0,568.0,-55.0,403.0
-20.0,144.0,-253.0,577.0,-46.0,409.0
-40.0,196.0,-288.0,518.0,-115.0,361.0
-41.0,230.0,-321.0,436.0,-198.0,324.0
-48.0,234.0,-347.0,364.0,-251.0,346.0
-38.0,222.0,-388.0,353.0,-283.0,392.0
2.0,217.0,-461.0,339.0,-293.0,419.0
54.0,222.0,-533.0,209.0,-234.0,459.0
66.0,206.0,-648.0,-87.0,-154.0,524.0
101.0,176.0,-759.0,-513.0,-115.0,544.0
85.0,114.0,-865.0,-1004.0,-67.0,560.0
12.0,-17.0,-827.0,-1423.0,20.0,684.0
-49.0,-251.0,-666.0,-1428.0,68.0,956.0
-65.0,-544.0,-432.0,-910.0,-23.0,1210.0
-27.0,-855.0,-223.0,-11.0,-188.0,1247.0
23.0,-1054.0,-139.0,999.0,-284.0,1025.0
45.0,-1110.0,-129.0,1926.0,-213.0,661.0
-1.0,-1056.0,-158.0,2582.0,-9.0,277.0
-49.0,-896.0,-224.0,2949.0,218.0,-31.0
-39.0,-785.0,-276.0,3176.0,509.0,-210.0
-116.0,-580.0,-194.0,3547.0,984.0,-373.0
-166.0,-308.0,-7.0,3716.0,1181.0,-453.0
-182.0,-25.0,127.0,3471.0,1065.0,-450.0
-136.0,257.0,199.0,2925.0,899.0,-418.0
-87.0,512.0,231.0,2111.0,867.0,-384.0
-30.0,696.0,220.0,1139.0,981.0,-315.0
36.0,804.0,236.0,237.0,1158.0,-230.0
-26.0,871.0,342.0,-352.0,1221.0,-9.0
-56.0,738.0,405.0,-459.0,831.0,525.0
0.0,396.0,369.0,-167.0,107.0,1210.0
-36.0,134.0,260.0,184.0,-521.0,1639.0
-98.0,-100.0,168.0,366.0,-840.0,1975.0
-133.0,-308.0,95.0,298.0,-908.0,2218.0
-189.0,-459.0,49.0,146.0,-730.0,2303.0
-199.0,-552.0,46.0,117.0,-345.0,2308.0
-160.0,-579.0,62.0,353.0,136.0,2198.0
-81.0,-574.0,34.0,719.0,580.0,1907.0
-5.0,-561.0,51.0,1004.0,932.0,1442.0
74.0,-505.0,30.0,1221.0,1115.0,873.0
131.0,-424.0,47.0,1408.0,1141.0,270.0
132.0,-303.0,48.0,1586.0,1038.0,-266.0
112.0,-199.0,66.0,1813.0,853.0,-604.0
43.0,-126.0,86.0,2117.0,621.0,-638.0
-69.0,-125.0,130.0,2403.0,424.0,-348.0
-175.0,-179.0,203.0,2589.0,323.0,133.0
-249.0,-222.0,263.0,2764.0,226.0,572.0
-309.0,-247.0,239.0,2767.0,80.0,934.0
-336.0,-280.0,187.0,2516.0,-28.0,1396.0
-309.0,-327.0,108.0,2156.0,-34.0,1903.0
-269.0,-371.0,18.0,1829.0,-64.0,2286.0
-218.0,-402.0,-61.0,1668.0,-252.0,2379.0
-154.0,-430.0,-80.0,1787.0,-497.0,2236.0
-83.0,-406.0,-55.0,2197.0,-689.0,1984.0
-40.0,-336.0,-10.0,2648.0,-752.0,1696.0
9.0,-252.0,20.0,2895.0,-706.0,1433.0
15.0,-162.0,39.0,2893.0,-557.0,1203.0
30.0,-115.0,48.0,2726.0,-391.0,1031.0
29.0,-93.0,47.0,2527.0,-257.0,952.0
44.0,-114.0,48.0,2411.0,-160.0,1000.0
55.0,-162.0,38.0,2404.0,-84.0,1149.0
46.0,-196.0,29.0,2454.0,0.0,1318.0
13.0,-211.0,59.0,2489.0,94.0,1464.0
-18.0,-271.0,98.0,2519.0,169.0,1565.0
-31.0,-332.0,127.0,2553.0,230.0,1639.0
-47.0,-408.0,109.0,2559.0,331.0,1639.0
-55.0,-489.0,112.0,2531.0,438.0,1585.0
-71.0,-557.0,81.0,2545.0,540.0,1538.0
-143.0,-585.0,93.0,2597.0,646.0,1497.0
-325.0,-612.0,109.0,2700.0,661.0,1516.0
-421.0,-619.0,43.0,2831.0,513.0,1609.0
-484.0,-701.0,40.0,2818.0,279.0,1612.0
-546.0,-796.0,99.0,2764.0,-39.0,1587.0
-503.0,-883.0,157.0,2958.0,-428.0,1622.0
-417.0,-981.0,166.0,3234.0,-762.0,1596.0
-421.0,-1131.0,257.0,3391.0,-941.0,1475.0
-504.0,-1271.0,324.0,3464.0,-1052.0,1276.0
-599.0,-1338.0,285.0,3453.0,-1109.0,1096.0
-739.0,-1375.0,258.0,3282.0,-1039.0,913.0
-849.0,-1332.0,187.0,3045.0,-930.0,720.0
-775.0,-1230.0,140.0,2890.0,-871.0,518.0
-576.0,-1068.0,94.0,2921.0,-918.0,330.0
-279.0,-856.0,36.0,3084.0,-930.0,253.0
-35.0,-630.0,-13.0,3284.0,-748.0,296.0
133.0,-391.0,-27.0,3470.0,-420.0,425.0
174.0,-257.0,27.0,3578.0,-121.0,609.0
180.0,-170.0,37.0,3661.0,65.0,857.0
141.0,-102.0,26.0,3649.0,181.0,1130.0
123.0,-43.0,3.0,3524.0,245.0,1456.0
79.0,-14.0,-7.0,3339.0,272.0,1737.0
38.0,2.0,-32.0,3142.0,280.0,1903.0
-14.0,22.0,-48.0,2983.0,268.0,1948.0
-76.0,36.0,-38.0,2883.0,226.0,1888.0
-129.0,49.0,-22.0,2811.0,136.0,1754.0
-130.0,64.0,19.0,2752.0,9.0,1587.0
-129.0,67.0,55.0,2702.0,-146.0,1390.0
-116.0,69.0,92.0,2586.0,-279.0,1183.0
-135.0,59.0,116.0,2414.0,-376.0,1010.0
-110.0,31.0,112.0,2212.0,-484.0,941.0
-117.0,21.0,93.0,1999.0,-550.0,927.0
-138.0,-15.0,141.0,1824.0,-582.0,978.0
-129.0,-49.0,140.0,1728.0,-573.0,1050.0
-146.0,-65.0,131.0,1642.0,-528.0,1123.0
-208.0,-72.0,154.0,1550.0,-446.0,1178.0
-258.0,-48.0,184.0,1461.0,-405.0,1230.0
-281.0,-13.0,157.0,1415.0,-458.0,1313.0
-280.0,26.0,135.0,1390.0,-531.0,1385.0
-249.0,53.0,160.0,1360.0,-545.0,1382.0
-225.0,77.0,167.0,1367.0,-536.0,1292.0
-188.0,107.0,187.0,1352.0,-515.0,1169.0
-190.0,129.0,198.0,1293.0,-470.0,1063.0
-205.0,170.0,210.0,1235.0,-457.0,984.0
-223.0,203.0,225.0,1140.0,-503.0,919.0
-211.0,231.0,234.0,994.0,-593.0,864.0
-253.0,258.0,247.0,854.0,-721.0,850.0
-279.0,262.0,257.0,761.0,-871.0,854.0
-302.0,272.0,252.0,667.0,-995.0,841.0
-311.0,269.0,235.0,546.0,-1097.0,787.0
-372.0,263.0,261.0,433.0,-1154.0,692.0
-340.0,231.0,213.0,370.0,-1223.0,597.0
-297.0,183.0,219.0,289.0,-1219.0,459.0
-244.0,127.0,244.0,254.0,-1171.0,323.0
-186.0,74.0,226.0,241.0,-1126.0,216.0
-138.0,56.0,211.0,189.0,-1110.0,171.0
-101.0,12.0,203.0,130.0,-1096.0,176.0
-79.0,-16.0,185.0,114.0,-1075.0,215.0
-69.0,-30.0,197.0,120.0,-1055.0,254.0
-60.0,-36.0,170.0,151.0,-1072.0,291.0
-58.0,-23.0,152.0,218.0,-1099.0,323.0
-63.0,-3.0,163.0,322.0,-1117.0,342.0
-57.0,21.0,175.0,438.0,-1140.0,336.0
-70.0,65.0,196.0,514.0,-1161.0,299.0
-78.0,93.0,193.0,556.0,-1180.0,248.0
-93.0,123.0,190.0,568.0,-1196.0,195.0
-116.0,141.0,174.0,563.0,-1228.0,135.0
-103.0,145.0,172.0,570.0,-1263.0,78.0
-97.0,131.0,187.0,594.0,-1274.0,26.0
-65.0,118.0,193.0,611.0,-1263.0,-26.0
-65.0,112.0,207.0,605.0,-1244.0,-65.0
-39.0,87.0,227.0,579.0,-1211.0,-83.0
-25.0,81.0,220.0,543.0,-1172.0,-92.0
-23.0,81.0,215.0,489.0,-1112.0,-104.0
-9.0,82.0,199.0,416.0,-1039.0,-118.0
-1.0,80.0,188.0,345.0,-977.0,-125.0
8.0,75.0,184.0,312.0,-927.0,-120.0
18.0,81.0,179.0,301.0,-893.0,-120.0
53.0,78.0,167.0,319.0,-766.0,-136.0
55.0,64.0,163.0,319.0,-685.0,-140.0
63.0,57.0,160.0,315.0,-593.0,-150.0
41.0,41.0,160.0,310.0,-498.0,-161.0
16.0,29.0,165.0,321.0,-424.0,-162.0
0.0,23.0,164.0,333.0,-370.0,-162.0
-8.0,12.0,162.0,329.0,-334.0,-163.0
-16.0,11.0,174.0,309.0,-314.0,-169.0
-25.0,4.0,186.0,285.0,-304.0,-177.0
-24.0,6.0,191.0,255.0,-302.0,-186.0
-33.0,3.0,194.0,210.0,-299.0,-201.0
-32.0,12.0,201.0,153.0,-297.0,-212.0
-32.0,12.0,201.0,93.0,-292.0,-215.0
-35.0,12.0,202.0,36.0,-291.0,-208.0
-37.0,15.0,204.0,-19.0,-288.0,-192.0
-39.0,16.0,190.0,-68.0,-279.0,-173.0
-49.0,19.0,184.0,-116.0,-274.0,-154.0
-56.0,20.0,176.0,-160.0,-268.0,-135.0
-62.0,16.0,170.0,-188.0,-266.0,-124.0
-67.0,20.0,167.0,-201.0,-268.0,-118.0
-69.0,16.0,155.0,-208.0,-273.0,-116.0
-73.0,22.0,164.0,-220.0,-278.0,-117.0
-71.0,25.0,166.0,-239.0,-284.0,-115.0
-66.0,26.0,177.0,-269.0,-294.0,-112.0
-62.0,32.0,179.0,-305.0,-306.0,-107.0
-58.0,30.0,185.0,-351.0,-319.0,-97.0
-62.0,29.0,189.0,-401.0,-325.0,-86.0
-63.0,23.0,201.0,-450.0,-328.0,-71.0
-67.0,19.0,210.0,-495.0,-333.0,-54.0
-70.0,16.0,208.0,-537.0,-338.0,-36.0
-70.0,2.0,201.0,-586.0,-332.0,-21.0
-71.0,-5.0,197.0,-633.0,-315.0,-6.0
-65.0,-9.0,191.0,-665.0,-304.0,9.0
-64.0,-19.0,189.0,-672.0,-300.0,24.0
-60.0,-23.0,180.0,-652.0,-302.0,37.0
-61.0,-21.0,190.0,-618.0,-313.0,56.0
-54.0,-19.0,190.0,-584.0,-326.0,76.0
-48.0,-22.0,191.0,-550.0,-339.0,96.0
-50.0,-17.0,195.0,-518.0,-349.0,114.0
-46.0,-25.0,212.0,-489.0,-349.0,134.0
-50.0,-18.0,206.0,-456.0,-346.0,148.0
-49.0,-17.0,206.0,-431.0,-340.0,160.0
-47.0,-12.0,213.0,-419.0,-326.0,165.0
-46.0,-16.0,218.0,-414.0,-308.0,169.0
-47.0,-18.0,230.0,-413.0,-286.0,173.0
-46.0,-17.0,229.0,-422.0,-258.0,178.0
-33.0,-22.0,228.0,-444.0,-219.0,179.0
-45.0,-26.0,228.0,-458.0,-174.0,178.0
-42.0,-31.0,228.0,-456.0,-136.0,177.0
-44.0,-34.0,227.0,-447.0,-107.0,174.0
-42.0,-31.0,223.0,-434.0,-86.0,167.0
-36.0,-34.0,221.0,-419.0,-75.0,160.0
-38.0,-30.0,224.0,-408.0,-68.0,154.0
-25.0,-25.0,220.0,-399.0,-64.0,149.0
-23.0,-28.0,220.0,-392.0,-56.0,140.0
-8.0,-25.0,211.0,-378.0,-44.0,131.0
0.0,-20.0,209.0,-364.0,-21.0,117.0
-1.0,-18.0,212.0,-346.0,6.0,101.0
5.0,-20.0,219.0,-327.0,35.0,86.0
1.0,-23.0,213.0,-314.0,62.0,72.0
1.0,-23.0,213.0,-308.0,89.0,56.0
-3.0,-21.0,210.0,-303.0,115.0,40.0
-8.0,-23.0,202.0,-299.0,144.0,29.0
-7.0,-24.0,200.0,-294.0,171.0,17.0
-15.0,-27.0,199.0,-282.0,195.0,7.0
-17.0,-32.0,199.0,-272.0,221.0,-5.0
-21.0,-38.0,200.0,-265.0,242.0,-11.0
-23.0,-43.0,199.0,-260.0,265.0,-18.0
-24.0,-42.0,199.0,-256.0,285.0,-23.0
-27.0,-47.0,204.0,-247.0,298.0,-23.0
-29.0,-40.0,206.0,-234.0,304.0,-27.0
-30.0,-32.0,202.0,-228.0,310.0,-42.0
-29.0,-26.0,197.0,-234.0,315.0,-65.0
-29.0,-18.0,194.0,-244.0,329.0,-95.0
-25.0,-8.0,193.0,-262.0,353.0,-125.0
-22.0,-2.0,193.0,-289.0,378.0,-154.0
-24.0,-2.0,190.0,-320.0,402.0,-173.0
-24.0,-4.0,182.0,-347.0,419.0,-183.0
-27.0,-12.0,186.0,-365.0,430.0,-189.0
-37.0,-21.0,183.0,-376.0,441.0,-193.0
-44.0,-29.0,182.0,-375.0,445.0,-193.0
-53.0,-38.0,187.0,-366.0,446.0,-195.0
-61.0,-50.0,183.0,-347.0,449.0,-195.0
-63.0,-58.0,192.0,-324.0,455.0,-194.0
-66.0,-61.0,193.0,-305.0,462.0,-196.0
-66.0,-64.0,198.0,-293.0,476.0,-199.0
-67.0,-66.0,201.0,-283.0,489.0,-202.0
-64.0,-69.0,201.0,-276.0,503.0,-212.0
-63.0,-68.0,208.0,-270.0,523.0,-231.0
-68.0,-65.0,209.0,-262.0,540.0,-246.0
-71.0,-63.0,213.0,-254.0,545.0,-254.0
-80.0,-58.0,208.0,-254.0,539.0,-253.0
-91.0,-50.0,206.0,-246.0,520.0,-243.0
-93.0,-41.0,203.0,-238.0,498.0,-237.0
-92.0,-32.0,206.0,-228.0,475.0,-234.0
-101.0,-24.0,205.0,-211.0,446.0,-227.0
-100.0,-18.0,198.0,-196.0,414.0,-213.0
-99.0,-11.0,193.0,-194.0,383.0,-200.0
-92.0,-8.0,189.0,-198.0,355.0,-192.0
-89.0,-9.0,192.0,-200.0,325.0,-183.0
-86.0,-17.0,199.0,-195.0,305.0,-176.0
-92.0,-35.0,207.0,-179.0,288.0,-169.0
-128.0,-70.0,227.0,-136.0,250.0,-135.0
-108.0,-102.0,228.0,-62.0,189.0,-85.0
10.0,-73.0,136.0,-100.0,173.0,-145.0
55.0,-41.0,84.0,-265.0,241.0,-302.0
46.0,-34.0,73.0,-380.0,378.0,-389.0
-52.0,-61.0,141.0,-371.0,537.0,-341.0
-161.0,-102.0,217.0,-217.0,553.0,-151.0
-218.0,-134.0,274.0,-28.0,445.0,60.0
-240.0,-154.0,285.0,131.0,312.0,269.0
-191.0,-137.0,232.0,184.0,216.0,401.0
-151.0,-116.0,184.0,193.0,139.0,452.0
-128.0,-93.0,173.0,239.0,108.0,446.0
-135.0,-77.0,201.0,308.0,111.0,390.0
-140.0,-56.0,222.0,405.0,76.0,295.0
-129.0,-23.0,235.0,433.0,10.0,176.0
-115.0,-10.0,239.0,364.0,-56.0,35.0
-102.0,-10.0,234.0,247.0,-117.0,-110.0
-84.0,-15.0,205.0,145.0,-179.0,-233.0
-54.0,-23.0,166.0,88.0,-218.0,-318.0
-26.0,-28.0,139.0,75.0,-196.0,-369.0
-2.0,-19.0,136.0,96.0,-148.0,-387.0
20.0,-20.0,153.0,117.0,-80.0,-377.0
38.0,-29.0,166.0,138.0,-18.0,-350.0
55.0,-40.0,175.0,171.0,35.0,-315.0
56.0,-52.0,182.0,203.0,85.0,-279.0
49.0,-76.0,191.0,211.0,134.0,-251.0
27.0,-96.0,196.0,199.0,179.0,-243.0
2.0,-105.0,201.0,180.0,218.0,-253.0
-19.0,-110.0,204.0,165.0,243.0,-286.0
-43.0,-106.0,205.0,157.0,259.0,-330.0
-64.0,-93.0,198.0,160.0,267.0,-366.0
-84.0,-75.0,193.0,167.0,265.0,-390.0
-111.0,-59.0,192.0,173.0,261.0,-397.0
-130.0,-38.0,192.0,179.0,258.0,-386.0
-144.0,-25.0,195.0,183.0,251.0,-359.0
-150.0,-16.0,192.0,181.0,240.0,-321.0
-147.0,-4.0,192.0,168.0,232.0,-282.0
-147.0,-9.0,183.0,150.0,217.0,-247.0
-149.0,-21.0,187.0,135.0,196.0,-210.0
-147.0,-34.0,178.0,119.0,170.0,-175.0
-139.0,-52.0,179.0,104.0,146.0,-141.0
-136.0,-65.0,179.0,99.0,129.0,-111.0
-133.0,-80.0,178.0,103.0,118.0,-87.0
-127.0,-85.0,182.0,109.0,104.0,-63.0
-122.0,-91.0,174.0,112.0,94.0,-41.0
-112.0,-102.0,175.0,114.0,81.0,-20.0
-101.0,-93.0,177.0,115.0,67.0,-2.0
-95.0,-89.0,184.0,125.0,60.0,11.0
-87.0,-78.0,186.0,131.0,54.0,18.0
-84.0,-71.0,187.0,138.0,47.0,18.0
-80.0,-64.0,187.0,145.0,36.0,14.0
-80.0,-59.0,187.0,150.0,25.0,5.0
-79.0,-53.0,190.0,153.0,14.0,-5.0
-77.0,-52.0,191.0,149.0,11.0,-11.0
-76.0,-49.0,192.0,135.0,12.0,-19.0
-72.0,-49.0,186.0,116.0,13.0,-21.0
-66.0,-45.0,188.0,99.0,20.0,-25.0
-70.0,-42.0,185.0,87.0,24.0,-33.0
-76.0,-36.0,185.0,82.0,27.0,-36.0
-71.0,-35.0,184.0,80.0,28.0,-35.0
-76.0,-28.0,188.0,77.0,27.0,-34.0
-74.0,-28.0,188.0,73.0,24.0,-34.0
-71.0,-27.0,189.0,65.0,23.0,-37.0
-72.0,-28.0,189.0,53.0,25.0,-42.0
-69.0,-30.0,191.0,38.0,27.0,-47.0
-65.0,-32.0,195.0,22.0,28.0,-53.0
-66.0,-36.0,204.0,13.0,26.0,-64.0
-62.0,-44.0,200.0,6.0,24.0,-74.0
-63.0,-44.0,200.0,-2.0,27.0,-86.0
-62.0,-43.0,198.0,-11.0,33.0,-101.0
-62.0,-39.0,195.0,-15.0,38.0,-114.0
-64.0,-35.0,189.0,-14.0,48.0,-125.0
-65.0,-26.0,184.0,-12.0,55.0,-133.0
-66.0,-24.0,184.0,-9.0,61.0,-140.0
-65.0,-20.0,183.0,-4.0,71.0,-143.0
-65.0,-17.0,186.0,4.0,81.0,-148.0
-67.0,-18.0,183.0,17.0,91.0,-154.0
-65.0,-18.0,185.0,28.0,95.0,-159.0
-70.0,-15.0,187.0,37.0,99.0,-162.0
-73.0,-17.0,189.0,47.0,103.0,-161.0
-76.0,-19.0,191.0,60.0,104.0,-155.0
-80.0,-20.0,189.0,68.0,106.0,-152.0
-86.0,-20.0,188.0,72.0,108.0,-146.0
-91.0,-23.0,195.0,63.0,108.0,-137.0
-96.0,-18.0,196.0,48.0,104.0,-128.0
-95.0,-22.0,196.0,29.0,95.0,-122.0
-100.0,-22.0,203.0,1.0,80.0,-114.0
-108.0,-21.0,206.0,-31.0,66.0,-111.0
-113.0,-21.0,208.0,-65.0,52.0,-105.0
-114.0,-15.0,205.0,-98.0,41.0,-97.0
-113.0,-16.0,196.0,-134.0,28.0,-86.0
-112.0,-14.0,200.0,-169.0,19.0,-74.0
-112.0,-15.0,192.0,-194.0,4.0,-60.0
-102.0,-19.0,189.0,-213.0,-10.0,-46.0
-102.0,-18.0,190.0,-223.0,-20.0,-34.0
-99.0,-24.0,192.0,-217.0,-31.0,-26.0
-99.0,-25.0,189.0,-206.0,-42.0,-22.0
-100.0,-34.0,193.0,-192.0,-52.0,-17.0
-101.0,-40.0,195.0,-170.0,-67.0,-14.0
-99.0,-41.0,194.0,-157.0,-83.0,-10.0
-96.0,-46.0,196.0,-149.0,-100.0,-4.0
-95.0,-50.0,192.0,-148.0,-117.0,3.0
-93.0,-48.0,198.0,-147.0,-130.0,11.0
-88.0,-47.0,196.0,-149.0,-140.0,21.0
-90.0,-46.0,197.0,-147.0,-148.0,29.0
-83.0,-45.0,196.0,-138.0,-149.0,34.0
-77.0,-41.0,195.0,-122.0,-142.0,37.0
-73.0,-42.0,190.0,-102.0,-135.0,37.0
-79.0,-39.0,189.0,-74.0,-132.0,39.0
-70.0,-37.0,181.0,-47.0,-130.0,43.0
-76.0,-33.0,183.0,-21.0,-134.0,47.0
-75.0,-29.0,182.0,4.0,-140.0,47.0
-77.0,-25.0,180.0,24.0,-144.0,42.0
-77.0,-23.0,179.0,37.0,-145.0,33.0
-79.0,-21.0,177.0,43.0,-140.0,20.0
-77.0,-18.0,188.0,44.0,-138.0,8.0
-75.0,-24.0,190.0,33.0,-139.0,-12.0
-70.0,-26.0,195.0,12.0,-138.0,-31.0
-70.0,-29.0,197.0,-12.0,-138.0,-49.0
-66.0,-33.0,199.0,-39.0,-135.0,-61.0
-68.0,-40.0,200.0,-61.0,-130.0,-67.0
-69.0,-38.0,198.0,-72.0,-125.0,-65.0
-68.0,-43.0,204.0,-83.0,-122.0,-62.0
-69.0,-46.0,204.0,-90.0,-121.0,-62.0
-71.0,-45.0,201.0,-90.0,-125.0,-63.0
-72.0,-47.0,190.0,-94.0,-131.0,-62.0
-74.0,-48.0,187.0,-93.0,-131.0,-61.0
-73.0,-45.0,189.0,-91.0,-132.0,-53.0
-73.0,-46.0,191.0,-92.0,-136.0,-46.0
-73.0,-45.0,190.0,-94.0,-133.0,-42.0
