-33.0,-160.0,-129.0,-216.0,-682.0,-480.0
-31.0,-174.0,-134.0,-286.0,-686.0,-457.0
-25.0,-194.0,-144.0,-352.0,-682.0,-433.0
-19.0,-211.0,-159.0,-411.0,-677.0,-413.0
-13.0,-229.0,-167.0,-464.0,-675.0,-395.0
-3.0,-249.0,-178.0,-508.0,-673.0,-381.0
4.0,-260.0,-189.0,-539.0,-671.0,-371.0
13.0,-272.0,-197.0,-553.0,-659.0,-359.0
25.0,-290.0,-205.0,-552.0,-626.0,-342.0
43.0,-301.0,-210.0,-533.0,-566.0,-319.0
59.0,-315.0,-213.0,-489.0,-476.0,-296.0
76.0,-328.0,-212.0,-412.0,-361.0,-270.0
96.0,-342.0,-212.0,-301.0,-226.0,-251.0
112.0,-358.0,-206.0,-163.0,-81.0,-235.0
122.0,-371.0,-197.0,-3.0,69.0,-221.0
129.0,-380.0,-191.0,165.0,209.0,-207.0
131.0,-382.0,-182.0,330.0,337.0,-182.0
122.0,-383.0,-173.0,489.0,436.0,-145.0
101.0,-381.0,-160.0,632.0,506.0,-96.0
88.0,-384.0,-149.0,763.0,545.0,-42.0
69.0,-387.0,-137.0,885.0,557.0,10.0
53.0,-387.0,-132.0,995.0,550.0,62.0
32.0,-380.0,-125.0,1095.0,529.0,108.0
10.0,-381.0,-126.0,1184.0,503.0,151.0
-6.0,-362.0,-138.0,1252.0,481.0,194.0
-20.0,-342.0,-163.0,1275.0,467.0,233.0
-34.0,-305.0,-198.0,1229.0,465.0,258.0
-44.0,-259.0,-243.0,1095.0,469.0,260.0
-61.0,-213.0,-292.0,853.0,465.0,236.0
-80.0,-177.0,-326.0,520.0,418.0,194.0
-87.0,-164.0,-330.0,161.0,318.0,167.0
-72.0,-163.0,-327.0,-124.0,204.0,168.0
-49.0,-170.0,-321.0,-284.0,127.0,181.0
-17.0,-179.0,-318.0,-329.0,78.0,166.0
-3.0,-173.0,-335.0,-300.0,26.0,102.0
-4.0,-162.0,-346.0,-248.0,-36.0,20.0
-12.0,-130.0,-371.0,-200.0,-102.0,-63.0
-15.0,-104.0,-385.0,-150.0,-170.0,-145.0
-31.0,-73.0,-388.0,-100.0,-233.0,-217.0
-61.0,-56.0,-374.0,-49.0,-277.0,-266.0
-83.0,-52.0,-353.0,16.0,-296.0,-281.0
-113.0,-52.0,-324.0,98.0,-294.0,-272.0
-131.0,-57.0,-281.0,201.0,-273.0,-262.0
-137.0,-72.0,-254.0,315.0,-237.0,-273.0
-134.0,-91.0,-219.0,416.0,-203.0,-315.0
-137.0,-96.0,-213.0,482.0,-168.0,-376.0
-131.0,-112.0,-198.0,513.0,-129.0,-451.0
-127.0,-121.0,-183.0,514.0,-87.0,-539.0
-116.0,-128.0,-171.0,491.0,-56.0,-633.0
-107.0,-128.0,-164.0,458.0,-42.0,-736.0
-90.0,-128.0,-156.0,423.0,-35.0,-836.0
-75.0,-126.0,-156.0,372.0,-41.0,-917.0
-57.0,-127.0,-155.0,290.0,-64.0,-973.0
-37.0,-122.0,-162.0,170.0,-101.0,-1013.0
-23.0,-118.0,-163.0,22.0,-148.0,-1037.0
-4.0,-119.0,-155.0,-126.0,-201.0,-1043.0
5.0,-125.0,-161.0,-249.0,-266.0,-1019.0
17.0,-143.0,-175.0,-335.0,-334.0,-965.0
25.0,-169.0,-183.0,-386.0,-399.0,-887.0
34.0,-187.0,-189.0,-401.0,-458.0,-792.0
51.0,-206.0,-199.0,-384.0,-509.0,-691.0
57.0,-229.0,-203.0,-339.0,-554.0,-595.0
64.0,-241.0,-209.0,-264.0,-598.0,-505.0
63.0,-243.0,-211.0,-177.0,-638.0,-425.0
64.0,-241.0,-211.0,-94.0,-662.0,-357.0
61.0,-232.0,-204.0,-15.0,-667.0,-302.0
63.0,-221.0,-199.0,58.0,-653.0,-257.0
59.0,-208.0,-195.0,118.0,-625.0,-242.0
45.0,-194.0,-187.0,153.0,-590.0,-236.0
46.0,-183.0,-179.0,168.0,-551.0,-236.0
40.0,-174.0,-168.0,166.0,-511.0,-243.0
31.0,-162.0,-157.0,156.0,-462.0,-252.0
29.0,-155.0,-148.0,144.0,-416.0,-264.0
21.0,-148.0,-136.0,136.0,-368.0,-269.0
14.0,-140.0,-129.0,141.0,-321.0,-271.0
12.0,-135.0,-119.0,160.0,-275.0,-272.0
3.0,-126.0,-111.0,183.0,-235.0,-264.0
-2.0,-120.0,-104.0,212.0,-207.0,-254.0
-11.0,-115.0,-98.0,236.0,-191.0,-234.0
-21.0,-111.0,-95.0,251.0,-185.0,-207.0
-28.0,-112.0,-92.0,257.0,-185.0,-177.0
-37.0,-115.0,-92.0,256.0,-183.0,-139.0
-42.0,-118.0,-88.0,248.0,-178.0,-105.0
-42.0,-121.0,-92.0,231.0,-169.0,-72.0
-45.0,-123.0,-101.0,199.0,-157.0,-37.0
-48.0,-128.0,-110.0,145.0,-143.0,-2.0
-35.0,-144.0,-119.0,70.0,-131.0,29.0
-30.0,-157.0,-124.0,-11.0,-117.0,55.0
-24.0,-164.0,-130.0,-89.0,-105.0,81.0
-16.0,-179.0,-133.0,-167.0,-96.0,103.0
-11.0,-192.0,-138.0,-240.0,-87.0,121.0
-6.0,-193.0,-135.0,-305.0,-80.0,136.0
-6.0,-195.0,-132.0,-348.0,-78.0,152.0
-4.0,-197.0,-132.0,-370.0,-76.0,159.0
0.0,-194.0,-131.0,-376.0,-80.0,161.0
-1.0,-190.0,-123.0,-361.0,-84.0,162.0
1.0,-186.0,-116.0,-326.0,-89.0,155.0
-1.0,-181.0,-114.0,-271.0,-92.0,143.0
-2.0,-171.0,-107.0,-198.0,-94.0,128.0
-5.0,-162.0,-106.0,-118.0,-97.0,112.0
-2.0,-153.0,-103.0,-36.0,-101.0,98.0
-8.0,-150.0,-101.0,40.0,-105.0,81.0
-6.0,-143.0,-99.0,102.0,-107.0,70.0
-9.0,-133.0,-98.0,151.0,-110.0,64.0
-14.0,-128.0,-102.0,185.0,-110.0,66.0
-15.0,-123.0,-105.0,205.0,-111.0,74.0
-14.0,-127.0,-114.0,205.0,-108.0,89.0
-12.0,-130.0,-120.0,190.0,-106.0,108.0
-7.0,-134.0,-125.0,161.0,-105.0,127.0
-7.0,-141.0,-125.0,126.0,-105.0,147.0
-5.0,-150.0,-129.0,92.0,-108.0,166.0
-4.0,-167.0,-132.0,62.0,-113.0,185.0
-3.0,-173.0,-138.0,41.0,-113.0,206.0
-4.0,-188.0,-136.0,22.0,-113.0,225.0
-4.0,-199.0,-140.0,11.0,-108.0,246.0
-4.0,-214.0,-144.0,11.0,-95.0,266.0
-3.0,-228.0,-143.0,26.0,-72.0,284.0
0.0,-238.0,-144.0,54.0,-36.0,300.0
4.0,-255.0,-141.0,101.0,14.0,313.0
6.0,-266.0,-139.0,165.0,70.0,316.0
6.0,-266.0,-142.0,241.0,126.0,315.0
11.0,-273.0,-137.0,327.0,178.0,301.0
10.0,-279.0,-135.0,423.0,217.0,278.0
4.0,-284.0,-126.0,529.0,238.0,247.0
-4.0,-281.0,-127.0,639.0,238.0,214.0
-17.0,-281.0,-120.0,748.0,234.0,189.0
-33.0,-282.0,-112.0,846.0,224.0,171.0
-40.0,-281.0,-114.0,930.0,208.0,162.0
-58.0,-283.0,-105.0,998.0,185.0,157.0
-71.0,-291.0,-102.0,1048.0,153.0,154.0
-81.0,-294.0,-90.0,1084.0,113.0,155.0
-88.0,-303.0,-87.0,1110.0,69.0,157.0
-96.0,-306.0,-82.0,1127.0,18.0,158.0
-102.0,-320.0,-75.0,1133.0,-38.0,157.0
-106.0,-328.0,-75.0,1133.0,-98.0,151.0
-100.0,-339.0,-76.0,1124.0,-161.0,144.0
-102.0,-344.0,-72.0,1111.0,-227.0,127.0
-95.0,-351.0,-75.0,1093.0,-293.0,103.0
-97.0,-352.0,-83.0,1072.0,-358.0,67.0
-90.0,-348.0,-96.0,1042.0,-416.0,24.0
-85.0,-344.0,-103.0,998.0,-469.0,-25.0
-85.0,-328.0,-120.0,939.0,-514.0,-81.0
-88.0,-315.0,-143.0,851.0,-566.0,-136.0
-84.0,-303.0,-174.0,730.0,-630.0,-199.0
-87.0,-291.0,-196.0,593.0,-701.0,-266.0
-82.0,-275.0,-219.0,464.0,-777.0,-336.0
-84.0,-256.0,-247.0,343.0,-866.0,-406.0
-88.0,-242.0,-274.0,224.0,-963.0,-475.0
-95.0,-222.0,-290.0,92.0,-1078.0,-542.0
-110.0,-200.0,-312.0,-47.0,-1210.0,-615.0
-120.0,-191.0,-321.0,-192.0,-1355.0,-682.0
-130.0,-187.0,-326.0,-324.0,-1496.0,-749.0
-137.0,-182.0,-328.0,-416.0,-1608.0,-821.0
-144.0,-185.0,-328.0,-459.0,-1691.0,-885.0
-149.0,-176.0,-327.0,-458.0,-1753.0,-941.0
-149.0,-162.0,-326.0,-431.0,-1793.0,-984.0
-142.0,-146.0,-318.0,-388.0,-1805.0,-1023.0
-129.0,-121.0,-307.0,-344.0,-1794.0,-1052.0
-121.0,-97.0,-288.0,-304.0,-1766.0,-1064.0
-97.0,-76.0,-278.0,-265.0,-1727.0,-1056.0
-73.0,-64.0,-269.0,-209.0,-1670.0,-1027.0
-25.0,-52.0,-260.0,-129.0,-1590.0,-978.0
26.0,-37.0,-254.0,-28.0,-1490.0,-933.0
78.0,-21.0,-246.0,92.0,-1379.0,-904.0
112.0,-11.0,-230.0,218.0,-1275.0,-892.0
128.0,-10.0,-217.0,337.0,-1188.0,-893.0
153.0,-14.0,-195.0,452.0,-1124.0,-895.0
162.0,-23.0,-181.0,559.0,-1079.0,-889.0
166.0,-33.0,-171.0,649.0,-1039.0,-870.0
166.0,-45.0,-165.0,709.0,-991.0,-835.0
162.0,-61.0,-163.0,732.0,-955.0,-789.0
159.0,-82.0,-165.0,715.0,-933.0,-734.0
147.0,-111.0,-166.0,663.0,-934.0,-674.0
124.0,-132.0,-171.0,593.0,-950.0,-615.0
104.0,-160.0,-180.0,500.0,-972.0,-557.0
85.0,-177.0,-189.0,422.0,-997.0,-509.0
64.0,-200.0,-194.0,343.0,-1027.0,-482.0
43.0,-218.0,-199.0,270.0,-1057.0,-484.0
15.0,-227.0,-204.0,207.0,-1090.0,-510.0
-9.0,-236.0,-205.0,162.0,-1112.0,-546.0
-31.0,-237.0,-209.0,140.0,-1110.0,-577.0
-53.0,-240.0,-214.0,136.0,-1074.0,-602.0
-64.0,-249.0,-208.0,151.0,-1008.0,-616.0
-70.0,-245.0,-203.0,199.0,-921.0,-630.0
-74.0,-248.0,-201.0,285.0,-837.0,-652.0
-78.0,-248.0,-195.0,385.0,-773.0,-676.0
-91.0,-246.0,-189.0,484.0,-733.0,-695.0
-90.0,-240.0,-193.0,570.0,-707.0,-708.0
-84.0,-231.0,-187.0,631.0,-686.0,-717.0
-75.0,-228.0,-181.0,677.0,-671.0,-722.0
-63.0,-219.0,-177.0,721.0,-665.0,-725.0
-43.0,-212.0,-170.0,771.0,-666.0,-731.0
-27.0,-204.0,-157.0,823.0,-677.0,-735.0
-6.0,-201.0,-145.0,880.0,-700.0,-740.0
-2.0,-196.0,-144.0,934.0,-730.0,-744.0
11.0,-192.0,-138.0,979.0,-757.0,-748.0
21.0,-194.0,-142.0,1018.0,-771.0,-750.0
28.0,-199.0,-138.0,1050.0,-768.0,-753.0
36.0,-202.0,-137.0,1079.0,-746.0,-756.0
36.0,-206.0,-135.0,1111.0,-707.0,-760.0
38.0,-210.0,-133.0,1154.0,-656.0,-755.0
44.0,-216.0,-134.0,1203.0,-602.0,-751.0
46.0,-215.0,-145.0,1247.0,-560.0,-745.0
52.0,-220.0,-147.0,1296.0,-522.0,-744.0
55.0,-221.0,-151.0,1362.0,-490.0,-751.0
54.0,-197.0,-174.0,1421.0,-471.0,-767.0
54.0,-184.0,-211.0,1411.0,-479.0,-788.0
48.0,-168.0,-244.0,1325.0,-501.0,-803.0
37.0,-165.0,-247.0,1218.0,-510.0,-818.0
38.0,-146.0,-247.0,1148.0,-496.0,-837.0
34.0,-117.0,-233.0,1130.0,-483.0,-873.0
20.0,-84.0,-223.0,1134.0,-498.0,-913.0
8.0,-54.0,-216.0,1138.0,-535.0,-949.0
-6.0,-22.0,-207.0,1134.0,-567.0,-977.0
-17.0,-7.0,-187.0,1114.0,-579.0,-992.0
-29.0,9.0,-161.0,1099.0,-583.0,-1008.0
-29.0,19.0,-122.0,1090.0,-590.0,-1018.0
-36.0,22.0,-83.0,1103.0,-590.0,-1026.0
-44.0,26.0,-54.0,1143.0,-604.0,-1038.0
-52.0,26.0,-7.0,1206.0,-639.0,-1052.0
-58.0,32.0,22.0,1273.0,-675.0,-1066.0
-76.0,32.0,52.0,1320.0,-711.0,-1071.0
-86.0,36.0,70.0,1342.0,-768.0,-1071.0
-94.0,37.0,84.0,1325.0,-845.0,-1059.0
-97.0,46.0,93.0,1270.0,-924.0,-1041.0
-98.0,54.0,94.0,1182.0,-1007.0,-1019.0
-87.0,59.0,86.0,1055.0,-1086.0,-996.0
-77.0,55.0,69.0,893.0,-1157.0,-980.0
-75.0,57.0,63.0,709.0,-1220.0,-969.0
-69.0,48.0,48.0,525.0,-1278.0,-960.0
-59.0,32.0,28.0,355.0,-1332.0,-956.0
-52.0,17.0,16.0,200.0,-1386.0,-956.0
-38.0,-5.0,-2.0,85.0,-1421.0,-963.0
-28.0,-13.0,-16.0,17.0,-1437.0,-985.0
-12.0,-29.0,-33.0,-11.0,-1440.0,-1017.0
2.0,-35.0,-41.0,-7.0,-1434.0,-1057.0
17.0,-42.0,-52.0,19.0,-1425.0,-1100.0
33.0,-45.0,-62.0,65.0,-1412.0,-1146.0
41.0,-51.0,-52.0,130.0,-1396.0,-1193.0
57.0,-52.0,-62.0,198.0,-1377.0,-1237.0
60.0,-55.0,-50.0,261.0,-1354.0,-1285.0
70.0,-57.0,-44.0,323.0,-1332.0,-1331.0
75.0,-62.0,-38.0,381.0,-1302.0,-1367.0
73.0,-62.0,-26.0,442.0,-1267.0,-1399.0
67.0,-61.0,-18.0,502.0,-1229.0,-1422.0
64.0,-61.0,-11.0,559.0,-1190.0,-1433.0
60.0,-58.0,-6.0,602.0,-1145.0,-1430.0
61.0,-55.0,0.0,630.0,-1083.0,-1411.0
61.0,-62.0,10.0,649.0,-995.0,-1381.0
62.0,-63.0,30.0,678.0,-878.0,-1341.0
63.0,-74.0,36.0,732.0,-740.0,-1298.0
66.0,-73.0,39.0,810.0,-612.0,-1266.0
63.0,-70.0,32.0,892.0,-495.0,-1246.0
47.0,-57.0,15.0,948.0,-402.0,-1232.0
23.0,-39.0,-6.0,957.0,-351.0,-1217.0
-16.0,-20.0,-36.0,915.0,-334.0,-1198.0
-65.0,-5.0,-76.0,818.0,-339.0,-1160.0
-103.0,6.0,-117.0,667.0,-337.0,-1088.0
-155.0,22.0,-188.0,463.0,-291.0,-964.0
-186.0,32.0,-261.0,208.0,-163.0,-791.0
-188.0,21.0,-327.0,-93.0,73.0,-593.0
-150.0,-25.0,-343.0,-386.0,414.0,-422.0
-94.0,-84.0,-330.0,-580.0,794.0,-358.0
-2.0,-151.0,-296.0,-570.0,1103.0,-526.0
85.0,-203.0,-265.0,-335.0,1258.0,-885.0
135.0,-214.0,-250.0,61.0,1254.0,-1340.0
155.0,-212.0,-229.0,486.0,1191.0,-1762.0
158.0,-187.0,-211.0,870.0,1104.0,-2107.0
162.0,-155.0,-200.0,1225.0,1008.0,-2353.0
146.0,-124.0,-180.0,1556.0,935.0,-2508.0
125.0,-105.0,-161.0,1875.0,836.0,-2575.0
100.0,-91.0,-141.0,2159.0,694.0,-2557.0
51.0,-71.0,-135.0,2444.0,533.0,-2437.0
-3.0,-38.0,-122.0,2578.0,389.0,-2221.0
-48.0,-5.0,-98.0,2641.0,246.0,-1952.0
-72.0,20.0,-80.0,2657.0,87.0,-1686.0
-96.0,30.0,-55.0,2641.0,-74.0,-1480.0
-107.0,39.0,-27.0,2593.0,-266.0,-1357.0
-118.0,51.0,-17.0,2490.0,-476.0,-1309.0
-130.0,67.0,-14.0,2298.0,-668.0,-1303.0
-140.0,81.0,-8.0,2038.0,-798.0,-1325.0
-140.0,94.0,-6.0,1734.0,-841.0,-1389.0
-128.0,98.0,1.0,1437.0,-789.0,-1484.0
-87.0,103.0,6.0,1174.0,-682.0,-1606.0
-48.0,93.0,35.0,984.0,-578.0,-1786.0
-4.0,72.0,66.0,887.0,-501.0,-1967.0
20.0,29.0,88.0,868.0,-430.0,-2106.0
56.0,-105.0,144.0,921.0,-306.0,-2157.0
84.0,-370.0,211.0,1142.0,-66.0,-2090.0
57.0,-908.0,201.0,1586.0,273.0,-1887.0
351.0,-1599.0,330.0,2080.0,652.0,-1548.0
722.0,-2406.0,719.0,3201.0,1329.0,-2081.0
1522.0,-2927.0,444.0,4439.0,1838.0,-2710.0
3702.0,-2799.0,-281.0,3073.0,1321.0,-3727.0
4090.0,-1416.0,-1561.0,92.0,507.0,-4174.0
3163.0,-968.0,-1681.0,646.0,2143.0,-2122.0
1217.0,-1989.0,-502.0,4356.0,3876.0,1488.0
845.0,-1002.0,-282.0,6414.0,3543.0,3282.0
370.0,-533.0,-105.0,7003.0,3529.0,4526.0
-244.0,-695.0,320.0,8350.0,4238.0,4444.0
-39.0,-666.0,275.0,9443.0,4108.0,3619.0
-235.0,-752.0,42.0,9524.0,3717.0,3021.0
-421.0,-443.0,-150.0,9112.0,3347.0,2011.0
-664.0,-164.0,114.0,8246.0,3525.0,703.0
-639.0,76.0,329.0,7758.0,3854.0,-414.0
-459.0,112.0,379.0,7506.0,4044.0,-677.0
-114.0,129.0,319.0,6954.0,4205.0,-533.0
134.0,140.0,211.0,6042.0,4084.0,-251.0
219.0,131.0,212.0,4966.0,3371.0,181.0
304.0,61.0,316.0,3910.0,2415.0,767.0
365.0,-19.0,107.0,3020.0,1609.0,1449.0
488.0,-91.0,-338.0,1814.0,668.0,1944.0
531.0,-154.0,-504.0,62.0,-415.0,2314.0
448.0,-195.0,-402.0,-1446.0,-805.0,2729.0
306.0,-247.0,-305.0,-1899.0,-211.0,3309.0
206.0,-252.0,-333.0,-894.0,651.0,3934.0
143.0,-146.0,-409.0,744.0,1399.0,4343.0
42.0,1.0,-394.0,1909.0,2151.0,4557.0
-59.0,49.0,-250.0,2178.0,2719.0,4641.0
-119.0,64.0,-89.0,1995.0,3064.0,4363.0
-154.0,66.0,121.0,1895.0,3210.0,3759.0
-169.0,48.0,304.0,1983.0,3240.0,2957.0
-202.0,64.0,407.0,2139.0,3168.0,2089.0
-244.0,110.0,441.0,2111.0,3019.0,1406.0
-309.0,138.0,445.0,1792.0,2771.0,993.0
-391.0,198.0,396.0,1343.0,2450.0,771.0
-517.0,254.0,326.0,804.0,2124.0,633.0
-619.0,251.0,262.0,297.0,1809.0,473.0
-689.0,179.0,249.0,-99.0,1489.0,259.0
-671.0,113.0,242.0,-397.0,1008.0,121.0
-561.0,-2.0,229.0,-553.0,467.0,181.0
-436.0,-115.0,197.0,-547.0,14.0,201.0
-335.0,-190.0,163.0,-491.0,-377.0,65.0
-247.0,-224.0,130.0,-500.0,-716.0,-96.0
-181.0,-242.0,112.0,-593.0,-1019.0,-202.0
-73.0,-271.0,92.0,-692.0,-1256.0,-242.0
14.0,-299.0,102.0,-692.0,-1404.0,-282.0
162.0,-331.0,111.0,-510.0,-1476.0,-324.0
231.0,-325.0,78.0,-127.0,-1380.0,-332.0
255.0,-323.0,94.0,264.0,-1197.0,-362.0
312.0,-301.0,86.0,604.0,-930.0,-394.0
349.0,-281.0,118.0,847.0,-615.0,-386.0
340.0,-277.0,165.0,1011.0,-319.0,-300.0
311.0,-274.0,220.0,1131.0,-53.0,-94.0
311.0,-232.0,252.0,1223.0,76.0,107.0
294.0,-182.0,302.0,1284.0,195.0,360.0
249.0,-142.0,350.0,1327.0,308.0,659.0
180.0,-79.0,389.0,1350.0,334.0,855.0
117.0,-29.0,415.0,1357.0,257.0,936.0
52.0,43.0,431.0,1333.0,121.0,991.0
-12.0,104.0,437.0,1237.0,15.0,1020.0
-76.0,153.0,433.0,1086.0,-52.0,1020.0
-124.0,187.0,409.0,924.0,-91.0,987.0
-146.0,193.0,377.0,782.0,-105.0,920.0
-176.0,174.0,342.0,633.0,-126.0,808.0
-149.0,121.0,288.0,502.0,-155.0,711.0
-118.0,65.0,240.0,375.0,-138.0,606.0
-97.0,12.0,196.0,277.0,-67.0,473.0
-66.0,-13.0,166.0,205.0,34.0,328.0
-44.0,-39.0,135.0,135.0,158.0,183.0
-25.0,-44.0,125.0,52.0,281.0,25.0
-3.0,-43.0,119.0,-36.0,381.0,-90.0
-11.0,-40.0,126.0,-133.0,460.0,-180.0
-8.0,-37.0,127.0,-240.0,486.0,-248.0
-25.0,-29.0,129.0,-378.0,454.0,-300.0
-52.0,-16.0,144.0,-525.0,346.0,-333.0
-76.0,-14.0,156.0,-657.0,177.0,-353.0
-106.0,-17.0,175.0,-748.0,-27.0,-363.0
-124.0,-36.0,180.0,-793.0,-238.0,-360.0
-147.0,-48.0,188.0,-782.0,-437.0,-351.0
-163.0,-63.0,206.0,-734.0,-613.0,-342.0
-169.0,-80.0,214.0,-660.0,-751.0,-334.0
-168.0,-96.0,226.0,-569.0,-847.0,-338.0
-161.0,-115.0,241.0,-476.0,-909.0,-362.0
-153.0,-134.0,252.0,-391.0,-942.0,-406.0
-140.0,-161.0,265.0,-321.0,-949.0,-455.0
-121.0,-185.0,276.0,-262.0,-942.0,-516.0
-98.0,-196.0,281.0,-227.0,-920.0,-600.0
-68.0,-218.0,276.0,-208.0,-880.0,-668.0
-46.0,-219.0,275.0,-217.0,-838.0,-776.0
-2.0,-214.0,272.0,-249.0,-788.0,-845.0
33.0,-208.0,272.0,-245.0,-704.0,-808.0
47.0,-206.0,267.0,-189.0,-616.0,-754.0
55.0,-196.0,260.0,-123.0,-544.0,-694.0
56.0,-196.0,259.0,-67.0,-496.0,-647.0
53.0,-172.0,246.0,-4.0,-496.0,-665.0
66.0,-159.0,230.0,30.0,-485.0,-610.0
54.0,-160.0,228.0,27.0,-457.0,-518.0
34.0,-151.0,211.0,20.0,-460.0,-453.0
26.0,-136.0,190.0,6.0,-493.0,-393.0
26.0,-137.0,176.0,-17.0,-532.0,-333.0
29.0,-133.0,160.0,-41.0,-569.0,-274.0
24.0,-133.0,155.0,-54.0,-605.0,-231.0
24.0,-132.0,135.0,-46.0,-640.0,-204.0
27.0,-129.0,126.0,-30.0,-667.0,-190.0
30.0,-131.0,122.0,-21.0,-675.0,-182.0
34.0,-132.0,117.0,-11.0,-676.0,-175.0
36.0,-133.0,111.0,-6.0,-674.0,-171.0
45.0,-139.0,106.0,-12.0,-678.0,-172.0
52.0,-142.0,103.0,-29.0,-682.0,-180.0
57.0,-148.0,105.0,-60.0,-684.0,-190.0
63.0,-146.0,113.0,-95.0,-675.0,-198.0
66.0,-148.0,116.0,-128.0,-658.0,-202.0
68.0,-146.0,120.0,-154.0,-631.0,-203.0
74.0,-146.0,126.0,-170.0,-600.0,-199.0
77.0,-140.0,130.0,-178.0,-561.0,-192.0
84.0,-140.0,135.0,-183.0,-520.0,-183.0
89.0,-137.0,144.0,-184.0,-475.0,-170.0
98.0,-138.0,151.0,-183.0,-429.0,-155.0
109.0,-140.0,156.0,-178.0,-386.0,-133.0
115.0,-145.0,156.0,-166.0,-348.0,-111.0
119.0,-149.0,159.0,-153.0,-311.0,-95.0
126.0,-160.0,161.0,-142.0,-278.0,-82.0
131.0,-162.0,164.0,-132.0,-246.0,-70.0
142.0,-171.0,170.0,-120.0,-219.0,-61.0
143.0,-179.0,172.0,-112.0,-198.0,-58.0
145.0,-185.0,170.0,-109.0,-180.0,-61.0
144.0,-192.0,174.0,-102.0,-163.0,-56.0
146.0,-199.0,175.0,-97.0,-145.0,-48.0
140.0,-200.0,176.0,-100.0,-126.0,-42.0
140.0,-208.0,185.0,-114.0,-113.0,-42.0
132.0,-212.0,187.0,-130.0,-104.0,-48.0
134.0,-212.0,187.0,-140.0,-97.0,-55.0
128.0,-217.0,187.0,-146.0,-93.0,-70.0
130.0,-221.0,182.0,-147.0,-90.0,-89.0
129.0,-219.0,179.0,-141.0,-85.0,-115.0
128.0,-219.0,174.0,-121.0,-83.0,-144.0
128.0,-217.0,168.0,-81.0,-80.0,-176.0
128.0,-216.0,158.0,-31.0,-78.0,-209.0
125.0,-210.0,148.0,20.0,-75.0,-241.0
123.0,-207.0,143.0,66.0,-72.0,-278.0
117.0,-205.0,133.0,102.0,-74.0,-315.0
107.0,-197.0,127.0,122.0,-76.0,-352.0
102.0,-189.0,130.0,128.0,-81.0,-388.0
100.0,-189.0,121.0,128.0,-87.0,-418.0
90.0,-180.0,125.0,122.0,-88.0,-458.0
93.0,-184.0,127.0,115.0,-85.0,-487.0
93.0,-172.0,126.0,90.0,-83.0,-508.0
91.0,-165.0,128.0,61.0,-84.0,-517.0
93.0,-159.0,133.0,32.0,-76.0,-516.0
94.0,-154.0,132.0,9.0,-57.0,-508.0
93.0,-146.0,134.0,-5.0,-26.0,-491.0
95.0,-142.0,140.0,-13.0,11.0,-466.0
95.0,-141.0,137.0,-15.0,55.0,-434.0
95.0,-133.0,132.0,-14.0,101.0,-399.0
90.0,-134.0,135.0,-8.0,147.0,-359.0
97.0,-132.0,140.0,-1.0,194.0,-314.0
96.0,-131.0,146.0,12.0,232.0,-269.0
92.0,-135.0,140.0,16.0,268.0,-222.0
98.0,-136.0,146.0,23.0,300.0,-177.0
92.0,-136.0,149.0,28.0,327.0,-134.0
90.0,-139.0,148.0,34.0,349.0,-92.0
92.0,-144.0,156.0,40.0,366.0,-44.0
93.0,-151.0,158.0,47.0,381.0,-5.0
85.0,-147.0,162.0,51.0,397.0,29.0
82.0,-147.0,167.0,58.0,409.0,60.0
86.0,-152.0,166.0,63.0,422.0,91.0
82.0,-155.0,175.0,70.0,431.0,116.0
79.0,-152.0,176.0,76.0,436.0,138.0
75.0,-154.0,180.0,83.0,441.0,159.0
73.0,-153.0,176.0,89.0,442.0,180.0
73.0,-151.0,180.0,94.0,445.0,196.0
71.0,-154.0,181.0,98.0,443.0,211.0
71.0,-151.0,178.0,101.0,443.0,225.0
65.0,-146.0,183.0,102.0,439.0,237.0
65.0,-143.0,183.0,102.0,436.0,248.0
72.0,-155.0,186.0,103.0,430.0,255.0
65.0,-146.0,185.0,102.0,422.0,258.0
63.0,-147.0,186.0,101.0,414.0,259.0
63.0,-147.0,192.0,101.0,401.0,255.0
62.0,-148.0,194.0,105.0,387.0,250.0
61.0,-146.0,199.0,111.0,371.0,240.0
60.0,-144.0,199.0,121.0,354.0,230.0
58.0,-156.0,201.0,144.0,341.0,233.0
56.0,-150.0,206.0,167.0,318.0,215.0
55.0,-149.0,199.0,191.0,295.0,204.0
54.0,-153.0,204.0,208.0,270.0,179.0
54.0,-146.0,199.0,212.0,243.0,147.0
48.0,-147.0,206.0,210.0,216.0,121.0
48.0,-141.0,208.0,204.0,189.0,102.0
45.0,-146.0,204.0,204.0,168.0,103.0
42.0,-144.0,207.0,193.0,142.0,85.0
40.0,-147.0,205.0,175.0,109.0,56.0
38.0,-144.0,206.0,151.0,82.0,38.0
43.0,-143.0,203.0,134.0,67.0,28.0
34.0,-139.0,199.0,115.0,54.0,17.0
35.0,-137.0,196.0,92.0,44.0,6.0
38.0,-143.0,197.0,75.0,37.0,1.0
30.0,-145.0,200.0,58.0,31.0,-1.0
35.0,-141.0,190.0,38.0,27.0,-7.0
33.0,-137.0,186.0,21.0,28.0,-11.0
36.0,-137.0,183.0,9.0,32.0,-11.0
37.0,-136.0,180.0,-3.0,42.0,-10.0
36.0,-137.0,180.0,-13.0,52.0,-6.0
33.0,-137.0,183.0,-24.0,61.0,-4.0
34.0,-138.0,180.0,-36.0,67.0,1.0
29.0,-144.0,176.0,-49.0,68.0,6.0
27.0,-142.0,176.0,-59.0,69.0,11.0
28.0,-144.0,174.0,-70.0,72.0,13.0
29.0,-137.0,178.0,-74.0,76.0,16.0
32.0,-148.0,178.0,-69.0,82.0,17.0
30.0,-151.0,177.0,-59.0,92.0,19.0
32.0,-155.0,180.0,-41.0,102.0,19.0
29.0,-155.0,178.0,-17.0,107.0,18.0
30.0,-157.0,177.0,7.0,113.0,18.0
28.0,-164.0,179.0,30.0,115.0,17.0
27.0,-162.0,175.0,49.0,116.0,16.0
28.0,-162.0,178.0,65.0,115.0,17.0
28.0,-164.0,177.0,77.0,111.0,20.0
23.0,-162.0,177.0,83.0,106.0,21.0
18.0,-165.0,182.0,83.0,100.0,27.0
22.0,-162.0,176.0,81.0,93.0,32.0
27.0,-165.0,182.0,77.0,85.0,37.0
26.0,-160.0,176.0,71.0,76.0,41.0
27.0,-163.0,177.0,66.0,69.0,45.0
30.0,-160.0,179.0,64.0,60.0,49.0
32.0,-160.0,179.0,68.0,52.0,52.0
38.0,-159.0,177.0,71.0,42.0,55.0
36.0,-158.0,176.0,79.0,33.0,55.0
41.0,-155.0,179.0,90.0,23.0,55.0
39.0,-156.0,185.0,103.0,12.0,53.0
43.0,-154.0,175.0,119.0,3.0,49.0
43.0,-157.0,184.0,133.0,-7.0,46.0
43.0,-160.0,184.0,147.0,-18.0,40.0
43.0,-157.0,181.0,158.0,-29.0,33.0
45.0,-158.0,182.0,166.0,-40.0,25.0
42.0,-155.0,179.0,171.0,-51.0,17.0
43.0,-158.0,180.0,175.0,-61.0,6.0
43.0,-157.0,181.0,177.0,-69.0,-4.0
45.0,-156.0,177.0,177.0,-74.0,-13.0
45.0,-160.0,180.0,176.0,-80.0,-25.0
44.0,-160.0,183.0,174.0,-82.0,-32.0
41.0,-159.0,182.0,171.0,-79.0,-39.0
45.0,-154.0,181.0,170.0,-77.0,-47.0
47.0,-154.0,183.0,170.0,-74.0,-53.0
51.0,-153.0,176.0,173.0,-72.0,-60.0
51.0,-150.0,180.0,180.0,-68.0,-62.0
51.0,-147.0,182.0,195.0,-64.0,-64.0
51.0,-150.0,176.0,213.0,-56.0,-63.0
51.0,-146.0,181.0,226.0,-52.0,-70.0
52.0,-145.0,183.0,236.0,-50.0,-75.0
57.0,-140.0,181.0,243.0,-45.0,-77.0
53.0,-142.0,181.0,250.0,-40.0,-68.0
56.0,-142.0,181.0,252.0,-38.0,-65.0
56.0,-138.0,181.0,250.0,-38.0,-64.0
58.0,-142.0,184.0,244.0,-38.0,-67.0
59.0,-141.0,182.0,242.0,-42.0,-70.0
59.0,-138.0,177.0,235.0,-41.0,-60.0
60.0,-140.0,182.0,220.0,-37.0,-57.0
60.0,-143.0,183.0,201.0,-34.0,-53.0
62.0,-144.0,182.0,180.0,-33.0,-50.0
57.0,-142.0,182.0,160.0,-33.0,-54.0
61.0,-140.0,183.0,139.0,-34.0,-58.0
62.0,-149.0,185.0,118.0,-35.0,-61.0
60.0,-143.0,191.0,103.0,-35.0,-63.0
63.0,-141.0,187.0,92.0,-36.0,-61.0
62.0,-142.0,188.0,84.0,-38.0,-58.0
65.0,-143.0,192.0,79.0,-39.0,-56.0
64.0,-143.0,189.0,76.0,-40.0,-53.0
60.0,-141.0,192.0,74.0,-42.0,-49.0
61.0,-141.0,190.0,74.0,-41.0,-48.0
62.0,-146.0,186.0,72.0,-40.0,-42.0
63.0,-143.0,187.0,72.0,-37.0,-36.0
61.0,-147.0,189.0,73.0,-32.0,-34.0
62.0,-142.0,182.0,76.0,-27.0,-31.0
62.0,-142.0,189.0,78.0,-23.0,-28.0
61.0,-145.0,189.0,81.0,-18.0,-24.0
63.0,-143.0,188.0,84.0,-14.0,-19.0
61.0,-141.0,189.0,84.0,-12.0,-18.0
62.0,-145.0,186.0,86.0,-10.0,-15.0
59.0,-144.0,184.0,87.0,-9.0,-12.0
63.0,-145.0,185.0,87.0,-7.0,-10.0
59.0,-141.0,186.0,84.0,-6.0,-10.0
63.0,-143.0,184.0,82.0,-4.0,-7.0
62.0,-147.0,185.0,79.0,-3.0,-5.0
58.0,-145.0,188.0,76.0,-2.0,-5.0
60.0,-141.0,184.0,75.0,-4.0,-4.0
61.0,-141.0,185.0,71.0,-5.0,-6.0
61.0,-142.0,183.0,66.0,-7.0,-8.0
60.0,-142.0,182.0,62.0,-10.0,-10.0
62.0,-143.0,186.0,57.0,-12.0,-11.0
60.0,-140.0,183.0,52.0,-15.0,-13.0
59.0,-141.0,189.0,48.0,-20.0,-14.0
59.0,-142.0,184.0,45.0,-25.0,-16.0
62.0,-149.0,185.0,42.0,-28.0,-17.0
59.0,-143.0,183.0,42.0,-31.0,-16.0
55.0,-147.0,180.0,41.0,-32.0,-16.0
56.0,-146.0,183.0,40.0,-31.0,-14.0
57.0,-147.0,179.0,39.0,-29.0,-11.0
56.0,-145.0,184.0,40.0,-26.0,-10.0
57.0,-151.0,184.0,39.0,-20.0,-7.0
56.0,-146.0,183.0,38.0,-14.0,-3.0
60.0,-152.0,183.0,39.0,-6.0,0.0
58.0,-145.0,184.0,39.0,1.0,4.0
54.0,-149.0,181.0,40.0,9.0,7.0
57.0,-148.0,184.0,39.0,14.0,12.0
59.0,-148.0,181.0,40.0,19.0,14.0
55.0,-147.0,182.0,40.0,23.0,16.0
54.0,-147.0,187.0,40.0,26.0,18.0
54.0,-144.0,182.0,38.0,29.0,18.0
56.0,-147.0,186.0,36.0,31.0,20.0
