-36.0,-245.0,-75.0,-204.0,-49.0,298.0
-34.0,-246.0,-76.0,-201.0,-38.0,275.0
-35.0,-248.0,-86.0,-198.0,-28.0,250.0
-34.0,-246.0,-84.0,-201.0,-16.0,226.0
-29.0,-249.0,-78.0,-208.0,-8.0,204.0
-29.0,-249.0,-78.0,-203.0,4.0,180.0
-30.0,-252.0,-71.0,-184.0,20.0,159.0
-32.0,-253.0,-66.0,-166.0,31.0,137.0
-29.0,-255.0,-59.0,-157.0,39.0,120.0
-32.0,-256.0,-58.0,-148.0,43.0,111.0
-31.0,-259.0,-53.0,-135.0,39.0,107.0
-33.0,-255.0,-51.0,-123.0,31.0,105.0
-42.0,-257.0,-49.0,-116.0,30.0,111.0
-43.0,-261.0,-47.0,-113.0,39.0,122.0
-41.0,-267.0,-42.0,-102.0,59.0,134.0
-40.0,-265.0,-39.0,-79.0,91.0,148.0
-43.0,-271.0,-39.0,-45.0,127.0,165.0
-45.0,-274.0,-41.0,-10.0,161.0,186.0
-39.0,-277.0,-43.0,9.0,191.0,205.0
-28.0,-276.0,-45.0,11.0,212.0,218.0
-24.0,-276.0,-45.0,5.0,228.0,229.0
-17.0,-282.0,-39.0,7.0,241.0,243.0
-16.0,-278.0,-37.0,19.0,245.0,261.0
-18.0,-278.0,-35.0,40.0,238.0,274.0
-22.0,-285.0,-24.0,58.0,240.0,283.0
-25.0,-273.0,-33.0,69.0,238.0,282.0
-28.0,-269.0,-33.0,78.0,235.0,274.0
-23.0,-258.0,-40.0,86.0,241.0,265.0
-21.0,-255.0,-25.0,82.0,269.0,262.0
-40.0,-261.0,-39.0,71.0,295.0,269.0
-36.0,-256.0,-42.0,68.0,267.0,258.0
-45.0,-248.0,-46.0,78.0,274.0,246.0
-45.0,-242.0,-48.0,86.0,268.0,232.0
-57.0,-229.0,-38.0,83.0,291.0,213.0
-53.0,-237.0,-41.0,61.0,269.0,199.0
-54.0,-245.0,-32.0,43.0,273.0,193.0
-63.0,-250.0,-26.0,51.0,276.0,213.0
-60.0,-249.0,-22.0,82.0,260.0,232.0
-65.0,-247.0,-20.0,102.0,247.0,237.0
-60.0,-246.0,-21.0,110.0,221.0,238.0
-59.0,-247.0,-22.0,99.0,208.0,245.0
-53.0,-245.0,-20.0,85.0,189.0,246.0
-50.0,-247.0,-17.0,72.0,175.0,237.0
-49.0,-245.0,-11.0,68.0,169.0,232.0
-45.0,-245.0,-9.0,88.0,163.0,221.0
-42.0,-243.0,-10.0,117.0,161.0,213.0
-34.0,-240.0,-3.0,144.0,160.0,207.0
-37.0,-227.0,-14.0,166.0,154.0,199.0
-34.0,-225.0,-15.0,174.0,146.0,194.0
-33.0,-216.0,-18.0,177.0,139.0,189.0
-36.0,-212.0,-16.0,180.0,140.0,186.0
-30.0,-207.0,-20.0,180.0,142.0,178.0
-28.0,-208.0,-22.0,169.0,149.0,163.0
-30.0,-213.0,-18.0,141.0,166.0,156.0
-26.0,-215.0,-10.0,116.0,179.0,151.0
-26.0,-218.0,-11.0,111.0,188.0,142.0
-27.0,-218.0,-8.0,124.0,195.0,134.0
-26.0,-211.0,-4.0,145.0,199.0,128.0
-24.0,-209.0,-6.0,156.0,197.0,120.0
-21.0,-209.0,-6.0,159.0,196.0,112.0
-20.0,-205.0,-6.0,162.0,206.0,106.0
-21.0,-201.0,-7.0,160.0,220.0,102.0
-24.0,-204.0,-13.0,147.0,235.0,100.0
-28.0,-200.0,-7.0,127.0,246.0,98.0
-32.0,-196.0,-12.0,106.0,258.0,99.0
-34.0,-201.0,-11.0,89.0,271.0,105.0
-35.0,-200.0,-11.0,76.0,276.0,106.0
-47.0,-206.0,-6.0,66.0,283.0,96.0
-44.0,-210.0,-10.0,63.0,289.0,80.0
-40.0,-217.0,-6.0,66.0,297.0,65.0
-40.0,-219.0,-4.0,71.0,305.0,50.0
-41.0,-218.0,-10.0,74.0,311.0,35.0
-40.0,-223.0,-6.0,73.0,315.0,18.0
-43.0,-227.0,-6.0,72.0,319.0,1.0
-38.0,-228.0,-5.0,75.0,322.0,-15.0
-43.0,-228.0,-10.0,77.0,330.0,-34.0
-40.0,-230.0,-5.0,76.0,345.0,-57.0
-41.0,-230.0,-7.0,77.0,360.0,-74.0
-37.0,-230.0,-5.0,81.0,377.0,-88.0
-39.0,-228.0,-3.0,86.0,397.0,-104.0
-39.0,-229.0,-4.0,95.0,416.0,-112.0
-36.0,-229.0,-1.0,105.0,432.0,-123.0
-31.0,-231.0,-2.0,107.0,447.0,-138.0
-25.0,-231.0,-2.0,99.0,466.0,-157.0
-26.0,-234.0,3.0,82.0,477.0,-173.0
-24.0,-236.0,10.0,69.0,486.0,-185.0
-27.0,-239.0,11.0,62.0,499.0,-191.0
-27.0,-241.0,16.0,62.0,510.0,-195.0
-25.0,-239.0,14.0,67.0,519.0,-193.0
-32.0,-231.0,-2.0,62.0,525.0,-195.0
-26.0,-234.0,0.0,47.0,532.0,-198.0
-24.0,-234.0,0.0,25.0,545.0,-208.0
-18.0,-231.0,3.0,11.0,560.0,-218.0
-20.0,-228.0,5.0,5.0,569.0,-225.0
-17.0,-232.0,-1.0,-3.0,568.0,-226.0
-19.0,-229.0,0.0,-27.0,562.0,-224.0
-24.0,-237.0,-2.0,-60.0,551.0,-221.0
-31.0,-235.0,1.0,-91.0,540.0,-216.0
-39.0,-238.0,11.0,-111.0,528.0,-206.0
-44.0,-243.0,14.0,-112.0,512.0,-191.0
-47.0,-250.0,26.0,-95.0,492.0,-169.0
-52.0,-255.0,33.0,-69.0,466.0,-148.0
-53.0,-269.0,41.0,-50.0,438.0,-130.0
-60.0,-277.0,40.0,-24.0,415.0,-112.0
-62.0,-279.0,37.0,5.0,398.0,-101.0
-59.0,-281.0,37.0,26.0,386.0,-99.0
-55.0,-282.0,37.0,38.0,375.0,-103.0
-47.0,-279.0,31.0,51.0,366.0,-108.0
-39.0,-280.0,35.0,69.0,363.0,-117.0
-37.0,-278.0,38.0,92.0,364.0,-129.0
-34.0,-274.0,39.0,122.0,369.0,-135.0
-14.0,-265.0,42.0,151.0,380.0,-133.0
-21.0,-266.0,36.0,178.0,394.0,-127.0
-11.0,-264.0,20.0,197.0,419.0,-120.0
-6.0,-261.0,13.0,205.0,455.0,-112.0
1.0,-253.0,14.0,194.0,487.0,-102.0
2.0,-246.0,1.0,167.0,513.0,-94.0
7.0,-232.0,-10.0,124.0,537.0,-83.0
15.0,-212.0,-8.0,63.0,557.0,-77.0
10.0,-203.0,-20.0,4.0,562.0,-67.0
-2.0,-192.0,-20.0,-61.0,542.0,-48.0
-12.0,-183.0,-22.0,-137.0,513.0,-26.0
-30.0,-184.0,-17.0,-212.0,477.0,2.0
-51.0,-185.0,-16.0,-280.0,430.0,33.0
-72.0,-186.0,-10.0,-352.0,375.0,64.0
-89.0,-199.0,0.0,-425.0,305.0,85.0
-104.0,-214.0,11.0,-481.0,232.0,101.0
-114.0,-236.0,25.0,-500.0,162.0,116.0
-118.0,-253.0,29.0,-487.0,96.0,130.0
-118.0,-271.0,38.0,-453.0,40.0,134.0
-114.0,-287.0,45.0,-404.0,-5.0,139.0
-109.0,-299.0,51.0,-346.0,-48.0,140.0
-100.0,-297.0,43.0,-270.0,-90.0,136.0
-95.0,-312.0,57.0,-189.0,-135.0,129.0
-84.0,-308.0,51.0,-105.0,-184.0,120.0
-71.0,-299.0,49.0,-29.0,-228.0,114.0
-58.0,-295.0,41.0,41.0,-263.0,110.0
-47.0,-280.0,34.0,93.0,-291.0,100.0
-33.0,-276.0,22.0,133.0,-314.0,99.0
-25.0,-279.0,9.0,147.0,-327.0,92.0
-11.0,-255.0,18.0,124.0,-330.0,82.0
-7.0,-256.0,11.0,121.0,-343.0,63.0
-7.0,-251.0,4.0,112.0,-341.0,48.0
-11.0,-251.0,0.0,89.0,-331.0,31.0
-18.0,-251.0,3.0,46.0,-326.0,5.0
-25.0,-263.0,11.0,7.0,-325.0,-32.0
-35.0,-256.0,24.0,-10.0,-326.0,-60.0
-48.0,-262.0,20.0,30.0,-330.0,-70.0
-52.0,-263.0,19.0,83.0,-326.0,-71.0
-58.0,-265.0,17.0,118.0,-318.0,-76.0
-61.0,-269.0,25.0,128.0,-311.0,-83.0
-66.0,-271.0,37.0,136.0,-307.0,-96.0
-66.0,-275.0,41.0,157.0,-307.0,-108.0
-68.0,-271.0,36.0,194.0,-304.0,-119.0
-68.0,-270.0,49.0,226.0,-299.0,-130.0
-67.0,-266.0,42.0,256.0,-299.0,-138.0
-66.0,-264.0,41.0,313.0,-309.0,-144.0
-70.0,-264.0,41.0,372.0,-319.0,-137.0
-75.0,-263.0,37.0,437.0,-332.0,-129.0
-81.0,-261.0,34.0,499.0,-340.0,-123.0
-85.0,-254.0,40.0,550.0,-338.0,-113.0
-86.0,-245.0,41.0,611.0,-332.0,-109.0
-85.0,-241.0,34.0,700.0,-331.0,-101.0
-90.0,-227.0,19.0,781.0,-319.0,-91.0
-77.0,-219.0,-12.0,832.0,-298.0,-83.0
-64.0,-195.0,-28.0,845.0,-268.0,-88.0
-56.0,-177.0,-53.0,883.0,-220.0,-97.0
-37.0,-148.0,-74.0,943.0,-160.0,-79.0
-9.0,-116.0,-88.0,1012.0,-95.0,-37.0
-2.0,-82.0,-102.0,1071.0,-27.0,14.0
14.0,-54.0,-110.0,1149.0,47.0,59.0
36.0,-33.0,-129.0,1207.0,137.0,82.0
55.0,-18.0,-126.0,1235.0,229.0,61.0
72.0,-8.0,-102.0,1229.0,310.0,11.0
92.0,15.0,-79.0,1194.0,347.0,-60.0
88.0,28.0,-42.0,1158.0,340.0,-130.0
80.0,45.0,-15.0,1157.0,310.0,-163.0
79.0,39.0,23.0,1225.0,275.0,-171.0
66.0,35.0,17.0,1284.0,199.0,-156.0
64.0,25.0,-16.0,1266.0,67.0,-165.0
46.0,4.0,-60.0,1156.0,-69.0,-210.0
11.0,-31.0,-126.0,935.0,-230.0,-267.0
-15.0,-68.0,-188.0,574.0,-424.0,-322.0
-53.0,-115.0,-226.0,103.0,-643.0,-359.0
-82.0,-182.0,-263.0,-442.0,-900.0,-356.0
-116.0,-273.0,-345.0,-1027.0,-1151.0,-322.0
-141.0,-385.0,-456.0,-1654.0,-1241.0,-269.0
-190.0,-515.0,-470.0,-2237.0,-1027.0,-171.0
-240.0,-667.0,-294.0,-2423.0,-618.0,13.0
-215.0,-799.0,-18.0,-1925.0,-333.0,276.0
-159.0,-858.0,153.0,-843.0,-358.0,472.0
-79.0,-874.0,267.0,285.0,-462.0,574.0
37.0,-837.0,270.0,1111.0,-484.0,580.0
117.0,-763.0,183.0,1546.0,-477.0,436.0
182.0,-687.0,79.0,1715.0,-470.0,216.0
255.0,-626.0,-18.0,1931.0,-442.0,7.0
292.0,-533.0,-61.0,2344.0,-370.0,-179.0
267.0,-408.0,-58.0,2911.0,-225.0,-360.0
248.0,-279.0,-52.0,3424.0,-55.0,-529.0
193.0,-171.0,-53.0,3671.0,63.0,-683.0
125.0,-80.0,-77.0,3588.0,111.0,-828.0
71.0,-46.0,-105.0,3205.0,150.0,-965.0
46.0,-40.0,-132.0,2659.0,259.0,-1106.0
27.0,-43.0,-141.0,2131.0,448.0,-1244.0
8.0,-48.0,-130.0,1778.0,651.0,-1335.0
-11.0,-28.0,-114.0,1628.0,803.0,-1352.0
-44.0,-9.0,-101.0,1583.0,863.0,-1302.0
-62.0,7.0,-84.0,1498.0,824.0,-1201.0
-101.0,18.0,-50.0,1277.0,695.0,-1089.0
-120.0,39.0,-1.0,981.0,471.0,-958.0
-127.0,72.0,27.0,715.0,160.0,-801.0
-118.0,98.0,24.0,488.0,-163.0,-641.0
-97.0,116.0,17.0,291.0,-418.0,-516.0
-84.0,121.0,5.0,143.0,-549.0,-426.0
-61.0,105.0,0.0,44.0,-599.0,-359.0
-36.0,81.0,8.0,7.0,-628.0,-315.0
-4.0,40.0,31.0,22.0,-653.0,-301.0
9.0,-10.0,54.0,86.0,-661.0,-307.0
16.0,-62.0,65.0,194.0,-633.0,-323.0
12.0,-135.0,79.0,330.0,-591.0,-348.0
3.0,-186.0,78.0,468.0,-550.0,-389.0
-3.0,-227.0,73.0,612.0,-503.0,-410.0
0.0,-242.0,68.0,765.0,-445.0,-398.0
-4.0,-236.0,65.0,916.0,-405.0,-371.0
-1.0,-200.0,43.0,1062.0,-405.0,-348.0
8.0,-137.0,5.0,1175.0,-420.0,-314.0
7.0,-64.0,-43.0,1196.0,-446.0,-268.0
6.0,2.0,-69.0,1119.0,-491.0,-214.0
8.0,55.0,-79.0,997.0,-543.0,-158.0
4.0,96.0,-84.0,870.0,-604.0,-109.0
1.0,121.0,-107.0,763.0,-685.0,-65.0
6.0,137.0,-115.0,665.0,-761.0,-27.0
15.0,126.0,-104.0,573.0,-806.0,-2.0
21.0,89.0,-73.0,478.0,-799.0,-2.0
29.0,39.0,-31.0,389.0,-738.0,-35.0
32.0,-40.0,5.0,321.0,-632.0,-88.0
43.0,-109.0,10.0,270.0,-514.0,-135.0
80.0,-181.0,32.0,176.0,-411.0,-129.0
117.0,-253.0,100.0,73.0,-311.0,-51.0
137.0,-309.0,166.0,80.0,-176.0,34.0
127.0,-358.0,244.0,210.0,-7.0,114.0
104.0,-395.0,313.0,455.0,184.0,210.0
64.0,-397.0,342.0,815.0,349.0,313.0
21.0,-375.0,328.0,1217.0,385.0,397.0
-24.0,-316.0,254.0,1578.0,277.0,450.0
-52.0,-252.0,145.0,1800.0,102.0,478.0
-52.0,-194.0,42.0,1806.0,-62.0,467.0
-49.0,-143.0,-40.0,1642.0,-174.0,409.0
-27.0,-119.0,-53.0,1462.0,-185.0,341.0
-17.0,-104.0,-28.0,1424.0,-123.0,275.0
0.0,-92.0,4.0,1522.0,-15.0,225.0
27.0,-81.0,45.0,1616.0,84.0,195.0
51.0,-84.0,78.0,1630.0,170.0,179.0
61.0,-112.0,103.0,1536.0,251.0,179.0
66.0,-160.0,114.0,1337.0,308.0,192.0
66.0,-224.0,126.0,1097.0,363.0,218.0
61.0,-291.0,145.0,919.0,436.0,233.0
59.0,-374.0,169.0,897.0,494.0,268.0
61.0,-430.0,197.0,1061.0,516.0,326.0
51.0,-452.0,207.0,1418.0,537.0,389.0
35.0,-429.0,180.0,1879.0,574.0,438.0
35.0,-382.0,154.0,2257.0,630.0,445.0
4.0,-335.0,145.0,2476.0,688.0,404.0
-6.0,-283.0,94.0,2536.0,753.0,330.0
-15.0,-243.0,69.0,2474.0,796.0,259.0
-28.0,-217.0,46.0,2353.0,837.0,205.0
-40.0,-212.0,44.0,2208.0,864.0,178.0
-48.0,-220.0,48.0,2101.0,885.0,161.0
-26.0,-249.0,56.0,2060.0,929.0,149.0
-14.0,-285.0,68.0,2085.0,1010.0,121.0
4.0,-333.0,102.0,2158.0,1116.0,90.0
28.0,-381.0,129.0,2274.0,1232.0,76.0
55.0,-418.0,142.0,2404.0,1347.0,73.0
70.0,-455.0,133.0,2520.0,1455.0,82.0
66.0,-471.0,135.0,2666.0,1536.0,113.0
59.0,-472.0,147.0,2890.0,1571.0,157.0
48.0,-442.0,133.0,3190.0,1593.0,202.0
3.0,-394.0,82.0,3381.0,1609.0,236.0
-24.0,-350.0,72.0,3426.0,1622.0,287.0
-62.0,-296.0,98.0,3483.0,1626.0,360.0
-78.0,-219.0,105.0,3649.0,1669.0,422.0
-100.0,-115.0,83.0,3682.0,1740.0,445.0
-103.0,-42.0,31.0,3380.0,1819.0,428.0
-99.0,-2.0,19.0,2893.0,1867.0,384.0
-76.0,3.0,32.0,2518.0,1830.0,374.0
-41.0,-1.0,64.0,2340.0,1823.0,402.0
-23.0,-7.0,95.0,2233.0,1858.0,452.0
-67.0,-41.0,121.0,2082.0,1877.0,524.0
-186.0,-89.0,141.0,2049.0,1876.0,691.0
-150.0,-153.0,112.0,2241.0,1778.0,845.0
-210.0,-168.0,102.0,2401.0,1552.0,799.0
-273.0,-176.0,140.0,2471.0,1385.0,790.0
-362.0,-230.0,293.0,2563.0,1194.0,907.0
-266.0,-382.0,518.0,2740.0,754.0,935.0
-213.0,-506.0,724.0,2829.0,37.0,614.0
-311.0,-570.0,1012.0,2968.0,-371.0,317.0
-76.0,-704.0,1355.0,3198.0,-667.0,112.0
81.0,-856.0,1551.0,3013.0,-1236.0,-456.0
22.0,-874.0,1664.0,2544.0,-1537.0,-1078.0
-80.0,-748.0,1762.0,2439.0,-1455.0,-1300.0
-76.0,-503.0,1601.0,2972.0,-1308.0,-1100.0
-93.0,-277.0,1314.0,3393.0,-919.0,-1106.0
-148.0,-46.0,967.0,3189.0,-497.0,-1296.0
-128.0,83.0,716.0,2585.0,-293.0,-1151.0
-134.0,142.0,492.0,2334.0,72.0,-697.0
-175.0,114.0,310.0,2157.0,662.0,-190.0
-163.0,53.0,124.0,1990.0,1004.0,254.0
-197.0,45.0,30.0,1856.0,1124.0,591.0
-246.0,45.0,123.0,1680.0,1128.0,807.0
-245.0,36.0,158.0,1617.0,951.0,906.0
-231.0,-11.0,95.0,1628.0,601.0,813.0
-196.0,-102.0,92.0,1652.0,314.0,570.0
-133.0,-193.0,107.0,1709.0,223.0,375.0
-47.0,-283.0,159.0,1685.0,153.0,346.0
14.0,-372.0,198.0,1583.0,-12.0,476.0
58.0,-461.0,179.0,1554.0,-140.0,637.0
67.0,-505.0,143.0,1685.0,-141.0,722.0
38.0,-479.0,112.0,1931.0,-51.0,718.0
-20.0,-384.0,102.0,2178.0,37.0,707.0
-65.0,-285.0,87.0,2312.0,49.0,731.0
-85.0,-190.0,80.0,2388.0,1.0,759.0
-88.0,-77.0,76.0,2463.0,-66.0,776.0
-70.0,34.0,98.0,2461.0,-137.0,796.0
-51.0,123.0,121.0,2354.0,-212.0,793.0
-51.0,230.0,132.0,2207.0,-277.0,774.0
-82.0,301.0,139.0,2070.0,-315.0,751.0
-124.0,359.0,154.0,1937.0,-389.0,740.0
-122.0,379.0,158.0,1778.0,-499.0,708.0
-117.0,395.0,188.0,1606.0,-594.0,613.0
42.0,289.0,136.0,1507.0,-599.0,459.0
66.0,241.0,159.0,1269.0,-608.0,184.0
369.0,74.0,147.0,1029.0,-513.0,-58.0
310.0,68.0,193.0,836.0,-282.0,-507.0
149.0,78.0,218.0,903.0,-11.0,-543.0
-127.0,90.0,251.0,947.0,39.0,-239.0
-263.0,79.0,259.0,926.0,-157.0,83.0
-155.0,33.0,222.0,869.0,-377.0,146.0
-4.0,10.0,221.0,696.0,-544.0,-71.0
-36.0,64.0,271.0,533.0,-491.0,-323.0
-442.0,222.0,287.0,581.0,-304.0,-246.0
-148.0,149.0,141.0,609.0,-282.0,104.0
-196.0,163.0,184.0,425.0,-219.0,-114.0
-143.0,170.0,168.0,378.0,-239.0,-272.0
12.0,158.0,161.0,320.0,-390.0,-429.0
8.0,190.0,193.0,267.0,-334.0,-570.0
22.0,168.0,194.0,243.0,-251.0,-510.0
94.0,134.0,194.0,148.0,-238.0,-450.0
109.0,114.0,219.0,81.0,-177.0,-437.0
113.0,88.0,234.0,59.0,-170.0,-383.0
91.0,81.0,242.0,19.0,-165.0,-333.0
16.0,68.0,252.0,-26.0,-102.0,-276.0
-39.0,54.0,208.0,-67.0,-27.0,-223.0
-60.0,41.0,152.0,-112.0,36.0,-219.0
-57.0,35.0,108.0,-145.0,34.0,-242.0
-62.0,40.0,95.0,-131.0,-44.0,-256.0
-76.0,54.0,104.0,-78.0,-143.0,-255.0
-93.0,75.0,118.0,-27.0,-234.0,-252.0
-99.0,101.0,136.0,-1.0,-306.0,-258.0
-95.0,127.0,155.0,-3.0,-361.0,-273.0
-89.0,149.0,163.0,-25.0,-405.0,-277.0
-76.0,156.0,168.0,-62.0,-431.0,-275.0
-74.0,166.0,175.0,-121.0,-439.0,-277.0
-54.0,167.0,196.0,-190.0,-440.0,-273.0
-27.0,166.0,226.0,-273.0,-438.0,-286.0
-29.0,157.0,253.0,-361.0,-429.0,-303.0
5.0,127.0,253.0,-415.0,-413.0,-307.0
75.0,88.0,237.0,-473.0,-373.0,-352.0
76.0,71.0,250.0,-537.0,-276.0,-414.0
59.0,73.0,260.0,-536.0,-189.0,-416.0
24.0,90.0,266.0,-488.0,-143.0,-358.0
-2.0,96.0,273.0,-426.0,-130.0,-271.0
-14.0,105.0,271.0,-366.0,-144.0,-225.0
-17.0,112.0,268.0,-316.0,-161.0,-233.0
-9.0,121.0,256.0,-295.0,-175.0,-265.0
5.0,128.0,258.0,-320.0,-181.0,-296.0
17.0,126.0,264.0,-373.0,-194.0,-311.0
20.0,122.0,265.0,-424.0,-205.0,-307.0
12.0,112.0,256.0,-459.0,-205.0,-294.0
11.0,100.0,260.0,-499.0,-191.0,-271.0
9.0,82.0,271.0,-560.0,-167.0,-251.0
8.0,61.0,275.0,-626.0,-139.0,-232.0
-1.0,39.0,263.0,-663.0,-108.0,-210.0
-9.0,17.0,241.0,-656.0,-73.0,-179.0
-29.0,8.0,219.0,-619.0,-37.0,-144.0
-43.0,5.0,216.0,-573.0,-17.0,-111.0
-51.0,4.0,212.0,-508.0,-18.0,-81.0
-55.0,8.0,214.0,-425.0,-37.0,-61.0
-56.0,17.0,215.0,-346.0,-75.0,-53.0
-56.0,30.0,218.0,-292.0,-123.0,-56.0
-52.0,42.0,221.0,-268.0,-167.0,-40.0
-41.0,52.0,224.0,-278.0,-205.0,-2.0
-40.0,66.0,227.0,-325.0,-223.0,14.0
-31.0,69.0,249.0,-382.0,-222.0,20.0
-22.0,67.0,266.0,-447.0,-222.0,18.0
-12.0,53.0,258.0,-527.0,-232.0,2.0
-7.0,38.0,239.0,-583.0,-242.0,-18.0
-5.0,24.0,232.0,-611.0,-238.0,-32.0
-10.0,15.0,227.0,-632.0,-209.0,-34.0
-8.0,3.0,231.0,-642.0,-181.0,-14.0
-14.0,-14.0,231.0,-602.0,-169.0,8.0
-17.0,-9.0,223.0,-521.0,-182.0,25.0
-19.0,-2.0,220.0,-434.0,-205.0,43.0
-19.0,19.0,223.0,-390.0,-224.0,65.0
-25.0,38.0,225.0,-395.0,-241.0,88.0
-25.0,50.0,226.0,-434.0,-263.0,115.0
-22.0,60.0,235.0,-492.0,-289.0,135.0
-9.0,60.0,243.0,-553.0,-304.0,143.0
-4.0,60.0,242.0,-596.0,-299.0,141.0
1.0,51.0,249.0,-638.0,-282.0,134.0
6.0,36.0,263.0,-680.0,-263.0,126.0
10.0,12.0,266.0,-708.0,-241.0,120.0
14.0,-9.0,271.0,-712.0,-225.0,128.0
12.0,-26.0,270.0,-698.0,-199.0,142.0
9.0,-39.0,274.0,-669.0,-169.0,163.0
6.0,-44.0,262.0,-633.0,-153.0,189.0
7.0,-45.0,262.0,-592.0,-146.0,210.0
10.0,-38.0,251.0,-550.0,-154.0,227.0
15.0,-22.0,253.0,-525.0,-172.0,239.0
17.0,-4.0,254.0,-519.0,-190.0,244.0
18.0,9.0,253.0,-523.0,-201.0,245.0
7.0,17.0,250.0,-547.0,-204.0,254.0
-15.0,19.0,248.0,-601.0,-199.0,285.0
37.0,12.0,271.0,-688.0,-178.0,293.0
52.0,18.0,269.0,-709.0,-112.0,240.0
25.0,16.0,243.0,-691.0,-31.0,183.0
10.0,2.0,239.0,-749.0,1.0,170.0
10.0,-27.0,260.0,-845.0,9.0,176.0
-4.0,-59.0,273.0,-872.0,42.0,165.0
-15.0,-95.0,272.0,-854.0,73.0,162.0
-16.0,-128.0,261.0,-821.0,81.0,151.0
11.0,-158.0,235.0,-780.0,87.0,130.0
41.0,-172.0,221.0,-775.0,98.0,92.0
79.0,-197.0,234.0,-777.0,121.0,47.0
86.0,-208.0,247.0,-734.0,149.0,3.0
62.0,-211.0,258.0,-680.0,140.0,19.0
26.0,-196.0,268.0,-600.0,78.0,99.0
2.0,-180.0,260.0,-464.0,10.0,208.0
-13.0,-151.0,253.0,-304.0,-20.0,275.0
-26.0,-118.0,249.0,-142.0,-26.0,289.0
-32.0,-61.0,246.0,20.0,-17.0,259.0
-43.0,4.0,227.0,139.0,3.0,220.0
-51.0,52.0,214.0,159.0,3.0,164.0
-52.0,49.0,213.0,109.0,-19.0,102.0
-3.0,-1.0,222.0,11.0,-24.0,16.0
58.0,-75.0,238.0,-103.0,59.0,-117.0
94.0,-136.0,268.0,-205.0,253.0,-214.0
109.0,-181.0,305.0,-235.0,444.0,-195.0
115.0,-199.0,324.0,-163.0,521.0,-106.0
102.0,-176.0,324.0,7.0,533.0,-41.0
77.0,-135.0,299.0,176.0,530.0,27.0
46.0,-81.0,269.0,280.0,521.0,103.0
-3.0,-41.0,247.0,302.0,520.0,173.0
-50.0,-24.0,228.0,277.0,488.0,226.0
-81.0,-23.0,214.0,216.0,399.0,248.0
-98.0,-48.0,222.0,152.0,302.0,234.0
-100.0,-89.0,243.0,80.0,208.0,190.0
-94.0,-138.0,269.0,48.0,121.0,124.0
-62.0,-173.0,292.0,74.0,46.0,61.0
-34.0,-184.0,292.0,161.0,-6.0,7.0
-9.0,-175.0,292.0,293.0,-29.0,-28.0
5.0,-143.0,270.0,439.0,-31.0,-41.0
7.0,-105.0,253.0,569.0,-28.0,-28.0
2.0,-65.0,237.0,654.0,-20.0,-7.0
0.0,-37.0,223.0,682.0,-6.0,11.0
-9.0,-20.0,223.0,666.0,16.0,19.0
-16.0,-14.0,215.0,628.0,46.0,18.0
-20.0,-14.0,206.0,582.0,79.0,13.0
-12.0,-15.0,198.0,535.0,118.0,6.0
-2.0,-14.0,200.0,494.0,156.0,-3.0
7.0,-13.0,205.0,460.0,192.0,-9.0
3.0,-11.0,222.0,431.0,218.0,-4.0
0.0,-11.0,233.0,405.0,240.0,15.0
-8.0,-8.0,235.0,381.0,253.0,38.0
-15.0,-14.0,234.0,353.0,252.0,64.0
-25.0,-16.0,235.0,324.0,247.0,83.0
-33.0,-9.0,238.0,296.0,237.0,101.0
-36.0,-10.0,246.0,268.0,231.0,120.0
-43.0,-10.0,252.0,246.0,224.0,131.0
-41.0,-9.0,258.0,246.0,216.0,133.0
-40.0,-16.0,256.0,267.0,197.0,125.0
-39.0,-6.0,251.0,297.0,151.0,106.0
-32.0,3.0,255.0,310.0,118.0,83.0
-28.0,-2.0,253.0,297.0,103.0,67.0
-28.0,-3.0,255.0,289.0,71.0,57.0
-18.0,-2.0,256.0,286.0,38.0,46.0
-4.0,-1.0,255.0,279.0,28.0,37.0
1.0,-3.0,254.0,266.0,33.0,37.0
2.0,2.0,252.0,257.0,31.0,34.0
8.0,9.0,245.0,244.0,30.0,28.0
12.0,16.0,237.0,210.0,34.0,23.0
15.0,24.0,234.0,161.0,39.0,18.0
19.0,23.0,228.0,112.0,55.0,9.0
21.0,14.0,222.0,82.0,75.0,-1.0
19.0,15.0,224.0,66.0,97.0,-12.0
18.0,15.0,219.0,53.0,121.0,-18.0
13.0,20.0,226.0,38.0,142.0,-21.0
10.0,18.0,232.0,25.0,155.0,-22.0
7.0,17.0,236.0,18.0,166.0,-23.0
0.0,16.0,235.0,17.0,175.0,-20.0
-2.0,15.0,240.0,20.0,181.0,-20.0
-8.0,16.0,243.0,31.0,180.0,-20.0
-15.0,13.0,247.0,42.0,171.0,-17.0
-17.0,13.0,247.0,47.0,162.0,-18.0
-20.0,10.0,253.0,46.0,155.0,-21.0
-19.0,10.0,261.0,38.0,151.0,-21.0
-21.0,7.0,266.0,26.0,153.0,-21.0
-24.0,8.0,266.0,17.0,148.0,-22.0
-22.0,4.0,262.0,10.0,138.0,-22.0
-19.0,-5.0,261.0,4.0,122.0,-28.0
-17.0,-11.0,253.0,7.0,108.0,-33.0
-9.0,-11.0,249.0,16.0,99.0,-42.0
-10.0,-12.0,246.0,22.0,93.0,-51.0
-6.0,-15.0,249.0,23.0,88.0,-61.0
-2.0,-18.0,250.0,28.0,79.0,-71.0
-3.0,-18.0,243.0,37.0,68.0,-77.0
0.0,-14.0,245.0,45.0,61.0,-80.0
0.0,-15.0,243.0,46.0,57.0,-84.0
-5.0,-12.0,243.0,48.0,55.0,-87.0
-3.0,-11.0,243.0,55.0,55.0,-90.0
-8.0,-8.0,239.0,68.0,51.0,-92.0
-9.0,-1.0,238.0,80.0,49.0,-93.0
-13.0,-1.0,239.0,79.0,53.0,-91.0
-11.0,-6.0,246.0,69.0,56.0,-88.0
-20.0,2.0,239.0,56.0,58.0,-83.0
-18.0,2.0,238.0,45.0,62.0,-78.0
-20.0,-1.0,242.0,35.0,65.0,-70.0
-23.0,-5.0,240.0,22.0,71.0,-62.0
-26.0,-8.0,244.0,12.0,78.0,-57.0
-27.0,-8.0,244.0,8.0,82.0,-51.0
-27.0,-11.0,244.0,5.0,87.0,-40.0
-32.0,-13.0,244.0,4.0,89.0,-32.0
-30.0,-17.0,246.0,3.0,89.0,-24.0
-30.0,-16.0,247.0,5.0,89.0,-17.0
-27.0,-16.0,244.0,9.0,86.0,-11.0
-27.0,-17.0,248.0,11.0,83.0,-5.0
-22.0,-19.0,246.0,12.0,78.0,-1.0
-24.0,-18.0,249.0,14.0,69.0,2.0
-21.0,-18.0,250.0,9.0,63.0,5.0
-20.0,-20.0,247.0,4.0,62.0,8.0
-17.0,-22.0,246.0,8.0,63.0,8.0
-14.0,-21.0,242.0,18.0,64.0,10.0
-12.0,-17.0,243.0,26.0,66.0,7.0
-13.0,-16.0,247.0,30.0,64.0,7.0
-15.0,-11.0,243.0,28.0,59.0,6.0
-9.0,-9.0,245.0,23.0,57.0,6.0
-7.0,-9.0,245.0,20.0,56.0,5.0
-4.0,-7.0,241.0,16.0,57.0,3.0
-6.0,-4.0,237.0,16.0,58.0,0.0
-5.0,0.0,234.0,16.0,60.0,-5.0
1.0,-2.0,236.0,15.0,63.0,-5.0
-1.0,0.0,238.0,13.0,66.0,-6.0
0.0,1.0,240.0,6.0,73.0,-5.0
-2.0,0.0,245.0,2.0,79.0,-6.0
-1.0,-1.0,241.0,3.0,88.0,-9.0
-4.0,0.0,249.0,3.0,93.0,-11.0
-5.0,-1.0,242.0,2.0,97.0,-12.0
-8.0,0.0,247.0,3.0,94.0,-13.0
-9.0,-1.0,246.0,5.0,90.0,-13.0
-7.0,-6.0,248.0,5.0,84.0,-14.0
-6.0,-7.0,251.0,5.0,79.0,-15.0
-6.0,-5.0,253.0,9.0,76.0,-14.0
-9.0,-9.0,249.0,19.0,75.0,-16.0
-11.0,-5.0,246.0,30.0,73.0,-16.0
-12.0,-6.0,248.0,37.0,73.0,-17.0
-14.0,-1.0,247.0,39.0,71.0,-17.0
-13.0,0.0,249.0,36.0,72.0,-19.0
-10.0,-2.0,243.0,32.0,72.0,-19.0
-15.0,2.0,249.0,28.0,69.0,-19.0
-13.0,-1.0,246.0,28.0,66.0,-21.0
-14.0,0.0,243.0,29.0,62.0,-19.0
-13.0,-3.0,243.0,31.0,58.0,-20.0
-14.0,0.0,246.0,26.0,58.0,-18.0
-14.0,2.0,243.0,19.0,57.0,-17.0
-18.0,-1.0,244.0,13.0,55.0,-15.0
-16.0,-2.0,243.0,9.0,51.0,-12.0
-14.0,-6.0,241.0,11.0,48.0,-10.0
-15.0,-6.0,240.0,15.0,47.0,-10.0
-14.0,-5.0,239.0,18.0,45.0,-9.0
-12.0,0.0,242.0,16.0,45.0,-7.0
-17.0,-2.0,242.0,13.0,47.0,-7.0
-15.0,-1.0,243.0,11.0,49.0,-7.0
-12.0,-8.0,243.0,11.0,53.0,-7.0
-14.0,-2.0,244.0,12.0,55.0,-7.0
-15.0,-3.0,246.0,9.0,57.0,-4.0
-12.0,-8.0,242.0,6.0,57.0,-3.0
-10.0,-6.0,244.0,5.0,57.0,-1.0
-11.0,-6.0,244.0,8.0,60.0,-1.0
-15.0,-14.0,257.0,12.0,65.0,-1.0
-9.0,-9.0,249.0,14.0,63.0,1.0
-11.0,-4.0,246.0,13.0,62.0,2.0
-11.0,-6.0,249.0,12.0,57.0,3.0
-13.0,-5.0,248.0,11.0,54.0,5.0
-11.0,-5.0,244.0,12.0,54.0,3.0
-10.0,-6.0,242.0,15.0,49.0,2.0
-8.0,-8.0,242.0,19.0,49.0,1.0
-9.0,-4.0,239.0,22.0,47.0,-1.0
-6.0,-2.0,241.0,22.0,47.0,-2.0
-8.0,-2.0,243.0,20.0,49.0,-3.0
-8.0,-3.0,243.0,14.0,51.0,-2.0
-7.0,-4.0,246.0,8.0,53.0,-1.0
-1.0,-5.0,244.0,7.0,54.0,-2.0
