57.0,-233.0,-5.0,-155.0,28.0,-46.0
45.0,-245.0,-17.0,-236.0,34.0,-53.0
38.0,-254.0,-20.0,-314.0,48.0,-64.0
32.0,-265.0,-31.0,-377.0,70.0,-79.0
18.0,-273.0,-27.0,-419.0,93.0,-95.0
6.0,-284.0,-24.0,-433.0,115.0,-114.0
-1.0,-289.0,-21.0,-423.0,132.0,-133.0
-5.0,-291.0,-24.0,-393.0,152.0,-159.0
-14.0,-292.0,-24.0,-352.0,174.0,-190.0
-19.0,-283.0,-23.0,-308.0,196.0,-229.0
-26.0,-283.0,-23.0,-261.0,208.0,-278.0
-31.0,-282.0,-29.0,-223.0,204.0,-332.0
-28.0,-271.0,-33.0,-201.0,190.0,-389.0
-24.0,-261.0,-31.0,-173.0,178.0,-438.0
-20.0,-249.0,-32.0,-144.0,168.0,-477.0
-12.0,-238.0,-28.0,-109.0,154.0,-504.0
-8.0,-227.0,-22.0,-66.0,131.0,-521.0
2.0,-222.0,-17.0,-21.0,110.0,-523.0
9.0,-219.0,-19.0,11.0,91.0,-510.0
12.0,-221.0,-15.0,-2.0,83.0,-483.0
20.0,-212.0,-6.0,-33.0,77.0,-457.0
24.0,-212.0,-7.0,-57.0,66.0,-437.0
19.0,-207.0,-6.0,-72.0,50.0,-416.0
23.0,-211.0,-6.0,-83.0,30.0,-391.0
25.0,-225.0,-3.0,-101.0,6.0,-372.0
21.0,-223.0,-4.0,-131.0,-13.0,-359.0
21.0,-226.0,-8.0,-171.0,-27.0,-347.0
24.0,-228.0,-9.0,-205.0,-34.0,-338.0
22.0,-236.0,-14.0,-240.0,-31.0,-332.0
28.0,-242.0,-8.0,-270.0,-24.0,-329.0
30.0,-239.0,-6.0,-286.0,-18.0,-330.0
32.0,-244.0,-2.0,-290.0,-7.0,-331.0
31.0,-247.0,-4.0,-284.0,0.0,-337.0
37.0,-245.0,-1.0,-272.0,12.0,-342.0
35.0,-239.0,1.0,-251.0,22.0,-346.0
37.0,-244.0,0.0,-231.0,35.0,-351.0
37.0,-248.0,3.0,-216.0,50.0,-354.0
38.0,-251.0,3.0,-200.0,60.0,-357.0
38.0,-248.0,3.0,-180.0,69.0,-363.0
35.0,-251.0,5.0,-164.0,84.0,-364.0
32.0,-251.0,11.0,-156.0,97.0,-362.0
33.0,-253.0,9.0,-147.0,109.0,-359.0
32.0,-249.0,6.0,-137.0,124.0,-347.0
25.0,-248.0,5.0,-127.0,132.0,-331.0
27.0,-245.0,4.0,-119.0,137.0,-309.0
18.0,-244.0,2.0,-112.0,137.0,-284.0
15.0,-242.0,1.0,-104.0,131.0,-260.0
13.0,-238.0,0.0,-99.0,124.0,-236.0
10.0,-241.0,-5.0,-97.0,113.0,-217.0
10.0,-239.0,-3.0,-88.0,94.0,-208.0
13.0,-233.0,-3.0,-78.0,91.0,-202.0
17.0,-231.0,-2.0,-68.0,104.0,-203.0
21.0,-230.0,-4.0,-56.0,120.0,-203.0
27.0,-226.0,-2.0,-44.0,135.0,-208.0
35.0,-222.0,0.0,-40.0,150.0,-212.0
36.0,-223.0,1.0,-53.0,161.0,-208.0
43.0,-225.0,-3.0,-71.0,164.0,-198.0
38.0,-227.0,1.0,-100.0,164.0,-183.0
40.0,-230.0,2.0,-128.0,163.0,-165.0
39.0,-236.0,3.0,-156.0,162.0,-145.0
39.0,-246.0,6.0,-178.0,155.0,-128.0
38.0,-251.0,7.0,-187.0,141.0,-112.0
35.0,-256.0,12.0,-186.0,125.0,-99.0
33.0,-261.0,19.0,-173.0,105.0,-87.0
27.0,-264.0,9.0,-147.0,88.0,-75.0
25.0,-267.0,21.0,-114.0,78.0,-65.0
19.0,-269.0,17.0,-78.0,67.0,-61.0
17.0,-265.0,18.0,-43.0,60.0,-58.0
13.0,-266.0,17.0,-8.0,51.0,-58.0
15.0,-264.0,23.0,31.0,43.0,-58.0
12.0,-259.0,26.0,72.0,34.0,-58.0
13.0,-256.0,27.0,106.0,21.0,-62.0
16.0,-253.0,23.0,136.0,10.0,-66.0
19.0,-247.0,26.0,168.0,-1.0,-75.0
24.0,-243.0,25.0,197.0,-12.0,-80.0
29.0,-247.0,28.0,219.0,-22.0,-86.0
36.0,-243.0,29.0,229.0,-32.0,-90.0
37.0,-236.0,33.0,229.0,-41.0,-91.0
51.0,-242.0,30.0,224.0,-49.0,-89.0
46.0,-242.0,28.0,215.0,-61.0,-85.0
52.0,-243.0,29.0,197.0,-76.0,-76.0
48.0,-246.0,34.0,178.0,-93.0,-61.0
50.0,-249.0,30.0,157.0,-114.0,-45.0
50.0,-251.0,30.0,138.0,-140.0,-29.0
50.0,-254.0,35.0,114.0,-167.0,-11.0
47.0,-257.0,33.0,100.0,-190.0,10.0
47.0,-259.0,33.0,90.0,-209.0,30.0
44.0,-255.0,35.0,85.0,-225.0,50.0
46.0,-262.0,30.0,84.0,-235.0,65.0
43.0,-256.0,30.0,84.0,-241.0,80.0
47.0,-256.0,25.0,80.0,-243.0,92.0
46.0,-251.0,19.0,73.0,-246.0,104.0
48.0,-250.0,11.0,60.0,-246.0,113.0
50.0,-249.0,4.0,43.0,-244.0,123.0
51.0,-241.0,2.0,16.0,-240.0,130.0
50.0,-247.0,0.0,-17.0,-235.0,135.0
52.0,-256.0,-4.0,-59.0,-224.0,139.0
51.0,-259.0,-5.0,-109.0,-212.0,135.0
51.0,-271.0,-11.0,-176.0,-203.0,127.0
51.0,-287.0,-8.0,-248.0,-198.0,120.0
47.0,-302.0,-6.0,-310.0,-189.0,120.0
53.0,-313.0,-9.0,-350.0,-176.0,116.0
49.0,-322.0,-9.0,-362.0,-161.0,106.0
46.0,-332.0,-1.0,-346.0,-140.0,93.0
41.0,-340.0,-1.0,-317.0,-113.0,76.0
38.0,-343.0,4.0,-278.0,-87.0,54.0
26.0,-347.0,12.0,-233.0,-61.0,30.0
21.0,-345.0,16.0,-173.0,-49.0,4.0
15.0,-346.0,30.0,-96.0,-42.0,-21.0
11.0,-341.0,36.0,-10.0,-44.0,-41.0
10.0,-334.0,34.0,84.0,-57.0,-60.0
14.0,-325.0,41.0,177.0,-73.0,-67.0
16.0,-308.0,40.0,272.0,-98.0,-63.0
15.0,-290.0,40.0,368.0,-130.0,-52.0
11.0,-277.0,39.0,425.0,-168.0,-37.0
8.0,-265.0,32.0,478.0,-209.0,-19.0
11.0,-252.0,24.0,530.0,-254.0,0.0
10.0,-233.0,18.0,573.0,-299.0,16.0
10.0,-219.0,2.0,601.0,-345.0,34.0
9.0,-206.0,-13.0,603.0,-393.0,43.0
12.0,-194.0,-22.0,573.0,-438.0,56.0
14.0,-187.0,-39.0,519.0,-477.0,66.0
14.0,-179.0,-53.0,451.0,-507.0,87.0
10.0,-175.0,-66.0,374.0,-531.0,108.0
13.0,-176.0,-82.0,293.0,-542.0,126.0
17.0,-181.0,-85.0,206.0,-541.0,130.0
23.0,-189.0,-89.0,113.0,-529.0,129.0
25.0,-199.0,-91.0,27.0,-516.0,114.0
36.0,-213.0,-92.0,-49.0,-483.0,91.0
34.0,-227.0,-81.0,-108.0,-447.0,60.0
37.0,-238.0,-82.0,-142.0,-411.0,21.0
43.0,-259.0,-81.0,-160.0,-370.0,-21.0
42.0,-266.0,-72.0,-168.0,-338.0,-63.0
36.0,-276.0,-69.0,-170.0,-310.0,-91.0
30.0,-287.0,-66.0,-156.0,-288.0,-114.0
26.0,-290.0,-67.0,-112.0,-285.0,-129.0
10.0,-296.0,-63.0,-44.0,-276.0,-141.0
11.0,-290.0,-66.0,39.0,-269.0,-148.0
6.0,-283.0,-63.0,112.0,-244.0,-149.0
0.0,-284.0,-61.0,174.0,-219.0,-144.0
-7.0,-271.0,-55.0,226.0,-194.0,-135.0
-12.0,-263.0,-47.0,268.0,-169.0,-121.0
-12.0,-262.0,-40.0,301.0,-153.0,-106.0
-19.0,-253.0,-37.0,322.0,-146.0,-88.0
-18.0,-249.0,-31.0,339.0,-149.0,-68.0
-15.0,-240.0,-33.0,350.0,-158.0,-45.0
-17.0,-236.0,-34.0,344.0,-174.0,-21.0
-12.0,-233.0,-27.0,326.0,-198.0,6.0
-9.0,-230.0,-26.0,299.0,-224.0,30.0
-3.0,-228.0,-26.0,277.0,-247.0,60.0
1.0,-230.0,-26.0,255.0,-274.0,91.0
7.0,-227.0,-17.0,230.0,-301.0,112.0
9.0,-229.0,-18.0,214.0,-323.0,127.0
10.0,-231.0,-16.0,208.0,-345.0,137.0
9.0,-228.0,-10.0,211.0,-369.0,147.0
13.0,-224.0,-5.0,227.0,-385.0,154.0
19.0,-222.0,-10.0,254.0,-397.0,151.0
18.0,-223.0,-9.0,280.0,-396.0,143.0
18.0,-219.0,-9.0,292.0,-389.0,130.0
21.0,-219.0,-6.0,286.0,-379.0,115.0
21.0,-216.0,-9.0,270.0,-377.0,95.0
24.0,-212.0,-10.0,248.0,-377.0,80.0
21.0,-210.0,-15.0,230.0,-374.0,68.0
22.0,-205.0,-6.0,211.0,-372.0,61.0
22.0,-202.0,-11.0,188.0,-371.0,57.0
13.0,-202.0,-9.0,163.0,-375.0,59.0
11.0,-198.0,-5.0,137.0,-378.0,65.0
9.0,-194.0,3.0,116.0,-379.0,75.0
6.0,-193.0,0.0,96.0,-379.0,91.0
4.0,-194.0,0.0,73.0,-378.0,115.0
5.0,-193.0,1.0,44.0,-382.0,141.0
5.0,-198.0,8.0,12.0,-393.0,163.0
4.0,-198.0,11.0,-12.0,-406.0,183.0
6.0,-206.0,14.0,-25.0,-418.0,199.0
1.0,-204.0,12.0,-30.0,-431.0,214.0
1.0,-204.0,9.0,-34.0,-445.0,223.0
2.0,-207.0,20.0,-39.0,-461.0,233.0
0.0,-211.0,23.0,-41.0,-478.0,244.0
-3.0,-212.0,18.0,-41.0,-493.0,253.0
-6.0,-215.0,20.0,-43.0,-503.0,264.0
-9.0,-216.0,19.0,-50.0,-512.0,279.0
-12.0,-215.0,22.0,-61.0,-519.0,282.0
-14.0,-216.0,21.0,-67.0,-526.0,289.0
-16.0,-223.0,21.0,-67.0,-528.0,300.0
-19.0,-220.0,25.0,-61.0,-528.0,311.0
-25.0,-220.0,24.0,-50.0,-527.0,319.0
-23.0,-227.0,35.0,-33.0,-529.0,327.0
-27.0,-219.0,24.0,-18.0,-533.0,336.0
-25.0,-220.0,22.0,-9.0,-528.0,343.0
-25.0,-215.0,26.0,-1.0,-520.0,346.0
-24.0,-214.0,15.0,4.0,-504.0,348.0
-24.0,-217.0,17.0,4.0,-486.0,347.0
-24.0,-211.0,17.0,-2.0,-468.0,348.0
-21.0,-213.0,11.0,-11.0,-446.0,351.0
-20.0,-211.0,11.0,-20.0,-420.0,353.0
-15.0,-208.0,5.0,-29.0,-396.0,356.0
-20.0,-205.0,-2.0,-39.0,-372.0,366.0
-19.0,-201.0,-2.0,-57.0,-344.0,378.0
-20.0,-193.0,-11.0,-84.0,-318.0,398.0
-19.0,-193.0,-13.0,-118.0,-289.0,418.0
-20.0,-189.0,-10.0,-149.0,-251.0,447.0
-24.0,-186.0,-7.0,-164.0,-203.0,476.0
-22.0,-182.0,-3.0,-161.0,-157.0,506.0
-24.0,-179.0,-1.0,-144.0,-126.0,537.0
-27.0,-170.0,-3.0,-122.0,-110.0,573.0
-28.0,-155.0,-1.0,-95.0,-101.0,615.0
-30.0,-140.0,-6.0,-64.0,-87.0,665.0
-31.0,-123.0,-12.0,-40.0,-62.0,716.0
-27.0,-112.0,-18.0,-33.0,-30.0,766.0
-30.0,-91.0,-24.0,-36.0,-9.0,813.0
-28.0,-70.0,-27.0,-41.0,-6.0,863.0
-31.0,-51.0,-35.0,-42.0,-18.0,917.0
-26.0,-27.0,-43.0,-28.0,-34.0,986.0
-21.0,-10.0,-46.0,2.0,-51.0,1056.0
-10.0,10.0,-47.0,49.0,-59.0,1118.0
0.0,25.0,-50.0,123.0,-56.0,1187.0
10.0,43.0,-44.0,218.0,-48.0,1253.0
24.0,48.0,-33.0,340.0,-37.0,1305.0
33.0,55.0,-22.0,482.0,-15.0,1323.0
35.0,59.0,1.0,632.0,18.0,1309.0
38.0,59.0,30.0,769.0,46.0,1264.0
43.0,64.0,63.0,862.0,42.0,1156.0
44.0,70.0,86.0,916.0,12.0,1081.0
43.0,76.0,109.0,916.0,-62.0,1024.0
39.0,79.0,128.0,869.0,-183.0,1004.0
19.0,71.0,135.0,792.0,-351.0,1005.0
4.0,59.0,118.0,700.0,-593.0,1039.0
-4.0,36.0,94.0,587.0,-786.0,1097.0
-17.0,20.0,69.0,440.0,-941.0,1153.0
-37.0,-5.0,39.0,273.0,-1067.0,1208.0
-46.0,-34.0,6.0,118.0,-1194.0,1242.0
-43.0,-59.0,-24.0,-22.0,-1257.0,1275.0
-40.0,-80.0,-54.0,-110.0,-1276.0,1291.0
-38.0,-95.0,-61.0,-155.0,-1235.0,1298.0
-34.0,-106.0,-56.0,-157.0,-1173.0,1305.0
-34.0,-109.0,-41.0,-122.0,-1130.0,1338.0
-24.0,-114.0,-24.0,-68.0,-1121.0,1408.0
-20.0,-114.0,-5.0,-5.0,-1159.0,1505.0
-14.0,-120.0,6.0,73.0,-1248.0,1627.0
-10.0,-124.0,30.0,145.0,-1361.0,1767.0
-14.0,-127.0,52.0,197.0,-1470.0,1915.0
-23.0,-145.0,79.0,218.0,-1566.0,2066.0
-33.0,-152.0,102.0,220.0,-1671.0,2205.0
-42.0,-164.0,111.0,224.0,-1801.0,2341.0
-62.0,-182.0,109.0,272.0,-1935.0,2473.0
-60.0,-198.0,78.0,384.0,-2036.0,2569.0
-59.0,-210.0,46.0,517.0,-2060.0,2597.0
-59.0,-214.0,10.0,597.0,-2000.0,2561.0
-64.0,-212.0,-14.0,592.0,-1907.0,2431.0
-61.0,-206.0,-31.0,566.0,-1826.0,2257.0
-53.0,-197.0,-39.0,582.0,-1767.0,2092.0
-57.0,-181.0,-67.0,638.0,-1683.0,1930.0
-58.0,-173.0,-87.0,662.0,-1551.0,1786.0
-63.0,-154.0,-98.0,617.0,-1427.0,1657.0
-58.0,-140.0,-97.0,519.0,-1335.0,1544.0
-58.0,-127.0,-82.0,422.0,-1295.0,1425.0
-53.0,-107.0,-72.0,365.0,-1319.0,1287.0
-60.0,-84.0,-71.0,366.0,-1367.0,1167.0
-70.0,-65.0,-80.0,414.0,-1386.0,1115.0
-90.0,-54.0,-91.0,484.0,-1361.0,1139.0
-117.0,-60.0,-85.0,539.0,-1346.0,1193.0
-120.0,-64.0,-76.0,572.0,-1364.0,1254.0
-109.0,-87.0,-70.0,558.0,-1394.0,1345.0
-99.0,-107.0,-50.0,481.0,-1415.0,1470.0
-83.0,-131.0,-35.0,373.0,-1484.0,1603.0
-60.0,-163.0,-34.0,269.0,-1611.0,1673.0
-25.0,-191.0,-46.0,183.0,-1729.0,1684.0
-2.0,-215.0,-62.0,120.0,-1761.0,1676.0
14.0,-238.0,-71.0,99.0,-1700.0,1665.0
28.0,-251.0,-80.0,130.0,-1605.0,1619.0
34.0,-251.0,-81.0,182.0,-1530.0,1527.0
40.0,-245.0,-74.0,231.0,-1487.0,1411.0
46.0,-245.0,-86.0,287.0,-1476.0,1274.0
22.0,-244.0,-94.0,374.0,-1488.0,1148.0
-19.0,-241.0,-100.0,467.0,-1554.0,1106.0
-40.0,-270.0,-125.0,464.0,-1710.0,1171.0
-93.0,-326.0,-118.0,318.0,-1872.0,1290.0
-133.0,-384.0,-99.0,128.0,-1950.0,1504.0
-199.0,-467.0,-130.0,-14.0,-1913.0,1774.0
-275.0,-553.0,-221.0,-192.0,-1713.0,2059.0
-335.0,-653.0,-269.0,-515.0,-1425.0,2350.0
-335.0,-767.0,-190.0,-842.0,-1261.0,2684.0
-289.0,-840.0,-123.0,-826.0,-1275.0,3075.0
-184.0,-876.0,-24.0,-327.0,-1411.0,3358.0
-161.0,-832.0,21.0,573.0,-1597.0,3398.0
-125.0,-698.0,43.0,1599.0,-1746.0,3309.0
-138.0,-503.0,49.0,2537.0,-1821.0,3080.0
-125.0,-381.0,72.0,3251.0,-1731.0,2798.0
-112.0,-214.0,106.0,3766.0,-1493.0,2544.0
-104.0,-15.0,127.0,4085.0,-1216.0,2334.0
-122.0,179.0,129.0,4070.0,-1041.0,2149.0
-111.0,289.0,163.0,3660.0,-976.0,2038.0
-102.0,320.0,181.0,2969.0,-971.0,2110.0
-134.0,310.0,236.0,2241.0,-922.0,2280.0
-199.0,219.0,259.0,1570.0,-984.0,2460.0
-287.0,30.0,259.0,890.0,-1112.0,2641.0
-382.0,-192.0,352.0,215.0,-1354.0,2813.0
-472.0,-361.0,467.0,-268.0,-1785.0,2993.0
-635.0,-548.0,569.0,-432.0,-2348.0,3193.0
-963.0,-724.0,645.0,-312.0,-2744.0,3479.0
-1178.0,-834.0,652.0,107.0,-2695.0,3841.0
-1438.0,-906.0,441.0,734.0,-2266.0,3817.0
-1681.0,-915.0,337.0,885.0,-1610.0,3569.0
-1657.0,-815.0,314.0,776.0,-1022.0,3297.0
-1375.0,-650.0,372.0,785.0,-722.0,2944.0
-944.0,-449.0,331.0,1094.0,-703.0,2593.0
-458.0,-238.0,348.0,1389.0,-765.0,2396.0
-228.0,-112.0,487.0,1518.0,-886.0,2361.0
-82.0,2.0,529.0,1646.0,-1090.0,2511.0
-51.0,138.0,459.0,1678.0,-1142.0,2773.0
70.0,178.0,506.0,1440.0,-1256.0,3092.0
-27.0,173.0,494.0,1199.0,-1689.0,3549.0
-19.0,76.0,383.0,1209.0,-2061.0,4014.0
-144.0,55.0,227.0,1327.0,-2080.0,4183.0
-345.0,60.0,142.0,1403.0,-1560.0,3959.0
-564.0,83.0,80.0,1447.0,-762.0,3520.0
-692.0,59.0,23.0,1344.0,-155.0,2829.0
-755.0,1.0,-4.0,1265.0,216.0,2052.0
-678.0,-62.0,20.0,1298.0,369.0,1388.0
-530.0,-98.0,75.0,1356.0,374.0,882.0
-375.0,-136.0,134.0,1316.0,326.0,502.0
-271.0,-153.0,171.0,1174.0,286.0,236.0
-166.0,-181.0,188.0,983.0,260.0,91.0
-70.0,-182.0,179.0,751.0,240.0,78.0
8.0,-177.0,167.0,474.0,201.0,141.0
49.0,-169.0,141.0,240.0,157.0,262.0
54.0,-154.0,126.0,142.0,121.0,412.0
41.0,-118.0,110.0,177.0,107.0,568.0
8.0,-87.0,95.0,280.0,170.0,767.0
-29.0,-54.0,97.0,419.0,249.0,981.0
-57.0,-24.0,93.0,523.0,339.0,1168.0
-70.0,-2.0,108.0,580.0,485.0,1325.0
-91.0,27.0,140.0,554.0,668.0,1426.0
-93.0,63.0,180.0,480.0,872.0,1531.0
-81.0,93.0,208.0,407.0,1045.0,1652.0
-83.0,111.0,205.0,333.0,1112.0,1777.0
-79.0,106.0,190.0,251.0,1079.0,1893.0
-75.0,91.0,160.0,197.0,953.0,2010.0
-61.0,73.0,120.0,160.0,777.0,2125.0
-38.0,62.0,84.0,126.0,633.0,2188.0
-44.0,58.0,72.0,104.0,538.0,2150.0
-64.0,59.0,66.0,148.0,459.0,2052.0
-77.0,68.0,66.0,245.0,391.0,1912.0
-100.0,89.0,70.0,353.0,384.0,1754.0
-126.0,105.0,86.0,414.0,456.0,1616.0
-142.0,115.0,97.0,431.0,579.0,1489.0
-162.0,119.0,109.0,435.0,722.0,1375.0
-179.0,124.0,112.0,426.0,850.0,1302.0
-191.0,136.0,111.0,387.0,927.0,1264.0
-202.0,145.0,110.0,323.0,954.0,1248.0
-213.0,149.0,113.0,243.0,940.0,1259.0
-224.0,141.0,118.0,143.0,890.0,1299.0
-236.0,131.0,128.0,22.0,788.0,1344.0
-253.0,126.0,131.0,-104.0,625.0,1375.0
-231.0,104.0,131.0,-235.0,418.0,1383.0
-230.0,81.0,144.0,-348.0,215.0,1383.0
-231.0,73.0,154.0,-434.0,48.0,1375.0
-240.0,55.0,159.0,-501.0,-87.0,1363.0
-239.0,30.0,158.0,-537.0,-248.0,1335.0
-242.0,10.0,150.0,-548.0,-376.0,1285.0
-241.0,6.0,140.0,-525.0,-474.0,1201.0
-236.0,3.0,133.0,-461.0,-515.0,1097.0
-216.0,6.0,114.0,-373.0,-505.0,980.0
-201.0,20.0,100.0,-274.0,-454.0,861.0
-194.0,47.0,99.0,-183.0,-382.0,753.0
-193.0,74.0,103.0,-100.0,-311.0,667.0
-192.0,92.0,111.0,-57.0,-253.0,596.0
-207.0,117.0,128.0,-34.0,-213.0,536.0
-203.0,133.0,134.0,-36.0,-196.0,483.0
-210.0,145.0,146.0,-63.0,-200.0,434.0
-209.0,146.0,153.0,-100.0,-220.0,390.0
-204.0,151.0,159.0,-135.0,-239.0,348.0
-196.0,145.0,168.0,-154.0,-243.0,322.0
-191.0,134.0,166.0,-152.0,-237.0,290.0
-183.0,124.0,155.0,-137.0,-226.0,266.0
-176.0,117.0,157.0,-113.0,-204.0,241.0
-159.0,101.0,144.0,-82.0,-180.0,216.0
-151.0,93.0,138.0,-44.0,-149.0,190.0
-146.0,88.0,132.0,-2.0,-110.0,170.0
-140.0,86.0,127.0,27.0,-67.0,155.0
-134.0,86.0,127.0,26.0,-27.0,120.0
-129.0,92.0,128.0,2.0,12.0,80.0
-125.0,91.0,134.0,-31.0,49.0,36.0
-130.0,103.0,139.0,-73.0,83.0,2.0
-138.0,108.0,150.0,-118.0,106.0,-15.0
-144.0,111.0,144.0,-167.0,88.0,-37.0
-158.0,118.0,140.0,-243.0,56.0,-32.0
-167.0,118.0,141.0,-337.0,-7.0,-17.0
-166.0,127.0,147.0,-428.0,-92.0,-10.0
-166.0,124.0,154.0,-503.0,-184.0,-14.0
-174.0,124.0,154.0,-549.0,-282.0,-20.0
-173.0,120.0,156.0,-563.0,-386.0,-28.0
-155.0,114.0,152.0,-558.0,-492.0,-41.0
-141.0,110.0,151.0,-540.0,-578.0,-74.0
-139.0,105.0,154.0,-517.0,-634.0,-117.0
-137.0,107.0,154.0,-495.0,-663.0,-159.0
-139.0,102.0,156.0,-475.0,-676.0,-212.0
-145.0,103.0,150.0,-469.0,-678.0,-270.0
-155.0,95.0,144.0,-488.0,-670.0,-319.0
-163.0,97.0,141.0,-540.0,-656.0,-363.0
-151.0,92.0,142.0,-611.0,-629.0,-400.0
-137.0,83.0,143.0,-685.0,-585.0,-431.0
-120.0,75.0,144.0,-753.0,-525.0,-467.0
-112.0,66.0,151.0,-808.0,-444.0,-503.0
-112.0,62.0,172.0,-839.0,-345.0,-543.0
-119.0,56.0,189.0,-839.0,-246.0,-570.0
-122.0,49.0,201.0,-815.0,-171.0,-592.0
-132.0,32.0,216.0,-783.0,-99.0,-619.0
-144.0,24.0,218.0,-736.0,-22.0,-676.0
-151.0,24.0,227.0,-683.0,64.0,-739.0
-151.0,30.0,224.0,-637.0,143.0,-802.0
-166.0,32.0,222.0,-602.0,213.0,-868.0
-175.0,34.0,222.0,-556.0,253.0,-934.0
-189.0,44.0,207.0,-506.0,270.0,-989.0
-199.0,34.0,205.0,-453.0,253.0,-1020.0
-187.0,35.0,211.0,-358.0,220.0,-1019.0
-169.0,32.0,205.0,-251.0,195.0,-1035.0
-166.0,35.0,209.0,-167.0,164.0,-1055.0
-189.0,36.0,228.0,-79.0,119.0,-1055.0
-216.0,34.0,272.0,55.0,38.0,-1039.0
-224.0,28.0,287.0,288.0,-59.0,-985.0
-194.0,35.0,278.0,601.0,-124.0,-909.0
-130.0,25.0,249.0,880.0,-88.0,-878.0
-128.0,26.0,204.0,1031.0,72.0,-928.0
-184.0,25.0,189.0,999.0,231.0,-983.0
-225.0,1.0,189.0,828.0,291.0,-968.0
-225.0,-15.0,180.0,680.0,262.0,-827.0
-207.0,-24.0,189.0,565.0,274.0,-647.0
-190.0,-34.0,202.0,477.0,339.0,-512.0
-193.0,-39.0,222.0,410.0,474.0,-421.0
-193.0,-45.0,238.0,383.0,630.0,-355.0
-197.0,-44.0,238.0,396.0,766.0,-300.0
-206.0,-41.0,227.0,415.0,855.0,-260.0
-215.0,-36.0,210.0,417.0,890.0,-214.0
-220.0,-28.0,213.0,383.0,884.0,-173.0
-211.0,-23.0,192.0,335.0,851.0,-171.0
-211.0,-21.0,185.0,283.0,839.0,-218.0
-213.0,-18.0,167.0,255.0,875.0,-284.0
-197.0,-18.0,156.0,270.0,954.0,-368.0
-186.0,-18.0,151.0,315.0,1055.0,-491.0
-159.0,-23.0,137.0,363.0,1156.0,-629.0
-141.0,-20.0,129.0,401.0,1256.0,-763.0
-123.0,-22.0,125.0,418.0,1317.0,-889.0
-119.0,-16.0,114.0,425.0,1356.0,-979.0
-106.0,-20.0,107.0,428.0,1372.0,-1025.0
-100.0,-12.0,94.0,425.0,1354.0,-1042.0
-98.0,-4.0,101.0,419.0,1305.0,-1058.0
-104.0,-6.0,98.0,420.0,1219.0,-1072.0
-126.0,3.0,90.0,418.0,1104.0,-1088.0
-139.0,4.0,82.0,396.0,981.0,-1084.0
-153.0,2.0,79.0,363.0,870.0,-1064.0
-164.0,0.0,67.0,316.0,775.0,-1042.0
-173.0,-5.0,76.0,266.0,703.0,-1021.0
-176.0,-5.0,65.0,241.0,649.0,-996.0
-188.0,-11.0,61.0,199.0,610.0,-983.0
-193.0,-28.0,64.0,158.0,579.0,-965.0
-196.0,-36.0,71.0,136.0,557.0,-933.0
-199.0,-41.0,70.0,129.0,540.0,-902.0
-212.0,-44.0,72.0,133.0,526.0,-869.0
-228.0,-49.0,73.0,137.0,508.0,-821.0
-239.0,-49.0,83.0,140.0,477.0,-761.0
-251.0,-55.0,85.0,134.0,436.0,-698.0
-257.0,-61.0,87.0,113.0,385.0,-643.0
-273.0,-56.0,88.0,79.0,307.0,-608.0
-287.0,-48.0,82.0,43.0,226.0,-592.0
-290.0,-45.0,71.0,-1.0,164.0,-565.0
-288.0,-44.0,68.0,-61.0,115.0,-549.0
-266.0,-54.0,80.0,-136.0,51.0,-570.0
-256.0,-58.0,79.0,-193.0,-10.0,-630.0
-267.0,-63.0,81.0,-225.0,-41.0,-674.0
-274.0,-68.0,99.0,-225.0,-80.0,-687.0
-296.0,-63.0,118.0,-174.0,-121.0,-673.0
-319.0,-58.0,131.0,-90.0,-197.0,-643.0
-320.0,-50.0,139.0,11.0,-330.0,-617.0
-317.0,-51.0,124.0,107.0,-458.0,-618.0
-325.0,-55.0,125.0,176.0,-530.0,-623.0
-326.0,-63.0,125.0,208.0,-540.0,-610.0
-322.0,-73.0,126.0,212.0,-505.0,-572.0
-309.0,-90.0,121.0,204.0,-445.0,-520.0
-294.0,-97.0,114.0,181.0,-355.0,-452.0
-276.0,-99.0,114.0,121.0,-194.0,-382.0
-267.0,-112.0,118.0,38.0,12.0,-294.0
-260.0,-116.0,124.0,-35.0,200.0,-196.0
-242.0,-112.0,123.0,-86.0,323.0,-107.0
-232.0,-115.0,128.0,-142.0,437.0,-31.0
-215.0,-115.0,134.0,-172.0,511.0,33.0
-215.0,-113.0,140.0,-171.0,553.0,76.0
-192.0,-100.0,133.0,-134.0,561.0,99.0
-189.0,-94.0,134.0,-84.0,571.0,87.0
-184.0,-88.0,140.0,-26.0,576.0,47.0
-177.0,-78.0,138.0,39.0,572.0,-19.0
-177.0,-70.0,134.0,100.0,559.0,-98.0
-181.0,-64.0,131.0,154.0,543.0,-188.0
-182.0,-63.0,126.0,194.0,516.0,-272.0
-188.0,-54.0,119.0,211.0,482.0,-328.0
-185.0,-49.0,117.0,214.0,445.0,-372.0
-180.0,-52.0,106.0,204.0,416.0,-406.0
-175.0,-47.0,104.0,187.0,395.0,-429.0
-180.0,-52.0,101.0,163.0,384.0,-439.0
-186.0,-46.0,98.0,137.0,371.0,-427.0
-191.0,-44.0,96.0,100.0,361.0,-396.0
-190.0,-47.0,96.0,45.0,352.0,-357.0
-193.0,-41.0,93.0,-28.0,342.0,-313.0
-195.0,-42.0,95.0,-111.0,330.0,-270.0
-198.0,-41.0,94.0,-198.0,314.0,-232.0
-203.0,-39.0,103.0,-283.0,298.0,-195.0
-203.0,-39.0,101.0,-322.0,278.0,-164.0
-197.0,-46.0,106.0,-343.0,270.0,-141.0
-205.0,-46.0,101.0,-348.0,284.0,-128.0
-228.0,-34.0,102.0,-327.0,299.0,-92.0
-228.0,-32.0,106.0,-299.0,301.0,-49.0
-229.0,-33.0,108.0,-276.0,301.0,-29.0
-233.0,-30.0,109.0,-253.0,306.0,-25.0
-234.0,-27.0,107.0,-217.0,308.0,-16.0
-234.0,-20.0,110.0,-188.0,313.0,-8.0
-238.0,-20.0,106.0,-173.0,319.0,-1.0
-242.0,-23.0,106.0,-162.0,318.0,4.0
-241.0,-29.0,115.0,-149.0,307.0,12.0
-244.0,-28.0,114.0,-130.0,292.0,25.0
-245.0,-33.0,117.0,-107.0,271.0,47.0
-237.0,-44.0,113.0,-79.0,253.0,77.0
-250.0,-44.0,115.0,-57.0,245.0,109.0
-249.0,-48.0,113.0,-39.0,242.0,145.0
-254.0,-53.0,110.0,-28.0,245.0,181.0
-256.0,-57.0,117.0,-18.0,258.0,215.0
-256.0,-52.0,104.0,-4.0,267.0,251.0
-258.0,-50.0,108.0,1.0,284.0,271.0
-260.0,-54.0,109.0,5.0,306.0,283.0
-260.0,-49.0,108.0,15.0,326.0,287.0
-257.0,-42.0,103.0,29.0,352.0,284.0
-258.0,-33.0,102.0,34.0,387.0,273.0
-254.0,-32.0,90.0,37.0,424.0,255.0
-257.0,-25.0,92.0,32.0,460.0,232.0
-255.0,-21.0,88.0,25.0,482.0,205.0
-253.0,-19.0,85.0,17.0,500.0,178.0
-253.0,-14.0,81.0,11.0,509.0,149.0
-249.0,-14.0,77.0,5.0,506.0,121.0
-247.0,-10.0,72.0,2.0,499.0,92.0
-246.0,-10.0,70.0,-2.0,486.0,65.0
-239.0,-9.0,65.0,-8.0,469.0,43.0
-242.0,-6.0,70.0,-17.0,442.0,22.0
-240.0,-8.0,58.0,-23.0,408.0,2.0
-238.0,-6.0,65.0,-32.0,371.0,-12.0
-238.0,-3.0,64.0,-40.0,330.0,-21.0
-232.0,-8.0,66.0,-50.0,288.0,-31.0
-235.0,-8.0,68.0,-58.0,243.0,-40.0
-234.0,-11.0,68.0,-68.0,201.0,-47.0
-234.0,-17.0,75.0,-72.0,163.0,-56.0
-235.0,-20.0,79.0,-74.0,125.0,-63.0
-233.0,-23.0,80.0,-69.0,85.0,-71.0
-238.0,-26.0,85.0,-58.0,48.0,-83.0
-239.0,-23.0,78.0,-46.0,17.0,-90.0
-235.0,-29.0,91.0,-36.0,-4.0,-94.0
-238.0,-30.0,86.0,-29.0,-14.0,-90.0
-243.0,-33.0,88.0,-27.0,-23.0,-85.0
-243.0,-35.0,84.0,-25.0,-34.0,-77.0
-247.0,-38.0,88.0,-19.0,-44.0,-71.0
-247.0,-37.0,89.0,-13.0,-57.0,-64.0
-247.0,-43.0,84.0,-3.0,-66.0,-55.0
-247.0,-40.0,84.0,11.0,-72.0,-45.0
-252.0,-35.0,88.0,27.0,-79.0,-33.0
-251.0,-43.0,80.0,45.0,-85.0,-25.0
-253.0,-42.0,83.0,63.0,-92.0,-16.0
-254.0,-45.0,81.0,80.0,-99.0,-9.0
-251.0,-45.0,75.0,93.0,-104.0,-5.0
-251.0,-42.0,77.0,105.0,-107.0,-3.0
-255.0,-42.0,77.0,119.0,-111.0,-1.0
-253.0,-45.0,79.0,134.0,-116.0,-1.0
-252.0,-48.0,81.0,155.0,-116.0,-3.0
-251.0,-46.0,76.0,176.0,-114.0,-6.0
-248.0,-51.0,84.0,198.0,-116.0,-7.0
-249.0,-50.0,81.0,218.0,-115.0,-11.0
-250.0,-49.0,83.0,233.0,-117.0,-15.0
-248.0,-51.0,78.0,243.0,-118.0,-16.0
-240.0,-53.0,75.0,249.0,-122.0,-18.0
-243.0,-48.0,86.0,252.0,-127.0,-22.0
-240.0,-49.0,82.0,251.0,-133.0,-25.0
-241.0,-47.0,86.0,246.0,-139.0,-25.0
-236.0,-49.0,86.0,240.0,-149.0,-23.0
-235.0,-49.0,91.0,236.0,-160.0,-22.0
-236.0,-47.0,93.0,232.0,-171.0,-22.0
-234.0,-43.0,91.0,222.0,-180.0,-23.0
-228.0,-45.0,91.0,207.0,-188.0,-21.0
-230.0,-44.0,89.0,190.0,-195.0,-20.0
-227.0,-43.0,94.0,175.0,-202.0,-19.0
-229.0,-41.0,93.0,160.0,-205.0,-18.0
-227.0,-38.0,92.0,146.0,-213.0,-14.0
-222.0,-40.0,96.0,131.0,-217.0,-11.0
-222.0,-39.0,97.0,115.0,-218.0,-11.0
-220.0,-43.0,97.0,101.0,-220.0,-10.0
-217.0,-40.0,99.0,87.0,-220.0,-9.0
-218.0,-45.0,98.0,75.0,-217.0,-11.0
-219.0,-44.0,98.0,65.0,-213.0,-11.0
-219.0,-40.0,103.0,59.0,-209.0,-10.0
-221.0,-42.0,101.0,58.0,-204.0,-14.0
-217.0,-43.0,104.0,58.0,-197.0,-17.0
-215.0,-46.0,103.0,60.0,-191.0,-19.0
-216.0,-44.0,109.0,62.0,-184.0,-20.0
-214.0,-43.0,107.0,64.0,-181.0,-22.0
-213.0,-46.0,111.0,69.0,-178.0,-25.0
-213.0,-45.0,109.0,72.0,-176.0,-29.0
