2.0,-265.0,-39.0,-65.0,431.0,58.0
10.0,-290.0,-43.0,-133.0,463.0,127.0
8.0,-298.0,-18.0,-184.0,491.0,179.0
21.0,-304.0,-18.0,-151.0,531.0,232.0
40.0,-314.0,-26.0,-69.0,588.0,265.0
39.0,-316.0,-23.0,7.0,648.0,263.0
36.0,-315.0,-21.0,75.0,706.0,252.0
33.0,-313.0,-19.0,133.0,765.0,252.0
41.0,-309.0,-6.0,164.0,809.0,252.0
39.0,-309.0,-3.0,198.0,828.0,240.0
35.0,-297.0,1.0,217.0,837.0,236.0
16.0,-269.0,-2.0,246.0,859.0,244.0
16.0,-257.0,-16.0,295.0,904.0,292.0
14.0,-245.0,-20.0,325.0,939.0,327.0
7.0,-228.0,-29.0,342.0,947.0,343.0
7.0,-204.0,-40.0,345.0,952.0,395.0
14.0,-197.0,-49.0,321.0,958.0,477.0
15.0,-185.0,-63.0,271.0,976.0,535.0
22.0,-174.0,-57.0,208.0,1024.0,560.0
11.0,-163.0,-63.0,148.0,1101.0,551.0
2.0,-166.0,-65.0,80.0,1136.0,547.0
16.0,-187.0,-90.0,-22.0,1150.0,526.0
-2.0,-186.0,-32.0,-217.0,1171.0,464.0
-18.0,-162.0,-11.0,-246.0,1138.0,445.0
2.0,-171.0,-3.0,-186.0,1103.0,480.0
-4.0,-174.0,-11.0,-106.0,1075.0,494.0
-13.0,-194.0,-6.0,-31.0,1066.0,526.0
-21.0,-214.0,-10.0,21.0,1064.0,569.0
2.0,-250.0,-29.0,45.0,1078.0,610.0
-5.0,-237.0,-25.0,4.0,1080.0,581.0
-8.0,-220.0,-5.0,-7.0,1068.0,548.0
-14.0,-205.0,-22.0,67.0,1062.0,520.0
-18.0,-225.0,-23.0,106.0,1044.0,533.0
-24.0,-246.0,-14.0,125.0,1078.0,577.0
-25.0,-240.0,-3.0,160.0,1127.0,606.0
-27.0,-238.0,-4.0,171.0,1111.0,601.0
-24.0,-237.0,-1.0,135.0,1044.0,590.0
-27.0,-230.0,-1.0,85.0,998.0,578.0
-34.0,-224.0,-3.0,56.0,982.0,569.0
-31.0,-229.0,-2.0,33.0,966.0,547.0
-34.0,-221.0,10.0,-13.0,935.0,511.0
-31.0,-213.0,11.0,-24.0,908.0,478.0
-29.0,-216.0,6.0,-15.0,872.0,450.0
-30.0,-214.0,12.0,-16.0,831.0,422.0
-27.0,-216.0,17.0,-19.0,793.0,394.0
-23.0,-214.0,17.0,-4.0,762.0,376.0
-19.0,-224.0,15.0,15.0,731.0,360.0
-15.0,-231.0,18.0,23.0,714.0,341.0
-19.0,-231.0,26.0,38.0,699.0,318.0
-17.0,-235.0,29.0,75.0,684.0,298.0
-12.0,-238.0,30.0,119.0,674.0,278.0
-12.0,-243.0,32.0,149.0,671.0,257.0
-17.0,-235.0,33.0,184.0,668.0,223.0
-15.0,-238.0,31.0,216.0,656.0,185.0
-13.0,-239.0,29.0,214.0,631.0,169.0
-16.0,-237.0,28.0,209.0,592.0,143.0
-15.0,-235.0,30.0,197.0,544.0,113.0
-13.0,-236.0,24.0,177.0,501.0,83.0
-7.0,-233.0,25.0,153.0,471.0,56.0
-9.0,-224.0,25.0,141.0,456.0,33.0
-5.0,-218.0,27.0,139.0,451.0,21.0
-14.0,-211.0,34.0,142.0,450.0,10.0
-19.0,-206.0,23.0,151.0,439.0,10.0
-25.0,-203.0,30.0,153.0,419.0,9.0
-28.0,-201.0,38.0,145.0,389.0,18.0
-27.0,-198.0,43.0,125.0,356.0,31.0
-26.0,-201.0,41.0,102.0,324.0,49.0
-24.0,-204.0,42.0,76.0,302.0,68.0
-22.0,-209.0,46.0,50.0,286.0,79.0
-20.0,-212.0,46.0,25.0,275.0,86.0
-19.0,-214.0,54.0,4.0,265.0,83.0
-32.0,-210.0,65.0,-8.0,260.0,80.0
-24.0,-217.0,61.0,8.0,262.0,79.0
-21.0,-229.0,61.0,3.0,245.0,84.0
-23.0,-237.0,60.0,-18.0,223.0,83.0
-22.0,-243.0,65.0,-34.0,211.0,82.0
-22.0,-247.0,72.0,-36.0,210.0,83.0
-23.0,-248.0,72.0,-19.0,200.0,67.0
-17.0,-249.0,76.0,11.0,182.0,52.0
-21.0,-249.0,74.0,44.0,165.0,40.0
-24.0,-244.0,75.0,78.0,146.0,32.0
-21.0,-239.0,69.0,112.0,132.0,28.0
-23.0,-242.0,67.0,155.0,130.0,27.0
-6.0,-243.0,65.0,166.0,146.0,25.0
-5.0,-227.0,80.0,183.0,172.0,19.0
1.0,-216.0,75.0,216.0,196.0,12.0
4.0,-214.0,73.0,233.0,225.0,5.0
11.0,-210.0,79.0,233.0,253.0,-7.0
14.0,-210.0,79.0,220.0,279.0,-19.0
26.0,-212.0,86.0,207.0,307.0,-27.0
29.0,-211.0,84.0,195.0,338.0,-33.0
36.0,-209.0,86.0,183.0,373.0,-43.0
37.0,-210.0,89.0,169.0,412.0,-56.0
38.0,-208.0,81.0,152.0,446.0,-77.0
35.0,-210.0,81.0,126.0,474.0,-97.0
36.0,-211.0,73.0,88.0,501.0,-124.0
34.0,-215.0,68.0,36.0,530.0,-149.0
27.0,-216.0,63.0,-33.0,560.0,-167.0
19.0,-220.0,54.0,-110.0,593.0,-183.0
1.0,-215.0,48.0,-199.0,624.0,-190.0
0.0,-224.0,43.0,-292.0,654.0,-191.0
-3.0,-230.0,37.0,-387.0,679.0,-187.0
-15.0,-239.0,26.0,-476.0,702.0,-176.0
-26.0,-254.0,18.0,-548.0,721.0,-158.0
-40.0,-265.0,6.0,-610.0,735.0,-135.0
-61.0,-275.0,-11.0,-675.0,735.0,-104.0
-62.0,-291.0,-24.0,-738.0,719.0,-68.0
-66.0,-317.0,-36.0,-790.0,691.0,-27.0
-70.0,-339.0,-50.0,-818.0,659.0,28.0
-74.0,-370.0,-57.0,-818.0,627.0,97.0
-78.0,-391.0,-58.0,-784.0,590.0,184.0
-76.0,-416.0,-54.0,-714.0,546.0,278.0
-67.0,-419.0,-46.0,-584.0,488.0,390.0
-62.0,-411.0,-34.0,-388.0,415.0,475.0
-48.0,-398.0,-34.0,-145.0,335.0,531.0
-48.0,-386.0,-54.0,116.0,239.0,524.0
-49.0,-359.0,-76.0,311.0,122.0,460.0
-57.0,-322.0,-105.0,428.0,8.0,387.0
-48.0,-287.0,-133.0,492.0,-73.0,324.0
-39.0,-262.0,-147.0,494.0,-99.0,275.0
-33.0,-257.0,-155.0,439.0,-52.0,255.0
-23.0,-252.0,-146.0,353.0,39.0,260.0
-6.0,-248.0,-123.0,255.0,126.0,276.0
2.0,-239.0,-105.0,170.0,185.0,284.0
7.0,-240.0,-95.0,105.0,217.0,276.0
19.0,-239.0,-80.0,42.0,228.0,246.0
23.0,-240.0,-74.0,-30.0,226.0,198.0
30.0,-253.0,-64.0,-121.0,221.0,133.0
38.0,-269.0,-57.0,-221.0,225.0,64.0
44.0,-288.0,-51.0,-318.0,240.0,-7.0
39.0,-309.0,-41.0,-389.0,252.0,-87.0
37.0,-323.0,-37.0,-397.0,247.0,-161.0
34.0,-338.0,-34.0,-352.0,245.0,-233.0
26.0,-343.0,-36.0,-264.0,239.0,-292.0
25.0,-349.0,-33.0,-163.0,235.0,-337.0
17.0,-340.0,-36.0,-69.0,225.0,-374.0
12.0,-330.0,-37.0,-6.0,205.0,-409.0
3.0,-320.0,-44.0,21.0,171.0,-452.0
-12.0,-319.0,-47.0,11.0,121.0,-484.0
-19.0,-307.0,-53.0,-30.0,69.0,-502.0
-14.0,-301.0,-52.0,-95.0,19.0,-512.0
-21.0,-285.0,-46.0,-141.0,-12.0,-532.0
-24.0,-272.0,-36.0,-151.0,-35.0,-550.0
-28.0,-261.0,-35.0,-116.0,-47.0,-557.0
-29.0,-248.0,-31.0,-54.0,-53.0,-554.0
-33.0,-235.0,-35.0,14.0,-55.0,-549.0
-28.0,-224.0,-31.0,74.0,-54.0,-541.0
-30.0,-214.0,-29.0,125.0,-54.0,-544.0
-28.0,-206.0,-35.0,160.0,-57.0,-540.0
-30.0,-196.0,-34.0,163.0,-65.0,-533.0
-29.0,-189.0,-35.0,149.0,-89.0,-512.0
-33.0,-180.0,-30.0,139.0,-111.0,-481.0
-30.0,-183.0,-26.0,150.0,-136.0,-440.0
-23.0,-181.0,-34.0,166.0,-175.0,-405.0
-16.0,-187.0,-37.0,163.0,-207.0,-392.0
-11.0,-192.0,-34.0,130.0,-232.0,-397.0
-13.0,-197.0,-37.0,87.0,-261.0,-413.0
-8.0,-200.0,-38.0,42.0,-286.0,-419.0
-1.0,-198.0,-35.0,-1.0,-292.0,-418.0
-4.0,-206.0,-36.0,-48.0,-309.0,-426.0
-5.0,-207.0,-29.0,-96.0,-339.0,-431.0
0.0,-207.0,-16.0,-124.0,-370.0,-436.0
-3.0,-197.0,-7.0,-108.0,-396.0,-449.0
-1.0,-193.0,-14.0,-70.0,-426.0,-435.0
6.0,-194.0,-16.0,-57.0,-446.0,-406.0
14.0,-199.0,-9.0,-65.0,-451.0,-383.0
20.0,-193.0,-7.0,-73.0,-463.0,-368.0
25.0,-194.0,-10.0,-85.0,-471.0,-347.0
29.0,-194.0,-2.0,-103.0,-459.0,-326.0
27.0,-190.0,-2.0,-124.0,-452.0,-299.0
27.0,-181.0,-3.0,-142.0,-465.0,-255.0
37.0,-188.0,-19.0,-173.0,-485.0,-190.0
52.0,-201.0,-14.0,-253.0,-489.0,-142.0
58.0,-210.0,-12.0,-329.0,-482.0,-135.0
51.0,-216.0,0.0,-380.0,-462.0,-132.0
47.0,-218.0,9.0,-381.0,-441.0,-139.0
45.0,-217.0,20.0,-326.0,-451.0,-145.0
47.0,-227.0,23.0,-236.0,-456.0,-139.0
37.0,-231.0,16.0,-151.0,-439.0,-126.0
22.0,-234.0,13.0,-98.0,-434.0,-115.0
9.0,-233.0,5.0,-77.0,-438.0,-102.0
14.0,-228.0,3.0,-56.0,-413.0,-76.0
17.0,-240.0,0.0,-55.0,-357.0,-62.0
28.0,-244.0,0.0,-61.0,-309.0,-59.0
31.0,-233.0,4.0,-68.0,-265.0,-50.0
32.0,-224.0,9.0,-65.0,-207.0,-27.0
36.0,-219.0,20.0,-46.0,-147.0,3.0
31.0,-204.0,22.0,-11.0,-103.0,35.0
45.0,-206.0,31.0,20.0,-83.0,75.0
53.0,-200.0,28.0,43.0,-79.0,108.0
61.0,-192.0,25.0,56.0,-79.0,143.0
63.0,-193.0,26.0,36.0,-67.0,171.0
67.0,-191.0,33.0,12.0,-39.0,201.0
63.0,-189.0,31.0,18.0,-3.0,233.0
63.0,-189.0,24.0,28.0,32.0,263.0
62.0,-186.0,13.0,13.0,62.0,282.0
61.0,-189.0,12.0,-14.0,102.0,292.0
57.0,-190.0,9.0,-40.0,148.0,306.0
49.0,-191.0,9.0,-54.0,201.0,324.0
46.0,-190.0,18.0,-46.0,258.0,353.0
43.0,-187.0,15.0,-15.0,312.0,375.0
34.0,-179.0,18.0,32.0,364.0,398.0
34.0,-174.0,24.0,87.0,422.0,421.0
30.0,-162.0,27.0,147.0,463.0,447.0
28.0,-154.0,33.0,203.0,496.0,473.0
23.0,-151.0,35.0,267.0,518.0,500.0
25.0,-143.0,40.0,311.0,534.0,534.0
26.0,-140.0,41.0,350.0,543.0,567.0
36.0,-136.0,50.0,381.0,554.0,601.0
29.0,-139.0,49.0,412.0,573.0,626.0
32.0,-139.0,57.0,438.0,592.0,651.0
21.0,-134.0,55.0,472.0,608.0,644.0
12.0,-130.0,58.0,511.0,617.0,634.0
12.0,-125.0,51.0,561.0,620.0,631.0
7.0,-122.0,42.0,619.0,618.0,631.0
6.0,-115.0,41.0,682.0,605.0,632.0
-2.0,-122.0,20.0,753.0,573.0,624.0
-12.0,-115.0,-3.0,772.0,540.0,604.0
-15.0,-108.0,-16.0,758.0,521.0,585.0
-26.0,-104.0,-21.0,740.0,512.0,565.0
-41.0,-102.0,-26.0,716.0,500.0,544.0
-53.0,-95.0,-28.0,683.0,478.0,517.0
-63.0,-84.0,-19.0,651.0,446.0,481.0
-75.0,-72.0,-16.0,637.0,413.0,451.0
-85.0,-62.0,-3.0,640.0,388.0,447.0
-91.0,-56.0,3.0,649.0,370.0,459.0
-93.0,-53.0,4.0,647.0,342.0,490.0
-90.0,-48.0,13.0,639.0,299.0,527.0
-79.0,-48.0,13.0,615.0,233.0,573.0
-68.0,-43.0,12.0,572.0,156.0,632.0
-45.0,-45.0,16.0,516.0,69.0,706.0
-33.0,-63.0,21.0,451.0,-21.0,766.0
-36.0,-71.0,15.0,359.0,-94.0,800.0
-35.0,-76.0,25.0,229.0,-144.0,831.0
-35.0,-90.0,40.0,108.0,-213.0,865.0
-36.0,-106.0,40.0,18.0,-316.0,895.0
-36.0,-122.0,36.0,-48.0,-433.0,922.0
-31.0,-137.0,20.0,-97.0,-546.0,940.0
-26.0,-144.0,10.0,-127.0,-641.0,945.0
-18.0,-156.0,-4.0,-142.0,-710.0,936.0
-24.0,-165.0,-35.0,-153.0,-752.0,909.0
-2.0,-173.0,-50.0,-188.0,-779.0,905.0
8.0,-186.0,-61.0,-229.0,-784.0,894.0
16.0,-194.0,-66.0,-268.0,-787.0,879.0
29.0,-200.0,-74.0,-312.0,-779.0,868.0
52.0,-212.0,-73.0,-366.0,-759.0,865.0
84.0,-225.0,-64.0,-422.0,-744.0,852.0
111.0,-230.0,-58.0,-468.0,-735.0,822.0
141.0,-233.0,-60.0,-498.0,-713.0,776.0
168.0,-221.0,-63.0,-518.0,-663.0,713.0
176.0,-208.0,-64.0,-561.0,-584.0,631.0
168.0,-215.0,-52.0,-633.0,-508.0,526.0
154.0,-226.0,-36.0,-717.0,-473.0,397.0
125.0,-247.0,-11.0,-809.0,-504.0,248.0
35.0,-248.0,41.0,-866.0,-609.0,92.0
3.0,-264.0,49.0,-801.0,-772.0,34.0
-25.0,-279.0,51.0,-659.0,-896.0,36.0
-54.0,-284.0,43.0,-467.0,-953.0,55.0
-79.0,-287.0,52.0,-240.0,-939.0,101.0
-115.0,-278.0,52.0,6.0,-885.0,186.0
-125.0,-256.0,68.0,233.0,-872.0,399.0
-73.0,-212.0,25.0,400.0,-915.0,588.0
-42.0,-179.0,28.0,402.0,-922.0,683.0
-14.0,-159.0,29.0,328.0,-853.0,733.0
11.0,-144.0,49.0,219.0,-762.0,784.0
26.0,-142.0,56.0,156.0,-707.0,846.0
30.0,-144.0,64.0,122.0,-735.0,892.0
40.0,-153.0,67.0,126.0,-804.0,925.0
35.0,-159.0,57.0,179.0,-873.0,934.0
46.0,-156.0,52.0,236.0,-913.0,921.0
40.0,-145.0,55.0,305.0,-898.0,895.0
41.0,-129.0,50.0,370.0,-865.0,883.0
41.0,-100.0,32.0,404.0,-846.0,886.0
40.0,-83.0,11.0,404.0,-840.0,901.0
48.0,-78.0,-1.0,355.0,-834.0,919.0
39.0,-96.0,6.0,295.0,-810.0,940.0
10.0,-115.0,17.0,254.0,-771.0,968.0
-45.0,-148.0,32.0,235.0,-806.0,995.0
-95.0,-186.0,33.0,249.0,-953.0,1006.0
-128.0,-220.0,21.0,287.0,-1159.0,1015.0
-147.0,-249.0,22.0,342.0,-1322.0,1049.0
-162.0,-296.0,40.0,446.0,-1402.0,1128.0
-181.0,-342.0,57.0,639.0,-1423.0,1232.0
-195.0,-376.0,68.0,910.0,-1443.0,1336.0
-209.0,-384.0,100.0,1246.0,-1496.0,1438.0
-205.0,-383.0,105.0,1664.0,-1566.0,1536.0
-208.0,-363.0,99.0,2083.0,-1656.0,1616.0
-211.0,-339.0,68.0,2447.0,-1794.0,1689.0
-208.0,-311.0,61.0,2702.0,-1970.0,1774.0
-191.0,-297.0,58.0,2943.0,-2108.0,1862.0
-174.0,-295.0,73.0,3245.0,-2180.0,1955.0
-152.0,-289.0,55.0,3639.0,-2296.0,1987.0
-177.0,-275.0,24.0,4008.0,-2572.0,1954.0
-214.0,-261.0,0.0,4300.0,-2970.0,1913.0
-242.0,-269.0,-29.0,4478.0,-3422.0,1959.0
-260.0,-325.0,-134.0,4473.0,-3804.0,2131.0
-281.0,-380.0,-192.0,4041.0,-3915.0,2348.0
-242.0,-371.0,-117.0,3274.0,-3929.0,2722.0
-128.0,-304.0,-126.0,2569.0,-4014.0,3325.0
62.0,-286.0,-80.0,1899.0,-4137.0,3958.0
388.0,-319.0,43.0,1446.0,-4349.0,4406.0
105.0,-504.0,263.0,1592.0,-4267.0,4250.0
-564.0,-361.0,229.0,2453.0,-3421.0,3372.0
-799.0,-258.0,78.0,3394.0,-2303.0,3061.0
-679.0,-250.0,-40.0,3917.0,-1653.0,3461.0
-410.0,-265.0,-27.0,3607.0,-1764.0,3880.0
-423.0,-289.0,-13.0,2894.0,-1973.0,3797.0
-505.0,-319.0,-59.0,2277.0,-1531.0,3646.0
-556.0,-349.0,-41.0,2026.0,-485.0,3692.0
-547.0,-373.0,12.0,1979.0,389.0,3783.0
-664.0,-393.0,93.0,1851.0,708.0,3706.0
-767.0,-377.0,140.0,1564.0,731.0,3561.0
-767.0,-391.0,193.0,1116.0,536.0,3521.0
-709.0,-407.0,265.0,658.0,323.0,3495.0
-669.0,-428.0,298.0,381.0,190.0,3486.0
-638.0,-429.0,347.0,219.0,134.0,3381.0
-634.0,-441.0,415.0,143.0,169.0,3266.0
-600.0,-420.0,481.0,162.0,257.0,3170.0
-570.0,-394.0,510.0,208.0,300.0,3144.0
-518.0,-364.0,507.0,246.0,327.0,3138.0
-422.0,-328.0,468.0,278.0,352.0,3140.0
-329.0,-281.0,442.0,260.0,455.0,3075.0
-284.0,-297.0,439.0,202.0,678.0,2963.0
-212.0,-194.0,408.0,497.0,680.0,2807.0
-181.0,-82.0,360.0,277.0,1098.0,2696.0
-128.0,-102.0,352.0,-388.0,1507.0,2756.0
-124.0,-71.0,353.0,-373.0,1490.0,2804.0
-102.0,-60.0,308.0,2.0,1267.0,2887.0
-121.0,-99.0,251.0,403.0,1105.0,2966.0
-142.0,-157.0,210.0,650.0,995.0,3023.0
-129.0,-145.0,223.0,752.0,899.0,3059.0
-100.0,-107.0,244.0,671.0,817.0,3067.0
-100.0,-72.0,262.0,471.0,795.0,3055.0
-115.0,-58.0,264.0,253.0,829.0,3020.0
-149.0,-56.0,261.0,159.0,844.0,3000.0
-171.0,-50.0,279.0,286.0,785.0,2995.0
-179.0,-36.0,266.0,601.0,618.0,3003.0
-165.0,-9.0,214.0,1027.0,468.0,3057.0
-125.0,11.0,176.0,1419.0,449.0,3167.0
-80.0,41.0,122.0,1649.0,526.0,3267.0
-36.0,31.0,97.0,1691.0,637.0,3374.0
1.0,1.0,69.0,1634.0,743.0,3374.0
40.0,-26.0,58.0,1556.0,924.0,3254.0
97.0,-64.0,43.0,1484.0,1201.0,3028.0
97.0,-93.0,35.0,1356.0,1513.0,2746.0
86.0,-105.0,29.0,1192.0,1773.0,2461.0
25.0,-103.0,39.0,1051.0,1956.0,2204.0
2.0,-92.0,42.0,890.0,2087.0,1964.0
-63.0,-49.0,92.0,774.0,2125.0,1726.0
-128.0,-14.0,101.0,757.0,2092.0,1582.0
-171.0,21.0,111.0,823.0,2130.0,1527.0
-163.0,47.0,97.0,922.0,2159.0,1545.0
-170.0,58.0,85.0,1025.0,2193.0,1564.0
-186.0,63.0,74.0,1118.0,2227.0,1563.0
-181.0,79.0,61.0,1230.0,2240.0,1583.0
-164.0,83.0,36.0,1346.0,2267.0,1612.0
-159.0,81.0,39.0,1400.0,2324.0,1608.0
-159.0,75.0,26.0,1403.0,2348.0,1581.0
-165.0,71.0,19.0,1361.0,2345.0,1519.0
-168.0,60.0,12.0,1277.0,2307.0,1425.0
-176.0,42.0,22.0,1201.0,2221.0,1344.0
-194.0,63.0,20.0,1213.0,2070.0,1252.0
-208.0,80.0,1.0,1269.0,1924.0,1217.0
-233.0,110.0,7.0,1314.0,1837.0,1188.0
-260.0,137.0,21.0,1347.0,1753.0,1115.0
-290.0,163.0,28.0,1346.0,1642.0,1002.0
-307.0,174.0,26.0,1274.0,1512.0,826.0
-333.0,191.0,24.0,1159.0,1391.0,618.0
-326.0,204.0,22.0,1059.0,1317.0,451.0
-331.0,216.0,19.0,977.0,1288.0,306.0
-356.0,229.0,29.0,897.0,1281.0,151.0
-371.0,239.0,53.0,869.0,1217.0,12.0
-374.0,243.0,52.0,892.0,1043.0,-126.0
-352.0,255.0,34.0,936.0,807.0,-249.0
-338.0,262.0,1.0,974.0,632.0,-348.0
-318.0,256.0,-8.0,960.0,564.0,-400.0
-300.0,256.0,-10.0,915.0,561.0,-413.0
-282.0,232.0,7.0,901.0,569.0,-393.0
-264.0,202.0,30.0,917.0,548.0,-374.0
-242.0,179.0,47.0,922.0,471.0,-395.0
-224.0,159.0,58.0,861.0,398.0,-454.0
-234.0,155.0,65.0,763.0,338.0,-516.0
-225.0,140.0,67.0,670.0,276.0,-509.0
-193.0,135.0,68.0,638.0,207.0,-456.0
-169.0,123.0,63.0,666.0,151.0,-383.0
-148.0,130.0,67.0,720.0,115.0,-330.0
-125.0,142.0,61.0,843.0,107.0,-298.0
-118.0,145.0,39.0,991.0,149.0,-276.0
-109.0,143.0,20.0,1100.0,205.0,-257.0
-105.0,147.0,22.0,1140.0,245.0,-244.0
-102.0,154.0,21.0,1133.0,273.0,-238.0
-108.0,160.0,24.0,1102.0,309.0,-234.0
-128.0,164.0,29.0,1037.0,353.0,-247.0
-148.0,169.0,37.0,985.0,390.0,-254.0
-182.0,186.0,37.0,962.0,393.0,-242.0
-190.0,176.0,33.0,916.0,353.0,-194.0
-187.0,180.0,32.0,849.0,288.0,-161.0
-192.0,189.0,27.0,776.0,193.0,-165.0
-196.0,193.0,20.0,703.0,116.0,-173.0
-200.0,201.0,13.0,648.0,59.0,-155.0
-201.0,201.0,11.0,610.0,10.0,-119.0
-209.0,199.0,7.0,587.0,-20.0,-67.0
-212.0,174.0,1.0,558.0,-12.0,-44.0
-217.0,150.0,11.0,475.0,4.0,-62.0
-223.0,145.0,17.0,380.0,9.0,-87.0
-237.0,148.0,34.0,304.0,8.0,-106.0
-255.0,157.0,41.0,273.0,-5.0,-112.0
-258.0,157.0,44.0,269.0,-27.0,-110.0
-261.0,163.0,28.0,263.0,-49.0,-119.0
-266.0,158.0,13.0,252.0,-68.0,-134.0
-269.0,150.0,3.0,218.0,-79.0,-156.0
-267.0,138.0,-6.0,149.0,-75.0,-174.0
-265.0,126.0,-4.0,53.0,-57.0,-199.0
-268.0,117.0,-5.0,-43.0,-30.0,-229.0
-269.0,102.0,-4.0,-127.0,-5.0,-268.0
-271.0,96.0,6.0,-195.0,13.0,-308.0
-268.0,80.0,6.0,-239.0,21.0,-343.0
-277.0,74.0,-4.0,-273.0,17.0,-376.0
-273.0,66.0,11.0,-288.0,12.0,-400.0
-279.0,63.0,10.0,-272.0,4.0,-418.0
-284.0,62.0,4.0,-231.0,0.0,-433.0
-286.0,60.0,0.0,-192.0,-5.0,-454.0
-287.0,54.0,0.0,-164.0,-23.0,-471.0
-287.0,57.0,-1.0,-150.0,-49.0,-483.0
-283.0,55.0,-3.0,-151.0,-72.0,-489.0
-279.0,57.0,-8.0,-163.0,-84.0,-494.0
-280.0,58.0,-4.0,-192.0,-74.0,-493.0
-281.0,60.0,0.0,-228.0,-57.0,-489.0
-280.0,56.0,7.0,-265.0,-40.0,-488.0
-282.0,56.0,5.0,-308.0,-26.0,-484.0
-288.0,59.0,12.0,-351.0,-12.0,-478.0
-294.0,61.0,23.0,-375.0,-6.0,-465.0
-285.0,63.0,31.0,-377.0,-16.0,-445.0
-278.0,61.0,29.0,-366.0,-34.0,-427.0
-271.0,57.0,32.0,-359.0,-49.0,-408.0
-269.0,54.0,34.0,-351.0,-57.0,-396.0
-263.0,51.0,36.0,-344.0,-59.0,-371.0
-258.0,48.0,41.0,-337.0,-56.0,-349.0
-250.0,41.0,43.0,-328.0,-58.0,-334.0
-244.0,35.0,40.0,-324.0,-47.0,-332.0
-239.0,36.0,37.0,-328.0,-28.0,-335.0
-237.0,30.0,40.0,-332.0,-8.0,-338.0
-239.0,27.0,41.0,-344.0,2.0,-347.0
-233.0,28.0,41.0,-348.0,5.0,-356.0
-229.0,18.0,36.0,-348.0,-1.0,-363.0
-237.0,21.0,34.0,-350.0,-11.0,-388.0
-241.0,23.0,33.0,-338.0,-22.0,-410.0
-244.0,23.0,40.0,-307.0,-22.0,-419.0
-244.0,22.0,39.0,-266.0,-14.0,-411.0
-243.0,15.0,37.0,-224.0,-13.0,-404.0
-251.0,12.0,38.0,-195.0,-36.0,-415.0
-251.0,13.0,41.0,-161.0,-63.0,-426.0
-251.0,14.0,44.0,-125.0,-73.0,-415.0
-252.0,13.0,46.0,-96.0,-69.0,-399.0
-255.0,14.0,47.0,-83.0,-56.0,-385.0
-247.0,4.0,45.0,-79.0,-38.0,-369.0
-248.0,2.0,47.0,-87.0,-25.0,-360.0
-252.0,2.0,48.0,-94.0,-13.0,-353.0
-253.0,7.0,48.0,-93.0,3.0,-333.0
-253.0,6.0,43.0,-95.0,15.0,-315.0
-255.0,4.0,45.0,-103.0,13.0,-298.0
-253.0,4.0,45.0,-113.0,-6.0,-281.0
-255.0,2.0,46.0,-120.0,-43.0,-264.0
-254.0,3.0,45.0,-119.0,-87.0,-244.0
-256.0,1.0,51.0,-109.0,-126.0,-221.0
-260.0,0.0,54.0,-87.0,-157.0,-192.0
-257.0,0.0,52.0,-58.0,-180.0,-168.0
-257.0,-2.0,55.0,-32.0,-192.0,-144.0
-256.0,-2.0,62.0,-15.0,-190.0,-124.0
-259.0,1.0,66.0,3.0,-183.0,-112.0
-259.0,2.0,64.0,28.0,-179.0,-102.0
-254.0,4.0,59.0,66.0,-180.0,-90.0
-253.0,10.0,53.0,112.0,-177.0,-78.0
-247.0,18.0,46.0,154.0,-164.0,-65.0
-245.0,28.0,41.0,177.0,-136.0,-54.0
-248.0,31.0,37.0,171.0,-100.0,-50.0
-245.0,35.0,35.0,139.0,-78.0,-48.0
-245.0,38.0,33.0,93.0,-71.0,-50.0
-244.0,37.0,35.0,43.0,-71.0,-51.0
-239.0,40.0,37.0,-7.0,-68.0,-56.0
-238.0,35.0,45.0,-45.0,-65.0,-64.0
-247.0,34.0,44.0,-66.0,-68.0,-75.0
-252.0,29.0,52.0,-68.0,-80.0,-85.0
-253.0,26.0,53.0,-51.0,-92.0,-92.0
-252.0,25.0,56.0,-18.0,-102.0,-97.0
-258.0,26.0,51.0,23.0,-102.0,-97.0
-259.0,26.0,48.0,66.0,-99.0,-91.0
-264.0,29.0,51.0,95.0,-95.0,-86.0
-270.0,33.0,46.0,116.0,-93.0,-81.0
-270.0,34.0,43.0,127.0,-94.0,-72.0
-271.0,35.0,40.0,126.0,-95.0,-62.0
-267.0,35.0,39.0,119.0,-93.0,-49.0
-264.0,37.0,40.0,108.0,-83.0,-32.0
-261.0,39.0,38.0,95.0,-65.0,-18.0
-256.0,35.0,43.0,81.0,-46.0,-8.0
-257.0,34.0,45.0,67.0,-25.0,-1.0
-253.0,32.0,43.0,53.0,-14.0,4.0
-247.0,33.0,49.0,41.0,-8.0,8.0
-244.0,33.0,48.0,30.0,3.0,7.0
-241.0,29.0,47.0,15.0,15.0,6.0
-242.0,32.0,47.0,-2.0,20.0,1.0
-241.0,34.0,48.0,-20.0,7.0,-2.0
-240.0,34.0,42.0,-45.0,-19.0,-9.0
-241.0,35.0,43.0,-65.0,-45.0,-18.0
-242.0,38.0,39.0,-92.0,-69.0,-27.0
-242.0,40.0,35.0,-118.0,-87.0,-38.0
-241.0,38.0,36.0,-136.0,-99.0,-45.0
-243.0,39.0,34.0,-148.0,-103.0,-50.0
-243.0,39.0,41.0,-154.0,-100.0,-58.0
-246.0,38.0,47.0,-160.0,-95.0,-60.0
-247.0,30.0,52.0,-171.0,-93.0,-60.0
-250.0,29.0,58.0,-181.0,-92.0,-58.0
-250.0,21.0,63.0,-183.0,-94.0,-57.0
-249.0,18.0,64.0,-172.0,-97.0,-49.0
-247.0,12.0,65.0,-136.0,-97.0,-45.0
-244.0,12.0,62.0,-80.0,-89.0,-41.0
-243.0,21.0,62.0,-16.0,-77.0,-44.0
-244.0,24.0,58.0,45.0,-59.0,-48.0
-251.0,35.0,51.0,88.0,-44.0,-59.0
-249.0,40.0,49.0,105.0,-37.0,-75.0
-252.0,40.0,45.0,110.0,-35.0,-91.0
-255.0,43.0,45.0,105.0,-31.0,-101.0
-255.0,43.0,41.0,93.0,-22.0,-112.0
-257.0,41.0,46.0,80.0,-10.0,-115.0
-254.0,37.0,48.0,66.0,3.0,-113.0
-252.0,36.0,44.0,57.0,22.0,-112.0
-253.0,37.0,53.0,48.0,50.0,-108.0
-251.0,29.0,53.0,40.0,78.0,-106.0
-254.0,31.0,60.0,35.0,102.0,-102.0
-253.0,28.0,59.0,35.0,116.0,-97.0
-251.0,26.0,62.0,39.0,124.0,-94.0
-251.0,25.0,60.0,50.0,130.0,-91.0
-251.0,27.0,60.0,66.0,132.0,-86.0
-252.0,27.0,58.0,88.0,133.0,-82.0
-249.0,24.0,54.0,105.0,129.0,-81.0
-252.0,26.0,53.0,122.0,128.0,-81.0
-254.0,27.0,52.0,133.0,124.0,-81.0
-254.0,28.0,47.0,134.0,120.0,-79.0
-253.0,23.0,47.0,128.0,118.0,-80.0
-252.0,23.0,48.0,118.0,116.0,-79.0
-254.0,22.0,49.0,106.0,117.0,-78.0
-252.0,23.0,46.0,94.0,118.0,-76.0
-253.0,19.0,50.0,87.0,119.0,-70.0
-249.0,21.0,48.0,80.0,118.0,-64.0
-249.0,20.0,49.0,72.0,117.0,-56.0
-243.0,20.0,51.0,62.0,117.0,-49.0
-241.0,20.0,51.0,54.0,120.0,-44.0
-241.0,20.0,52.0,54.0,120.0,-41.0
-243.0,16.0,54.0,63.0,118.0,-44.0
-243.0,21.0,55.0,80.0,113.0,-47.0
-243.0,25.0,59.0,102.0,106.0,-52.0
-244.0,20.0,58.0,125.0,100.0,-57.0
-245.0,24.0,60.0,147.0,95.0,-60.0
-243.0,21.0,55.0,161.0,96.0,-64.0
-242.0,23.0,54.0,171.0,94.0,-65.0
-247.0,21.0,53.0,178.0,96.0,-65.0
-249.0,24.0,53.0,183.0,100.0,-65.0
-248.0,24.0,49.0,186.0,106.0,-61.0
-250.0,25.0,50.0,185.0,116.0,-59.0
-253.0,24.0,49.0,181.0,130.0,-57.0
-253.0,25.0,48.0,173.0,138.0,-56.0
-254.0,24.0,46.0,167.0,145.0,-52.0
-253.0,23.0,43.0,163.0,150.0,-50.0
-252.0,21.0,44.0,162.0,157.0,-49.0
-252.0,24.0,47.0,167.0,164.0,-47.0
-251.0,22.0,45.0,172.0,174.0,-43.0
-253.0,26.0,49.0,176.0,186.0,-41.0
-246.0,20.0,46.0,180.0,195.0,-38.0
-246.0,26.0,45.0,184.0,198.0,-36.0
-248.0,25.0,44.0,190.0,198.0,-35.0
-251.0,26.0,47.0,194.0,197.0,-36.0
-248.0,22.0,40.0,193.0,196.0,-34.0
-249.0,28.0,41.0,192.0,195.0,-38.0
-247.0,26.0,39.0,186.0,196.0,-40.0
-248.0,33.0,39.0,179.0,200.0,-41.0
-243.0,28.0,37.0,170.0,208.0,-39.0
-244.0,28.0,38.0,157.0,216.0,-38.0
-243.0,28.0,34.0,145.0,223.0,-41.0
-248.0,19.0,40.0,135.0,226.0,-42.0
-242.0,26.0,40.0,128.0,230.0,-48.0
-246.0,27.0,39.0,123.0,238.0,-51.0
-253.0,25.0,43.0,117.0,245.0,-54.0
-256.0,28.0,41.0,109.0,242.0,-55.0
-257.0,24.0,40.0,100.0,235.0,-58.0
-258.0,26.0,38.0,90.0,226.0,-57.0
-261.0,24.0,41.0,86.0,217.0,-54.0
-256.0,22.0,40.0,86.0,204.0,-46.0
-261.0,21.0,31.0,86.0,191.0,-39.0
-261.0,21.0,33.0,85.0,180.0,-26.0
-263.0,24.0,30.0,87.0,169.0,-15.0
-262.0,21.0,33.0,91.0,163.0,-5.0
-260.0,19.0,30.0,100.0,161.0,7.0
-259.0,19.0,32.0,111.0,166.0,18.0
-259.0,20.0,29.0,128.0,176.0,25.0
-258.0,19.0,30.0,146.0,190.0,28.0
-257.0,18.0,31.0,165.0,204.0,27.0
-259.0,18.0,31.0,185.0,215.0,24.0
-257.0,20.0,31.0,208.0,224.0,20.0
-254.0,22.0,30.0,230.0,232.0,16.0
-255.0,25.0,28.0,242.0,242.0,11.0
-254.0,29.0,31.0,244.0,256.0,9.0
