36.0,-258.0,-42.0,602.0,76.0,-58.0
52.0,-249.0,-53.0,607.0,109.0,7.0
62.0,-236.0,-71.0,595.0,156.0,69.0
69.0,-223.0,-88.0,561.0,208.0,129.0
84.0,-212.0,-98.0,507.0,259.0,179.0
93.0,-207.0,-116.0,424.0,293.0,215.0
107.0,-200.0,-121.0,319.0,307.0,241.0
115.0,-202.0,-125.0,208.0,303.0,256.0
123.0,-212.0,-127.0,109.0,292.0,264.0
123.0,-234.0,-116.0,35.0,270.0,258.0
117.0,-248.0,-109.0,-9.0,232.0,237.0
103.0,-273.0,-103.0,-28.0,177.0,198.0
83.0,-303.0,-98.0,-37.0,102.0,148.0
66.0,-330.0,-102.0,-55.0,20.0,85.0
46.0,-347.0,-107.0,-73.0,-48.0,15.0
25.0,-358.0,-121.0,-85.0,-76.0,-57.0
3.0,-362.0,-124.0,-79.0,-67.0,-127.0
-12.0,-354.0,-133.0,-54.0,-33.0,-194.0
-21.0,-342.0,-140.0,-11.0,7.0,-253.0
-23.0,-324.0,-146.0,45.0,51.0,-304.0
-37.0,-309.0,-159.0,102.0,92.0,-348.0
-48.0,-287.0,-165.0,150.0,120.0,-379.0
-57.0,-264.0,-166.0,189.0,113.0,-394.0
-60.0,-244.0,-161.0,234.0,69.0,-405.0
-62.0,-225.0,-154.0,287.0,-10.0,-406.0
-61.0,-208.0,-151.0,347.0,-107.0,-408.0
-60.0,-194.0,-144.0,408.0,-206.0,-410.0
-47.0,-181.0,-130.0,461.0,-284.0,-411.0
-43.0,-172.0,-126.0,501.0,-330.0,-412.0
-35.0,-163.0,-120.0,525.0,-346.0,-404.0
-24.0,-160.0,-105.0,536.0,-339.0,-392.0
-12.0,-159.0,-97.0,539.0,-310.0,-374.0
2.0,-159.0,-80.0,531.0,-263.0,-353.0
15.0,-169.0,-81.0,508.0,-209.0,-331.0
25.0,-188.0,-77.0,459.0,-153.0,-312.0
33.0,-210.0,-80.0,371.0,-98.0,-296.0
40.0,-236.0,-79.0,250.0,-52.0,-284.0
45.0,-255.0,-78.0,116.0,-19.0,-275.0
48.0,-272.0,-82.0,-12.0,-3.0,-265.0
53.0,-291.0,-92.0,-123.0,0.0,-253.0
62.0,-307.0,-89.0,-211.0,-11.0,-249.0
65.0,-311.0,-97.0,-266.0,-27.0,-245.0
67.0,-319.0,-104.0,-292.0,-46.0,-241.0
74.0,-320.0,-108.0,-288.0,-61.0,-237.0
75.0,-321.0,-114.0,-256.0,-73.0,-231.0
74.0,-317.0,-115.0,-200.0,-79.0,-222.0
71.0,-312.0,-122.0,-126.0,-82.0,-215.0
68.0,-306.0,-118.0,-39.0,-86.0,-211.0
64.0,-295.0,-116.0,50.0,-89.0,-206.0
62.0,-290.0,-117.0,136.0,-99.0,-199.0
55.0,-283.0,-106.0,216.0,-115.0,-192.0
54.0,-274.0,-103.0,290.0,-133.0,-184.0
44.0,-264.0,-90.0,358.0,-143.0,-170.0
43.0,-255.0,-85.0,403.0,-142.0,-147.0
37.0,-243.0,-74.0,422.0,-135.0,-117.0
30.0,-233.0,-71.0,413.0,-122.0,-81.0
25.0,-221.0,-67.0,384.0,-107.0,-35.0
22.0,-217.0,-67.0,339.0,-91.0,22.0
22.0,-206.0,-66.0,270.0,-75.0,80.0
22.0,-203.0,-70.0,186.0,-60.0,141.0
25.0,-204.0,-75.0,85.0,-44.0,198.0
22.0,-199.0,-87.0,-34.0,-30.0,245.0
27.0,-208.0,-87.0,-169.0,-18.0,284.0
30.0,-212.0,-91.0,-304.0,-7.0,311.0
38.0,-225.0,-90.0,-419.0,1.0,323.0
43.0,-238.0,-89.0,-512.0,3.0,321.0
43.0,-247.0,-85.0,-571.0,5.0,308.0
48.0,-257.0,-79.0,-592.0,5.0,294.0
52.0,-266.0,-77.0,-580.0,9.0,282.0
55.0,-270.0,-76.0,-543.0,20.0,273.0
59.0,-274.0,-75.0,-493.0,39.0,272.0
56.0,-269.0,-72.0,-438.0,68.0,277.0
58.0,-268.0,-64.0,-379.0,101.0,289.0
57.0,-268.0,-59.0,-319.0,131.0,304.0
56.0,-266.0,-60.0,-260.0,157.0,322.0
58.0,-264.0,-51.0,-206.0,172.0,337.0
61.0,-260.0,-47.0,-159.0,181.0,352.0
64.0,-262.0,-42.0,-116.0,187.0,368.0
63.0,-265.0,-35.0,-80.0,193.0,386.0
63.0,-269.0,-30.0,-50.0,201.0,404.0
65.0,-272.0,-22.0,-22.0,211.0,423.0
66.0,-278.0,-15.0,10.0,222.0,442.0
64.0,-276.0,-1.0,52.0,235.0,458.0
66.0,-284.0,6.0,111.0,248.0,472.0
59.0,-278.0,6.0,186.0,258.0,479.0
62.0,-274.0,12.0,273.0,264.0,478.0
60.0,-269.0,17.0,362.0,268.0,467.0
58.0,-258.0,18.0,453.0,268.0,445.0
58.0,-247.0,10.0,541.0,262.0,413.0
52.0,-232.0,9.0,620.0,253.0,370.0
53.0,-219.0,5.0,680.0,239.0,320.0
45.0,-200.0,0.0,714.0,225.0,263.0
40.0,-192.0,-6.0,721.0,211.0,198.0
34.0,-174.0,-16.0,706.0,196.0,128.0
26.0,-168.0,-20.0,656.0,184.0,49.0
23.0,-158.0,-25.0,593.0,171.0,-36.0
19.0,-150.0,-41.0,510.0,167.0,-126.0
18.0,-149.0,-48.0,412.0,171.0,-221.0
17.0,-149.0,-58.0,299.0,189.0,-314.0
21.0,-150.0,-67.0,181.0,222.0,-405.0
27.0,-161.0,-76.0,66.0,270.0,-484.0
28.0,-173.0,-78.0,-36.0,335.0,-552.0
31.0,-192.0,-86.0,-118.0,410.0,-601.0
28.0,-196.0,-94.0,-182.0,483.0,-629.0
33.0,-213.0,-101.0,-234.0,551.0,-633.0
32.0,-227.0,-112.0,-285.0,602.0,-614.0
32.0,-234.0,-131.0,-347.0,626.0,-570.0
30.0,-255.0,-139.0,-430.0,619.0,-501.0
16.0,-275.0,-159.0,-544.0,576.0,-397.0
8.0,-294.0,-174.0,-697.0,505.0,-248.0
-9.0,-313.0,-190.0,-877.0,405.0,-55.0
-31.0,-323.0,-202.0,-1061.0,278.0,168.0
-50.0,-323.0,-207.0,-1223.0,120.0,399.0
-62.0,-324.0,-215.0,-1337.0,-54.0,626.0
-65.0,-320.0,-218.0,-1387.0,-224.0,825.0
-55.0,-316.0,-203.0,-1360.0,-358.0,981.0
-46.0,-305.0,-197.0,-1249.0,-446.0,1080.0
-38.0,-295.0,-166.0,-1064.0,-493.0,1120.0
-27.0,-291.0,-143.0,-821.0,-500.0,1113.0
-14.0,-284.0,-119.0,-543.0,-483.0,1057.0
-1.0,-282.0,-94.0,-257.0,-457.0,957.0
14.0,-275.0,-83.0,-1.0,-430.0,818.0
30.0,-273.0,-68.0,183.0,-407.0,649.0
43.0,-266.0,-69.0,286.0,-389.0,466.0
58.0,-258.0,-68.0,307.0,-378.0,295.0
58.0,-256.0,-82.0,247.0,-374.0,145.0
64.0,-256.0,-89.0,112.0,-377.0,21.0
64.0,-260.0,-103.0,-90.0,-385.0,-85.0
65.0,-264.0,-104.0,-330.0,-391.0,-173.0
59.0,-271.0,-119.0,-569.0,-395.0,-236.0
57.0,-280.0,-118.0,-765.0,-403.0,-278.0
49.0,-286.0,-121.0,-896.0,-417.0,-299.0
41.0,-293.0,-128.0,-956.0,-433.0,-301.0
27.0,-295.0,-130.0,-967.0,-445.0,-298.0
19.0,-291.0,-133.0,-944.0,-445.0,-288.0
11.0,-293.0,-139.0,-892.0,-428.0,-281.0
0.0,-295.0,-133.0,-822.0,-397.0,-274.0
-6.0,-290.0,-128.0,-734.0,-355.0,-268.0
-12.0,-297.0,-118.0,-630.0,-315.0,-256.0
-15.0,-288.0,-111.0,-516.0,-280.0,-238.0
-14.0,-288.0,-97.0,-407.0,-257.0,-217.0
-20.0,-288.0,-98.0,-311.0,-245.0,-192.0
-19.0,-283.0,-88.0,-250.0,-248.0,-160.0
-15.0,-279.0,-86.0,-228.0,-262.0,-127.0
-8.0,-274.0,-90.0,-239.0,-287.0,-92.0
-1.0,-265.0,-94.0,-272.0,-314.0,-59.0
3.0,-262.0,-92.0,-318.0,-337.0,-28.0
15.0,-258.0,-87.0,-366.0,-357.0,-6.0
26.0,-250.0,-94.0,-410.0,-372.0,9.0
31.0,-244.0,-94.0,-441.0,-380.0,16.0
48.0,-239.0,-93.0,-460.0,-383.0,15.0
59.0,-235.0,-93.0,-466.0,-376.0,6.0
67.0,-228.0,-91.0,-460.0,-360.0,-12.0
77.0,-226.0,-81.0,-453.0,-337.0,-35.0
89.0,-221.0,-80.0,-450.0,-309.0,-63.0
94.0,-218.0,-75.0,-450.0,-277.0,-97.0
100.0,-217.0,-71.0,-456.0,-245.0,-132.0
107.0,-214.0,-64.0,-468.0,-213.0,-171.0
109.0,-215.0,-64.0,-488.0,-182.0,-207.0
113.0,-214.0,-59.0,-519.0,-157.0,-241.0
115.0,-213.0,-60.0,-562.0,-136.0,-270.0
111.0,-219.0,-61.0,-613.0,-122.0,-293.0
113.0,-224.0,-66.0,-676.0,-110.0,-311.0
105.0,-225.0,-71.0,-749.0,-104.0,-323.0
93.0,-230.0,-78.0,-829.0,-97.0,-323.0
84.0,-235.0,-84.0,-911.0,-90.0,-314.0
76.0,-241.0,-90.0,-994.0,-85.0,-289.0
66.0,-250.0,-88.0,-1068.0,-74.0,-251.0
61.0,-258.0,-90.0,-1124.0,-56.0,-207.0
62.0,-268.0,-86.0,-1152.0,-32.0,-153.0
62.0,-278.0,-86.0,-1150.0,-1.0,-90.0
65.0,-285.0,-76.0,-1111.0,31.0,-22.0
61.0,-299.0,-74.0,-1032.0,59.0,51.0
63.0,-303.0,-68.0,-914.0,82.0,132.0
66.0,-305.0,-69.0,-767.0,102.0,218.0
71.0,-302.0,-67.0,-599.0,119.0,305.0
73.0,-295.0,-67.0,-418.0,128.0,391.0
70.0,-282.0,-68.0,-238.0,120.0,477.0
69.0,-269.0,-70.0,-72.0,92.0,563.0
65.0,-251.0,-73.0,62.0,48.0,644.0
64.0,-237.0,-80.0,157.0,-9.0,721.0
58.0,-221.0,-87.0,209.0,-67.0,793.0
63.0,-207.0,-92.0,215.0,-112.0,860.0
63.0,-195.0,-100.0,180.0,-137.0,921.0
63.0,-188.0,-102.0,106.0,-146.0,974.0
62.0,-180.0,-106.0,3.0,-143.0,1018.0
64.0,-174.0,-104.0,-124.0,-136.0,1052.0
69.0,-173.0,-105.0,-264.0,-131.0,1076.0
71.0,-170.0,-101.0,-408.0,-131.0,1091.0
72.0,-169.0,-99.0,-542.0,-143.0,1094.0
68.0,-170.0,-100.0,-666.0,-171.0,1090.0
64.0,-170.0,-93.0,-768.0,-226.0,1078.0
61.0,-168.0,-85.0,-842.0,-314.0,1060.0
48.0,-168.0,-83.0,-886.0,-438.0,1036.0
37.0,-164.0,-77.0,-901.0,-593.0,1008.0
26.0,-158.0,-80.0,-901.0,-769.0,982.0
12.0,-155.0,-73.0,-894.0,-955.0,958.0
-1.0,-144.0,-77.0,-889.0,-1141.0,939.0
-17.0,-133.0,-79.0,-886.0,-1314.0,913.0
-31.0,-123.0,-80.0,-881.0,-1463.0,886.0
-56.0,-104.0,-89.0,-878.0,-1583.0,858.0
-70.0,-93.0,-104.0,-874.0,-1671.0,840.0
-81.0,-76.0,-127.0,-873.0,-1733.0,829.0
-89.0,-62.0,-153.0,-889.0,-1767.0,824.0
-96.0,-53.0,-188.0,-928.0,-1766.0,838.0
-93.0,-47.0,-223.0,-992.0,-1721.0,864.0
-85.0,-53.0,-254.0,-1081.0,-1646.0,891.0
-77.0,-65.0,-270.0,-1190.0,-1556.0,916.0
-64.0,-87.0,-280.0,-1309.0,-1466.0,922.0
-53.0,-106.0,-276.0,-1437.0,-1360.0,906.0
-34.0,-133.0,-263.0,-1564.0,-1285.0,878.0
-5.0,-170.0,-229.0,-1671.0,-1214.0,837.0
31.0,-206.0,-194.0,-1737.0,-1133.0,782.0
69.0,-246.0,-152.0,-1744.0,-1028.0,711.0
104.0,-278.0,-100.0,-1629.0,-891.0,632.0
104.0,-309.0,-62.0,-1406.0,-729.0,556.0
94.0,-332.0,-21.0,-1052.0,-569.0,487.0
68.0,-351.0,7.0,-571.0,-449.0,419.0
41.0,-364.0,12.0,-1.0,-394.0,344.0
14.0,-363.0,-8.0,556.0,-412.0,242.0
3.0,-348.0,-44.0,993.0,-494.0,90.0
-8.0,-327.0,-73.0,1234.0,-629.0,-108.0
-8.0,-299.0,-96.0,1290.0,-827.0,-329.0
-6.0,-240.0,-127.0,1214.0,-1050.0,-511.0
6.0,-172.0,-148.0,1042.0,-1229.0,-582.0
27.0,-104.0,-167.0,792.0,-1361.0,-561.0
38.0,-56.0,-179.0,469.0,-1457.0,-523.0
43.0,-16.0,-180.0,97.0,-1523.0,-486.0
43.0,12.0,-177.0,-294.0,-1560.0,-436.0
42.0,26.0,-173.0,-669.0,-1573.0,-370.0
39.0,25.0,-146.0,-978.0,-1576.0,-298.0
27.0,14.0,-106.0,-1161.0,-1603.0,-232.0
9.0,-23.0,-59.0,-1142.0,-1670.0,-189.0
-24.0,-64.0,-20.0,-896.0,-1781.0,-162.0
-56.0,-98.0,3.0,-480.0,-1915.0,-113.0
-68.0,-115.0,13.0,5.0,-2058.0,-28.0
-92.0,-112.0,17.0,481.0,-2185.0,68.0
-98.0,-101.0,7.0,875.0,-2274.0,160.0
-101.0,-83.0,1.0,1135.0,-2320.0,230.0
-98.0,-63.0,-5.0,1238.0,-2327.0,266.0
-85.0,-46.0,-9.0,1188.0,-2305.0,265.0
-80.0,-29.0,-20.0,1012.0,-2261.0,226.0
-69.0,-27.0,-22.0,752.0,-2202.0,159.0
-61.0,-35.0,-36.0,448.0,-2133.0,72.0
-51.0,-53.0,-40.0,138.0,-2058.0,-29.0
-40.0,-78.0,-37.0,-144.0,-1981.0,-146.0
-33.0,-101.0,-31.0,-377.0,-1911.0,-269.0
-25.0,-128.0,-39.0,-536.0,-1855.0,-389.0
-12.0,-149.0,-41.0,-608.0,-1816.0,-493.0
1.0,-159.0,-40.0,-591.0,-1790.0,-573.0
17.0,-154.0,-42.0,-495.0,-1772.0,-617.0
39.0,-147.0,-48.0,-341.0,-1754.0,-638.0
60.0,-132.0,-54.0,-161.0,-1724.0,-642.0
74.0,-107.0,-57.0,28.0,-1679.0,-631.0
87.0,-84.0,-57.0,206.0,-1623.0,-608.0
98.0,-53.0,-56.0,361.0,-1546.0,-578.0
111.0,-29.0,-60.0,476.0,-1458.0,-547.0
128.0,-2.0,-56.0,552.0,-1375.0,-517.0
134.0,20.0,-53.0,588.0,-1305.0,-475.0
137.0,39.0,-59.0,579.0,-1247.0,-405.0
131.0,53.0,-66.0,536.0,-1199.0,-310.0
112.0,63.0,-82.0,472.0,-1159.0,-195.0
85.0,68.0,-91.0,380.0,-1113.0,-53.0
55.0,65.0,-109.0,285.0,-1059.0,112.0
21.0,53.0,-128.0,194.0,-1005.0,305.0
-6.0,25.0,-153.0,114.0,-949.0,515.0
-40.0,-2.0,-173.0,58.0,-889.0,723.0
-70.0,-47.0,-184.0,44.0,-825.0,917.0
-90.0,-75.0,-201.0,89.0,-762.0,1089.0
-111.0,-114.0,-213.0,189.0,-690.0,1238.0
-117.0,-153.0,-212.0,342.0,-606.0,1363.0
-126.0,-190.0,-216.0,539.0,-502.0,1462.0
-135.0,-221.0,-208.0,765.0,-379.0,1546.0
-148.0,-243.0,-204.0,992.0,-257.0,1626.0
-154.0,-258.0,-201.0,1190.0,-164.0,1712.0
-158.0,-260.0,-204.0,1335.0,-124.0,1800.0
-156.0,-262.0,-219.0,1411.0,-150.0,1881.0
-151.0,-252.0,-222.0,1406.0,-236.0,1951.0
-138.0,-245.0,-196.0,1323.0,-346.0,2026.0
-102.0,-228.0,-175.0,1174.0,-438.0,2117.0
-78.0,-221.0,-132.0,977.0,-512.0,2230.0
-54.0,-220.0,-79.0,780.0,-579.0,2358.0
-38.0,-224.0,-44.0,638.0,-649.0,2490.0
-55.0,-225.0,0.0,575.0,-737.0,2616.0
-100.0,-226.0,35.0,613.0,-824.0,2766.0
-165.0,-218.0,52.0,769.0,-916.0,2976.0
-228.0,-206.0,19.0,1030.0,-1064.0,3251.0
-288.0,-195.0,-37.0,1316.0,-1277.0,3566.0
-380.0,-181.0,-110.0,1521.0,-1476.0,3893.0
-465.0,-168.0,-188.0,1584.0,-1548.0,4294.0
-550.0,-168.0,-226.0,1494.0,-1413.0,4755.0
-686.0,-156.0,-258.0,1264.0,-1075.0,5226.0
-805.0,-170.0,-271.0,896.0,-574.0,5730.0
-955.0,-169.0,-252.0,364.0,-4.0,6205.0
-1105.0,-206.0,-230.0,-371.0,427.0,6624.0
-1211.0,-288.0,-214.0,-1304.0,634.0,6813.0
-1344.0,-395.0,-210.0,-2366.0,607.0,6686.0
-1485.0,-498.0,-189.0,-3472.0,333.0,6297.0
-1628.0,-567.0,-168.0,-4463.0,-138.0,5763.0
-1742.0,-577.0,-148.0,-5234.0,-666.0,5243.0
-1583.0,-592.0,-182.0,-5701.0,-1114.0,4945.0
-1362.0,-619.0,-197.0,-6047.0,-1362.0,4702.0
-1151.0,-636.0,-188.0,-6344.0,-1447.0,4350.0
-954.0,-614.0,-177.0,-6466.0,-1448.0,3909.0
-765.0,-578.0,-144.0,-6208.0,-1372.0,3544.0
-575.0,-532.0,-113.0,-5459.0,-1321.0,3310.0
-361.0,-510.0,-79.0,-4270.0,-1442.0,3203.0
-182.0,-500.0,-70.0,-2804.0,-1724.0,3133.0
-25.0,-481.0,-74.0,-1267.0,-2056.0,3044.0
96.0,-433.0,-76.0,66.0,-2271.0,2861.0
174.0,-369.0,-62.0,1060.0,-2321.0,2634.0
218.0,-286.0,-35.0,1674.0,-2236.0,2448.0
244.0,-200.0,-20.0,1928.0,-2020.0,2346.0
250.0,-99.0,-9.0,1924.0,-1701.0,2377.0
209.0,-21.0,0.0,1794.0,-1365.0,2571.0
116.0,33.0,-14.0,1666.0,-1102.0,2874.0
-13.0,67.0,-34.0,1495.0,-928.0,3172.0
-143.0,95.0,-35.0,1184.0,-796.0,3370.0
-247.0,121.0,-18.0,734.0,-700.0,3425.0
-336.0,142.0,21.0,227.0,-636.0,3349.0
-439.0,161.0,63.0,-251.0,-567.0,3196.0
-490.0,163.0,79.0,-608.0,-470.0,2976.0
-531.0,168.0,75.0,-794.0,-339.0,2728.0
-572.0,165.0,57.0,-853.0,-214.0,2411.0
-591.0,160.0,30.0,-879.0,-177.0,2101.0
-541.0,127.0,-14.0,-926.0,-361.0,1837.0
-454.0,78.0,-56.0,-1056.0,-666.0,1576.0
-368.0,21.0,-78.0,-1273.0,-1003.0,1287.0
-280.0,-36.0,-99.0,-1529.0,-1255.0,969.0
-214.0,-95.0,-114.0,-1753.0,-1348.0,651.0
-155.0,-153.0,-113.0,-1893.0,-1262.0,352.0
-121.0,-200.0,-92.0,-1858.0,-1053.0,92.0
-97.0,-236.0,-76.0,-1656.0,-806.0,-101.0
-79.0,-257.0,-59.0,-1319.0,-605.0,-236.0
-69.0,-259.0,-54.0,-917.0,-498.0,-327.0
-65.0,-250.0,-69.0,-530.0,-480.0,-378.0
-74.0,-211.0,-75.0,-225.0,-505.0,-391.0
-80.0,-171.0,-80.0,6.0,-530.0,-348.0
-84.0,-122.0,-86.0,187.0,-540.0,-259.0
-90.0,-81.0,-76.0,317.0,-538.0,-139.0
-108.0,-33.0,-81.0,383.0,-543.0,-16.0
-126.0,20.0,-72.0,399.0,-552.0,147.0
-152.0,61.0,-76.0,372.0,-558.0,328.0
-171.0,90.0,-64.0,313.0,-560.0,505.0
-186.0,114.0,-59.0,245.0,-563.0,654.0
-200.0,130.0,-52.0,181.0,-560.0,764.0
-201.0,147.0,-51.0,136.0,-543.0,835.0
-198.0,164.0,-54.0,116.0,-510.0,871.0
-213.0,182.0,-53.0,114.0,-458.0,890.0
-217.0,185.0,-46.0,130.0,-396.0,919.0
-226.0,191.0,-36.0,141.0,-317.0,933.0
-236.0,194.0,-22.0,156.0,-230.0,917.0
-239.0,195.0,-11.0,169.0,-151.0,878.0
-240.0,197.0,0.0,182.0,-87.0,812.0
-231.0,191.0,-3.0,192.0,-34.0,728.0
-233.0,190.0,-1.0,189.0,20.0,627.0
-246.0,188.0,2.0,183.0,76.0,526.0
-255.0,180.0,4.0,186.0,132.0,431.0
-257.0,172.0,13.0,202.0,173.0,344.0
-258.0,163.0,24.0,234.0,197.0,256.0
-251.0,151.0,29.0,280.0,208.0,170.0
-259.0,143.0,31.0,328.0,214.0,82.0
-264.0,141.0,30.0,372.0,220.0,17.0
-257.0,137.0,31.0,415.0,221.0,-20.0
-256.0,135.0,27.0,449.0,221.0,-50.0
-248.0,131.0,18.0,471.0,230.0,-83.0
-250.0,134.0,14.0,481.0,258.0,-127.0
-248.0,135.0,9.0,491.0,313.0,-172.0
-232.0,130.0,9.0,515.0,392.0,-209.0
-228.0,131.0,7.0,558.0,483.0,-253.0
-229.0,131.0,10.0,619.0,581.0,-292.0
-226.0,126.0,14.0,698.0,677.0,-310.0
-232.0,120.0,21.0,788.0,761.0,-331.0
-253.0,116.0,30.0,881.0,823.0,-347.0
-244.0,100.0,35.0,975.0,848.0,-350.0
-232.0,95.0,41.0,1059.0,825.0,-379.0
-209.0,94.0,42.0,1135.0,780.0,-425.0
-183.0,88.0,32.0,1190.0,743.0,-490.0
-184.0,97.0,31.0,1205.0,736.0,-570.0
-191.0,99.0,35.0,1187.0,764.0,-622.0
-194.0,108.0,34.0,1152.0,815.0,-630.0
-190.0,114.0,36.0,1124.0,875.0,-618.0
-179.0,124.0,26.0,1097.0,931.0,-605.0
-174.0,132.0,19.0,1043.0,974.0,-612.0
-214.0,159.0,23.0,948.0,1018.0,-631.0
-238.0,188.0,38.0,854.0,1045.0,-575.0
-226.0,198.0,47.0,809.0,1009.0,-468.0
-210.0,196.0,38.0,776.0,932.0,-419.0
-206.0,203.0,37.0,671.0,859.0,-436.0
-206.0,211.0,34.0,489.0,802.0,-454.0
-206.0,207.0,31.0,272.0,767.0,-445.0
-201.0,203.0,31.0,68.0,765.0,-409.0
-202.0,184.0,31.0,-106.0,787.0,-367.0
-203.0,167.0,38.0,-247.0,800.0,-323.0
-209.0,142.0,44.0,-359.0,770.0,-284.0
-208.0,123.0,56.0,-427.0,693.0,-249.0
-218.0,103.0,63.0,-446.0,563.0,-212.0
-227.0,94.0,72.0,-418.0,393.0,-168.0
-235.0,85.0,73.0,-345.0,200.0,-121.0
-251.0,84.0,78.0,-245.0,-1.0,-72.0
-267.0,84.0,80.0,-138.0,-202.0,-18.0
-241.0,84.0,72.0,-43.0,-401.0,43.0
-221.0,98.0,60.0,0.0,-575.0,67.0
-217.0,106.0,41.0,-52.0,-689.0,65.0
-213.0,120.0,33.0,-195.0,-740.0,69.0
-218.0,123.0,17.0,-392.0,-743.0,70.0
-223.0,120.0,6.0,-610.0,-711.0,53.0
-223.0,114.0,-4.0,-825.0,-654.0,10.0
-222.0,99.0,-7.0,-1022.0,-580.0,-60.0
-223.0,81.0,-12.0,-1185.0,-495.0,-151.0
-217.0,64.0,-17.0,-1302.0,-405.0,-259.0
-222.0,48.0,-14.0,-1356.0,-313.0,-372.0
-223.0,31.0,-16.0,-1344.0,-229.0,-482.0
-230.0,18.0,-21.0,-1273.0,-151.0,-588.0
-235.0,6.0,-20.0,-1150.0,-81.0,-676.0
-244.0,2.0,-21.0,-991.0,-21.0,-749.0
-254.0,-2.0,-33.0,-814.0,37.0,-802.0
-253.0,2.0,-40.0,-636.0,98.0,-832.0
-257.0,6.0,-48.0,-470.0,170.0,-841.0
-261.0,14.0,-54.0,-326.0,253.0,-834.0
-270.0,22.0,-64.0,-212.0,341.0,-810.0
-274.0,24.0,-70.0,-127.0,421.0,-774.0
-281.0,28.0,-75.0,-70.0,483.0,-737.0
-287.0,29.0,-79.0,-43.0,521.0,-700.0
-288.0,28.0,-88.0,-46.0,534.0,-666.0
-288.0,25.0,-94.0,-77.0,524.0,-632.0
-292.0,21.0,-90.0,-127.0,497.0,-596.0
-288.0,16.0,-91.0,-191.0,456.0,-558.0
-285.0,15.0,-93.0,-255.0,414.0,-523.0
-284.0,5.0,-90.0,-310.0,376.0,-488.0
-282.0,2.0,-89.0,-349.0,342.0,-454.0
-279.0,0.0,-85.0,-372.0,316.0,-419.0
-278.0,-2.0,-88.0,-380.0,291.0,-386.0
-278.0,-3.0,-84.0,-375.0,269.0,-357.0
-273.0,-10.0,-79.0,-363.0,251.0,-332.0
-267.0,-6.0,-81.0,-346.0,236.0,-311.0
-264.0,-11.0,-85.0,-319.0,228.0,-298.0
-260.0,-18.0,-85.0,-289.0,228.0,-291.0
-257.0,-21.0,-88.0,-257.0,230.0,-286.0
-253.0,-26.0,-85.0,-229.0,238.0,-283.0
-250.0,-32.0,-85.0,-200.0,250.0,-282.0
-247.0,-37.0,-81.0,-170.0,258.0,-273.0
-240.0,-41.0,-79.0,-142.0,264.0,-256.0
-244.0,-43.0,-71.0,-112.0,272.0,-233.0
-239.0,-48.0,-70.0,-76.0,278.0,-205.0
-237.0,-49.0,-68.0,-37.0,282.0,-171.0
-237.0,-56.0,-64.0,5.0,281.0,-138.0
-233.0,-59.0,-61.0,49.0,284.0,-102.0
-233.0,-63.0,-57.0,93.0,290.0,-61.0
-234.0,-63.0,-57.0,133.0,293.0,-22.0
-231.0,-58.0,-55.0,165.0,299.0,17.0
-229.0,-59.0,-58.0,186.0,301.0,54.0
-234.0,-54.0,-61.0,198.0,298.0,85.0
-237.0,-49.0,-60.0,197.0,292.0,113.0
-239.0,-44.0,-64.0,181.0,282.0,136.0
-241.0,-41.0,-65.0,157.0,266.0,151.0
-242.0,-43.0,-71.0,126.0,250.0,162.0
-239.0,-37.0,-65.0,93.0,232.0,166.0
-242.0,-34.0,-67.0,58.0,212.0,162.0
-237.0,-32.0,-62.0,23.0,190.0,155.0
-242.0,-29.0,-63.0,-7.0,169.0,148.0
-241.0,-31.0,-64.0,-34.0,148.0,137.0
-239.0,-31.0,-63.0,-56.0,126.0,123.0
-233.0,-34.0,-62.0,-73.0,101.0,102.0
-236.0,-35.0,-63.0,-81.0,79.0,79.0
-233.0,-34.0,-56.0,-87.0,61.0,59.0
-235.0,-32.0,-61.0,-88.0,47.0,43.0
-231.0,-33.0,-59.0,-86.0,39.0,32.0
-226.0,-32.0,-66.0,-80.0,34.0,24.0
-232.0,-31.0,-66.0,-70.0,34.0,21.0
-232.0,-38.0,-63.0,-59.0,37.0,19.0
-235.0,-26.0,-68.0,-51.0,40.0,22.0
-235.0,-25.0,-65.0,-44.0,38.0,23.0
-238.0,-18.0,-70.0,-40.0,38.0,27.0
-241.0,-20.0,-69.0,-35.0,35.0,27.0
-244.0,-17.0,-69.0,-30.0,33.0,30.0
-246.0,-13.0,-76.0,-26.0,30.0,30.0
-248.0,-12.0,-77.0,-17.0,29.0,30.0
-254.0,-6.0,-77.0,-6.0,29.0,29.0
-253.0,-11.0,-78.0,7.0,30.0,29.0
-256.0,-8.0,-81.0,23.0,31.0,29.0
-256.0,-3.0,-73.0,37.0,30.0,27.0
-257.0,-2.0,-77.0,49.0,20.0,23.0
-258.0,-2.0,-77.0,57.0,9.0,17.0
-262.0,1.0,-74.0,63.0,-5.0,14.0
-259.0,0.0,-73.0,64.0,-18.0,11.0
-259.0,2.0,-74.0,60.0,-34.0,3.0
-260.0,5.0,-70.0,51.0,-46.0,-5.0
-259.0,3.0,-66.0,37.0,-57.0,-8.0
-261.0,5.0,-65.0,21.0,-64.0,-10.0
-259.0,5.0,-66.0,-1.0,-69.0,-10.0
-256.0,7.0,-55.0,-21.0,-72.0,-10.0
-259.0,2.0,-62.0,-42.0,-73.0,-10.0
-258.0,0.0,-58.0,-60.0,-69.0,-5.0
-256.0,0.0,-55.0,-76.0,-62.0,2.0
-255.0,-7.0,-60.0,-86.0,-50.0,10.0
-254.0,-6.0,-53.0,-92.0,-35.0,18.0
-255.0,-11.0,-53.0,-94.0,-17.0,29.0
-249.0,-12.0,-52.0,-88.0,0.0,39.0
-248.0,-15.0,-53.0,-73.0,19.0,51.0
-246.0,-18.0,-54.0,-54.0,37.0,63.0
-241.0,-19.0,-54.0,-29.0,53.0,75.0
-244.0,-17.0,-52.0,-5.0,65.0,87.0
-237.0,-14.0,-57.0,26.0,71.0,98.0
-235.0,-15.0,-59.0,56.0,70.0,107.0
-231.0,-14.0,-58.0,86.0,63.0,112.0
-232.0,-10.0,-60.0,112.0,51.0,114.0
-233.0,-6.0,-62.0,140.0,33.0,119.0
-229.0,-3.0,-63.0,161.0,13.0,122.0
-233.0,-1.0,-60.0,176.0,-9.0,125.0
-230.0,1.0,-58.0,185.0,-33.0,123.0
-233.0,5.0,-59.0,190.0,-57.0,119.0
-235.0,7.0,-61.0,191.0,-79.0,111.0
-240.0,11.0,-60.0,189.0,-99.0,103.0
-238.0,10.0,-61.0,183.0,-114.0,95.0
-241.0,13.0,-60.0,175.0,-126.0,86.0
-245.0,9.0,-61.0,167.0,-136.0,76.0
-242.0,13.0,-57.0,155.0,-138.0,67.0
-245.0,14.0,-61.0,143.0,-134.0,56.0
-251.0,16.0,-59.0,127.0,-130.0,47.0
-249.0,12.0,-62.0,113.0,-122.0,39.0
-251.0,13.0,-61.0,98.0,-114.0,30.0
-250.0,14.0,-62.0,83.0,-106.0,22.0
-248.0,14.0,-60.0,66.0,-98.0,16.0
-250.0,17.0,-49.0,50.0,-91.0,10.0
-250.0,13.0,-60.0,31.0,-86.0,2.0
-251.0,15.0,-58.0,12.0,-80.0,-4.0
-253.0,13.0,-59.0,-6.0,-78.0,-10.0
-252.0,13.0,-54.0,-27.0,-76.0,-17.0
-250.0,9.0,-59.0,-47.0,-76.0,-22.0
-253.0,10.0,-58.0,-64.0,-76.0,-26.0
-250.0,13.0,-61.0,-78.0,-77.0,-32.0
-249.0,10.0,-58.0,-88.0,-79.0,-37.0
-251.0,9.0,-56.0,-97.0,-83.0,-39.0
-257.0,10.0,-74.0,-106.0,-86.0,-43.0
-253.0,9.0,-57.0,-110.0,-89.0,-45.0
-251.0,6.0,-57.0,-112.0,-93.0,-47.0
-250.0,6.0,-60.0,-111.0,-97.0,-50.0
-252.0,6.0,-57.0,-112.0,-100.0,-50.0
-251.0,2.0,-57.0,-110.0,-104.0,-52.0
-253.0,1.0,-56.0,-101.0,-111.0,-54.0
-250.0,-2.0,-56.0,-92.0,-120.0,-58.0
-249.0,0.0,-54.0,-79.0,-129.0,-61.0
-249.0,-2.0,-59.0,-66.0,-133.0,-65.0
-245.0,0.0,-54.0,-53.0,-138.0,-67.0
-248.0,-2.0,-50.0,-42.0,-143.0,-66.0
-244.0,-1.0,-52.0,-31.0,-146.0,-68.0
-246.0,-4.0,-54.0,-20.0,-147.0,-69.0
-248.0,1.0,-49.0,-14.0,-145.0,-68.0
-245.0,0.0,-50.0,-7.0,-139.0,-69.0
-248.0,-2.0,-49.0,-5.0,-129.0,-67.0
-246.0,-2.0,-43.0,-8.0,-119.0,-64.0
-244.0,-2.0,-41.0,-15.0,-103.0,-61.0
-245.0,-7.0,-41.0,-26.0,-85.0,-60.0
-243.0,-7.0,-38.0,-38.0,-68.0,-58.0
-244.0,-3.0,-37.0,-49.0,-49.0,-56.0
-244.0,-10.0,-41.0,-58.0,-26.0,-54.0
-245.0,-10.0,-39.0,-68.0,-1.0,-52.0
-245.0,-12.0,-40.0,-79.0,29.0,-50.0
-246.0,-16.0,-47.0,-86.0,57.0,-49.0
-243.0,-18.0,-49.0,-92.0,84.0,-45.0
-247.0,-18.0,-48.0,-92.0,107.0,-43.0
-247.0,-17.0,-57.0,-85.0,124.0,-41.0
-246.0,-22.0,-58.0,-71.0,133.0,-42.0
-244.0,-17.0,-63.0,-52.0,134.0,-42.0
-245.0,-16.0,-64.0,-27.0,126.0,-45.0
-236.0,-8.0,-67.0,-1.0,111.0,-46.0
-236.0,-11.0,-62.0,25.0,91.0,-49.0
-240.0,-7.0,-61.0,49.0,67.0,-47.0
-236.0,-3.0,-61.0,70.0,41.0,-45.0
-236.0,-1.0,-62.0,88.0,16.0,-43.0
-234.0,0.0,-61.0,99.0,-8.0,-37.0
-239.0,1.0,-56.0,102.0,-29.0,-32.0
-240.0,2.0,-52.0,97.0,-45.0,-26.0
-238.0,3.0,-49.0,85.0,-59.0,-22.0
-239.0,2.0,-49.0,69.0,-68.0,-17.0
-243.0,5.0,-47.0,51.0,-72.0,-14.0
-237.0,2.0,-53.0,33.0,-71.0,-10.0
-243.0,0.0,-48.0,18.0,-66.0,-7.0
-240.0,1.0,-45.0,5.0,-58.0,-1.0
-244.0,0.0,-47.0,-7.0,-48.0,3.0
-245.0,2.0,-43.0,-15.0,-37.0,8.0
-245.0,0.0,-46.0,-21.0,-24.0,10.0
-244.0,-2.0,-47.0,-26.0,-11.0,12.0
-245.0,0.0,-44.0,-29.0,0.0,15.0
-244.0,2.0,-43.0,-34.0,12.0,16.0
-243.0,0.0,-47.0,-41.0,22.0,18.0
-241.0,1.0,-48.0,-47.0,30.0,19.0
-242.0,3.0,-47.0,-53.0,36.0,19.0
-243.0,0.0,-47.0,-60.0,42.0,20.0
-245.0,-1.0,-48.0,-70.0,49.0,19.0
-244.0,0.0,-46.0,-80.0,54.0,21.0
-240.0,0.0,-50.0,-91.0,59.0,20.0
-241.0,-2.0,-48.0,-98.0,64.0,21.0
-245.0,0.0,-48.0,-106.0,71.0,21.0
-246.0,0.0,-46.0,-111.0,77.0,21.0
-247.0,0.0,-44.0,-117.0,84.0,21.0
-246.0,-4.0,-47.0,-120.0,94.0,22.0
-246.0,-7.0,-46.0,-122.0,105.0,22.0
-252.0,-2.0,-40.0,-126.0,117.0,25.0
-246.0,-8.0,-43.0,-130.0,128.0,26.0
