18.0,-252.0,-13.0,446.0,271.0,81.0
26.0,-254.0,-24.0,452.0,305.0,72.0
32.0,-252.0,-42.0,428.0,352.0,65.0
33.0,-255.0,-62.0,367.0,415.0,67.0
29.0,-262.0,-85.0,264.0,507.0,81.0
30.0,-271.0,-93.0,128.0,622.0,104.0
36.0,-285.0,-91.0,-16.0,715.0,135.0
35.0,-287.0,-95.0,-152.0,746.0,162.0
39.0,-284.0,-121.0,-266.0,728.0,180.0
32.0,-282.0,-159.0,-373.0,711.0,213.0
31.0,-286.0,-181.0,-480.0,715.0,244.0
15.0,-285.0,-172.0,-582.0,724.0,252.0
4.0,-274.0,-147.0,-609.0,714.0,264.0
-5.0,-277.0,-109.0,-546.0,683.0,274.0
-6.0,-271.0,-95.0,-452.0,633.0,286.0
-6.0,-270.0,-88.0,-354.0,582.0,303.0
0.0,-266.0,-80.0,-272.0,538.0,320.0
-4.0,-263.0,-70.0,-210.0,510.0,328.0
-12.0,-262.0,-55.0,-152.0,504.0,325.0
-21.0,-254.0,-47.0,-102.0,514.0,310.0
-29.0,-252.0,-46.0,-62.0,533.0,285.0
-35.0,-252.0,-42.0,-33.0,543.0,259.0
-37.0,-253.0,-40.0,-18.0,523.0,235.0
-38.0,-243.0,-42.0,-17.0,469.0,209.0
-40.0,-236.0,-47.0,-34.0,391.0,181.0
-44.0,-234.0,-59.0,-75.0,302.0,139.0
-47.0,-236.0,-62.0,-148.0,219.0,84.0
-47.0,-250.0,-67.0,-245.0,143.0,21.0
-41.0,-261.0,-64.0,-351.0,76.0,-51.0
-33.0,-276.0,-59.0,-443.0,21.0,-124.0
-23.0,-286.0,-53.0,-494.0,-16.0,-192.0
-5.0,-298.0,-44.0,-495.0,-26.0,-256.0
9.0,-307.0,-38.0,-443.0,-14.0,-314.0
24.0,-312.0,-30.0,-354.0,19.0,-366.0
32.0,-307.0,-36.0,-243.0,62.0,-413.0
36.0,-299.0,-31.0,-128.0,110.0,-443.0
35.0,-295.0,-31.0,-10.0,145.0,-458.0
31.0,-276.0,-29.0,105.0,157.0,-466.0
36.0,-258.0,-28.0,203.0,159.0,-458.0
32.0,-246.0,-24.0,274.0,154.0,-434.0
28.0,-237.0,-23.0,325.0,144.0,-405.0
26.0,-225.0,-22.0,356.0,134.0,-385.0
24.0,-210.0,-17.0,376.0,122.0,-367.0
24.0,-196.0,-21.0,384.0,108.0,-358.0
23.0,-184.0,-19.0,377.0,87.0,-352.0
16.0,-176.0,-16.0,353.0,53.0,-352.0
12.0,-155.0,-13.0,319.0,9.0,-359.0
6.0,-136.0,-16.0,267.0,-42.0,-365.0
0.0,-133.0,-13.0,198.0,-86.0,-369.0
-2.0,-132.0,-11.0,134.0,-131.0,-378.0
-4.0,-139.0,-11.0,61.0,-172.0,-384.0
-13.0,-153.0,2.0,-13.0,-217.0,-391.0
-21.0,-176.0,9.0,-81.0,-267.0,-404.0
-30.0,-195.0,15.0,-138.0,-320.0,-421.0
-28.0,-214.0,18.0,-194.0,-371.0,-434.0
-35.0,-236.0,15.0,-256.0,-438.0,-454.0
-39.0,-255.0,11.0,-312.0,-512.0,-476.0
-38.0,-263.0,4.0,-354.0,-593.0,-487.0
-48.0,-275.0,-3.0,-363.0,-672.0,-485.0
-49.0,-282.0,-14.0,-327.0,-752.0,-479.0
-46.0,-286.0,-16.0,-259.0,-825.0,-463.0
-38.0,-296.0,-16.0,-157.0,-886.0,-440.0
-33.0,-293.0,-19.0,-1.0,-935.0,-400.0
-22.0,-288.0,-18.0,145.0,-975.0,-379.0
-20.0,-289.0,-6.0,269.0,-1003.0,-358.0
-4.0,-288.0,-12.0,384.0,-1033.0,-324.0
0.0,-285.0,-4.0,485.0,-1067.0,-285.0
13.0,-268.0,-9.0,543.0,-1092.0,-257.0
25.0,-265.0,-8.0,523.0,-1113.0,-239.0
36.0,-270.0,-5.0,462.0,-1120.0,-230.0
48.0,-282.0,-7.0,413.0,-1118.0,-226.0
64.0,-288.0,-15.0,404.0,-1108.0,-221.0
71.0,-280.0,-16.0,406.0,-1095.0,-222.0
79.0,-279.0,-14.0,404.0,-1084.0,-225.0
82.0,-280.0,-21.0,391.0,-1072.0,-222.0
85.0,-269.0,-16.0,365.0,-1055.0,-210.0
90.0,-260.0,-26.0,328.0,-1032.0,-193.0
93.0,-251.0,-30.0,281.0,-1012.0,-168.0
97.0,-248.0,-53.0,215.0,-996.0,-142.0
108.0,-249.0,-68.0,118.0,-996.0,-125.0
111.0,-244.0,-105.0,-13.0,-1005.0,-112.0
112.0,-236.0,-137.0,-166.0,-1010.0,-108.0
93.0,-226.0,-171.0,-322.0,-999.0,-104.0
70.0,-213.0,-184.0,-463.0,-986.0,-101.0
39.0,-206.0,-178.0,-579.0,-1004.0,-86.0
11.0,-209.0,-166.0,-677.0,-1071.0,-64.0
-17.0,-208.0,-141.0,-743.0,-1170.0,-43.0
-60.0,-210.0,-118.0,-743.0,-1267.0,-35.0
-89.0,-222.0,-92.0,-674.0,-1334.0,-43.0
-126.0,-224.0,-66.0,-554.0,-1366.0,-69.0
-150.0,-232.0,-55.0,-398.0,-1353.0,-123.0
-152.0,-241.0,-46.0,-225.0,-1281.0,-182.0
-138.0,-245.0,-42.0,-79.0,-1160.0,-260.0
-116.0,-257.0,-46.0,11.0,-1007.0,-349.0
-93.0,-258.0,-46.0,25.0,-850.0,-435.0
-63.0,-260.0,-45.0,-34.0,-726.0,-494.0
-45.0,-251.0,-47.0,-97.0,-651.0,-537.0
-23.0,-248.0,-50.0,-162.0,-624.0,-583.0
-9.0,-242.0,-52.0,-215.0,-627.0,-616.0
19.0,-245.0,-54.0,-246.0,-648.0,-598.0
41.0,-251.0,-62.0,-253.0,-680.0,-533.0
52.0,-254.0,-68.0,-239.0,-721.0,-447.0
59.0,-247.0,-80.0,-222.0,-767.0,-345.0
60.0,-248.0,-87.0,-239.0,-827.0,-225.0
62.0,-263.0,-84.0,-273.0,-880.0,-98.0
47.0,-277.0,-75.0,-296.0,-924.0,23.0
13.0,-290.0,-63.0,-314.0,-975.0,72.0
-2.0,-305.0,-58.0,-319.0,-1016.0,114.0
-3.0,-313.0,-51.0,-293.0,-1020.0,159.0
-2.0,-322.0,-50.0,-230.0,-997.0,184.0
-2.0,-313.0,-57.0,-147.0,-954.0,200.0
1.0,-296.0,-68.0,-75.0,-899.0,202.0
8.0,-282.0,-88.0,-24.0,-847.0,209.0
10.0,-251.0,-81.0,6.0,-804.0,213.0
12.0,-224.0,-85.0,11.0,-761.0,197.0
16.0,-200.0,-78.0,2.0,-712.0,168.0
19.0,-179.0,-80.0,-12.0,-656.0,156.0
21.0,-161.0,-78.0,-32.0,-595.0,161.0
35.0,-155.0,-80.0,-53.0,-533.0,201.0
38.0,-146.0,-67.0,-86.0,-474.0,204.0
36.0,-148.0,-49.0,-104.0,-407.0,181.0
37.0,-158.0,-38.0,-110.0,-349.0,145.0
33.0,-171.0,-24.0,-106.0,-308.0,111.0
25.0,-188.0,-20.0,-97.0,-274.0,108.0
18.0,-205.0,-15.0,-97.0,-242.0,108.0
8.0,-219.0,-19.0,-120.0,-203.0,104.0
-3.0,-233.0,-24.0,-169.0,-162.0,95.0
-7.0,-247.0,-28.0,-229.0,-130.0,84.0
-13.0,-256.0,-31.0,-300.0,-110.0,85.0
-19.0,-268.0,-31.0,-373.0,-102.0,97.0
-28.0,-273.0,-30.0,-436.0,-106.0,115.0
-26.0,-284.0,-27.0,-465.0,-118.0,131.0
-26.0,-289.0,-23.0,-464.0,-130.0,154.0
-29.0,-289.0,-33.0,-436.0,-146.0,188.0
-25.0,-282.0,-36.0,-386.0,-162.0,194.0
-22.0,-285.0,-39.0,-318.0,-166.0,185.0
-22.0,-282.0,-40.0,-240.0,-160.0,172.0
-14.0,-282.0,-35.0,-159.0,-147.0,144.0
-12.0,-282.0,-31.0,-76.0,-115.0,115.0
-6.0,-287.0,-27.0,3.0,-72.0,84.0
-5.0,-291.0,-22.0,65.0,-28.0,54.0
-4.0,-293.0,-20.0,111.0,23.0,29.0
-5.0,-291.0,-20.0,143.0,79.0,-3.0
-5.0,-287.0,-18.0,164.0,140.0,-44.0
-7.0,-288.0,-4.0,197.0,215.0,-73.0
1.0,-292.0,10.0,259.0,285.0,-92.0
4.0,-293.0,30.0,346.0,349.0,-107.0
5.0,-289.0,35.0,446.0,397.0,-106.0
9.0,-291.0,38.0,551.0,440.0,-97.0
10.0,-286.0,36.0,644.0,476.0,-88.0
13.0,-285.0,33.0,720.0,497.0,-79.0
13.0,-275.0,21.0,776.0,504.0,-67.0
7.0,-269.0,7.0,808.0,501.0,-59.0
2.0,-258.0,-18.0,812.0,490.0,-57.0
-8.0,-245.0,-51.0,787.0,480.0,-63.0
-10.0,-221.0,-90.0,726.0,488.0,-75.0
-18.0,-198.0,-135.0,627.0,525.0,-89.0
-13.0,-186.0,-173.0,480.0,593.0,-105.0
-9.0,-168.0,-214.0,294.0,676.0,-135.0
-4.0,-145.0,-251.0,96.0,762.0,-179.0
11.0,-132.0,-273.0,-84.0,846.0,-236.0
4.0,-114.0,-291.0,-228.0,923.0,-295.0
-6.0,-98.0,-295.0,-340.0,992.0,-335.0
-25.0,-83.0,-291.0,-437.0,1054.0,-342.0
-28.0,-74.0,-295.0,-540.0,1109.0,-325.0
-22.0,-75.0,-276.0,-652.0,1165.0,-294.0
-10.0,-73.0,-258.0,-754.0,1217.0,-259.0
-12.0,-94.0,-203.0,-832.0,1280.0,-201.0
-11.0,-112.0,-166.0,-832.0,1290.0,-159.0
28.0,-145.0,-118.0,-782.0,1236.0,-134.0
45.0,-161.0,-79.0,-693.0,1061.0,-161.0
49.0,-162.0,-60.0,-584.0,843.0,-190.0
44.0,-163.0,-40.0,-497.0,638.0,-212.0
35.0,-166.0,-23.0,-449.0,460.0,-213.0
35.0,-165.0,-15.0,-428.0,315.0,-209.0
32.0,-171.0,-23.0,-423.0,230.0,-184.0
27.0,-175.0,-47.0,-436.0,205.0,-131.0
38.0,-178.0,-88.0,-492.0,227.0,-62.0
51.0,-187.0,-124.0,-625.0,280.0,-1.0
67.0,-213.0,-150.0,-813.0,347.0,40.0
78.0,-232.0,-166.0,-999.0,406.0,57.0
82.0,-250.0,-165.0,-1127.0,450.0,57.0
90.0,-270.0,-151.0,-1167.0,471.0,40.0
99.0,-293.0,-139.0,-1122.0,482.0,2.0
109.0,-305.0,-126.0,-1003.0,489.0,-55.0
114.0,-306.0,-120.0,-846.0,490.0,-124.0
108.0,-300.0,-116.0,-692.0,497.0,-205.0
90.0,-302.0,-110.0,-578.0,506.0,-286.0
72.0,-284.0,-116.0,-484.0,495.0,-359.0
67.0,-271.0,-117.0,-427.0,481.0,-418.0
63.0,-254.0,-116.0,-408.0,463.0,-455.0
57.0,-240.0,-115.0,-408.0,424.0,-476.0
55.0,-222.0,-109.0,-399.0,348.0,-477.0
46.0,-206.0,-111.0,-365.0,236.0,-466.0
25.0,-189.0,-113.0,-303.0,112.0,-447.0
3.0,-173.0,-118.0,-276.0,-21.0,-426.0
-13.0,-172.0,-116.0,-306.0,-151.0,-399.0
-25.0,-165.0,-113.0,-361.0,-272.0,-351.0
-36.0,-152.0,-107.0,-443.0,-409.0,-314.0
-32.0,-145.0,-98.0,-574.0,-562.0,-297.0
-32.0,-148.0,-88.0,-713.0,-721.0,-284.0
-29.0,-150.0,-83.0,-818.0,-888.0,-266.0
-16.0,-155.0,-76.0,-896.0,-1056.0,-261.0
5.0,-156.0,-82.0,-935.0,-1213.0,-261.0
10.0,-155.0,-80.0,-948.0,-1313.0,-284.0
12.0,-154.0,-79.0,-962.0,-1407.0,-307.0
24.0,-160.0,-78.0,-979.0,-1501.0,-315.0
36.0,-173.0,-64.0,-1017.0,-1562.0,-343.0
40.0,-181.0,-40.0,-1027.0,-1592.0,-381.0
45.0,-179.0,-22.0,-963.0,-1619.0,-399.0
52.0,-178.0,-13.0,-868.0,-1659.0,-397.0
56.0,-169.0,0.0,-759.0,-1720.0,-389.0
61.0,-160.0,8.0,-640.0,-1787.0,-349.0
62.0,-141.0,13.0,-484.0,-1847.0,-283.0
61.0,-127.0,21.0,-339.0,-1888.0,-183.0
59.0,-118.0,27.0,-182.0,-1919.0,-64.0
46.0,-108.0,25.0,-38.0,-1950.0,60.0
28.0,-103.0,13.0,49.0,-1983.0,180.0
16.0,-103.0,9.0,63.0,-2012.0,285.0
5.0,-104.0,5.0,20.0,-2026.0,371.0
7.0,-104.0,-8.0,-76.0,-2040.0,436.0
25.0,-105.0,-13.0,-217.0,-2045.0,472.0
51.0,-107.0,-13.0,-381.0,-2033.0,489.0
69.0,-111.0,-12.0,-541.0,-2016.0,501.0
73.0,-115.0,-8.0,-667.0,-2006.0,518.0
64.0,-124.0,5.0,-734.0,-2015.0,557.0
60.0,-132.0,8.0,-736.0,-2057.0,626.0
45.0,-134.0,9.0,-676.0,-2116.0,717.0
29.0,-134.0,12.0,-571.0,-2184.0,836.0
3.0,-128.0,14.0,-441.0,-2247.0,973.0
-10.0,-117.0,12.0,-304.0,-2303.0,1130.0
-30.0,-111.0,13.0,-179.0,-2356.0,1299.0
-44.0,-103.0,11.0,-77.0,-2413.0,1472.0
-62.0,-98.0,12.0,-15.0,-2480.0,1632.0
-83.0,-89.0,20.0,13.0,-2547.0,1781.0
-103.0,-86.0,28.0,46.0,-2611.0,1928.0
-123.0,-83.0,45.0,98.0,-2675.0,2073.0
-172.0,-78.0,50.0,180.0,-2758.0,2221.0
-232.0,-78.0,32.0,239.0,-2883.0,2375.0
-258.0,-74.0,-4.0,172.0,-3065.0,2514.0
-246.0,-76.0,-20.0,-69.0,-3300.0,2622.0
-243.0,-90.0,-24.0,-364.0,-3568.0,2673.0
-265.0,-106.0,-54.0,-590.0,-3792.0,2728.0
-270.0,-134.0,-101.0,-711.0,-3956.0,2884.0
-248.0,-171.0,-186.0,-699.0,-4127.0,3097.0
-235.0,-196.0,-232.0,-564.0,-4279.0,3311.0
-187.0,-262.0,-247.0,-356.0,-4379.0,3491.0
-118.0,-356.0,-259.0,-203.0,-4492.0,3593.0
-35.0,-477.0,-248.0,-150.0,-4638.0,3611.0
70.0,-558.0,-217.0,-36.0,-4649.0,3474.0
196.0,-612.0,-175.0,241.0,-4386.0,3089.0
295.0,-639.0,-157.0,603.0,-3842.0,2531.0
372.0,-626.0,-139.0,1024.0,-3040.0,1931.0
423.0,-553.0,-127.0,1364.0,-2064.0,1351.0
424.0,-476.0,-97.0,1528.0,-1124.0,887.0
423.0,-360.0,-56.0,1618.0,-440.0,638.0
380.0,-223.0,-48.0,1753.0,-120.0,569.0
293.0,-78.0,-45.0,1914.0,-64.0,693.0
194.0,45.0,-52.0,2050.0,-98.0,1013.0
123.0,118.0,-44.0,2103.0,-137.0,1414.0
55.0,201.0,-43.0,2039.0,-200.0,1783.0
10.0,255.0,-35.0,1891.0,-228.0,2094.0
-38.0,280.0,-3.0,1700.0,-193.0,2353.0
-78.0,258.0,64.0,1458.0,-181.0,2522.0
-114.0,215.0,115.0,1212.0,-164.0,2603.0
-148.0,161.0,154.0,1030.0,-96.0,2625.0
-158.0,112.0,118.0,868.0,-4.0,2592.0
-149.0,56.0,39.0,690.0,77.0,2500.0
-126.0,14.0,-37.0,503.0,40.0,2369.0
-110.0,-4.0,-92.0,362.0,-116.0,2243.0
-119.0,-10.0,-114.0,317.0,-350.0,2173.0
-113.0,13.0,-160.0,320.0,-650.0,2183.0
-96.0,57.0,-220.0,287.0,-895.0,2263.0
-100.0,64.0,-243.0,182.0,-1065.0,2359.0
-115.0,45.0,-239.0,52.0,-1218.0,2467.0
-180.0,2.0,-257.0,-60.0,-1395.0,2574.0
-259.0,-18.0,-317.0,-191.0,-1589.0,2649.0
-326.0,-47.0,-390.0,-398.0,-1799.0,2727.0
-377.0,-103.0,-431.0,-655.0,-1998.0,2845.0
-418.0,-155.0,-424.0,-859.0,-2173.0,2932.0
-465.0,-228.0,-359.0,-907.0,-2325.0,2908.0
-492.0,-305.0,-261.0,-759.0,-2423.0,2775.0
-476.0,-339.0,-155.0,-415.0,-2428.0,2550.0
-400.0,-323.0,-51.0,5.0,-2369.0,2280.0
-316.0,-279.0,8.0,394.0,-2353.0,2004.0
-213.0,-193.0,42.0,655.0,-2445.0,1752.0
-127.0,-129.0,79.0,654.0,-2617.0,1594.0
-73.0,-91.0,151.0,429.0,-2818.0,1538.0
-64.0,-68.0,213.0,212.0,-3040.0,1563.0
-127.0,-48.0,271.0,112.0,-3319.0,1712.0
-219.0,-23.0,257.0,122.0,-3682.0,2074.0
-281.0,-50.0,229.0,21.0,-4066.0,2512.0
-218.0,-189.0,165.0,-179.0,-4373.0,2859.0
-17.0,-304.0,121.0,-226.0,-4462.0,2885.0
156.0,-377.0,42.0,-45.0,-4167.0,2353.0
-51.0,-464.0,71.0,159.0,-3443.0,1576.0
-638.0,-477.0,142.0,444.0,-2361.0,1098.0
-1303.0,-295.0,291.0,774.0,-1563.0,1292.0
-1845.0,-123.0,230.0,1169.0,-1483.0,2173.0
-2221.0,-172.0,-49.0,1186.0,-1710.0,3436.0
-2480.0,-300.0,-379.0,723.0,-1380.0,4115.0
-2112.0,-418.0,-491.0,152.0,-970.0,4385.0
-1479.0,-446.0,-282.0,-283.0,-1090.0,4628.0
-1074.0,-443.0,-8.0,-225.0,-1487.0,4699.0
-781.0,-384.0,196.0,543.0,-1639.0,4613.0
-638.0,-308.0,158.0,1531.0,-1549.0,4593.0
-479.0,-232.0,111.0,2192.0,-1462.0,4710.0
-340.0,-145.0,78.0,2553.0,-1409.0,4865.0
-263.0,-86.0,77.0,2721.0,-1248.0,5042.0
-190.0,-24.0,98.0,2794.0,-1045.0,5186.0
-197.0,15.0,71.0,2856.0,-791.0,5333.0
-229.0,27.0,41.0,2883.0,-578.0,5558.0
-249.0,39.0,12.0,2845.0,-492.0,5724.0
-246.0,64.0,-7.0,2762.0,-425.0,5759.0
-212.0,121.0,-8.0,2586.0,-287.0,5596.0
-195.0,190.0,-8.0,2274.0,-112.0,5118.0
-176.0,243.0,19.0,1864.0,38.0,4609.0
-195.0,276.0,66.0,1428.0,113.0,4096.0
-164.0,278.0,91.0,1032.0,100.0,3655.0
-83.0,253.0,94.0,741.0,59.0,3247.0
-13.0,205.0,77.0,550.0,110.0,2843.0
27.0,148.0,85.0,402.0,294.0,2473.0
44.0,98.0,80.0,272.0,524.0,2178.0
26.0,63.0,82.0,169.0,736.0,1967.0
-7.0,31.0,89.0,104.0,900.0,1835.0
-39.0,-3.0,93.0,128.0,997.0,1722.0
-93.0,-7.0,123.0,218.0,1069.0,1614.0
-166.0,16.0,156.0,360.0,1111.0,1555.0
-185.0,33.0,176.0,539.0,1110.0,1563.0
-206.0,57.0,172.0,687.0,1081.0,1554.0
-118.0,10.0,125.0,717.0,1009.0,1474.0
-170.0,1.0,92.0,415.0,1057.0,1123.0
-234.0,92.0,145.0,-16.0,1241.0,820.0
-252.0,142.0,169.0,-225.0,1213.0,729.0
-258.0,185.0,143.0,-225.0,1068.0,719.0
-261.0,226.0,124.0,-167.0,922.0,701.0
-260.0,267.0,115.0,-104.0,755.0,735.0
-268.0,287.0,112.0,-28.0,565.0,802.0
-291.0,310.0,104.0,48.0,377.0,879.0
-317.0,315.0,92.0,104.0,216.0,955.0
-330.0,307.0,92.0,141.0,68.0,1046.0
-327.0,292.0,93.0,177.0,-91.0,1135.0
-318.0,267.0,99.0,222.0,-263.0,1220.0
-297.0,230.0,105.0,277.0,-434.0,1298.0
-269.0,193.0,109.0,327.0,-587.0,1357.0
-243.0,164.0,108.0,363.0,-713.0,1389.0
-221.0,146.0,125.0,384.0,-818.0,1407.0
-208.0,137.0,110.0,388.0,-914.0,1415.0
-191.0,134.0,98.0,369.0,-999.0,1422.0
-182.0,155.0,84.0,333.0,-1072.0,1424.0
-171.0,162.0,70.0,279.0,-1126.0,1412.0
-177.0,179.0,58.0,214.0,-1169.0,1381.0
-178.0,189.0,46.0,154.0,-1200.0,1346.0
-189.0,208.0,39.0,98.0,-1219.0,1303.0
-195.0,224.0,29.0,46.0,-1229.0,1257.0
-197.0,232.0,21.0,-3.0,-1236.0,1212.0
-199.0,247.0,20.0,-43.0,-1248.0,1175.0
-196.0,251.0,22.0,-75.0,-1271.0,1145.0
-193.0,249.0,26.0,-88.0,-1314.0,1134.0
-189.0,239.0,32.0,-84.0,-1373.0,1138.0
-179.0,225.0,42.0,-66.0,-1437.0,1150.0
-165.0,214.0,44.0,-33.0,-1495.0,1168.0
-153.0,198.0,43.0,4.0,-1533.0,1188.0
-139.0,189.0,40.0,40.0,-1547.0,1200.0
-123.0,178.0,33.0,74.0,-1534.0,1201.0
-112.0,174.0,27.0,109.0,-1495.0,1191.0
-95.0,172.0,15.0,152.0,-1439.0,1172.0
-94.0,177.0,18.0,194.0,-1369.0,1148.0
-89.0,180.0,20.0,229.0,-1297.0,1119.0
-92.0,184.0,20.0,250.0,-1227.0,1086.0
-95.0,186.0,20.0,247.0,-1166.0,1051.0
-107.0,188.0,25.0,227.0,-1120.0,1016.0
-111.0,189.0,33.0,195.0,-1093.0,977.0
-127.0,191.0,40.0,168.0,-1075.0,935.0
-137.0,184.0,37.0,151.0,-1064.0,883.0
-144.0,187.0,31.0,134.0,-1056.0,824.0
-153.0,185.0,21.0,112.0,-1050.0,764.0
-159.0,186.0,13.0,80.0,-1044.0,704.0
-167.0,189.0,9.0,45.0,-1045.0,645.0
-179.0,189.0,9.0,15.0,-1053.0,593.0
-184.0,183.0,12.0,-6.0,-1074.0,561.0
-183.0,178.0,14.0,-11.0,-1109.0,541.0
-176.0,171.0,23.0,6.0,-1147.0,527.0
-173.0,160.0,15.0,44.0,-1174.0,515.0
-164.0,157.0,20.0,105.0,-1173.0,499.0
-149.0,155.0,21.0,175.0,-1145.0,483.0
-144.0,154.0,22.0,238.0,-1100.0,465.0
-131.0,154.0,27.0,283.0,-1054.0,442.0
-124.0,160.0,38.0,300.0,-1026.0,421.0
-120.0,165.0,40.0,286.0,-1020.0,405.0
-113.0,169.0,44.0,245.0,-1036.0,391.0
-115.0,167.0,54.0,185.0,-1068.0,378.0
-114.0,168.0,59.0,113.0,-1114.0,354.0
-117.0,167.0,62.0,33.0,-1160.0,327.0
-120.0,165.0,64.0,-51.0,-1204.0,288.0
-127.0,158.0,59.0,-138.0,-1244.0,239.0
-130.0,157.0,57.0,-216.0,-1276.0,179.0
-133.0,151.0,58.0,-278.0,-1298.0,111.0
-136.0,149.0,51.0,-318.0,-1313.0,41.0
-142.0,145.0,46.0,-344.0,-1329.0,-32.0
-146.0,134.0,53.0,-360.0,-1343.0,-103.0
-152.0,134.0,49.0,-370.0,-1351.0,-171.0
-153.0,129.0,50.0,-368.0,-1352.0,-231.0
-149.0,124.0,48.0,-353.0,-1344.0,-286.0
-149.0,126.0,46.0,-337.0,-1333.0,-339.0
-145.0,121.0,46.0,-325.0,-1332.0,-395.0
-142.0,121.0,44.0,-323.0,-1336.0,-443.0
-137.0,121.0,45.0,-334.0,-1349.0,-489.0
-128.0,127.0,51.0,-363.0,-1367.0,-535.0
-125.0,136.0,50.0,-408.0,-1395.0,-584.0
-113.0,142.0,60.0,-465.0,-1431.0,-630.0
-105.0,148.0,68.0,-533.0,-1463.0,-670.0
-99.0,162.0,75.0,-606.0,-1493.0,-709.0
-90.0,168.0,79.0,-683.0,-1517.0,-738.0
-78.0,167.0,78.0,-756.0,-1525.0,-761.0
-68.0,167.0,72.0,-805.0,-1513.0,-765.0
-69.0,174.0,72.0,-832.0,-1491.0,-770.0
-65.0,190.0,75.0,-865.0,-1483.0,-800.0
-50.0,193.0,90.0,-918.0,-1482.0,-834.0
-38.0,190.0,90.0,-975.0,-1473.0,-856.0
-31.0,191.0,95.0,-1024.0,-1442.0,-864.0
-29.0,189.0,100.0,-1066.0,-1395.0,-870.0
-22.0,187.0,108.0,-1102.0,-1338.0,-878.0
-24.0,185.0,120.0,-1131.0,-1274.0,-892.0
-21.0,183.0,123.0,-1145.0,-1206.0,-917.0
-23.0,183.0,130.0,-1144.0,-1134.0,-936.0
-33.0,180.0,131.0,-1132.0,-1047.0,-944.0
-41.0,180.0,135.0,-1119.0,-958.0,-956.0
-43.0,179.0,143.0,-1094.0,-871.0,-968.0
-50.0,177.0,154.0,-1058.0,-786.0,-964.0
-61.0,179.0,169.0,-1008.0,-715.0,-953.0
-77.0,182.0,181.0,-963.0,-630.0,-949.0
-82.0,181.0,184.0,-936.0,-542.0,-956.0
-100.0,178.0,191.0,-928.0,-464.0,-980.0
-114.0,170.0,197.0,-927.0,-380.0,-1018.0
-122.0,165.0,193.0,-924.0,-340.0,-1063.0
-130.0,162.0,201.0,-918.0,-332.0,-1096.0
-135.0,157.0,208.0,-903.0,-355.0,-1107.0
-145.0,149.0,212.0,-884.0,-389.0,-1120.0
-146.0,147.0,220.0,-863.0,-442.0,-1111.0
-143.0,148.0,227.0,-831.0,-510.0,-1094.0
-131.0,146.0,234.0,-787.0,-553.0,-1070.0
-132.0,149.0,238.0,-731.0,-577.0,-1029.0
-124.0,148.0,244.0,-682.0,-608.0,-1039.0
-110.0,151.0,243.0,-641.0,-627.0,-1041.0
-122.0,156.0,244.0,-603.0,-630.0,-1037.0
-88.0,162.0,254.0,-569.0,-621.0,-1017.0
-91.0,173.0,260.0,-527.0,-616.0,-1005.0
-90.0,175.0,263.0,-499.0,-606.0,-997.0
-82.0,174.0,261.0,-494.0,-585.0,-995.0
-83.0,172.0,263.0,-513.0,-550.0,-1011.0
-84.0,162.0,252.0,-539.0,-513.0,-1027.0
-71.0,153.0,248.0,-569.0,-462.0,-1036.0
-68.0,148.0,245.0,-591.0,-410.0,-1062.0
-67.0,147.0,237.0,-590.0,-358.0,-1090.0
-62.0,143.0,232.0,-589.0,-302.0,-1114.0
-63.0,142.0,230.0,-596.0,-242.0,-1135.0
-57.0,134.0,225.0,-614.0,-171.0,-1153.0
-49.0,128.0,231.0,-638.0,-90.0,-1181.0
-48.0,125.0,233.0,-662.0,-8.0,-1216.0
-42.0,117.0,231.0,-690.0,91.0,-1249.0
-53.0,103.0,238.0,-719.0,213.0,-1278.0
-22.0,83.0,236.0,-738.0,342.0,-1303.0
-37.0,76.0,236.0,-745.0,458.0,-1358.0
-50.0,80.0,233.0,-747.0,572.0,-1389.0
-32.0,73.0,233.0,-758.0,683.0,-1421.0
-48.0,73.0,234.0,-761.0,758.0,-1466.0
-63.0,77.0,234.0,-768.0,827.0,-1476.0
-67.0,80.0,237.0,-772.0,882.0,-1473.0
-83.0,79.0,244.0,-768.0,907.0,-1472.0
-93.0,79.0,232.0,-753.0,924.0,-1452.0
-120.0,79.0,232.0,-750.0,952.0,-1417.0
-101.0,71.0,227.0,-752.0,981.0,-1360.0
-121.0,71.0,223.0,-754.0,978.0,-1343.0
-126.0,72.0,219.0,-749.0,970.0,-1322.0
-127.0,69.0,217.0,-752.0,973.0,-1292.0
-130.0,63.0,217.0,-750.0,988.0,-1259.0
-133.0,60.0,222.0,-735.0,1002.0,-1238.0
-148.0,53.0,225.0,-715.0,1019.0,-1215.0
-157.0,50.0,226.0,-684.0,1027.0,-1183.0
-156.0,41.0,228.0,-655.0,1045.0,-1158.0
-171.0,40.0,235.0,-625.0,1057.0,-1140.0
-191.0,39.0,241.0,-593.0,1060.0,-1114.0
-205.0,41.0,243.0,-564.0,1046.0,-1071.0
-208.0,32.0,247.0,-554.0,1041.0,-1022.0
-221.0,23.0,253.0,-554.0,1056.0,-967.0
-220.0,16.0,252.0,-550.0,1066.0,-912.0
-225.0,6.0,241.0,-542.0,1065.0,-872.0
-235.0,2.0,239.0,-531.0,1041.0,-847.0
-236.0,4.0,228.0,-504.0,1016.0,-812.0
-240.0,0.0,227.0,-470.0,998.0,-765.0
-240.0,-6.0,234.0,-432.0,982.0,-723.0
-238.0,-5.0,230.0,-379.0,963.0,-707.0
-240.0,-9.0,232.0,-340.0,950.0,-697.0
-241.0,-4.0,227.0,-307.0,936.0,-693.0
-247.0,-12.0,231.0,-280.0,923.0,-690.0
-243.0,-14.0,234.0,-251.0,916.0,-664.0
-242.0,-21.0,227.0,-227.0,929.0,-625.0
-233.0,-22.0,221.0,-200.0,941.0,-588.0
-224.0,-24.0,213.0,-173.0,966.0,-586.0
-216.0,-18.0,198.0,-153.0,994.0,-607.0
-211.0,-21.0,190.0,-136.0,1020.0,-626.0
-195.0,-17.0,176.0,-121.0,1041.0,-625.0
-184.0,-18.0,174.0,-104.0,1070.0,-617.0
-178.0,-10.0,167.0,-79.0,1089.0,-615.0
-162.0,-3.0,164.0,-47.0,1105.0,-613.0
-164.0,6.0,172.0,-11.0,1124.0,-615.0
-167.0,7.0,188.0,21.0,1144.0,-616.0
-167.0,16.0,163.0,47.0,1158.0,-619.0
-165.0,7.0,160.0,40.0,1155.0,-641.0
-171.0,6.0,154.0,39.0,1158.0,-656.0
-172.0,6.0,149.0,30.0,1164.0,-654.0
-173.0,8.0,141.0,17.0,1164.0,-651.0
-177.0,7.0,139.0,3.0,1160.0,-668.0
-179.0,8.0,134.0,-18.0,1149.0,-690.0
-185.0,1.0,124.0,-42.0,1151.0,-719.0
-186.0,2.0,124.0,-63.0,1162.0,-740.0
-197.0,7.0,128.0,-82.0,1180.0,-769.0
-211.0,1.0,128.0,-89.0,1194.0,-800.0
-218.0,-4.0,120.0,-108.0,1174.0,-826.0
-222.0,-15.0,111.0,-123.0,1180.0,-809.0
-225.0,-13.0,104.0,-128.0,1188.0,-770.0
-222.0,-6.0,102.0,-121.0,1182.0,-733.0
-226.0,-3.0,102.0,-110.0,1183.0,-710.0
-234.0,1.0,98.0,-108.0,1174.0,-697.0
-243.0,5.0,92.0,-128.0,1145.0,-680.0
-257.0,3.0,87.0,-165.0,1115.0,-659.0
-259.0,-4.0,77.0,-215.0,1066.0,-647.0
-249.0,-8.0,75.0,-257.0,1010.0,-613.0
-243.0,-10.0,72.0,-300.0,979.0,-583.0
-242.0,-14.0,70.0,-340.0,945.0,-548.0
-246.0,-19.0,71.0,-367.0,902.0,-523.0
-242.0,-25.0,70.0,-384.0,857.0,-509.0
-241.0,-35.0,72.0,-399.0,809.0,-494.0
-245.0,-43.0,71.0,-408.0,772.0,-480.0
-255.0,-48.0,76.0,-404.0,736.0,-466.0
-258.0,-50.0,74.0,-393.0,708.0,-447.0
-267.0,-63.0,72.0,-384.0,694.0,-422.0
-272.0,-62.0,70.0,-368.0,673.0,-386.0
-273.0,-68.0,71.0,-348.0,639.0,-360.0
-280.0,-63.0,79.0,-347.0,627.0,-330.0
-295.0,-55.0,75.0,-357.0,619.0,-284.0
-298.0,-56.0,77.0,-376.0,594.0,-235.0
-298.0,-63.0,75.0,-394.0,570.0,-185.0
-308.0,-60.0,77.0,-412.0,548.0,-147.0
-306.0,-65.0,74.0,-431.0,516.0,-115.0
-302.0,-73.0,76.0,-451.0,505.0,-89.0
-305.0,-74.0,77.0,-457.0,503.0,-57.0
-297.0,-79.0,79.0,-448.0,474.0,-30.0
-289.0,-79.0,84.0,-423.0,435.0,-1.0
-285.0,-78.0,85.0,-397.0,410.0,29.0
-271.0,-77.0,85.0,-368.0,372.0,67.0
-255.0,-76.0,86.0,-333.0,319.0,79.0
-245.0,-72.0,86.0,-288.0,358.0,76.0
-233.0,-78.0,88.0,-239.0,402.0,87.0
-232.0,-78.0,91.0,-173.0,412.0,103.0
-236.0,-74.0,94.0,-95.0,380.0,122.0
-217.0,-68.0,89.0,-1.0,319.0,130.0
-217.0,-59.0,94.0,64.0,331.0,116.0
-220.0,-57.0,90.0,105.0,342.0,107.0
-216.0,-47.0,95.0,135.0,330.0,97.0
-213.0,-43.0,93.0,159.0,325.0,72.0
-212.0,-35.0,99.0,187.0,331.0,37.0
-211.0,-30.0,97.0,213.0,336.0,0.0
-214.0,-21.0,97.0,230.0,343.0,-38.0
-219.0,-19.0,97.0,242.0,349.0,-76.0
-215.0,-17.0,91.0,252.0,344.0,-111.0
-216.0,-19.0,89.0,257.0,345.0,-143.0
-224.0,-22.0,80.0,256.0,346.0,-161.0
-227.0,-19.0,83.0,253.0,350.0,-171.0
-238.0,-23.0,83.0,257.0,355.0,-163.0
-248.0,-30.0,82.0,268.0,352.0,-139.0
-255.0,-32.0,87.0,285.0,355.0,-104.0
-263.0,-31.0,95.0,305.0,353.0,-50.0
-259.0,-36.0,103.0,331.0,338.0,10.0
-261.0,-36.0,109.0,365.0,321.0,61.0
-258.0,-39.0,109.0,396.0,296.0,113.0
-258.0,-34.0,116.0,419.0,271.0,155.0
-250.0,-32.0,121.0,445.0,241.0,190.0
-249.0,-29.0,124.0,463.0,217.0,217.0
-247.0,-22.0,127.0,474.0,193.0,241.0
-248.0,-20.0,123.0,472.0,177.0,258.0
-250.0,-13.0,123.0,457.0,162.0,274.0
-244.0,-10.0,118.0,431.0,156.0,285.0
-246.0,-3.0,114.0,399.0,162.0,285.0
-246.0,-3.0,107.0,365.0,173.0,281.0
-250.0,-2.0,105.0,337.0,183.0,274.0
-249.0,2.0,102.0,314.0,189.0,269.0
-248.0,4.0,99.0,294.0,196.0,257.0
-252.0,6.0,96.0,278.0,202.0,242.0
-252.0,9.0,90.0,263.0,202.0,221.0
-250.0,8.0,87.0,248.0,201.0,197.0
-251.0,11.0,81.0,228.0,203.0,171.0
-257.0,12.0,81.0,204.0,205.0,151.0
-249.0,10.0,77.0,181.0,211.0,133.0
-248.0,14.0,73.0,159.0,219.0,116.0
-249.0,5.0,73.0,139.0,226.0,104.0
-248.0,4.0,76.0,126.0,229.0,97.0
-248.0,5.0,70.0,120.0,229.0,93.0
-252.0,2.0,70.0,116.0,225.0,88.0
-247.0,1.0,71.0,111.0,215.0,85.0
