-102.0,-215.0,-87.0,290.0,-365.0,-492.0
-132.0,-208.0,-92.0,324.0,-432.0,-404.0
-144.0,-217.0,-101.0,335.0,-493.0,-313.0
-155.0,-227.0,-99.0,331.0,-534.0,-210.0
-156.0,-239.0,-109.0,316.0,-559.0,-102.0
-157.0,-253.0,-106.0,290.0,-566.0,26.0
-157.0,-261.0,-91.0,251.0,-557.0,125.0
-144.0,-259.0,-99.0,224.0,-539.0,219.0
-150.0,-272.0,-95.0,203.0,-514.0,296.0
-116.0,-275.0,-89.0,182.0,-493.0,357.0
-103.0,-281.0,-75.0,155.0,-474.0,401.0
-73.0,-268.0,-69.0,126.0,-456.0,433.0
-58.0,-272.0,-87.0,103.0,-435.0,459.0
-19.0,-257.0,-91.0,74.0,-414.0,475.0
4.0,-260.0,-92.0,54.0,-387.0,483.0
25.0,-249.0,-88.0,31.0,-349.0,484.0
39.0,-241.0,-85.0,-8.0,-319.0,478.0
48.0,-237.0,-72.0,-41.0,-294.0,473.0
62.0,-239.0,-58.0,-77.0,-266.0,475.0
70.0,-243.0,-54.0,-115.0,-237.0,484.0
85.0,-249.0,-42.0,-139.0,-205.0,502.0
91.0,-252.0,-27.0,-138.0,-164.0,521.0
94.0,-254.0,-28.0,-106.0,-123.0,538.0
97.0,-257.0,-26.0,-61.0,-92.0,543.0
95.0,-251.0,-27.0,-25.0,-81.0,540.0
90.0,-253.0,-29.0,42.0,-59.0,529.0
83.0,-242.0,-34.0,94.0,-30.0,514.0
71.0,-235.0,-33.0,126.0,6.0,493.0
60.0,-230.0,-31.0,145.0,54.0,469.0
53.0,-227.0,-27.0,162.0,109.0,445.0
42.0,-218.0,-27.0,183.0,159.0,420.0
31.0,-213.0,-27.0,200.0,199.0,395.0
26.0,-206.0,-29.0,224.0,229.0,379.0
20.0,-202.0,-35.0,237.0,256.0,364.0
14.0,-198.0,-35.0,234.0,292.0,348.0
0.0,-196.0,-39.0,215.0,335.0,330.0
-5.0,-193.0,-44.0,189.0,363.0,318.0
-9.0,-195.0,-41.0,145.0,394.0,308.0
-12.0,-194.0,-34.0,101.0,424.0,296.0
-13.0,-194.0,-31.0,79.0,445.0,279.0
-21.0,-192.0,-25.0,75.0,458.0,267.0
-25.0,-195.0,-23.0,85.0,462.0,250.0
-30.0,-195.0,-23.0,94.0,463.0,239.0
-36.0,-198.0,-29.0,89.0,461.0,222.0
-43.0,-200.0,-29.0,82.0,454.0,206.0
-49.0,-199.0,-31.0,74.0,447.0,191.0
-47.0,-203.0,-31.0,64.0,441.0,173.0
-51.0,-204.0,-32.0,52.0,435.0,148.0
-54.0,-207.0,-26.0,38.0,431.0,128.0
-50.0,-209.0,-29.0,29.0,427.0,106.0
-50.0,-212.0,-32.0,28.0,423.0,91.0
-48.0,-214.0,-25.0,30.0,423.0,72.0
-41.0,-221.0,-24.0,38.0,418.0,56.0
-37.0,-222.0,-20.0,59.0,411.0,36.0
-28.0,-228.0,-14.0,86.0,403.0,16.0
-23.0,-231.0,-13.0,128.0,398.0,-6.0
-21.0,-230.0,-10.0,172.0,396.0,-29.0
-15.0,-235.0,-5.0,227.0,395.0,-58.0
-18.0,-232.0,-1.0,285.0,390.0,-83.0
-12.0,-232.0,-3.0,329.0,383.0,-115.0
-12.0,-229.0,-2.0,355.0,380.0,-138.0
-12.0,-232.0,1.0,356.0,381.0,-166.0
-11.0,-229.0,0.0,345.0,384.0,-184.0
-3.0,-228.0,1.0,326.0,390.0,-205.0
-6.0,-226.0,1.0,293.0,400.0,-213.0
-9.0,-224.0,3.0,264.0,410.0,-219.0
-13.0,-223.0,8.0,241.0,419.0,-217.0
-11.0,-224.0,6.0,234.0,428.0,-218.0
-8.0,-222.0,3.0,237.0,437.0,-215.0
-10.0,-214.0,-6.0,246.0,443.0,-219.0
-11.0,-215.0,-19.0,256.0,439.0,-225.0
-6.0,-211.0,-20.0,259.0,439.0,-238.0
-8.0,-208.0,-28.0,251.0,443.0,-248.0
-4.0,-208.0,-25.0,228.0,454.0,-266.0
-1.0,-209.0,-27.0,187.0,471.0,-274.0
0.0,-212.0,-25.0,146.0,481.0,-286.0
3.0,-216.0,-24.0,100.0,489.0,-291.0
7.0,-223.0,-22.0,59.0,491.0,-298.0
10.0,-227.0,-25.0,19.0,494.0,-299.0
6.0,-233.0,-18.0,-17.0,494.0,-301.0
7.0,-240.0,-10.0,-53.0,484.0,-297.0
-1.0,-247.0,2.0,-86.0,466.0,-294.0
-11.0,-248.0,9.0,-112.0,433.0,-286.0
-19.0,-259.0,9.0,-127.0,386.0,-271.0
-28.0,-257.0,16.0,-128.0,347.0,-253.0
-32.0,-264.0,20.0,-117.0,318.0,-236.0
-37.0,-266.0,30.0,-93.0,302.0,-214.0
-46.0,-275.0,30.0,-56.0,296.0,-199.0
-53.0,-278.0,35.0,-6.0,294.0,-182.0
-60.0,-281.0,38.0,49.0,292.0,-166.0
-65.0,-286.0,40.0,98.0,286.0,-144.0
-70.0,-286.0,40.0,134.0,277.0,-122.0
-68.0,-287.0,37.0,160.0,266.0,-91.0
-70.0,-289.0,42.0,172.0,254.0,-48.0
-67.0,-295.0,41.0,166.0,241.0,-7.0
-68.0,-299.0,40.0,156.0,228.0,30.0
-66.0,-313.0,36.0,142.0,217.0,67.0
-63.0,-321.0,45.0,134.0,207.0,100.0
-62.0,-324.0,46.0,146.0,207.0,137.0
-63.0,-329.0,49.0,170.0,202.0,156.0
-61.0,-333.0,49.0,203.0,189.0,170.0
-62.0,-330.0,50.0,234.0,178.0,175.0
-60.0,-327.0,49.0,270.0,172.0,176.0
-55.0,-329.0,50.0,318.0,174.0,170.0
-53.0,-329.0,55.0,359.0,184.0,162.0
-54.0,-326.0,54.0,398.0,196.0,150.0
-57.0,-319.0,62.0,432.0,212.0,137.0
-55.0,-316.0,68.0,470.0,228.0,125.0
-61.0,-314.0,61.0,509.0,238.0,112.0
-57.0,-307.0,54.0,543.0,243.0,100.0
-57.0,-302.0,31.0,553.0,238.0,90.0
-52.0,-306.0,8.0,534.0,221.0,84.0
-43.0,-306.0,-24.0,477.0,188.0,81.0
-33.0,-308.0,-56.0,372.0,141.0,82.0
-22.0,-312.0,-88.0,247.0,98.0,81.0
-13.0,-324.0,-108.0,102.0,53.0,74.0
-15.0,-335.0,-123.0,-59.0,0.0,64.0
-28.0,-352.0,-140.0,-225.0,-71.0,65.0
-33.0,-367.0,-156.0,-388.0,-161.0,81.0
-35.0,-378.0,-162.0,-529.0,-259.0,119.0
-39.0,-379.0,-156.0,-627.0,-363.0,177.0
-42.0,-371.0,-142.0,-664.0,-467.0,248.0
-53.0,-349.0,-132.0,-629.0,-579.0,318.0
-49.0,-325.0,-123.0,-526.0,-658.0,360.0
-35.0,-297.0,-120.0,-426.0,-708.0,383.0
-20.0,-268.0,-115.0,-327.0,-730.0,397.0
-3.0,-254.0,-116.0,-241.0,-743.0,398.0
16.0,-237.0,-104.0,-168.0,-751.0,390.0
41.0,-228.0,-108.0,-84.0,-762.0,385.0
58.0,-221.0,-111.0,-19.0,-764.0,366.0
76.0,-218.0,-111.0,16.0,-747.0,322.0
90.0,-224.0,-108.0,20.0,-716.0,243.0
109.0,-234.0,-93.0,-25.0,-672.0,148.0
115.0,-237.0,-70.0,-63.0,-638.0,50.0
118.0,-237.0,-45.0,-82.0,-613.0,-39.0
116.0,-240.0,-26.0,-75.0,-598.0,-114.0
106.0,-241.0,-19.0,-59.0,-587.0,-187.0
98.0,-246.0,-7.0,-39.0,-586.0,-249.0
91.0,-248.0,-2.0,-20.0,-594.0,-312.0
79.0,-259.0,1.0,-15.0,-614.0,-367.0
71.0,-262.0,-11.0,-17.0,-636.0,-426.0
55.0,-266.0,-19.0,-28.0,-647.0,-490.0
46.0,-268.0,-30.0,-41.0,-654.0,-541.0
39.0,-269.0,-43.0,-54.0,-657.0,-588.0
33.0,-265.0,-48.0,-72.0,-657.0,-628.0
31.0,-261.0,-45.0,-84.0,-658.0,-648.0
21.0,-251.0,-45.0,-82.0,-658.0,-655.0
14.0,-241.0,-51.0,-72.0,-658.0,-642.0
7.0,-226.0,-53.0,-56.0,-651.0,-615.0
9.0,-212.0,-53.0,-44.0,-644.0,-569.0
16.0,-198.0,-53.0,-39.0,-641.0,-520.0
19.0,-186.0,-56.0,-43.0,-643.0,-450.0
25.0,-179.0,-56.0,-58.0,-648.0,-397.0
29.0,-171.0,-56.0,-81.0,-659.0,-343.0
33.0,-170.0,-57.0,-116.0,-678.0,-296.0
37.0,-170.0,-56.0,-160.0,-698.0,-253.0
46.0,-168.0,-47.0,-203.0,-721.0,-223.0
50.0,-172.0,-44.0,-239.0,-742.0,-195.0
62.0,-180.0,-26.0,-278.0,-761.0,-180.0
65.0,-187.0,-19.0,-304.0,-778.0,-172.0
67.0,-194.0,-16.0,-324.0,-790.0,-179.0
66.0,-198.0,-9.0,-349.0,-794.0,-183.0
67.0,-205.0,-1.0,-359.0,-794.0,-192.0
67.0,-213.0,0.0,-352.0,-798.0,-195.0
65.0,-219.0,1.0,-330.0,-800.0,-198.0
59.0,-228.0,2.0,-302.0,-803.0,-198.0
58.0,-239.0,7.0,-274.0,-807.0,-199.0
54.0,-238.0,8.0,-238.0,-810.0,-192.0
48.0,-244.0,8.0,-200.0,-818.0,-186.0
38.0,-248.0,4.0,-165.0,-834.0,-173.0
33.0,-251.0,3.0,-134.0,-847.0,-149.0
21.0,-250.0,3.0,-91.0,-868.0,-125.0
16.0,-251.0,0.0,-61.0,-888.0,-107.0
9.0,-247.0,-6.0,-33.0,-900.0,-84.0
3.0,-246.0,-3.0,-7.0,-908.0,-60.0
0.0,-241.0,-2.0,23.0,-910.0,-32.0
-3.0,-250.0,-14.0,46.0,-914.0,-3.0
-2.0,-250.0,-12.0,28.0,-927.0,30.0
-5.0,-248.0,-10.0,14.0,-945.0,63.0
-3.0,-248.0,-10.0,15.0,-965.0,101.0
-5.0,-248.0,-11.0,30.0,-993.0,148.0
1.0,-252.0,-21.0,46.0,-1018.0,192.0
3.0,-251.0,-15.0,52.0,-1039.0,233.0
9.0,-246.0,-18.0,72.0,-1060.0,272.0
18.0,-247.0,-23.0,94.0,-1076.0,303.0
21.0,-235.0,-20.0,106.0,-1087.0,332.0
30.0,-229.0,-17.0,132.0,-1094.0,359.0
33.0,-220.0,-22.0,146.0,-1103.0,386.0
38.0,-213.0,-22.0,152.0,-1113.0,411.0
42.0,-209.0,-23.0,148.0,-1124.0,434.0
45.0,-204.0,-31.0,147.0,-1138.0,456.0
47.0,-197.0,-29.0,149.0,-1150.0,478.0
47.0,-195.0,-31.0,148.0,-1156.0,501.0
46.0,-193.0,-33.0,144.0,-1156.0,532.0
48.0,-187.0,-28.0,120.0,-1150.0,561.0
48.0,-186.0,-22.0,104.0,-1149.0,590.0
51.0,-185.0,-20.0,100.0,-1155.0,614.0
50.0,-178.0,-20.0,103.0,-1165.0,639.0
51.0,-173.0,-26.0,99.0,-1179.0,668.0
54.0,-169.0,-30.0,92.0,-1191.0,697.0
52.0,-163.0,-33.0,84.0,-1205.0,720.0
50.0,-159.0,-32.0,76.0,-1211.0,742.0
51.0,-158.0,-28.0,68.0,-1213.0,762.0
47.0,-154.0,-28.0,62.0,-1212.0,782.0
43.0,-151.0,-28.0,56.0,-1215.0,803.0
42.0,-145.0,-26.0,50.0,-1221.0,828.0
42.0,-138.0,-28.0,45.0,-1228.0,859.0
40.0,-136.0,-33.0,36.0,-1241.0,889.0
40.0,-133.0,-31.0,25.0,-1259.0,925.0
32.0,-128.0,-30.0,12.0,-1284.0,973.0
30.0,-128.0,-32.0,-4.0,-1311.0,1014.0
24.0,-129.0,-31.0,-19.0,-1322.0,1062.0
18.0,-126.0,-30.0,-38.0,-1325.0,1115.0
19.0,-131.0,-28.0,-56.0,-1322.0,1170.0
19.0,-134.0,-31.0,-74.0,-1324.0,1226.0
21.0,-136.0,-35.0,-89.0,-1328.0,1276.0
28.0,-142.0,-25.0,-114.0,-1331.0,1322.0
29.0,-143.0,-23.0,-111.0,-1328.0,1358.0
30.0,-149.0,-20.0,-110.0,-1319.0,1392.0
30.0,-146.0,-19.0,-116.0,-1313.0,1426.0
26.0,-150.0,-18.0,-120.0,-1308.0,1452.0
17.0,-154.0,-15.0,-124.0,-1304.0,1475.0
11.0,-159.0,-10.0,-131.0,-1300.0,1501.0
2.0,-163.0,-10.0,-137.0,-1304.0,1527.0
-2.0,-166.0,-14.0,-138.0,-1321.0,1555.0
-8.0,-164.0,-19.0,-137.0,-1344.0,1574.0
-12.0,-159.0,-25.0,-139.0,-1366.0,1589.0
-22.0,-154.0,-33.0,-147.0,-1382.0,1594.0
-28.0,-153.0,-41.0,-165.0,-1389.0,1601.0
-37.0,-148.0,-48.0,-189.0,-1388.0,1602.0
-40.0,-143.0,-44.0,-207.0,-1380.0,1607.0
-41.0,-139.0,-33.0,-202.0,-1367.0,1607.0
-45.0,-136.0,-20.0,-172.0,-1349.0,1611.0
-41.0,-133.0,-14.0,-127.0,-1331.0,1609.0
-27.0,-132.0,-12.0,-74.0,-1315.0,1613.0
-15.0,-130.0,2.0,-17.0,-1300.0,1608.0
-6.0,-123.0,2.0,45.0,-1283.0,1603.0
3.0,-116.0,4.0,91.0,-1260.0,1588.0
12.0,-112.0,6.0,123.0,-1228.0,1572.0
17.0,-111.0,6.0,152.0,-1173.0,1554.0
20.0,-109.0,7.0,176.0,-1122.0,1538.0
20.0,-112.0,5.0,201.0,-1076.0,1513.0
13.0,-112.0,7.0,224.0,-1047.0,1486.0
6.0,-115.0,8.0,252.0,-1028.0,1450.0
-2.0,-114.0,8.0,284.0,-1012.0,1426.0
-11.0,-116.0,5.0,319.0,-993.0,1406.0
-13.0,-119.0,9.0,353.0,-968.0,1400.0
-14.0,-122.0,12.0,388.0,-935.0,1395.0
-21.0,-122.0,6.0,421.0,-900.0,1398.0
-26.0,-128.0,8.0,454.0,-871.0,1401.0
-32.0,-126.0,8.0,468.0,-840.0,1417.0
-27.0,-130.0,5.0,477.0,-809.0,1438.0
-26.0,-127.0,-1.0,477.0,-782.0,1472.0
-25.0,-127.0,6.0,457.0,-758.0,1504.0
-22.0,-129.0,8.0,420.0,-734.0,1538.0
-22.0,-138.0,9.0,375.0,-713.0,1563.0
-16.0,-142.0,8.0,333.0,-693.0,1590.0
-14.0,-139.0,-2.0,304.0,-671.0,1611.0
-14.0,-135.0,-8.0,279.0,-640.0,1635.0
-11.0,-135.0,-14.0,264.0,-608.0,1647.0
-7.0,-132.0,-13.0,262.0,-570.0,1672.0
-3.0,-132.0,-10.0,284.0,-530.0,1698.0
2.0,-134.0,-8.0,322.0,-491.0,1724.0
6.0,-131.0,-9.0,365.0,-456.0,1742.0
8.0,-128.0,-7.0,412.0,-419.0,1760.0
11.0,-129.0,-8.0,462.0,-377.0,1772.0
16.0,-122.0,-15.0,514.0,-333.0,1788.0
25.0,-117.0,-18.0,555.0,-284.0,1800.0
32.0,-108.0,-27.0,588.0,-223.0,1806.0
37.0,-96.0,-39.0,607.0,-181.0,1807.0
35.0,-88.0,-54.0,605.0,-148.0,1813.0
31.0,-84.0,-61.0,586.0,-125.0,1819.0
28.0,-85.0,-58.0,563.0,-117.0,1838.0
30.0,-88.0,-64.0,548.0,-127.0,1856.0
18.0,-94.0,-52.0,536.0,-145.0,1872.0
-3.0,-96.0,-38.0,538.0,-163.0,1889.0
-12.0,-99.0,-29.0,567.0,-198.0,1911.0
-20.0,-95.0,-24.0,627.0,-261.0,1924.0
-33.0,-91.0,-13.0,710.0,-348.0,1935.0
-51.0,-87.0,2.0,781.0,-424.0,1942.0
-69.0,-74.0,7.0,852.0,-516.0,1956.0
-82.0,-72.0,11.0,910.0,-607.0,1968.0
-91.0,-67.0,14.0,959.0,-690.0,1986.0
-98.0,-60.0,13.0,994.0,-768.0,2013.0
-104.0,-53.0,17.0,1020.0,-834.0,2053.0
-104.0,-41.0,13.0,1045.0,-883.0,2099.0
-94.0,-30.0,1.0,1082.0,-920.0,2150.0
-82.0,-5.0,-9.0,1125.0,-955.0,2214.0
-59.0,8.0,-9.0,1149.0,-988.0,2271.0
-45.0,5.0,-11.0,1173.0,-1034.0,2332.0
-42.0,8.0,-1.0,1225.0,-1081.0,2381.0
-51.0,-4.0,45.0,1283.0,-1156.0,2406.0
-154.0,-27.0,91.0,1370.0,-1311.0,2397.0
-231.0,-99.0,183.0,1492.0,-1624.0,2410.0
-379.0,-286.0,381.0,1799.0,-2084.0,2486.0
27.0,-722.0,556.0,2685.0,-2748.0,2818.0
-839.0,-1222.0,578.0,4518.0,-3300.0,3086.0
-2414.0,-1291.0,672.0,5930.0,-3122.0,3262.0
-2751.0,-1759.0,1591.0,5590.0,-1845.0,3558.0
-3192.0,-2795.0,1191.0,5354.0,-993.0,3637.0
-2799.0,-1537.0,-259.0,7157.0,-1034.0,3617.0
-1948.0,631.0,-966.0,6885.0,462.0,3667.0
-1438.0,648.0,-693.0,3383.0,1209.0,3548.0
-931.0,322.0,-438.0,-826.0,1428.0,3426.0
-723.0,77.0,23.0,-3799.0,1687.0,3376.0
-563.0,-252.0,231.0,-5083.0,1618.0,3221.0
-205.0,-426.0,236.0,-5043.0,1517.0,3109.0
26.0,-441.0,115.0,-3979.0,1517.0,2882.0
-1.0,-418.0,65.0,-2970.0,1701.0,2651.0
-83.0,-356.0,104.0,-2238.0,2004.0,2581.0
-98.0,-292.0,170.0,-1742.0,2135.0,2513.0
-128.0,-212.0,239.0,-1349.0,2090.0,2390.0
-150.0,-152.0,255.0,-1178.0,2101.0,2232.0
-229.0,-168.0,205.0,-1130.0,2068.0,1995.0
-195.0,-246.0,132.0,-1104.0,1969.0,1744.0
-161.0,-308.0,89.0,-900.0,1838.0,1573.0
-192.0,-327.0,66.0,-498.0,1730.0,1451.0
-236.0,-326.0,66.0,37.0,1680.0,1475.0
-244.0,-322.0,24.0,354.0,1615.0,1594.0
-262.0,-325.0,11.0,528.0,1529.0,1766.0
-293.0,-329.0,57.0,689.0,1423.0,1990.0
-301.0,-308.0,68.0,1019.0,1300.0,2269.0
-308.0,-261.0,72.0,1416.0,1200.0,2512.0
-285.0,-220.0,57.0,1754.0,1161.0,2680.0
-258.0,-177.0,20.0,1921.0,1172.0,2731.0
-278.0,-146.0,-14.0,1834.0,1240.0,2675.0
-300.0,-113.0,-56.0,1568.0,1334.0,2520.0
-289.0,-107.0,-64.0,1156.0,1405.0,2390.0
-267.0,-83.0,-41.0,886.0,1493.0,2246.0
-249.0,-35.0,-2.0,735.0,1599.0,2099.0
-249.0,14.0,28.0,654.0,1720.0,1970.0
-228.0,70.0,91.0,609.0,1838.0,1857.0
-186.0,109.0,115.0,587.0,1933.0,1708.0
-182.0,146.0,131.0,529.0,1992.0,1520.0
-194.0,200.0,158.0,390.0,2010.0,1318.0
-197.0,232.0,164.0,152.0,1955.0,1083.0
-114.0,213.0,138.0,-315.0,1812.0,863.0
-61.0,188.0,111.0,-705.0,1753.0,666.0
-21.0,160.0,94.0,-1017.0,1772.0,482.0
3.0,130.0,70.0,-1264.0,1804.0,305.0
6.0,109.0,53.0,-1479.0,1815.0,128.0
-12.0,98.0,45.0,-1654.0,1783.0,-27.0
-11.0,87.0,27.0,-1749.0,1691.0,-129.0
-24.0,75.0,6.0,-1770.0,1563.0,-190.0
-43.0,71.0,-26.0,-1721.0,1430.0,-231.0
-57.0,71.0,-41.0,-1606.0,1308.0,-234.0
-79.0,76.0,-59.0,-1396.0,1209.0,-216.0
-107.0,75.0,-73.0,-1196.0,1182.0,-183.0
-138.0,80.0,-72.0,-1009.0,1198.0,-159.0
-165.0,79.0,-64.0,-835.0,1239.0,-143.0
-196.0,68.0,-58.0,-646.0,1287.0,-130.0
-221.0,64.0,-51.0,-438.0,1318.0,-112.0
-231.0,60.0,-52.0,-225.0,1325.0,-100.0
-248.0,61.0,-51.0,-25.0,1305.0,-92.0
-257.0,63.0,-52.0,139.0,1252.0,-101.0
-259.0,66.0,-49.0,256.0,1156.0,-120.0
-260.0,67.0,-47.0,347.0,1063.0,-149.0
-260.0,65.0,-43.0,406.0,965.0,-181.0
-256.0,63.0,-41.0,463.0,870.0,-221.0
-253.0,63.0,-37.0,511.0,775.0,-262.0
-248.0,64.0,-36.0,555.0,678.0,-308.0
-246.0,71.0,-38.0,592.0,583.0,-352.0
-251.0,77.0,-45.0,619.0,484.0,-394.0
-257.0,85.0,-55.0,626.0,380.0,-430.0
-262.0,88.0,-58.0,612.0,269.0,-461.0
-255.0,83.0,-70.0,580.0,128.0,-477.0
-264.0,85.0,-74.0,542.0,15.0,-480.0
-266.0,91.0,-73.0,529.0,-104.0,-455.0
-281.0,96.0,-77.0,518.0,-227.0,-428.0
-263.0,102.0,-78.0,477.0,-337.0,-408.0
-267.0,107.0,-75.0,404.0,-416.0,-414.0
-279.0,107.0,-73.0,359.0,-459.0,-409.0
-262.0,112.0,-54.0,348.0,-487.0,-407.0
-242.0,115.0,-47.0,376.0,-528.0,-403.0
-239.0,119.0,-40.0,447.0,-554.0,-392.0
-230.0,122.0,-28.0,555.0,-582.0,-379.0
-217.0,121.0,-28.0,641.0,-626.0,-379.0
-196.0,121.0,-40.0,704.0,-654.0,-388.0
-185.0,115.0,-49.0,757.0,-640.0,-400.0
-185.0,123.0,-68.0,810.0,-596.0,-410.0
-181.0,124.0,-61.0,847.0,-548.0,-418.0
-181.0,129.0,-71.0,870.0,-504.0,-430.0
-186.0,131.0,-71.0,838.0,-468.0,-452.0
-196.0,141.0,-72.0,764.0,-425.0,-486.0
-211.0,134.0,-77.0,675.0,-381.0,-542.0
-224.0,128.0,-81.0,566.0,-327.0,-602.0
-235.0,118.0,-73.0,483.0,-277.0,-659.0
-251.0,101.0,-87.0,415.0,-247.0,-707.0
-270.0,75.0,-100.0,329.0,-247.0,-753.0
-298.0,57.0,-105.0,238.0,-241.0,-790.0
-325.0,28.0,-109.0,170.0,-200.0,-801.0
-356.0,7.0,-106.0,120.0,-126.0,-762.0
-367.0,-16.0,-87.0,66.0,-48.0,-682.0
-379.0,-31.0,-69.0,-16.0,13.0,-588.0
-383.0,-39.0,-49.0,-137.0,52.0,-467.0
-394.0,-40.0,-30.0,-295.0,87.0,-357.0
-386.0,-38.0,-29.0,-402.0,110.0,-236.0
-378.0,-31.0,-33.0,-487.0,127.0,-116.0
-361.0,-19.0,-32.0,-550.0,153.0,-2.0
-339.0,-5.0,-31.0,-588.0,188.0,94.0
-329.0,6.0,-31.0,-601.0,234.0,166.0
-316.0,18.0,-34.0,-604.0,276.0,203.0
-311.0,22.0,-34.0,-599.0,311.0,214.0
-303.0,26.0,-41.0,-594.0,333.0,199.0
-297.0,21.0,-46.0,-587.0,352.0,158.0
-293.0,17.0,-54.0,-580.0,367.0,104.0
-291.0,16.0,-63.0,-569.0,375.0,45.0
-286.0,12.0,-66.0,-560.0,375.0,-26.0
-279.0,12.0,-77.0,-558.0,369.0,-106.0
-269.0,4.0,-76.0,-568.0,373.0,-185.0
-261.0,-2.0,-75.0,-585.0,392.0,-255.0
-256.0,-7.0,-69.0,-599.0,416.0,-319.0
-247.0,-19.0,-54.0,-592.0,436.0,-362.0
-237.0,-29.0,-43.0,-553.0,447.0,-397.0
-230.0,-44.0,-27.0,-492.0,439.0,-417.0
-225.0,-55.0,-21.0,-393.0,414.0,-425.0
-216.0,-66.0,-14.0,-295.0,378.0,-418.0
-213.0,-69.0,-17.0,-190.0,338.0,-409.0
-215.0,-70.0,-16.0,-95.0,292.0,-392.0
-215.0,-67.0,-20.0,-6.0,245.0,-372.0
-212.0,-68.0,-23.0,71.0,199.0,-343.0
-217.0,-67.0,-22.0,125.0,151.0,-322.0
-216.0,-59.0,-28.0,153.0,109.0,-303.0
-216.0,-60.0,-33.0,163.0,75.0,-298.0
-219.0,-61.0,-35.0,155.0,39.0,-292.0
-222.0,-61.0,-34.0,141.0,8.0,-297.0
-234.0,-58.0,-33.0,123.0,-28.0,-301.0
-237.0,-56.0,-32.0,102.0,-72.0,-311.0
-242.0,-60.0,-33.0,72.0,-118.0,-314.0
-250.0,-61.0,-33.0,39.0,-165.0,-320.0
-256.0,-62.0,-33.0,5.0,-207.0,-318.0
-263.0,-63.0,-32.0,-24.0,-246.0,-322.0
-259.0,-69.0,-33.0,-43.0,-280.0,-317.0
-259.0,-65.0,-24.0,-54.0,-309.0,-314.0
-255.0,-71.0,-27.0,-46.0,-336.0,-306.0
-258.0,-72.0,-18.0,-28.0,-352.0,-299.0
-254.0,-72.0,-15.0,4.0,-361.0,-289.0
-251.0,-69.0,-16.0,48.0,-362.0,-285.0
-254.0,-66.0,-15.0,95.0,-352.0,-278.0
-258.0,-66.0,-12.0,144.0,-337.0,-275.0
-262.0,-63.0,-16.0,185.0,-320.0,-264.0
-267.0,-57.0,-19.0,223.0,-304.0,-252.0
-268.0,-57.0,-21.0,249.0,-292.0,-234.0
-274.0,-56.0,-23.0,262.0,-280.0,-212.0
-279.0,-56.0,-28.0,261.0,-261.0,-190.0
-282.0,-57.0,-32.0,249.0,-245.0,-173.0
-282.0,-59.0,-31.0,223.0,-230.0,-150.0
-280.0,-57.0,-35.0,190.0,-213.0,-135.0
-279.0,-54.0,-29.0,152.0,-194.0,-118.0
-275.0,-56.0,-29.0,113.0,-176.0,-106.0
-273.0,-57.0,-27.0,72.0,-161.0,-96.0
-275.0,-61.0,-26.0,37.0,-149.0,-90.0
-269.0,-64.0,-24.0,6.0,-142.0,-86.0
-271.0,-63.0,-18.0,-16.0,-137.0,-87.0
-269.0,-68.0,-18.0,-33.0,-138.0,-86.0
-265.0,-70.0,-14.0,-33.0,-141.0,-89.0
-266.0,-69.0,-13.0,-25.0,-143.0,-87.0
-260.0,-71.0,-15.0,-11.0,-144.0,-88.0
-260.0,-71.0,-12.0,8.0,-145.0,-86.0
-256.0,-73.0,-12.0,30.0,-146.0,-85.0
-255.0,-73.0,-10.0,53.0,-144.0,-82.0
-252.0,-71.0,-11.0,77.0,-142.0,-81.0
-246.0,-70.0,-12.0,100.0,-140.0,-79.0
-244.0,-69.0,-10.0,121.0,-136.0,-80.0
-240.0,-66.0,-12.0,142.0,-132.0,-81.0
-236.0,-66.0,-11.0,153.0,-131.0,-82.0
-232.0,-63.0,-12.0,157.0,-134.0,-82.0
-234.0,-60.0,-12.0,159.0,-135.0,-85.0
-232.0,-59.0,-10.0,158.0,-138.0,-83.0
-235.0,-59.0,-12.0,153.0,-144.0,-79.0
-236.0,-61.0,-2.0,147.0,-149.0,-72.0
-235.0,-60.0,-6.0,141.0,-158.0,-66.0
-236.0,-60.0,-2.0,134.0,-171.0,-58.0
-237.0,-61.0,-5.0,128.0,-189.0,-48.0
-238.0,-60.0,-6.0,123.0,-205.0,-40.0
-240.0,-58.0,-7.0,119.0,-218.0,-31.0
-244.0,-55.0,-7.0,115.0,-228.0,-22.0
-245.0,-51.0,-12.0,111.0,-233.0,-12.0
-248.0,-48.0,-7.0,108.0,-234.0,-8.0
-252.0,-44.0,-11.0,104.0,-231.0,-5.0
-251.0,-46.0,-8.0,98.0,-225.0,-7.0
-253.0,-47.0,-16.0,89.0,-214.0,-11.0
-253.0,-42.0,-12.0,77.0,-205.0,-19.0
-255.0,-38.0,-13.0,62.0,-193.0,-27.0
-256.0,-39.0,-12.0,45.0,-186.0,-33.0
-255.0,-40.0,-11.0,29.0,-175.0,-41.0
-259.0,-42.0,-10.0,15.0,-165.0,-48.0
-263.0,-43.0,-10.0,3.0,-150.0,-52.0
-259.0,-46.0,-9.0,-5.0,-133.0,-53.0
-263.0,-49.0,-6.0,-10.0,-116.0,-53.0
-257.0,-55.0,-8.0,-13.0,-104.0,-51.0
-261.0,-70.0,-5.0,-11.0,-97.0,-47.0
-258.0,-60.0,1.0,-5.0,-90.0,-41.0
-254.0,-60.0,-1.0,2.0,-87.0,-34.0
-264.0,-61.0,1.0,9.0,-80.0,-28.0
-251.0,-59.0,13.0,16.0,-80.0,-17.0
-249.0,-56.0,1.0,20.0,-77.0,-11.0
-243.0,-54.0,3.0,21.0,-76.0,-4.0
-255.0,-41.0,-4.0,19.0,-71.0,1.0
-255.0,-45.0,-10.0,14.0,-65.0,9.0
-257.0,-52.0,-1.0,9.0,-59.0,12.0
-255.0,-48.0,-2.0,4.0,-52.0,18.0
-257.0,-46.0,-6.0,-1.0,-43.0,21.0
-259.0,-45.0,-8.0,-4.0,-38.0,24.0
-255.0,-49.0,-7.0,-8.0,-32.0,24.0
-256.0,-46.0,-4.0,-14.0,-24.0,24.0
-256.0,-46.0,-5.0,-15.0,-18.0,22.0
-255.0,-47.0,-7.0,-17.0,-12.0,26.0
-255.0,-45.0,-2.0,-19.0,-8.0,24.0
-256.0,-45.0,0.0,-22.0,-3.0,29.0
-251.0,-49.0,-2.0,-24.0,3.0,28.0
-253.0,-46.0,1.0,-25.0,5.0,30.0
-248.0,-50.0,1.0,-27.0,8.0,28.0
-252.0,-49.0,3.0,-28.0,11.0,28.0
-249.0,-49.0,2.0,-28.0,11.0,25.0
-250.0,-48.0,-2.0,-27.0,9.0,23.0
-249.0,-48.0,1.0,-26.0,6.0,18.0
-252.0,-48.0,-5.0,-27.0,4.0,19.0
-251.0,-52.0,-3.0,-27.0,1.0,12.0
-252.0,-49.0,3.0,-26.0,-1.0,10.0
-251.0,-51.0,-4.0,-27.0,-2.0,5.0
-252.0,-54.0,-3.0,-27.0,-3.0,4.0
-253.0,-54.0,-2.0,-27.0,-4.0,1.0
-253.0,-51.0,1.0,-27.0,-4.0,2.0
-254.0,-55.0,-2.0,-28.0,-3.0,-2.0
-252.0,-54.0,-2.0,-26.0,0.0,2.0
-255.0,-55.0,2.0,-24.0,4.0,2.0
-254.0,-57.0,-1.0,-19.0,12.0,6.0
-251.0,-59.0,6.0,-14.0,17.0,6.0
-250.0,-58.0,5.0,-8.0,21.0,10.0
-250.0,-59.0,2.0,0.0,24.0,11.0
-252.0,-54.0,7.0,6.0,25.0,15.0
-253.0,-55.0,5.0,15.0,27.0,12.0
-250.0,-55.0,4.0,21.0,29.0,14.0
-252.0,-53.0,5.0,27.0,32.0,10.0
-252.0,-50.0,6.0,35.0,34.0,11.0
-252.0,-51.0,4.0,39.0,36.0,8.0
-252.0,-50.0,5.0,43.0,39.0,9.0
-253.0,-49.0,4.0,49.0,43.0,3.0
-252.0,-52.0,3.0,50.0,46.0,3.0
-251.0,-50.0,4.0,50.0,50.0,0.0
-251.0,-50.0,5.0,51.0,52.0,0.0
-252.0,-51.0,0.0,50.0,54.0,-4.0
-251.0,-48.0,1.0,48.0,54.0,-5.0
-256.0,-49.0,1.0,46.0,58.0,-8.0
-252.0,-52.0,1.0,45.0,61.0,-7.0
-255.0,-48.0,2.0,44.0,62.0,-11.0
-255.0,-51.0,4.0,43.0,63.0,-10.0
-252.0,-52.0,-3.0,43.0,64.0,-11.0
-254.0,-51.0,-2.0,47.0,63.0,-10.0
-255.0,-50.0,2.0,50.0,64.0,-12.0
-252.0,-50.0,0.0,51.0,64.0,-11.0
-253.0,-49.0,-2.0,50.0,65.0,-13.0
-256.0,-47.0,-8.0,47.0,68.0,-12.0
-255.0,-48.0,-1.0,43.0,69.0,-15.0
-255.0,-46.0,-1.0,38.0,72.0,-12.0
-251.0,-47.0,-4.0,35.0,74.0,-15.0
-254.0,-46.0,0.0,33.0,78.0,-13.0
-254.0,-49.0,0.0,29.0,80.0,-12.0
-254.0,-49.0,-2.0,25.0,80.0,-12.0
-252.0,-49.0,5.0,22.0,79.0,-12.0
-252.0,-50.0,2.0,15.0,80.0,-11.0
-254.0,-49.0,2.0,11.0,81.0,-12.0
-253.0,-47.0,0.0,9.0,82.0,-11.0
-253.0,-51.0,0.0,5.0,80.0,-11.0
-254.0,-51.0,1.0,4.0,79.0,-12.0
-256.0,-52.0,-2.0,0.0,77.0,-12.0
-252.0,-51.0,12.0,-1.0,76.0,-13.0
-256.0,-51.0,-3.0,-3.0,75.0,-11.0
-258.0,-52.0,-3.0,-5.0,74.0,-11.0
-255.0,-51.0,-7.0,-5.0,73.0,-8.0
-255.0,-48.0,-2.0,-6.0,74.0,-4.0
-257.0,-51.0,0.0,-7.0,76.0,-2.0
-257.0,-53.0,-4.0,-10.0,77.0,3.0
-256.0,-50.0,-5.0,-10.0,76.0,4.0
-257.0,-53.0,-4.0,-10.0,76.0,7.0
-255.0,-52.0,-2.0,-9.0,75.0,8.0
-258.0,-51.0,-5.0,-8.0,73.0,9.0
-256.0,-54.0,0.0,-9.0,74.0,9.0
-255.0,-49.0,-2.0,-8.0,75.0,8.0
-254.0,-50.0,-2.0,-8.0,75.0,11.0
-253.0,-49.0,-2.0,-8.0,74.0,8.0
-256.0,-50.0,-4.0,-7.0,73.0,7.0
-255.0,-50.0,-1.0,-6.0,71.0,5.0
-254.0,-52.0,-3.0,-5.0,69.0,6.0
-254.0,-50.0,-2.0,-5.0,68.0,4.0
-255.0,-50.0,1.0,-6.0,68.0,5.0
-254.0,-52.0,-3.0,-6.0,68.0,4.0
-254.0,-52.0,-2.0,-8.0,69.0,7.0
-256.0,-49.0,-4.0,-9.0,71.0,6.0
-253.0,-52.0,-1.0,-11.0,73.0,8.0
-253.0,-48.0,-3.0,-14.0,71.0,8.0
-252.0,-49.0,-3.0,-17.0,71.0,8.0
-254.0,-49.0,-4.0,-23.0,67.0,5.0
-251.0,-49.0,-5.0,-26.0,63.0,4.0
-252.0,-50.0,-3.0,-29.0,59.0,1.0
-253.0,-50.0,-4.0,-31.0,56.0,2.0
-253.0,-49.0,-3.0,-34.0,52.0,-1.0
-255.0,-47.0,-1.0,-37.0,51.0,-1.0
-253.0,-49.0,-5.0,-35.0,50.0,-2.0
-255.0,-49.0,-4.0,-33.0,50.0,2.0
