-51.0,-263.0,-24.0,-231.0,915.0,154.0
-49.0,-267.0,-21.0,-167.0,922.0,118.0
-42.0,-263.0,-20.0,-94.0,922.0,83.0
-41.0,-262.0,-7.0,-15.0,920.0,52.0
-33.0,-262.0,-3.0,68.0,912.0,26.0
-28.0,-264.0,2.0,151.0,908.0,8.0
-25.0,-261.0,0.0,232.0,902.0,-6.0
-20.0,-263.0,5.0,305.0,894.0,-12.0
-14.0,-259.0,6.0,363.0,884.0,-9.0
-6.0,-254.0,1.0,412.0,869.0,-1.0
-10.0,-251.0,1.0,445.0,842.0,10.0
-17.0,-245.0,2.0,471.0,800.0,25.0
-17.0,-238.0,-9.0,485.0,733.0,44.0
-21.0,-226.0,-25.0,473.0,655.0,65.0
-27.0,-221.0,-40.0,435.0,577.0,85.0
-31.0,-212.0,-49.0,374.0,508.0,106.0
-32.0,-209.0,-55.0,300.0,456.0,126.0
-35.0,-215.0,-60.0,216.0,420.0,133.0
-27.0,-229.0,-48.0,133.0,405.0,121.0
-29.0,-251.0,-23.0,71.0,396.0,86.0
-34.0,-265.0,3.0,52.0,381.0,41.0
-31.0,-272.0,12.0,77.0,364.0,-11.0
-39.0,-283.0,20.0,112.0,348.0,-58.0
-47.0,-294.0,15.0,133.0,328.0,-94.0
-60.0,-307.0,1.0,114.0,305.0,-109.0
-69.0,-318.0,-1.0,69.0,281.0,-104.0
-74.0,-324.0,-5.0,24.0,255.0,-87.0
-79.0,-322.0,2.0,-4.0,232.0,-57.0
-71.0,-329.0,0.0,2.0,222.0,-9.0
-55.0,-329.0,-2.0,34.0,221.0,34.0
-47.0,-327.0,-6.0,87.0,233.0,61.0
-21.0,-324.0,-4.0,152.0,255.0,75.0
4.0,-309.0,-20.0,213.0,284.0,67.0
38.0,-290.0,-34.0,245.0,321.0,27.0
65.0,-279.0,-54.0,243.0,372.0,-29.0
88.0,-269.0,-75.0,225.0,437.0,-66.0
114.0,-254.0,-115.0,188.0,512.0,-90.0
115.0,-236.0,-150.0,128.0,580.0,-99.0
107.0,-219.0,-179.0,53.0,619.0,-82.0
104.0,-186.0,-199.0,-17.0,633.0,-24.0
89.0,-191.0,-220.0,-83.0,626.0,65.0
60.0,-176.0,-225.0,-160.0,601.0,192.0
48.0,-160.0,-227.0,-227.0,587.0,324.0
23.0,-142.0,-196.0,-281.0,594.0,439.0
13.0,-131.0,-167.0,-311.0,590.0,533.0
3.0,-124.0,-146.0,-331.0,550.0,592.0
-17.0,-130.0,-113.0,-366.0,459.0,623.0
-62.0,-146.0,-84.0,-393.0,310.0,627.0
-63.0,-169.0,-69.0,-427.0,146.0,640.0
-40.0,-198.0,-82.0,-499.0,-6.0,609.0
-34.0,-238.0,-79.0,-637.0,-71.0,532.0
-4.0,-294.0,-67.0,-795.0,-20.0,449.0
32.0,-352.0,-54.0,-884.0,82.0,366.0
59.0,-399.0,-54.0,-878.0,157.0,273.0
65.0,-441.0,-69.0,-782.0,212.0,178.0
70.0,-463.0,-88.0,-615.0,275.0,87.0
65.0,-493.0,-90.0,-406.0,356.0,3.0
49.0,-503.0,-89.0,-146.0,431.0,-79.0
31.0,-496.0,-76.0,136.0,495.0,-161.0
4.0,-459.0,-61.0,411.0,546.0,-250.0
-4.0,-422.0,-61.0,673.0,600.0,-302.0
-6.0,-358.0,-62.0,890.0,635.0,-360.0
-6.0,-294.0,-69.0,1016.0,653.0,-429.0
-5.0,-236.0,-76.0,1028.0,651.0,-487.0
-3.0,-205.0,-72.0,936.0,643.0,-521.0
-8.0,-175.0,-67.0,785.0,635.0,-530.0
-17.0,-143.0,-61.0,626.0,622.0,-523.0
-20.0,-134.0,-59.0,490.0,608.0,-521.0
-26.0,-130.0,-53.0,370.0,584.0,-522.0
-30.0,-138.0,-38.0,260.0,548.0,-514.0
-33.0,-159.0,-17.0,176.0,503.0,-500.0
-30.0,-183.0,-6.0,131.0,459.0,-494.0
-29.0,-203.0,3.0,121.0,415.0,-494.0
-26.0,-214.0,6.0,133.0,357.0,-499.0
-27.0,-219.0,-2.0,153.0,307.0,-504.0
-30.0,-218.0,-9.0,164.0,262.0,-515.0
-34.0,-207.0,-8.0,160.0,225.0,-531.0
-32.0,-199.0,-18.0,132.0,190.0,-546.0
-32.0,-182.0,-19.0,100.0,154.0,-565.0
-27.0,-176.0,-22.0,58.0,115.0,-582.0
-14.0,-171.0,-14.0,17.0,77.0,-588.0
-3.0,-173.0,-14.0,-23.0,41.0,-602.0
4.0,-170.0,-12.0,-61.0,13.0,-603.0
9.0,-179.0,-11.0,-96.0,-8.0,-596.0
22.0,-193.0,-7.0,-125.0,-23.0,-589.0
32.0,-200.0,-8.0,-154.0,-24.0,-571.0
38.0,-212.0,-6.0,-181.0,-19.0,-555.0
37.0,-223.0,-12.0,-211.0,-22.0,-532.0
33.0,-230.0,-9.0,-242.0,-35.0,-500.0
33.0,-239.0,-7.0,-271.0,-57.0,-467.0
31.0,-242.0,-12.0,-273.0,-82.0,-434.0
29.0,-242.0,-11.0,-254.0,-102.0,-401.0
31.0,-243.0,-11.0,-222.0,-114.0,-370.0
23.0,-235.0,-2.0,-187.0,-124.0,-328.0
27.0,-234.0,-7.0,-147.0,-141.0,-292.0
26.0,-230.0,-1.0,-102.0,-165.0,-264.0
28.0,-221.0,-2.0,-54.0,-193.0,-235.0
28.0,-221.0,-4.0,-12.0,-219.0,-208.0
29.0,-220.0,-9.0,14.0,-245.0,-188.0
25.0,-221.0,4.0,23.0,-276.0,-171.0
20.0,-228.0,6.0,24.0,-316.0,-159.0
7.0,-236.0,12.0,25.0,-372.0,-152.0
-2.0,-247.0,21.0,37.0,-437.0,-139.0
-3.0,-259.0,30.0,63.0,-511.0,-130.0
-12.0,-266.0,35.0,103.0,-580.0,-126.0
-13.0,-284.0,42.0,163.0,-637.0,-119.0
-17.0,-290.0,45.0,245.0,-682.0,-118.0
-17.0,-296.0,48.0,340.0,-723.0,-124.0
-16.0,-297.0,39.0,448.0,-765.0,-132.0
-14.0,-294.0,40.0,556.0,-807.0,-130.0
-19.0,-287.0,33.0,655.0,-854.0,-117.0
-27.0,-274.0,26.0,730.0,-888.0,-97.0
-33.0,-256.0,13.0,784.0,-921.0,-75.0
-36.0,-240.0,5.0,803.0,-941.0,-41.0
-35.0,-218.0,-13.0,783.0,-949.0,-5.0
-29.0,-197.0,-31.0,729.0,-941.0,13.0
-14.0,-179.0,-56.0,642.0,-911.0,24.0
0.0,-168.0,-75.0,500.0,-863.0,35.0
15.0,-165.0,-84.0,321.0,-816.0,37.0
36.0,-181.0,-85.0,127.0,-795.0,23.0
54.0,-207.0,-97.0,-61.0,-813.0,-7.0
82.0,-243.0,-108.0,-244.0,-850.0,-73.0
121.0,-275.0,-145.0,-417.0,-864.0,-173.0
148.0,-294.0,-177.0,-608.0,-819.0,-293.0
183.0,-319.0,-230.0,-831.0,-724.0,-418.0
214.0,-336.0,-278.0,-1082.0,-613.0,-548.0
219.0,-330.0,-303.0,-1305.0,-474.0,-677.0
198.0,-321.0,-299.0,-1424.0,-284.0,-756.0
187.0,-315.0,-273.0,-1355.0,-100.0,-715.0
153.0,-298.0,-247.0,-1090.0,26.0,-606.0
120.0,-278.0,-210.0,-773.0,64.0,-510.0
68.0,-241.0,-183.0,-512.0,30.0,-431.0
22.0,-220.0,-166.0,-338.0,-22.0,-351.0
-29.0,-194.0,-140.0,-241.0,-61.0,-268.0
-64.0,-181.0,-130.0,-223.0,-79.0,-231.0
-99.0,-175.0,-128.0,-261.0,-55.0,-231.0
-132.0,-169.0,-116.0,-316.0,-29.0,-239.0
-143.0,-191.0,-142.0,-346.0,-21.0,-240.0
-158.0,-206.0,-150.0,-358.0,-30.0,-239.0
-156.0,-225.0,-164.0,-355.0,-61.0,-240.0
-141.0,-251.0,-172.0,-344.0,-97.0,-240.0
-114.0,-264.0,-168.0,-330.0,-119.0,-237.0
-90.0,-273.0,-160.0,-318.0,-124.0,-234.0
-58.0,-280.0,-156.0,-314.0,-112.0,-225.0
-16.0,-288.0,-141.0,-323.0,-90.0,-199.0
18.0,-289.0,-133.0,-332.0,-65.0,-154.0
49.0,-288.0,-114.0,-342.0,-46.0,-101.0
62.0,-284.0,-111.0,-348.0,-25.0,-42.0
72.0,-285.0,-107.0,-349.0,15.0,19.0
65.0,-277.0,-107.0,-353.0,60.0,76.0
57.0,-269.0,-109.0,-364.0,128.0,136.0
37.0,-260.0,-119.0,-394.0,204.0,165.0
23.0,-253.0,-123.0,-440.0,288.0,187.0
7.0,-240.0,-129.0,-490.0,365.0,192.0
-7.0,-226.0,-129.0,-535.0,423.0,186.0
-11.0,-220.0,-123.0,-569.0,451.0,167.0
-15.0,-215.0,-113.0,-585.0,472.0,151.0
-19.0,-221.0,-104.0,-581.0,473.0,132.0
-29.0,-226.0,-89.0,-555.0,465.0,108.0
-32.0,-228.0,-83.0,-513.0,464.0,83.0
-39.0,-228.0,-79.0,-454.0,472.0,62.0
-34.0,-226.0,-74.0,-416.0,488.0,50.0
-32.0,-220.0,-67.0,-386.0,497.0,47.0
-24.0,-217.0,-69.0,-358.0,497.0,53.0
-20.0,-213.0,-67.0,-330.0,489.0,73.0
-18.0,-210.0,-71.0,-302.0,476.0,101.0
-12.0,-203.0,-66.0,-285.0,459.0,127.0
-5.0,-201.0,-69.0,-261.0,448.0,153.0
-4.0,-201.0,-65.0,-241.0,442.0,177.0
-2.0,-202.0,-64.0,-223.0,440.0,182.0
0.0,-202.0,-65.0,-204.0,455.0,175.0
-3.0,-203.0,-59.0,-193.0,475.0,183.0
-10.0,-205.0,-55.0,-200.0,485.0,191.0
-15.0,-205.0,-50.0,-215.0,478.0,193.0
-16.0,-209.0,-38.0,-232.0,471.0,181.0
-16.0,-208.0,-32.0,-232.0,475.0,161.0
-17.0,-209.0,-26.0,-223.0,492.0,139.0
-21.0,-205.0,-29.0,-217.0,515.0,116.0
-31.0,-199.0,-27.0,-219.0,541.0,92.0
-37.0,-197.0,-26.0,-226.0,568.0,62.0
-46.0,-194.0,-23.0,-236.0,587.0,18.0
-52.0,-190.0,-21.0,-252.0,594.0,-40.0
-57.0,-180.0,-25.0,-268.0,602.0,-100.0
-65.0,-174.0,-29.0,-292.0,625.0,-159.0
-69.0,-163.0,-37.0,-313.0,657.0,-215.0
-80.0,-156.0,-23.0,-331.0,677.0,-269.0
-88.0,-152.0,-16.0,-340.0,686.0,-323.0
-106.0,-153.0,9.0,-326.0,702.0,-357.0
-131.0,-155.0,21.0,-283.0,735.0,-361.0
-127.0,-149.0,31.0,-208.0,784.0,-325.0
-79.0,-140.0,9.0,-122.0,855.0,-274.0
-40.0,-121.0,21.0,-37.0,957.0,-234.0
13.0,-116.0,20.0,63.0,1130.0,-206.0
41.0,-114.0,11.0,169.0,1341.0,-185.0
44.0,-106.0,-6.0,232.0,1518.0,-193.0
41.0,-101.0,-28.0,208.0,1624.0,-221.0
49.0,-98.0,-55.0,106.0,1679.0,-281.0
60.0,-107.0,-73.0,-51.0,1728.0,-355.0
59.0,-120.0,-77.0,-225.0,1796.0,-436.0
48.0,-136.0,-70.0,-372.0,1862.0,-518.0
23.0,-145.0,-57.0,-472.0,1915.0,-594.0
-5.0,-154.0,-41.0,-529.0,1919.0,-655.0
-28.0,-160.0,-39.0,-561.0,1864.0,-707.0
-45.0,-159.0,-42.0,-597.0,1772.0,-757.0
-55.0,-153.0,-45.0,-644.0,1674.0,-794.0
-57.0,-154.0,-52.0,-694.0,1598.0,-812.0
-64.0,-146.0,-49.0,-740.0,1551.0,-801.0
-70.0,-142.0,-48.0,-771.0,1514.0,-761.0
-65.0,-139.0,-36.0,-788.0,1464.0,-693.0
-52.0,-133.0,-32.0,-771.0,1409.0,-604.0
-46.0,-122.0,-31.0,-726.0,1343.0,-521.0
-37.0,-117.0,-26.0,-665.0,1256.0,-456.0
-27.0,-111.0,-21.0,-588.0,1150.0,-398.0
-15.0,-107.0,-13.0,-499.0,1051.0,-362.0
-10.0,-103.0,-11.0,-415.0,975.0,-342.0
-6.0,-98.0,-21.0,-354.0,927.0,-338.0
-4.0,-94.0,-19.0,-324.0,905.0,-342.0
-4.0,-92.0,-24.0,-321.0,896.0,-349.0
-9.0,-99.0,-22.0,-340.0,880.0,-356.0
-12.0,-110.0,-32.0,-377.0,846.0,-359.0
-19.0,-115.0,-40.0,-415.0,825.0,-359.0
-15.0,-124.0,-53.0,-440.0,831.0,-352.0
-13.0,-128.0,-65.0,-421.0,860.0,-343.0
-14.0,-131.0,-72.0,-365.0,910.0,-336.0
-3.0,-132.0,-89.0,-275.0,957.0,-337.0
-3.0,-132.0,-99.0,-173.0,984.0,-358.0
7.0,-124.0,-114.0,-93.0,984.0,-392.0
18.0,-118.0,-120.0,-49.0,960.0,-434.0
26.0,-117.0,-129.0,-41.0,916.0,-474.0
39.0,-118.0,-139.0,-65.0,842.0,-499.0
53.0,-124.0,-143.0,-102.0,774.0,-509.0
64.0,-122.0,-134.0,-138.0,710.0,-503.0
72.0,-121.0,-132.0,-167.0,655.0,-481.0
70.0,-100.0,-118.0,-200.0,608.0,-455.0
68.0,-107.0,-129.0,-256.0,568.0,-429.0
66.0,-103.0,-133.0,-342.0,556.0,-399.0
56.0,-102.0,-132.0,-423.0,562.0,-367.0
50.0,-104.0,-148.0,-493.0,586.0,-330.0
39.0,-110.0,-143.0,-548.0,648.0,-297.0
30.0,-110.0,-146.0,-584.0,738.0,-290.0
24.0,-108.0,-147.0,-606.0,845.0,-302.0
19.0,-111.0,-149.0,-621.0,969.0,-331.0
13.0,-115.0,-152.0,-625.0,1124.0,-382.0
14.0,-111.0,-154.0,-620.0,1250.0,-442.0
15.0,-114.0,-153.0,-604.0,1353.0,-511.0
23.0,-116.0,-161.0,-584.0,1442.0,-589.0
23.0,-121.0,-160.0,-559.0,1511.0,-674.0
19.0,-113.0,-161.0,-541.0,1563.0,-750.0
26.0,-108.0,-159.0,-540.0,1592.0,-811.0
32.0,-113.0,-152.0,-545.0,1609.0,-863.0
42.0,-112.0,-150.0,-531.0,1627.0,-905.0
51.0,-121.0,-140.0,-501.0,1640.0,-955.0
67.0,-136.0,-125.0,-454.0,1654.0,-1006.0
78.0,-142.0,-111.0,-376.0,1678.0,-1055.0
94.0,-145.0,-102.0,-279.0,1707.0,-1102.0
114.0,-142.0,-89.0,-183.0,1718.0,-1147.0
125.0,-137.0,-96.0,-98.0,1721.0,-1200.0
141.0,-136.0,-108.0,-34.0,1745.0,-1260.0
149.0,-140.0,-106.0,20.0,1802.0,-1328.0
161.0,-140.0,-104.0,76.0,1861.0,-1392.0
164.0,-149.0,-109.0,141.0,1898.0,-1471.0
165.0,-148.0,-95.0,220.0,1945.0,-1546.0
151.0,-138.0,-96.0,313.0,1957.0,-1608.0
157.0,-129.0,-89.0,373.0,1920.0,-1648.0
161.0,-126.0,-78.0,420.0,1909.0,-1658.0
163.0,-121.0,-80.0,486.0,1917.0,-1639.0
154.0,-104.0,-80.0,539.0,1917.0,-1581.0
170.0,-109.0,-95.0,605.0,1970.0,-1514.0
176.0,-110.0,-116.0,693.0,2098.0,-1476.0
185.0,-109.0,-121.0,800.0,2289.0,-1496.0
210.0,-93.0,-97.0,924.0,2497.0,-1532.0
217.0,-116.0,-63.0,1037.0,2673.0,-1572.0
212.0,-133.0,-53.0,1094.0,2772.0,-1621.0
198.0,-148.0,-43.0,1074.0,2911.0,-1656.0
204.0,-165.0,-14.0,1020.0,3098.0,-1704.0
209.0,-198.0,20.0,965.0,3274.0,-1767.0
214.0,-202.0,46.0,961.0,3429.0,-1844.0
216.0,-203.0,63.0,1005.0,3589.0,-1929.0
238.0,-203.0,56.0,1045.0,3789.0,-2010.0
227.0,-238.0,39.0,1005.0,4049.0,-2038.0
246.0,-259.0,14.0,930.0,4252.0,-2042.0
276.0,-296.0,-5.0,831.0,4468.0,-2050.0
287.0,-314.0,-43.0,707.0,4678.0,-2037.0
304.0,-324.0,-80.0,531.0,4833.0,-2020.0
297.0,-332.0,-126.0,325.0,4934.0,-2010.0
252.0,-333.0,-118.0,172.0,4973.0,-2055.0
241.0,-328.0,-99.0,120.0,4885.0,-2117.0
214.0,-317.0,-80.0,113.0,4740.0,-2207.0
192.0,-319.0,-52.0,98.0,4534.0,-2217.0
209.0,-348.0,-17.0,73.0,4179.0,-2190.0
288.0,-414.0,45.0,38.0,3671.0,-2169.0
476.0,-492.0,142.0,101.0,3133.0,-2227.0
587.0,-515.0,192.0,381.0,2748.0,-2489.0
686.0,-494.0,201.0,779.0,2536.0,-2776.0
703.0,-429.0,192.0,1141.0,2346.0,-2984.0
701.0,-362.0,214.0,1481.0,2223.0,-3073.0
690.0,-316.0,238.0,1838.0,2218.0,-3158.0
689.0,-297.0,267.0,2172.0,2221.0,-3288.0
700.0,-264.0,320.0,2404.0,2200.0,-3464.0
708.0,-217.0,364.0,2500.0,2127.0,-3703.0
698.0,-183.0,388.0,2450.0,2054.0,-3885.0
691.0,-156.0,381.0,2328.0,1983.0,-3944.0
668.0,-133.0,355.0,2237.0,1889.0,-3924.0
618.0,-107.0,320.0,2204.0,1808.0,-3854.0
563.0,-78.0,274.0,2230.0,1799.0,-3728.0
480.0,-48.0,218.0,2282.0,1878.0,-3562.0
389.0,-29.0,180.0,2315.0,1998.0,-3338.0
333.0,-24.0,172.0,2288.0,2103.0,-3042.0
278.0,-34.0,184.0,2192.0,2133.0,-2722.0
230.0,-44.0,217.0,2074.0,2065.0,-2425.0
194.0,-57.0,235.0,1977.0,1924.0,-2165.0
179.0,-78.0,240.0,1912.0,1775.0,-1964.0
183.0,-83.0,236.0,1873.0,1628.0,-1824.0
180.0,-77.0,242.0,1847.0,1490.0,-1732.0
160.0,-68.0,240.0,1853.0,1337.0,-1675.0
133.0,-48.0,225.0,1882.0,1191.0,-1605.0
128.0,-26.0,217.0,1928.0,1034.0,-1518.0
129.0,9.0,204.0,1989.0,924.0,-1478.0
139.0,47.0,177.0,2047.0,826.0,-1502.0
142.0,85.0,154.0,2113.0,725.0,-1579.0
135.0,131.0,140.0,2171.0,636.0,-1678.0
133.0,152.0,132.0,2221.0,554.0,-1793.0
145.0,163.0,122.0,2277.0,494.0,-1915.0
127.0,168.0,115.0,2334.0,431.0,-2025.0
135.0,166.0,116.0,2372.0,393.0,-2124.0
141.0,156.0,123.0,2390.0,348.0,-2213.0
144.0,144.0,130.0,2388.0,262.0,-2271.0
154.0,132.0,131.0,2391.0,187.0,-2290.0
159.0,133.0,123.0,2384.0,124.0,-2290.0
166.0,140.0,125.0,2363.0,105.0,-2262.0
164.0,163.0,125.0,2328.0,113.0,-2214.0
161.0,180.0,134.0,2276.0,116.0,-2143.0
171.0,200.0,154.0,2205.0,104.0,-2047.0
179.0,220.0,164.0,2109.0,64.0,-1934.0
197.0,241.0,172.0,2000.0,6.0,-1812.0
215.0,261.0,178.0,1870.0,-37.0,-1695.0
221.0,274.0,184.0,1728.0,-39.0,-1585.0
220.0,280.0,195.0,1598.0,-20.0,-1468.0
222.0,280.0,187.0,1472.0,-1.0,-1338.0
232.0,276.0,189.0,1342.0,0.0,-1198.0
202.0,268.0,187.0,1212.0,-40.0,-1059.0
203.0,258.0,189.0,1109.0,-58.0,-899.0
197.0,241.0,184.0,1042.0,-50.0,-768.0
194.0,222.0,183.0,998.0,-28.0,-662.0
187.0,201.0,170.0,960.0,5.0,-582.0
177.0,194.0,167.0,926.0,41.0,-524.0
170.0,183.0,161.0,902.0,72.0,-489.0
161.0,173.0,165.0,878.0,107.0,-482.0
153.0,165.0,161.0,858.0,152.0,-510.0
142.0,151.0,158.0,845.0,218.0,-554.0
130.0,151.0,162.0,841.0,298.0,-624.0
124.0,137.0,155.0,842.0,377.0,-696.0
119.0,123.0,159.0,837.0,438.0,-787.0
109.0,112.0,163.0,841.0,465.0,-896.0
96.0,102.0,167.0,859.0,461.0,-1011.0
99.0,94.0,164.0,884.0,441.0,-1118.0
105.0,91.0,169.0,906.0,421.0,-1197.0
106.0,99.0,165.0,924.0,417.0,-1235.0
107.0,100.0,171.0,940.0,410.0,-1244.0
110.0,111.0,165.0,955.0,401.0,-1233.0
108.0,124.0,166.0,952.0,402.0,-1194.0
106.0,135.0,169.0,937.0,416.0,-1139.0
104.0,150.0,164.0,913.0,429.0,-1081.0
100.0,163.0,163.0,879.0,440.0,-1024.0
102.0,168.0,153.0,837.0,447.0,-973.0
98.0,168.0,147.0,803.0,452.0,-934.0
99.0,173.0,139.0,781.0,460.0,-909.0
103.0,180.0,130.0,769.0,472.0,-894.0
103.0,182.0,127.0,764.0,487.0,-887.0
116.0,185.0,126.0,763.0,496.0,-878.0
117.0,187.0,119.0,761.0,502.0,-875.0
120.0,189.0,122.0,754.0,500.0,-859.0
126.0,190.0,124.0,735.0,488.0,-833.0
128.0,193.0,123.0,698.0,469.0,-798.0
128.0,189.0,119.0,641.0,451.0,-753.0
131.0,187.0,118.0,566.0,434.0,-702.0
129.0,186.0,119.0,482.0,415.0,-643.0
130.0,183.0,117.0,396.0,398.0,-586.0
127.0,172.0,111.0,321.0,388.0,-521.0
127.0,167.0,113.0,268.0,383.0,-460.0
123.0,164.0,108.0,240.0,374.0,-398.0
123.0,161.0,106.0,224.0,366.0,-340.0
117.0,152.0,102.0,225.0,356.0,-290.0
119.0,155.0,97.0,234.0,348.0,-248.0
117.0,156.0,96.0,240.0,343.0,-213.0
115.0,152.0,92.0,240.0,344.0,-185.0
113.0,153.0,98.0,234.0,348.0,-164.0
109.0,155.0,102.0,224.0,350.0,-142.0
105.0,155.0,108.0,211.0,348.0,-122.0
105.0,158.0,108.0,200.0,336.0,-104.0
102.0,159.0,113.0,187.0,318.0,-86.0
96.0,163.0,113.0,178.0,295.0,-60.0
93.0,163.0,118.0,174.0,270.0,-30.0
92.0,163.0,113.0,173.0,239.0,6.0
93.0,162.0,111.0,168.0,211.0,43.0
93.0,161.0,110.0,164.0,185.0,76.0
95.0,158.0,109.0,159.0,161.0,110.0
96.0,157.0,104.0,152.0,137.0,143.0
104.0,156.0,110.0,142.0,115.0,173.0
105.0,157.0,105.0,132.0,95.0,202.0
111.0,158.0,107.0,121.0,77.0,233.0
116.0,160.0,109.0,108.0,57.0,264.0
119.0,163.0,111.0,96.0,34.0,304.0
121.0,164.0,115.0,88.0,6.0,338.0
122.0,166.0,118.0,86.0,-19.0,371.0
125.0,167.0,117.0,88.0,-47.0,399.0
130.0,167.0,117.0,95.0,-69.0,423.0
132.0,165.0,120.0,99.0,-87.0,445.0
134.0,163.0,119.0,104.0,-103.0,464.0
134.0,160.0,120.0,101.0,-118.0,485.0
132.0,163.0,123.0,97.0,-133.0,502.0
130.0,154.0,120.0,92.0,-147.0,523.0
128.0,150.0,119.0,88.0,-160.0,547.0
134.0,148.0,117.0,82.0,-176.0,573.0
135.0,144.0,115.0,76.0,-193.0,601.0
139.0,148.0,121.0,77.0,-209.0,627.0
142.0,149.0,118.0,91.0,-227.0,647.0
146.0,148.0,117.0,108.0,-245.0,669.0
142.0,151.0,116.0,120.0,-264.0,690.0
146.0,153.0,112.0,129.0,-286.0,711.0
146.0,152.0,121.0,134.0,-313.0,729.0
154.0,157.0,120.0,137.0,-339.0,745.0
151.0,156.0,120.0,139.0,-372.0,761.0
151.0,154.0,121.0,137.0,-401.0,776.0
147.0,152.0,121.0,131.0,-434.0,793.0
147.0,155.0,122.0,132.0,-469.0,808.0
157.0,149.0,118.0,146.0,-504.0,822.0
162.0,129.0,119.0,173.0,-539.0,843.0
165.0,148.0,117.0,209.0,-572.0,866.0
169.0,145.0,113.0,251.0,-598.0,886.0
168.0,144.0,111.0,290.0,-619.0,913.0
182.0,139.0,110.0,326.0,-634.0,938.0
181.0,146.0,111.0,353.0,-638.0,963.0
177.0,141.0,112.0,373.0,-648.0,1001.0
175.0,139.0,119.0,386.0,-669.0,1031.0
181.0,133.0,116.0,397.0,-699.0,1051.0
201.0,135.0,115.0,417.0,-725.0,1051.0
193.0,137.0,114.0,442.0,-739.0,1024.0
201.0,138.0,110.0,453.0,-743.0,1016.0
219.0,139.0,110.0,435.0,-750.0,1029.0
184.0,140.0,111.0,392.0,-759.0,1046.0
196.0,133.0,113.0,332.0,-779.0,1106.0
195.0,133.0,111.0,275.0,-831.0,1136.0
193.0,125.0,116.0,244.0,-893.0,1144.0
233.0,123.0,107.0,244.0,-947.0,1160.0
248.0,132.0,103.0,270.0,-979.0,1127.0
253.0,137.0,95.0,303.0,-991.0,1097.0
258.0,139.0,94.0,320.0,-1002.0,1087.0
261.0,133.0,97.0,314.0,-995.0,1086.0
258.0,134.0,102.0,289.0,-984.0,1073.0
269.0,126.0,102.0,252.0,-967.0,1055.0
270.0,131.0,106.0,206.0,-947.0,1020.0
265.0,131.0,105.0,158.0,-932.0,971.0
265.0,135.0,108.0,98.0,-926.0,932.0
268.0,130.0,109.0,25.0,-911.0,909.0
278.0,118.0,114.0,-48.0,-883.0,908.0
288.0,108.0,129.0,-107.0,-832.0,914.0
291.0,93.0,134.0,-144.0,-764.0,930.0
294.0,82.0,143.0,-154.0,-693.0,958.0
294.0,79.0,134.0,-145.0,-629.0,1009.0
282.0,71.0,139.0,-139.0,-580.0,1067.0
266.0,72.0,139.0,-136.0,-549.0,1111.0
247.0,73.0,139.0,-143.0,-530.0,1139.0
234.0,71.0,140.0,-158.0,-523.0,1153.0
217.0,76.0,134.0,-181.0,-523.0,1150.0
207.0,71.0,130.0,-204.0,-535.0,1138.0
203.0,71.0,129.0,-216.0,-565.0,1121.0
198.0,69.0,120.0,-218.0,-600.0,1100.0
200.0,67.0,117.0,-210.0,-634.0,1075.0
202.0,62.0,104.0,-189.0,-662.0,1041.0
201.0,60.0,94.0,-152.0,-693.0,1002.0
204.0,61.0,83.0,-106.0,-712.0,962.0
206.0,61.0,78.0,-46.0,-712.0,922.0
222.0,60.0,72.0,16.0,-695.0,896.0
227.0,64.0,69.0,77.0,-661.0,873.0
231.0,59.0,70.0,126.0,-616.0,867.0
231.0,56.0,68.0,168.0,-564.0,871.0
239.0,50.0,68.0,206.0,-512.0,878.0
241.0,45.0,61.0,230.0,-463.0,889.0
249.0,39.0,64.0,252.0,-418.0,903.0
261.0,31.0,67.0,269.0,-382.0,918.0
274.0,26.0,64.0,290.0,-345.0,914.0
275.0,30.0,62.0,318.0,-307.0,893.0
272.0,24.0,56.0,332.0,-282.0,892.0
269.0,25.0,43.0,322.0,-271.0,910.0
269.0,25.0,41.0,285.0,-271.0,920.0
266.0,22.0,37.0,244.0,-271.0,920.0
270.0,19.0,32.0,223.0,-272.0,916.0
269.0,19.0,36.0,204.0,-271.0,905.0
270.0,23.0,32.0,183.0,-264.0,894.0
271.0,26.0,27.0,166.0,-249.0,881.0
275.0,26.0,24.0,159.0,-226.0,861.0
269.0,34.0,17.0,157.0,-191.0,831.0
272.0,39.0,21.0,161.0,-156.0,799.0
272.0,43.0,21.0,167.0,-132.0,768.0
274.0,44.0,27.0,170.0,-112.0,734.0
271.0,47.0,23.0,159.0,-91.0,696.0
274.0,42.0,24.0,144.0,-60.0,655.0
275.0,37.0,19.0,122.0,-17.0,614.0
277.0,31.0,27.0,93.0,35.0,571.0
272.0,26.0,26.0,68.0,76.0,531.0
267.0,18.0,28.0,46.0,106.0,500.0
269.0,4.0,30.0,37.0,122.0,480.0
268.0,-4.0,34.0,46.0,126.0,454.0
276.0,-11.0,42.0,78.0,132.0,421.0
276.0,-16.0,40.0,119.0,144.0,383.0
277.0,-19.0,48.0,158.0,153.0,340.0
278.0,-19.0,55.0,189.0,160.0,299.0
273.0,-17.0,55.0,212.0,162.0,266.0
260.0,-7.0,56.0,226.0,165.0,237.0
265.0,-9.0,53.0,225.0,170.0,212.0
270.0,-4.0,56.0,227.0,182.0,177.0
272.0,-4.0,61.0,241.0,208.0,146.0
268.0,-3.0,66.0,260.0,238.0,115.0
274.0,-12.0,70.0,280.0,257.0,88.0
262.0,0.0,74.0,299.0,262.0,63.0
262.0,2.0,75.0,308.0,253.0,42.0
265.0,6.0,73.0,312.0,233.0,21.0
266.0,12.0,70.0,311.0,216.0,-5.0
257.0,14.0,69.0,304.0,211.0,-30.0
251.0,13.0,72.0,290.0,215.0,-51.0
249.0,14.0,74.0,279.0,219.0,-68.0
238.0,21.0,72.0,275.0,219.0,-77.0
235.0,22.0,75.0,275.0,216.0,-79.0
235.0,28.0,76.0,279.0,211.0,-80.0
233.0,33.0,72.0,284.0,211.0,-78.0
238.0,32.0,77.0,282.0,213.0,-82.0
241.0,33.0,78.0,276.0,216.0,-86.0
235.0,31.0,76.0,269.0,215.0,-91.0
234.0,33.0,79.0,269.0,213.0,-89.0
230.0,33.0,79.0,269.0,211.0,-77.0
234.0,34.0,76.0,260.0,207.0,-62.0
238.0,38.0,78.0,245.0,196.0,-56.0
247.0,41.0,81.0,220.0,186.0,-55.0
248.0,44.0,80.0,189.0,177.0,-55.0
254.0,47.0,82.0,157.0,172.0,-59.0
258.0,41.0,88.0,128.0,171.0,-61.0
257.0,43.0,84.0,101.0,169.0,-61.0
254.0,45.0,86.0,78.0,166.0,-59.0
252.0,46.0,86.0,52.0,160.0,-56.0
252.0,44.0,90.0,31.0,149.0,-55.0
253.0,44.0,90.0,13.0,137.0,-57.0
252.0,46.0,90.0,-3.0,122.0,-62.0
252.0,48.0,95.0,-15.0,108.0,-70.0
250.0,42.0,87.0,-27.0,100.0,-81.0
246.0,43.0,91.0,-36.0,97.0,-88.0
241.0,46.0,88.0,-42.0,100.0,-100.0
240.0,48.0,89.0,-44.0,106.0,-108.0
237.0,52.0,89.0,-45.0,109.0,-112.0
236.0,56.0,89.0,-43.0,105.0,-116.0
232.0,59.0,92.0,-41.0,98.0,-120.0
233.0,59.0,86.0,-40.0,89.0,-118.0
239.0,58.0,86.0,-43.0,78.0,-115.0
236.0,61.0,79.0,-50.0,71.0,-110.0
239.0,63.0,80.0,-64.0,64.0,-108.0
243.0,59.0,80.0,-79.0,57.0,-108.0
247.0,54.0,82.0,-87.0,47.0,-111.0
251.0,45.0,81.0,-86.0,35.0,-120.0
253.0,40.0,84.0,-77.0,27.0,-134.0
253.0,34.0,88.0,-57.0,23.0,-148.0
253.0,29.0,89.0,-29.0,23.0,-166.0
253.0,25.0,96.0,0.0,23.0,-182.0
250.0,22.0,96.0,30.0,24.0,-196.0
243.0,24.0,93.0,60.0,24.0,-210.0
243.0,28.0,92.0,89.0,30.0,-219.0
236.0,34.0,95.0,115.0,37.0,-228.0
233.0,40.0,91.0,136.0,47.0,-231.0
229.0,52.0,90.0,153.0,55.0,-226.0
228.0,59.0,88.0,166.0,59.0,-219.0
225.0,67.0,88.0,178.0,60.0,-208.0
229.0,72.0,88.0,186.0,55.0,-196.0
231.0,78.0,85.0,193.0,52.0,-180.0
235.0,80.0,82.0,194.0,50.0,-161.0
236.0,79.0,84.0,186.0,52.0,-136.0
238.0,80.0,85.0,172.0,54.0,-111.0
241.0,77.0,83.0,152.0,55.0,-85.0
239.0,75.0,81.0,127.0,53.0,-59.0
238.0,68.0,83.0,99.0,46.0,-39.0
245.0,62.0,83.0,71.0,37.0,-24.0
242.0,56.0,83.0,45.0,32.0,-15.0
243.0,49.0,82.0,20.0,31.0,-8.0
242.0,46.0,79.0,-2.0,34.0,-3.0
244.0,45.0,78.0,-14.0,38.0,-1.0
246.0,38.0,79.0,-22.0,42.0,-1.0
244.0,39.0,79.0,-16.0,40.0,-2.0
243.0,37.0,81.0,-14.0,42.0,-4.0
245.0,33.0,78.0,-12.0,44.0,-9.0
246.0,32.0,82.0,7.0,41.0,-14.0
248.0,33.0,77.0,32.0,37.0,-16.0
247.0,33.0,82.0,58.0,33.0,-17.0
244.0,35.0,80.0,85.0,30.0,-20.0
247.0,37.0,76.0,113.0,25.0,-23.0
246.0,40.0,80.0,137.0,20.0,-28.0
245.0,38.0,80.0,160.0,15.0,-30.0
243.0,42.0,84.0,179.0,10.0,-33.0
240.0,44.0,83.0,195.0,7.0,-35.0
239.0,45.0,83.0,209.0,4.0,-38.0
241.0,43.0,83.0,219.0,1.0,-40.0
239.0,43.0,85.0,226.0,-2.0,-41.0
242.0,46.0,84.0,230.0,-5.0,-42.0
236.0,45.0,84.0,231.0,-9.0,-44.0
