-23.0,-309.0,96.0,159.0,547.0,-156.0
-23.0,-310.0,99.0,165.0,546.0,-139.0
-12.0,-303.0,101.0,140.0,567.0,-104.0
-32.0,-299.0,74.0,156.0,542.0,-95.0
-41.0,-297.0,68.0,134.0,504.0,-57.0
-47.0,-291.0,57.0,98.0,470.0,-21.0
-48.0,-286.0,44.0,64.0,433.0,12.0
-47.0,-277.0,33.0,40.0,395.0,45.0
-43.0,-279.0,16.0,20.0,353.0,73.0
-41.0,-273.0,0.0,2.0,305.0,83.0
-39.0,-270.0,-22.0,-32.0,249.0,90.0
-32.0,-264.0,-46.0,-74.0,194.0,91.0
-26.0,-263.0,-65.0,-124.0,146.0,100.0
-13.0,-273.0,-78.0,-174.0,119.0,116.0
-1.0,-272.0,-94.0,-191.0,91.0,120.0
4.0,-288.0,-106.0,-211.0,86.0,144.0
13.0,-300.0,-117.0,-196.0,91.0,161.0
24.0,-306.0,-124.0,-160.0,96.0,172.0
39.0,-310.0,-131.0,-129.0,104.0,190.0
42.0,-318.0,-131.0,-109.0,100.0,213.0
55.0,-323.0,-141.0,-94.0,81.0,235.0
64.0,-336.0,-139.0,-96.0,64.0,255.0
71.0,-343.0,-136.0,-100.0,47.0,269.0
76.0,-345.0,-135.0,-89.0,41.0,278.0
77.0,-343.0,-129.0,-59.0,43.0,271.0
80.0,-335.0,-127.0,-6.0,52.0,254.0
80.0,-322.0,-122.0,62.0,61.0,228.0
71.0,-307.0,-121.0,127.0,69.0,187.0
65.0,-290.0,-115.0,175.0,79.0,150.0
50.0,-275.0,-110.0,204.0,87.0,119.0
37.0,-264.0,-99.0,213.0,87.0,90.0
23.0,-257.0,-81.0,210.0,77.0,62.0
8.0,-254.0,-73.0,202.0,57.0,30.0
1.0,-255.0,-67.0,191.0,38.0,2.0
-7.0,-254.0,-59.0,177.0,21.0,-17.0
-13.0,-260.0,-52.0,158.0,4.0,-32.0
-14.0,-257.0,-45.0,142.0,-15.0,-47.0
-14.0,-260.0,-44.0,131.0,-36.0,-64.0
-13.0,-260.0,-36.0,133.0,-54.0,-82.0
-8.0,-261.0,-35.0,139.0,-71.0,-101.0
0.0,-260.0,-34.0,148.0,-90.0,-121.0
4.0,-257.0,-32.0,156.0,-107.0,-138.0
9.0,-250.0,-34.0,170.0,-120.0,-160.0
16.0,-244.0,-28.0,187.0,-132.0,-177.0
20.0,-239.0,-31.0,203.0,-147.0,-187.0
23.0,-234.0,-33.0,212.0,-162.0,-197.0
38.0,-227.0,-21.0,220.0,-189.0,-213.0
25.0,-214.0,-27.0,229.0,-221.0,-237.0
35.0,-214.0,-32.0,230.0,-238.0,-251.0
29.0,-211.0,-31.0,233.0,-251.0,-253.0
38.0,-204.0,-28.0,226.0,-270.0,-260.0
36.0,-203.0,-28.0,214.0,-284.0,-259.0
32.0,-198.0,-26.0,195.0,-299.0,-258.0
34.0,-194.0,-26.0,177.0,-313.0,-254.0
33.0,-194.0,-25.0,153.0,-320.0,-244.0
32.0,-196.0,-22.0,130.0,-326.0,-239.0
30.0,-195.0,-23.0,109.0,-331.0,-233.0
28.0,-195.0,-29.0,94.0,-334.0,-227.0
30.0,-194.0,-27.0,76.0,-335.0,-219.0
27.0,-196.0,-28.0,59.0,-336.0,-213.0
30.0,-196.0,-29.0,42.0,-330.0,-209.0
31.0,-200.0,-19.0,26.0,-329.0,-207.0
32.0,-197.0,-25.0,8.0,-330.0,-208.0
31.0,-197.0,-23.0,-3.0,-336.0,-211.0
28.0,-200.0,-20.0,-17.0,-352.0,-217.0
33.0,-198.0,-18.0,-31.0,-377.0,-233.0
37.0,-198.0,-20.0,-48.0,-394.0,-236.0
35.0,-199.0,-13.0,-64.0,-397.0,-229.0
41.0,-204.0,-15.0,-80.0,-400.0,-222.0
39.0,-202.0,-17.0,-96.0,-393.0,-218.0
42.0,-210.0,-20.0,-110.0,-380.0,-215.0
44.0,-212.0,-15.0,-117.0,-365.0,-210.0
46.0,-215.0,-15.0,-119.0,-351.0,-203.0
45.0,-216.0,-10.0,-118.0,-344.0,-195.0
43.0,-224.0,-4.0,-119.0,-332.0,-184.0
42.0,-227.0,-2.0,-118.0,-325.0,-173.0
44.0,-229.0,1.0,-116.0,-319.0,-158.0
41.0,-235.0,-2.0,-111.0,-316.0,-152.0
40.0,-236.0,0.0,-106.0,-309.0,-141.0
35.0,-238.0,4.0,-96.0,-306.0,-135.0
36.0,-239.0,5.0,-88.0,-306.0,-131.0
32.0,-240.0,2.0,-83.0,-302.0,-122.0
28.0,-236.0,9.0,-74.0,-303.0,-114.0
21.0,-240.0,4.0,-63.0,-313.0,-111.0
26.0,-239.0,12.0,-68.0,-315.0,-101.0
21.0,-239.0,13.0,-64.0,-316.0,-92.0
17.0,-230.0,13.0,-52.0,-326.0,-90.0
12.0,-230.0,6.0,-26.0,-353.0,-93.0
14.0,-226.0,18.0,-20.0,-354.0,-80.0
8.0,-215.0,12.0,-12.0,-359.0,-76.0
16.0,-221.0,16.0,0.0,-373.0,-69.0
13.0,-218.0,13.0,3.0,-380.0,-54.0
49.0,-210.0,26.0,-4.0,-389.0,-39.0
7.0,-224.0,17.0,1.0,-426.0,-34.0
17.0,-226.0,15.0,-15.0,-425.0,-24.0
17.0,-226.0,14.0,-25.0,-434.0,-25.0
19.0,-229.0,19.0,-34.0,-442.0,-32.0
16.0,-223.0,13.0,-45.0,-451.0,-39.0
19.0,-228.0,19.0,-58.0,-458.0,-48.0
18.0,-227.0,16.0,-75.0,-465.0,-51.0
18.0,-231.0,24.0,-92.0,-470.0,-50.0
21.0,-231.0,22.0,-105.0,-474.0,-40.0
22.0,-234.0,22.0,-115.0,-475.0,-27.0
25.0,-231.0,27.0,-123.0,-477.0,-12.0
26.0,-238.0,26.0,-130.0,-479.0,6.0
30.0,-243.0,29.0,-137.0,-484.0,22.0
32.0,-241.0,33.0,-141.0,-491.0,37.0
33.0,-248.0,33.0,-145.0,-500.0,50.0
39.0,-245.0,34.0,-150.0,-514.0,60.0
38.0,-244.0,31.0,-155.0,-527.0,68.0
41.0,-241.0,30.0,-156.0,-535.0,77.0
40.0,-238.0,29.0,-158.0,-536.0,80.0
42.0,-235.0,13.0,-162.0,-525.0,82.0
40.0,-223.0,16.0,-172.0,-502.0,88.0
70.0,-230.0,33.0,-187.0,-484.0,90.0
40.0,-220.0,23.0,-188.0,-477.0,101.0
31.0,-216.0,35.0,-181.0,-439.0,109.0
30.0,-213.0,42.0,-163.0,-417.0,115.0
28.0,-212.0,45.0,-150.0,-397.0,120.0
21.0,-212.0,46.0,-150.0,-388.0,127.0
18.0,-206.0,48.0,-153.0,-386.0,137.0
14.0,-202.0,50.0,-154.0,-396.0,146.0
13.0,-199.0,42.0,-161.0,-409.0,153.0
8.0,-196.0,37.0,-178.0,-426.0,159.0
11.0,-192.0,33.0,-208.0,-445.0,166.0
10.0,-191.0,26.0,-246.0,-460.0,171.0
19.0,-192.0,16.0,-296.0,-469.0,172.0
20.0,-190.0,3.0,-355.0,-476.0,169.0
28.0,-190.0,-2.0,-425.0,-488.0,166.0
33.0,-193.0,-18.0,-510.0,-506.0,156.0
35.0,-191.0,-28.0,-600.0,-519.0,147.0
41.0,-195.0,-39.0,-690.0,-521.0,135.0
61.0,-203.0,-23.0,-776.0,-539.0,100.0
59.0,-208.0,-49.0,-844.0,-509.0,93.0
65.0,-222.0,-45.0,-898.0,-444.0,80.0
69.0,-228.0,-44.0,-932.0,-399.0,55.0
69.0,-231.0,-46.0,-941.0,-360.0,31.0
117.0,-225.0,-40.0,-929.0,-323.0,11.0
47.0,-223.0,-46.0,-900.0,-329.0,-31.0
40.0,-221.0,-44.0,-872.0,-289.0,-26.0
11.0,-210.0,-33.0,-836.0,-216.0,-27.0
69.0,-200.0,-17.0,-819.0,-215.0,-65.0
-6.0,-192.0,-11.0,-760.0,-219.0,-55.0
-12.0,-187.0,-9.0,-713.0,-221.0,-14.0
-26.0,-177.0,-15.0,-686.0,-236.0,0.0
-28.0,-162.0,-15.0,-675.0,-304.0,-12.0
-49.0,-162.0,-23.0,-672.0,-402.0,-18.0
-47.0,-160.0,-24.0,-684.0,-454.0,-3.0
-35.0,-150.0,-31.0,-705.0,-515.0,-5.0
-44.0,-153.0,-44.0,-735.0,-602.0,-18.0
-32.0,-157.0,-48.0,-780.0,-659.0,-14.0
-12.0,-167.0,-48.0,-842.0,-714.0,-22.0
0.0,-170.0,-49.0,-878.0,-734.0,-2.0
14.0,-180.0,-48.0,-897.0,-745.0,20.0
29.0,-189.0,-43.0,-908.0,-743.0,34.0
42.0,-195.0,-46.0,-915.0,-740.0,36.0
54.0,-196.0,-52.0,-923.0,-725.0,33.0
63.0,-201.0,-53.0,-935.0,-699.0,29.0
68.0,-201.0,-63.0,-954.0,-658.0,25.0
65.0,-200.0,-70.0,-985.0,-605.0,23.0
68.0,-204.0,-83.0,-1029.0,-545.0,25.0
65.0,-202.0,-90.0,-1085.0,-483.0,25.0
61.0,-204.0,-96.0,-1148.0,-428.0,26.0
52.0,-207.0,-95.0,-1210.0,-382.0,33.0
41.0,-212.0,-104.0,-1274.0,-347.0,42.0
31.0,-214.0,-102.0,-1338.0,-320.0,53.0
20.0,-209.0,-122.0,-1395.0,-300.0,65.0
6.0,-213.0,-127.0,-1446.0,-280.0,80.0
7.0,-216.0,-121.0,-1492.0,-278.0,84.0
-21.0,-220.0,-147.0,-1524.0,-343.0,75.0
-14.0,-217.0,-154.0,-1575.0,-302.0,99.0
-15.0,-217.0,-164.0,-1604.0,-273.0,91.0
-13.0,-215.0,-168.0,-1619.0,-274.0,85.0
-22.0,-222.0,-183.0,-1632.0,-318.0,76.0
-19.0,-233.0,-184.0,-1674.0,-311.0,92.0
-7.0,-234.0,-189.0,-1707.0,-301.0,90.0
-8.0,-234.0,-201.0,-1737.0,-308.0,98.0
-5.0,-235.0,-205.0,-1780.0,-314.0,107.0
-6.0,-235.0,-205.0,-1826.0,-303.0,110.0
-8.0,-236.0,-217.0,-1870.0,-299.0,106.0
-10.0,-229.0,-216.0,-1919.0,-308.0,103.0
-11.0,-222.0,-212.0,-2006.0,-304.0,121.0
0.0,-231.0,-201.0,-2103.0,-294.0,147.0
3.0,-215.0,-207.0,-2146.0,-327.0,111.0
7.0,-216.0,-209.0,-2241.0,-331.0,118.0
11.0,-219.0,-210.0,-2381.0,-305.0,179.0
9.0,-231.0,-191.0,-2511.0,-326.0,225.0
-16.0,-251.0,-194.0,-2584.0,-390.0,230.0
-6.0,-239.0,-208.0,-2633.0,-419.0,202.0
-9.0,-252.0,-214.0,-2704.0,-428.0,204.0
-9.0,-263.0,-222.0,-2785.0,-452.0,209.0
0.0,-278.0,-228.0,-2877.0,-455.0,239.0
5.0,-297.0,-237.0,-2956.0,-482.0,252.0
12.0,-319.0,-256.0,-3038.0,-513.0,261.0
6.0,-336.0,-264.0,-3108.0,-515.0,258.0
5.0,-354.0,-270.0,-3157.0,-514.0,233.0
16.0,-359.0,-288.0,-3183.0,-521.0,210.0
13.0,-368.0,-285.0,-3210.0,-527.0,227.0
16.0,-380.0,-267.0,-3216.0,-534.0,263.0
18.0,-391.0,-247.0,-3170.0,-543.0,285.0
19.0,-393.0,-228.0,-3073.0,-564.0,290.0
41.0,-388.0,-197.0,-2947.0,-573.0,294.0
61.0,-377.0,-170.0,-2814.0,-572.0,297.0
77.0,-361.0,-144.0,-2697.0,-541.0,301.0
91.0,-347.0,-138.0,-2625.0,-504.0,306.0
104.0,-329.0,-129.0,-2602.0,-485.0,315.0
99.0,-314.0,-122.0,-2610.0,-488.0,342.0
101.0,-298.0,-125.0,-2624.0,-519.0,394.0
96.0,-268.0,-125.0,-2653.0,-539.0,456.0
96.0,-282.0,-127.0,-2686.0,-543.0,516.0
81.0,-279.0,-119.0,-2716.0,-529.0,575.0
79.0,-267.0,-120.0,-2722.0,-520.0,630.0
61.0,-267.0,-117.0,-2705.0,-502.0,668.0
44.0,-248.0,-104.0,-2670.0,-495.0,692.0
37.0,-241.0,-95.0,-2613.0,-499.0,722.0
22.0,-221.0,-91.0,-2531.0,-510.0,741.0
8.0,-201.0,-73.0,-2443.0,-516.0,747.0
3.0,-189.0,-66.0,-2373.0,-530.0,746.0
-14.0,-177.0,-55.0,-2358.0,-555.0,749.0
-36.0,-161.0,-32.0,-2398.0,-570.0,766.0
-54.0,-159.0,2.0,-2450.0,-587.0,793.0
-66.0,-157.0,27.0,-2477.0,-614.0,819.0
-72.0,-158.0,48.0,-2465.0,-648.0,828.0
-77.0,-151.0,64.0,-2411.0,-680.0,801.0
-76.0,-143.0,66.0,-2318.0,-705.0,735.0
-78.0,-120.0,68.0,-2205.0,-729.0,638.0
-72.0,-93.0,69.0,-2095.0,-766.0,536.0
-59.0,-58.0,64.0,-2003.0,-827.0,443.0
-55.0,-22.0,62.0,-1950.0,-907.0,369.0
-46.0,22.0,61.0,-1951.0,-997.0,336.0
-42.0,70.0,59.0,-2002.0,-1091.0,337.0
-45.0,99.0,65.0,-2091.0,-1176.0,364.0
-41.0,115.0,65.0,-2206.0,-1256.0,408.0
-35.0,116.0,64.0,-2323.0,-1318.0,454.0
-33.0,102.0,66.0,-2437.0,-1371.0,511.0
-33.0,76.0,68.0,-2527.0,-1437.0,555.0
-18.0,30.0,67.0,-2573.0,-1520.0,588.0
-3.0,-8.0,62.0,-2544.0,-1615.0,595.0
7.0,-30.0,53.0,-2455.0,-1676.0,591.0
14.0,-38.0,49.0,-2342.0,-1723.0,568.0
13.0,-41.0,45.0,-2230.0,-1752.0,545.0
12.0,-37.0,49.0,-2155.0,-1776.0,528.0
10.0,-31.0,60.0,-2092.0,-1802.0,516.0
2.0,-22.0,66.0,-2041.0,-1832.0,517.0
-10.0,-6.0,67.0,-2008.0,-1871.0,531.0
-16.0,1.0,63.0,-1991.0,-1915.0,558.0
-18.0,10.0,63.0,-1981.0,-1968.0,601.0
-22.0,15.0,57.0,-1963.0,-2027.0,651.0
-12.0,20.0,37.0,-1936.0,-2082.0,707.0
1.0,21.0,12.0,-1908.0,-2127.0,766.0
33.0,4.0,-9.0,-1895.0,-2146.0,776.0
2.0,25.0,-4.0,-1907.0,-2166.0,721.0
-3.0,25.0,-19.0,-1903.0,-2193.0,699.0
5.0,55.0,-34.0,-1936.0,-2233.0,689.0
2.0,65.0,-51.0,-1937.0,-2174.0,781.0
-7.0,69.0,-60.0,-1979.0,-2175.0,809.0
-13.0,81.0,-86.0,-2009.0,-2221.0,796.0
-7.0,63.0,-89.0,-2027.0,-2280.0,760.0
-9.0,70.0,-117.0,-1938.0,-2310.0,783.0
1.0,74.0,-133.0,-1871.0,-2380.0,816.0
-7.0,72.0,-148.0,-1862.0,-2506.0,788.0
-38.0,68.0,-157.0,-1845.0,-2636.0,743.0
-66.0,56.0,-167.0,-1773.0,-2757.0,705.0
-113.0,53.0,-163.0,-1678.0,-2905.0,640.0
-191.0,59.0,-159.0,-1589.0,-3104.0,565.0
-252.0,45.0,-158.0,-1498.0,-3334.0,516.0
-304.0,49.0,-158.0,-1386.0,-3575.0,480.0
-366.0,45.0,-169.0,-1258.0,-3883.0,435.0
-397.0,49.0,-186.0,-1097.0,-4236.0,379.0
-443.0,61.0,-225.0,-886.0,-4547.0,361.0
-452.0,88.0,-295.0,-655.0,-4901.0,321.0
-471.0,116.0,-319.0,-454.0,-5211.0,347.0
-447.0,154.0,-357.0,-354.0,-5627.0,320.0
-418.0,173.0,-360.0,-295.0,-5950.0,362.0
-376.0,188.0,-356.0,-303.0,-6246.0,324.0
-311.0,185.0,-346.0,-342.0,-6449.0,308.0
-265.0,176.0,-338.0,-373.0,-6580.0,335.0
-211.0,156.0,-330.0,-393.0,-6729.0,347.0
-158.0,132.0,-316.0,-388.0,-6894.0,362.0
-113.0,107.0,-299.0,-354.0,-7059.0,376.0
-81.0,85.0,-290.0,-290.0,-7196.0,385.0
-58.0,77.0,-277.0,-223.0,-7342.0,363.0
-70.0,60.0,-243.0,-155.0,-7455.0,345.0
-70.0,49.0,-192.0,-106.0,-7415.0,375.0
-28.0,36.0,-178.0,-96.0,-7377.0,370.0
-32.0,37.0,-156.0,-106.0,-7334.0,353.0
-28.0,53.0,-118.0,-94.0,-7265.0,335.0
-63.0,56.0,-67.0,-146.0,-7311.0,374.0
-130.0,167.0,-240.0,-22.0,-7323.0,440.0
-100.0,255.0,-143.0,-111.0,-7139.0,730.0
-21.0,257.0,-151.0,-325.0,-7081.0,931.0
85.0,249.0,-109.0,-423.0,-7060.0,961.0
-118.0,484.0,161.0,-176.0,-6643.0,1139.0
-220.0,768.0,226.0,582.0,-6274.0,1804.0
-300.0,1210.0,130.0,1473.0,-5778.0,2726.0
-466.0,1523.0,-13.0,1619.0,-4942.0,3607.0
-1027.0,1452.0,64.0,179.0,-4182.0,3427.0
-2714.0,1692.0,508.0,-2122.0,-4351.0,765.0
-3320.0,1529.0,265.0,-3054.0,-5112.0,-1297.0
-3350.0,1120.0,-151.0,-2687.0,-6095.0,-3452.0
-3141.0,896.0,-369.0,-1761.0,-6406.0,-5088.0
-2299.0,585.0,-110.0,-1491.0,-5916.0,-5671.0
-1475.0,558.0,391.0,-1488.0,-4942.0,-5553.0
-1090.0,733.0,534.0,76.0,-3770.0,-4839.0
-560.0,580.0,545.0,1770.0,-2489.0,-3639.0
218.0,267.0,521.0,2490.0,-1312.0,-2995.0
542.0,208.0,717.0,1867.0,-455.0,-3123.0
787.0,77.0,774.0,955.0,86.0,-3010.0
1035.0,-146.0,701.0,188.0,201.0,-2692.0
1123.0,-270.0,596.0,-394.0,-393.0,-2447.0
1037.0,-380.0,457.0,-637.0,-1338.0,-2048.0
1016.0,-450.0,384.0,-319.0,-2121.0,-1432.0
846.0,-423.0,298.0,510.0,-2483.0,-1159.0
615.0,-318.0,184.0,1311.0,-2468.0,-1214.0
463.0,-246.0,96.0,1795.0,-2087.0,-1371.0
234.0,-194.0,-3.0,2092.0,-1520.0,-1477.0
35.0,-179.0,-46.0,2359.0,-843.0,-1566.0
-106.0,-127.0,-68.0,2588.0,-190.0,-1699.0
-114.0,-64.0,-41.0,2730.0,416.0,-1820.0
-127.0,-14.0,-12.0,2776.0,751.0,-1896.0
-143.0,58.0,23.0,2713.0,770.0,-1909.0
-131.0,131.0,42.0,2519.0,558.0,-1837.0
-135.0,195.0,68.0,2226.0,232.0,-1746.0
-152.0,224.0,106.0,1881.0,-84.0,-1663.0
-169.0,244.0,156.0,1550.0,-332.0,-1590.0
-172.0,276.0,166.0,1293.0,-422.0,-1501.0
-211.0,282.0,158.0,1083.0,-364.0,-1404.0
-219.0,283.0,167.0,912.0,-236.0,-1310.0
-177.0,297.0,150.0,763.0,-99.0,-1236.0
-147.0,297.0,150.0,575.0,20.0,-1117.0
-126.0,276.0,147.0,341.0,69.0,-960.0
-129.0,251.0,159.0,103.0,79.0,-818.0
-159.0,210.0,189.0,-104.0,95.0,-690.0
-176.0,176.0,214.0,-213.0,143.0,-573.0
-212.0,138.0,246.0,-261.0,175.0,-479.0
-259.0,99.0,263.0,-277.0,166.0,-404.0
-278.0,56.0,269.0,-271.0,140.0,-347.0
-305.0,23.0,264.0,-220.0,110.0,-318.0
-306.0,11.0,259.0,-111.0,83.0,-301.0
-302.0,13.0,229.0,36.0,55.0,-282.0
-284.0,24.0,188.0,203.0,60.0,-238.0
-283.0,64.0,156.0,368.0,111.0,-198.0
-243.0,115.0,126.0,531.0,185.0,-154.0
-268.0,171.0,141.0,628.0,253.0,-158.0
-221.0,221.0,128.0,654.0,239.0,-170.0
-185.0,280.0,123.0,536.0,205.0,-253.0
-129.0,307.0,93.0,352.0,184.0,-347.0
-115.0,311.0,82.0,117.0,204.0,-470.0
-93.0,298.0,71.0,-98.0,223.0,-583.0
-169.0,265.0,90.0,-243.0,224.0,-661.0
-138.0,217.0,83.0,-312.0,147.0,-678.0
-182.0,164.0,78.0,-320.0,67.0,-667.0
-188.0,128.0,62.0,-307.0,-18.0,-637.0
-222.0,75.0,58.0,-293.0,-80.0,-590.0
-306.0,44.0,82.0,-310.0,-157.0,-551.0
-354.0,28.0,79.0,-248.0,-237.0,-445.0
-364.0,16.0,79.0,-134.0,-312.0,-301.0
-346.0,10.0,76.0,-25.0,-396.0,-160.0
-320.0,-3.0,91.0,71.0,-477.0,-44.0
-298.0,-14.0,109.0,173.0,-539.0,42.0
-277.0,-30.0,138.0,282.0,-586.0,97.0
-251.0,-37.0,172.0,375.0,-610.0,119.0
-220.0,-35.0,196.0,447.0,-603.0,116.0
-189.0,-25.0,211.0,503.0,-563.0,107.0
-168.0,-10.0,232.0,537.0,-515.0,98.0
-151.0,6.0,234.0,563.0,-476.0,103.0
-138.0,25.0,227.0,564.0,-440.0,116.0
-138.0,43.0,226.0,519.0,-397.0,140.0
-135.0,51.0,222.0,445.0,-358.0,174.0
-141.0,65.0,214.0,366.0,-318.0,205.0
-151.0,68.0,209.0,276.0,-277.0,226.0
-149.0,67.0,210.0,207.0,-235.0,228.0
-153.0,54.0,200.0,148.0,-178.0,210.0
-161.0,46.0,195.0,97.0,-107.0,174.0
-163.0,30.0,188.0,36.0,-54.0,133.0
-172.0,16.0,182.0,-17.0,3.0,92.0
-176.0,4.0,179.0,-51.0,62.0,47.0
-173.0,-8.0,165.0,-74.0,112.0,1.0
-169.0,-23.0,158.0,-81.0,162.0,-37.0
-167.0,-27.0,146.0,-63.0,215.0,-67.0
-162.0,-31.0,129.0,-19.0,276.0,-92.0
-159.0,-30.0,127.0,47.0,337.0,-115.0
-154.0,-28.0,126.0,119.0,379.0,-135.0
-142.0,-22.0,117.0,179.0,398.0,-154.0
-141.0,-11.0,114.0,213.0,394.0,-173.0
-142.0,-3.0,115.0,226.0,370.0,-190.0
-155.0,13.0,113.0,212.0,329.0,-206.0
-164.0,25.0,115.0,182.0,276.0,-220.0
-178.0,36.0,114.0,140.0,215.0,-224.0
-186.0,37.0,112.0,91.0,158.0,-221.0
-195.0,38.0,118.0,34.0,112.0,-221.0
-204.0,40.0,113.0,-19.0,88.0,-214.0
-212.0,36.0,115.0,-71.0,83.0,-204.0
-219.0,31.0,121.0,-116.0,92.0,-198.0
-223.0,19.0,124.0,-159.0,107.0,-187.0
-226.0,12.0,127.0,-198.0,128.0,-174.0
-229.0,3.0,127.0,-224.0,151.0,-158.0
-234.0,-4.0,128.0,-237.0,172.0,-148.0
-238.0,-11.0,130.0,-235.0,182.0,-140.0
-244.0,-16.0,134.0,-216.0,180.0,-132.0
-248.0,-20.0,135.0,-186.0,169.0,-123.0
-252.0,-20.0,133.0,-152.0,156.0,-114.0
-255.0,-17.0,133.0,-122.0,148.0,-107.0
-256.0,-17.0,138.0,-92.0,151.0,-97.0
-258.0,-14.0,135.0,-62.0,161.0,-89.0
-257.0,-9.0,133.0,-42.0,179.0,-83.0
-255.0,-7.0,128.0,-24.0,197.0,-76.0
-252.0,-2.0,129.0,-10.0,214.0,-63.0
-242.0,-3.0,129.0,3.0,230.0,-47.0
-241.0,1.0,130.0,14.0,242.0,-31.0
-233.0,3.0,130.0,23.0,251.0,-12.0
-225.0,3.0,129.0,29.0,253.0,5.0
-218.0,5.0,132.0,30.0,252.0,19.0
-216.0,3.0,132.0,28.0,250.0,30.0
-213.0,7.0,135.0,24.0,240.0,40.0
-210.0,1.0,133.0,21.0,228.0,48.0
-211.0,-1.0,130.0,20.0,211.0,51.0
-210.0,-2.0,136.0,25.0,191.0,54.0
-215.0,-1.0,136.0,34.0,172.0,56.0
-216.0,-2.0,133.0,47.0,153.0,59.0
-216.0,-3.0,132.0,62.0,139.0,61.0
-207.0,1.0,131.0,74.0,131.0,60.0
-217.0,0.0,136.0,84.0,127.0,62.0
-214.0,-1.0,130.0,89.0,131.0,63.0
-216.0,4.0,129.0,93.0,140.0,64.0
-211.0,2.0,129.0,94.0,148.0,67.0
-215.0,5.0,131.0,96.0,155.0,69.0
-211.0,7.0,130.0,96.0,162.0,74.0
-207.0,5.0,130.0,95.0,166.0,77.0
-204.0,5.0,130.0,91.0,171.0,75.0
-204.0,10.0,130.0,88.0,171.0,73.0
-203.0,10.0,130.0,84.0,169.0,68.0
-203.0,17.0,129.0,77.0,164.0,63.0
-204.0,14.0,129.0,75.0,162.0,54.0
-204.0,13.0,125.0,74.0,157.0,44.0
-209.0,14.0,127.0,70.0,154.0,33.0
-208.0,15.0,128.0,70.0,153.0,24.0
-212.0,14.0,129.0,73.0,153.0,14.0
-211.0,11.0,127.0,76.0,152.0,10.0
-216.0,11.0,124.0,79.0,151.0,6.0
-217.0,8.0,126.0,82.0,148.0,5.0
-218.0,9.0,128.0,87.0,145.0,4.0
-220.0,10.0,129.0,93.0,141.0,1.0
-220.0,10.0,127.0,98.0,136.0,-2.0
-224.0,10.0,127.0,104.0,127.0,-5.0
-226.0,12.0,127.0,107.0,119.0,-8.0
-232.0,12.0,123.0,109.0,115.0,-12.0
-232.0,13.0,123.0,113.0,116.0,-15.0
-235.0,12.0,124.0,117.0,119.0,-15.0
-237.0,10.0,120.0,122.0,119.0,-19.0
-234.0,12.0,119.0,126.0,118.0,-17.0
-239.0,15.0,120.0,127.0,114.0,-14.0
-236.0,14.0,118.0,128.0,108.0,-11.0
-235.0,16.0,119.0,124.0,101.0,-3.0
-234.0,14.0,121.0,119.0,95.0,0.0
-230.0,15.0,119.0,119.0,91.0,5.0
-225.0,17.0,124.0,118.0,86.0,9.0
-227.0,14.0,124.0,116.0,82.0,10.0
-226.0,22.0,122.0,112.0,78.0,11.0
-227.0,26.0,124.0,105.0,77.0,12.0
-222.0,26.0,125.0,93.0,72.0,10.0
-224.0,23.0,124.0,77.0,66.0,7.0
-222.0,25.0,125.0,63.0,61.0,2.0
-219.0,20.0,127.0,50.0,56.0,-3.0
-221.0,20.0,126.0,41.0,54.0,-8.0
-219.0,12.0,123.0,39.0,51.0,-12.0
-219.0,9.0,124.0,41.0,49.0,-15.0
-220.0,11.0,120.0,47.0,46.0,-17.0
-222.0,8.0,125.0,55.0,41.0,-16.0
-222.0,6.0,127.0,64.0,38.0,-15.0
-217.0,6.0,126.0,70.0,32.0,-12.0
-220.0,10.0,126.0,74.0,29.0,-11.0
-224.0,10.0,126.0,78.0,25.0,-12.0
-222.0,16.0,127.0,75.0,20.0,-10.0
-224.0,16.0,123.0,73.0,17.0,-9.0
-221.0,19.0,123.0,68.0,16.0,-11.0
-223.0,16.0,121.0,62.0,13.0,-16.0
-221.0,15.0,121.0,57.0,6.0,-19.0
-223.0,10.0,119.0,49.0,-1.0,-21.0
-223.0,11.0,122.0,46.0,-5.0,-21.0
-219.0,7.0,120.0,42.0,-8.0,-18.0
-223.0,10.0,120.0,41.0,-6.0,-18.0
-218.0,6.0,124.0,41.0,-7.0,-17.0
-216.0,5.0,126.0,45.0,-6.0,-16.0
-214.0,9.0,125.0,50.0,-10.0,-13.0
-221.0,9.0,128.0,55.0,-14.0,-12.0
-217.0,12.0,129.0,58.0,-18.0,-11.0
-223.0,10.0,127.0,62.0,-22.0,-11.0
-218.0,9.0,127.0,66.0,-24.0,-11.0
-219.0,11.0,125.0,69.0,-23.0,-12.0
-220.0,13.0,126.0,70.0,-20.0,-14.0
-222.0,9.0,125.0,71.0,-17.0,-14.0
-221.0,11.0,129.0,70.0,-14.0,-13.0
-223.0,11.0,122.0,67.0,-9.0,-13.0
-219.0,12.0,126.0,66.0,-7.0,-12.0
-220.0,9.0,126.0,65.0,-4.0,-12.0
-218.0,11.0,127.0,65.0,-1.0,-11.0
-221.0,12.0,128.0,64.0,-2.0,-9.0
-222.0,10.0,128.0,62.0,-5.0,-5.0
-220.0,13.0,127.0,58.0,-8.0,-2.0
-220.0,13.0,129.0,56.0,-7.0,-2.0
-220.0,12.0,128.0,55.0,-6.0,-1.0
-219.0,12.0,128.0,58.0,-5.0,-1.0
-215.0,9.0,126.0,60.0,-3.0,-1.0
-217.0,13.0,125.0,61.0,-3.0,-1.0
-217.0,7.0,128.0,63.0,-2.0,-3.0
-216.0,10.0,127.0,62.0,-2.0,-4.0
-217.0,12.0,128.0,64.0,1.0,-5.0
-217.0,13.0,124.0,64.0,4.0,-5.0
-218.0,11.0,127.0,63.0,7.0,-8.0
-218.0,12.0,127.0,61.0,11.0,-8.0
-218.0,11.0,130.0,61.0,11.0,-8.0
-218.0,14.0,129.0,60.0,9.0,-6.0
-219.0,13.0,127.0,59.0,8.0,-4.0
-219.0,11.0,128.0,59.0,8.0,-6.0
-221.0,12.0,126.0,59.0,10.0,-6.0
-222.0,12.0,130.0,63.0,12.0,-6.0
-220.0,8.0,127.0,64.0,15.0,-7.0
-231.0,3.0,137.0,65.0,16.0,-9.0
-219.0,10.0,127.0,67.0,19.0,-9.0
-222.0,13.0,124.0,70.0,18.0,-13.0
-221.0,9.0,124.0,76.0,18.0,-14.0
-219.0,10.0,125.0,79.0,19.0,-16.0
-220.0,11.0,124.0,83.0,20.0,-17.0
-223.0,9.0,123.0,84.0,21.0,-19.0
-220.0,16.0,126.0,84.0,21.0,-20.0
-219.0,13.0,125.0,82.0,20.0,-18.0
-219.0,15.0,126.0,79.0,19.0,-15.0
-219.0,11.0,125.0,74.0,16.0,-13.0
-219.0,15.0,128.0,67.0,13.0,-15.0
-219.0,11.0,129.0,60.0,11.0,-12.0
-219.0,13.0,127.0,57.0,9.0,-10.0
-219.0,11.0,127.0,57.0,10.0,-10.0
-218.0,11.0,123.0,54.0,10.0,-8.0
-221.0,9.0,126.0,55.0,13.0,-7.0
-218.0,11.0,123.0,57.0,14.0,-7.0
-219.0,11.0,126.0,61.0,15.0,-8.0
-221.0,10.0,126.0,65.0,18.0,-8.0
-220.0,14.0,126.0,65.0,18.0,-9.0
-218.0,12.0,125.0,64.0,19.0,-10.0
-219.0,13.0,125.0,65.0,20.0,-12.0
-220.0,12.0,128.0,65.0,20.0,-14.0
-220.0,16.0,128.0,67.0,14.0,-13.0
-220.0,13.0,123.0,66.0,11.0,-14.0
-218.0,17.0,127.0,63.0,10.0,-15.0
-220.0,16.0,123.0,61.0,11.0,-16.0
-219.0,12.0,127.0,58.0,12.0,-17.0
-221.0,14.0,127.0,55.0,14.0,-18.0
-218.0,9.0,128.0,54.0,17.0,-20.0
-221.0,15.0,124.0,53.0,19.0,-19.0
-220.0,11.0,125.0,54.0,21.0,-18.0
-224.0,13.0,126.0,52.0,22.0,-16.0
-220.0,11.0,122.0,51.0,21.0,-12.0
-218.0,13.0,128.0,52.0,22.0,-13.0
-223.0,10.0,126.0,50.0,20.0,-12.0
-218.0,11.0,126.0,53.0,19.0,-13.0
-221.0,14.0,127.0,55.0,16.0,-13.0
-222.0,12.0,128.0,58.0,13.0,-11.0
-220.0,12.0,128.0,60.0,10.0,-14.0
-218.0,12.0,129.0,62.0,11.0,-13.0
-221.0,12.0,127.0,63.0,9.0,-15.0
-219.0,11.0,127.0,66.0,9.0,-15.0
-219.0,12.0,129.0,70.0,11.0,-14.0
-219.0,14.0,127.0,71.0,11.0,-13.0
-221.0,12.0,128.0,72.0,13.0,-15.0
-216.0,11.0,128.0,72.0,17.0,-13.0
-218.0,10.0,126.0,71.0,18.0,-14.0
-218.0,9.0,126.0,70.0,21.0,-13.0
-219.0,11.0,122.0,69.0,23.0,-11.0
-216.0,11.0,127.0,67.0,24.0,-9.0
-217.0,10.0,128.0,66.0,25.0,-9.0
-218.0,11.0,124.0,64.0,27.0,-9.0
-219.0,11.0,129.0,63.0,27.0,-6.0
-218.0,12.0,128.0,62.0,23.0,-4.0
-221.0,14.0,127.0,63.0,22.0,-2.0
-224.0,12.0,126.0,64.0,18.0,-2.0
-219.0,12.0,126.0,66.0,16.0,-1.0
-221.0,13.0,127.0,68.0,16.0,-1.0
-218.0,8.0,128.0,70.0,15.0,1.0
-220.0,12.0,125.0,73.0,15.0,3.0
-221.0,10.0,127.0,75.0,16.0,2.0
-221.0,13.0,122.0,76.0,14.0,3.0
-219.0,14.0,124.0,78.0,13.0,4.0
-222.0,14.0,124.0,79.0,12.0,3.0
-223.0,21.0,121.0,77.0,12.0,2.0
-222.0,20.0,126.0,70.0,11.0,-1.0
-221.0,19.0,125.0,57.0,11.0,-4.0
-220.0,18.0,121.0,45.0,12.0,-7.0
-220.0,13.0,127.0,36.0,12.0,-9.0
-222.0,13.0,127.0,30.0,14.0,-9.0
-220.0,8.0,123.0,32.0,19.0,-9.0
-219.0,5.0,127.0,38.0,21.0,-10.0
-221.0,7.0,128.0,48.0,23.0,-8.0
-220.0,7.0,126.0,58.0,23.0,-7.0
-218.0,12.0,125.0,69.0,24.0,-6.0
-219.0,13.0,127.0,74.0,25.0,-6.0
-218.0,13.0,125.0,79.0,26.0,-7.0
-219.0,13.0,123.0,82.0,27.0,-10.0
-223.0,20.0,126.0,81.0,27.0,-11.0
-220.0,17.0,120.0,77.0,23.0,-11.0
-222.0,19.0,123.0,68.0,20.0,-12.0
