40.0,-245.0,-30.0,-115.0,-74.0,-199.0
41.0,-242.0,-36.0,-88.0,-85.0,-172.0
44.0,-231.0,-43.0,-65.0,-92.0,-145.0
43.0,-221.0,-51.0,-46.0,-99.0,-114.0
40.0,-219.0,-56.0,-34.0,-104.0,-81.0
33.0,-212.0,-57.0,-25.0,-104.0,-49.0
28.0,-217.0,-57.0,-26.0,-108.0,-13.0
17.0,-220.0,-60.0,-39.0,-107.0,29.0
17.0,-227.0,-57.0,-65.0,-100.0,69.0
11.0,-230.0,-59.0,-89.0,-93.0,98.0
19.0,-239.0,-59.0,-101.0,-87.0,126.0
18.0,-245.0,-56.0,-106.0,-77.0,147.0
19.0,-249.0,-48.0,-97.0,-71.0,156.0
18.0,-254.0,-46.0,-74.0,-71.0,162.0
21.0,-258.0,-49.0,-48.0,-74.0,164.0
29.0,-261.0,-51.0,-32.0,-78.0,154.0
30.0,-260.0,-52.0,-15.0,-79.0,141.0
30.0,-257.0,-53.0,-1.0,-80.0,116.0
31.0,-258.0,-58.0,11.0,-81.0,84.0
29.0,-256.0,-53.0,12.0,-91.0,49.0
28.0,-257.0,-50.0,17.0,-96.0,23.0
23.0,-255.0,-51.0,39.0,-100.0,5.0
16.0,-255.0,-45.0,67.0,-111.0,-7.0
9.0,-256.0,-38.0,97.0,-134.0,-7.0
5.0,-260.0,-30.0,124.0,-164.0,-2.0
0.0,-267.0,-27.0,134.0,-201.0,7.0
0.0,-270.0,-23.0,140.0,-235.0,22.0
1.0,-279.0,-20.0,142.0,-275.0,35.0
3.0,-287.0,-18.0,149.0,-317.0,50.0
1.0,-290.0,-17.0,154.0,-356.0,66.0
8.0,-291.0,-16.0,159.0,-392.0,80.0
10.0,-296.0,-12.0,160.0,-426.0,90.0
15.0,-300.0,-5.0,163.0,-459.0,100.0
17.0,-306.0,-1.0,163.0,-493.0,109.0
20.0,-307.0,3.0,155.0,-538.0,117.0
20.0,-310.0,5.0,150.0,-581.0,130.0
14.0,-312.0,10.0,143.0,-635.0,149.0
12.0,-316.0,13.0,128.0,-695.0,169.0
6.0,-316.0,14.0,113.0,-756.0,199.0
4.0,-319.0,20.0,100.0,-811.0,228.0
0.0,-322.0,17.0,88.0,-865.0,260.0
-2.0,-327.0,26.0,87.0,-908.0,288.0
-5.0,-336.0,34.0,104.0,-949.0,313.0
-8.0,-339.0,32.0,142.0,-992.0,332.0
-5.0,-341.0,31.0,192.0,-1037.0,347.0
-2.0,-336.0,24.0,237.0,-1084.0,361.0
-7.0,-330.0,10.0,253.0,-1137.0,377.0
-18.0,-330.0,-4.0,239.0,-1190.0,401.0
-15.0,-313.0,-36.0,183.0,-1236.0,439.0
-16.0,-297.0,-62.0,105.0,-1265.0,491.0
0.0,-288.0,-100.0,7.0,-1275.0,553.0
15.0,-280.0,-132.0,-104.0,-1263.0,615.0
32.0,-272.0,-162.0,-220.0,-1239.0,674.0
52.0,-266.0,-190.0,-328.0,-1205.0,723.0
68.0,-267.0,-219.0,-434.0,-1167.0,766.0
89.0,-270.0,-236.0,-535.0,-1118.0,797.0
108.0,-264.0,-244.0,-604.0,-1067.0,804.0
113.0,-252.0,-258.0,-637.0,-1028.0,785.0
128.0,-247.0,-258.0,-648.0,-1004.0,748.0
125.0,-238.0,-249.0,-643.0,-989.0,685.0
115.0,-225.0,-236.0,-614.0,-979.0,610.0
99.0,-227.0,-220.0,-565.0,-969.0,524.0
84.0,-238.0,-212.0,-507.0,-961.0,430.0
71.0,-253.0,-201.0,-464.0,-913.0,340.0
56.0,-264.0,-187.0,-436.0,-814.0,230.0
27.0,-282.0,-156.0,-409.0,-674.0,106.0
8.0,-299.0,-131.0,-377.0,-508.0,-23.0
-13.0,-314.0,-104.0,-334.0,-347.0,-150.0
-26.0,-325.0,-92.0,-263.0,-211.0,-253.0
-33.0,-329.0,-84.0,-185.0,-108.0,-317.0
-32.0,-328.0,-89.0,-121.0,-31.0,-346.0
-28.0,-320.0,-102.0,-94.0,45.0,-345.0
-23.0,-304.0,-104.0,-107.0,120.0,-327.0
-17.0,-290.0,-123.0,-139.0,169.0,-297.0
-13.0,-275.0,-139.0,-193.0,177.0,-260.0
-10.0,-269.0,-143.0,-265.0,144.0,-206.0
-20.0,-262.0,-136.0,-333.0,88.0,-137.0
-22.0,-264.0,-132.0,-376.0,31.0,-53.0
-24.0,-261.0,-130.0,-395.0,-29.0,38.0
-38.0,-261.0,-129.0,-417.0,-90.0,127.0
-44.0,-262.0,-119.0,-441.0,-153.0,210.0
-52.0,-259.0,-110.0,-446.0,-205.0,290.0
-56.0,-261.0,-105.0,-419.0,-251.0,367.0
-53.0,-267.0,-92.0,-362.0,-287.0,437.0
-42.0,-274.0,-86.0,-292.0,-305.0,497.0
-34.0,-274.0,-81.0,-218.0,-306.0,542.0
-17.0,-273.0,-82.0,-147.0,-297.0,566.0
0.0,-271.0,-81.0,-81.0,-274.0,578.0
8.0,-260.0,-74.0,-36.0,-244.0,574.0
22.0,-256.0,-75.0,-11.0,-204.0,562.0
37.0,-250.0,-68.0,10.0,-152.0,547.0
50.0,-241.0,-65.0,34.0,-90.0,528.0
57.0,-232.0,-64.0,64.0,-17.0,511.0
66.0,-218.0,-65.0,90.0,68.0,496.0
66.0,-202.0,-68.0,106.0,162.0,485.0
69.0,-191.0,-73.0,105.0,250.0,485.0
68.0,-178.0,-73.0,91.0,331.0,487.0
64.0,-168.0,-78.0,65.0,411.0,492.0
59.0,-154.0,-80.0,18.0,494.0,498.0
54.0,-149.0,-85.0,-48.0,575.0,502.0
51.0,-139.0,-87.0,-115.0,661.0,504.0
49.0,-137.0,-92.0,-185.0,742.0,494.0
40.0,-132.0,-96.0,-255.0,814.0,487.0
35.0,-132.0,-101.0,-321.0,876.0,489.0
25.0,-140.0,-94.0,-378.0,926.0,495.0
16.0,-149.0,-89.0,-429.0,969.0,509.0
11.0,-161.0,-85.0,-444.0,1005.0,524.0
9.0,-179.0,-93.0,-444.0,1047.0,540.0
1.0,-197.0,-86.0,-475.0,1101.0,553.0
2.0,-216.0,-80.0,-501.0,1162.0,556.0
4.0,-239.0,-67.0,-505.0,1213.0,550.0
0.0,-252.0,-63.0,-496.0,1243.0,527.0
-2.0,-261.0,-61.0,-480.0,1244.0,491.0
-17.0,-267.0,-63.0,-446.0,1219.0,458.0
-24.0,-268.0,-57.0,-404.0,1183.0,426.0
-34.0,-265.0,-68.0,-355.0,1137.0,392.0
-43.0,-259.0,-66.0,-303.0,1092.0,356.0
-50.0,-257.0,-74.0,-253.0,1055.0,323.0
-61.0,-255.0,-75.0,-206.0,1021.0,295.0
-57.0,-256.0,-69.0,-157.0,992.0,260.0
-59.0,-255.0,-71.0,-97.0,971.0,229.0
-59.0,-255.0,-67.0,-33.0,957.0,197.0
-60.0,-256.0,-71.0,28.0,949.0,166.0
-56.0,-255.0,-66.0,81.0,940.0,135.0
-47.0,-265.0,-66.0,125.0,929.0,102.0
-39.0,-265.0,-59.0,164.0,924.0,71.0
-26.0,-271.0,-54.0,202.0,927.0,34.0
-16.0,-275.0,-55.0,229.0,933.0,-8.0
-7.0,-276.0,-50.0,250.0,939.0,-54.0
0.0,-276.0,-50.0,274.0,945.0,-90.0
0.0,-273.0,-49.0,295.0,963.0,-123.0
8.0,-273.0,-48.0,309.0,987.0,-153.0
10.0,-272.0,-51.0,311.0,1010.0,-182.0
8.0,-269.0,-44.0,307.0,1023.0,-221.0
2.0,-271.0,-40.0,292.0,1022.0,-259.0
0.0,-266.0,-34.0,263.0,1020.0,-290.0
-5.0,-266.0,-24.0,224.0,1020.0,-313.0
-2.0,-262.0,-22.0,187.0,1021.0,-330.0
-5.0,-263.0,-6.0,155.0,1025.0,-346.0
1.0,-258.0,3.0,116.0,1025.0,-357.0
2.0,-255.0,16.0,71.0,1028.0,-370.0
11.0,-251.0,5.0,10.0,1032.0,-380.0
13.0,-243.0,-3.0,-72.0,1035.0,-393.0
15.0,-235.0,-10.0,-146.0,1023.0,-400.0
24.0,-229.0,-28.0,-192.0,992.0,-391.0
31.0,-218.0,-41.0,-212.0,950.0,-370.0
37.0,-207.0,-53.0,-230.0,926.0,-343.0
44.0,-199.0,-62.0,-251.0,916.0,-316.0
54.0,-193.0,-60.0,-278.0,922.0,-292.0
48.0,-192.0,-61.0,-307.0,928.0,-269.0
48.0,-191.0,-53.0,-325.0,932.0,-242.0
46.0,-193.0,-51.0,-348.0,949.0,-217.0
45.0,-196.0,-59.0,-378.0,985.0,-197.0
45.0,-197.0,-64.0,-393.0,1008.0,-175.0
46.0,-195.0,-73.0,-408.0,1028.0,-154.0
52.0,-193.0,-94.0,-431.0,1041.0,-130.0
45.0,-181.0,-105.0,-473.0,1045.0,-106.0
46.0,-171.0,-117.0,-535.0,1046.0,-86.0
41.0,-161.0,-122.0,-599.0,1037.0,-66.0
23.0,-152.0,-125.0,-642.0,1022.0,-44.0
10.0,-146.0,-131.0,-668.0,1001.0,-16.0
-1.0,-141.0,-135.0,-695.0,986.0,12.0
-10.0,-137.0,-148.0,-724.0,967.0,42.0
-19.0,-135.0,-153.0,-758.0,939.0,77.0
-33.0,-135.0,-158.0,-798.0,897.0,112.0
-37.0,-135.0,-154.0,-840.0,844.0,150.0
-49.0,-136.0,-151.0,-884.0,786.0,189.0
-56.0,-141.0,-141.0,-923.0,730.0,223.0
-61.0,-146.0,-133.0,-961.0,685.0,254.0
-58.0,-157.0,-126.0,-985.0,649.0,275.0
-56.0,-160.0,-122.0,-997.0,617.0,286.0
-56.0,-166.0,-119.0,-996.0,585.0,290.0
-53.0,-170.0,-113.0,-996.0,559.0,289.0
-46.0,-177.0,-105.0,-1001.0,534.0,283.0
-42.0,-184.0,-96.0,-1000.0,506.0,273.0
-42.0,-191.0,-96.0,-979.0,482.0,261.0
-35.0,-185.0,-103.0,-954.0,464.0,242.0
-25.0,-195.0,-98.0,-958.0,429.0,205.0
-8.0,-205.0,-97.0,-955.0,428.0,174.0
-1.0,-209.0,-102.0,-932.0,461.0,143.0
9.0,-213.0,-102.0,-911.0,478.0,105.0
14.0,-214.0,-95.0,-898.0,481.0,61.0
28.0,-219.0,-104.0,-880.0,492.0,27.0
21.0,-221.0,-105.0,-862.0,511.0,-5.0
16.0,-220.0,-113.0,-845.0,528.0,-29.0
9.0,-219.0,-129.0,-839.0,549.0,-55.0
6.0,-218.0,-138.0,-854.0,598.0,-86.0
18.0,-219.0,-137.0,-881.0,654.0,-115.0
24.0,-229.0,-128.0,-917.0,686.0,-156.0
27.0,-245.0,-114.0,-958.0,671.0,-203.0
38.0,-262.0,-89.0,-962.0,605.0,-240.0
61.0,-289.0,-67.0,-922.0,497.0,-281.0
80.0,-328.0,-101.0,-879.0,397.0,-325.0
83.0,-347.0,-127.0,-763.0,350.0,-358.0
85.0,-340.0,-130.0,-530.0,382.0,-380.0
111.0,-307.0,-135.0,-384.0,463.0,-421.0
142.0,-268.0,-165.0,-580.0,462.0,-477.0
148.0,-233.0,-218.0,-1070.0,362.0,-501.0
90.0,-207.0,-225.0,-1605.0,326.0,-444.0
7.0,-188.0,-224.0,-1938.0,352.0,-294.0
-31.0,-173.0,-243.0,-2125.0,365.0,-124.0
-48.0,-162.0,-276.0,-2271.0,392.0,33.0
-59.0,-154.0,-328.0,-2423.0,453.0,170.0
-64.0,-158.0,-389.0,-2631.0,487.0,285.0
-61.0,-163.0,-440.0,-2891.0,500.0,386.0
-44.0,-188.0,-481.0,-3122.0,504.0,467.0
-29.0,-217.0,-506.0,-3294.0,523.0,502.0
-22.0,-253.0,-515.0,-3455.0,571.0,482.0
-1.0,-300.0,-510.0,-3625.0,595.0,426.0
19.0,-345.0,-483.0,-3787.0,568.0,317.0
57.0,-401.0,-421.0,-3893.0,530.0,163.0
98.0,-459.0,-373.0,-3894.0,519.0,-36.0
127.0,-513.0,-332.0,-3863.0,577.0,-247.0
121.0,-562.0,-251.0,-3840.0,696.0,-393.0
92.0,-613.0,-183.0,-3749.0,783.0,-447.0
49.0,-665.0,-106.0,-3574.0,832.0,-477.0
-8.0,-707.0,-28.0,-3304.0,880.0,-519.0
-39.0,-705.0,14.0,-2910.0,918.0,-581.0
-66.0,-683.0,52.0,-2452.0,997.0,-613.0
-81.0,-592.0,69.0,-1967.0,1034.0,-659.0
-78.0,-479.0,69.0,-1592.0,956.0,-728.0
-99.0,-398.0,80.0,-1367.0,857.0,-771.0
-131.0,-320.0,72.0,-1196.0,723.0,-773.0
-166.0,-261.0,85.0,-1128.0,528.0,-741.0
-184.0,-201.0,112.0,-1214.0,329.0,-691.0
-204.0,-152.0,146.0,-1359.0,216.0,-620.0
-227.0,-105.0,163.0,-1443.0,185.0,-532.0
-227.0,-47.0,176.0,-1484.0,161.0,-452.0
-207.0,-9.0,169.0,-1502.0,89.0,-378.0
-180.0,15.0,141.0,-1568.0,-12.0,-333.0
-126.0,23.0,120.0,-1716.0,-154.0,-346.0
-66.0,25.0,122.0,-1925.0,-302.0,-374.0
3.0,17.0,136.0,-2132.0,-422.0,-394.0
71.0,2.0,161.0,-2236.0,-472.0,-411.0
100.0,-17.0,159.0,-2189.0,-467.0,-433.0
107.0,-34.0,131.0,-1989.0,-477.0,-450.0
90.0,-30.0,85.0,-1710.0,-548.0,-454.0
77.0,3.0,49.0,-1460.0,-646.0,-424.0
65.0,44.0,21.0,-1271.0,-725.0,-390.0
57.0,81.0,-7.0,-1143.0,-725.0,-365.0
54.0,106.0,-29.0,-1093.0,-616.0,-345.0
61.0,123.0,-43.0,-1060.0,-456.0,-327.0
73.0,132.0,-73.0,-1030.0,-315.0,-287.0
71.0,140.0,-97.0,-1070.0,-233.0,-252.0
65.0,132.0,-112.0,-1165.0,-189.0,-220.0
67.0,117.0,-145.0,-1236.0,-153.0,-210.0
61.0,103.0,-193.0,-1294.0,-100.0,-256.0
47.0,96.0,-231.0,-1352.0,-64.0,-306.0
14.0,101.0,-243.0,-1348.0,-86.0,-338.0
0.0,85.0,-282.0,-1258.0,-98.0,-331.0
-15.0,66.0,-327.0,-1255.0,-53.0,-313.0
-19.0,67.0,-339.0,-1396.0,-7.0,-293.0
-31.0,71.0,-318.0,-1594.0,0.0,-287.0
-37.0,71.0,-287.0,-1783.0,-26.0,-309.0
-43.0,77.0,-249.0,-1960.0,-79.0,-354.0
-45.0,73.0,-228.0,-2090.0,-146.0,-402.0
-40.0,60.0,-232.0,-2179.0,-213.0,-440.0
-40.0,53.0,-229.0,-2246.0,-261.0,-452.0
-34.0,36.0,-240.0,-2293.0,-292.0,-432.0
-17.0,31.0,-244.0,-2359.0,-322.0,-377.0
-3.0,15.0,-245.0,-2468.0,-378.0,-316.0
18.0,0.0,-237.0,-2523.0,-380.0,-227.0
35.0,-4.0,-231.0,-2552.0,-356.0,-152.0
47.0,-8.0,-219.0,-2584.0,-348.0,-107.0
53.0,-8.0,-207.0,-2626.0,-329.0,-78.0
54.0,-8.0,-194.0,-2645.0,-290.0,-52.0
63.0,-11.0,-178.0,-2625.0,-231.0,-28.0
74.0,-10.0,-163.0,-2589.0,-162.0,-14.0
76.0,-13.0,-151.0,-2562.0,-100.0,-10.0
74.0,-13.0,-123.0,-2562.0,-48.0,-10.0
61.0,-5.0,-91.0,-2578.0,-16.0,-17.0
40.0,-10.0,-61.0,-2578.0,-18.0,-32.0
15.0,-15.0,-46.0,-2529.0,-49.0,-59.0
-4.0,-22.0,-44.0,-2450.0,-117.0,-104.0
-23.0,-26.0,-57.0,-2388.0,-236.0,-142.0
-37.0,-22.0,-69.0,-2388.0,-412.0,-155.0
-46.0,-23.0,-67.0,-2479.0,-626.0,-153.0
-45.0,-35.0,-44.0,-2600.0,-850.0,-140.0
-43.0,-58.0,-21.0,-2662.0,-1030.0,-128.0
-31.0,-77.0,-16.0,-2645.0,-1138.0,-129.0
-21.0,-98.0,-15.0,-2585.0,-1159.0,-155.0
-8.0,-116.0,-29.0,-2505.0,-1141.0,-195.0
20.0,-132.0,-42.0,-2416.0,-1149.0,-241.0
48.0,-155.0,-80.0,-2308.0,-1252.0,-276.0
62.0,-168.0,-117.0,-2179.0,-1439.0,-278.0
47.0,-163.0,-137.0,-2024.0,-1680.0,-266.0
-21.0,-158.0,-168.0,-1844.0,-1940.0,-243.0
-78.0,-173.0,-216.0,-1627.0,-2139.0,-216.0
-127.0,-197.0,-299.0,-1302.0,-2237.0,-205.0
-144.0,-201.0,-373.0,-881.0,-2282.0,-187.0
-114.0,-176.0,-395.0,-488.0,-2372.0,-142.0
-78.0,-123.0,-382.0,-260.0,-2486.0,-90.0
-44.0,-75.0,-353.0,-191.0,-2547.0,-29.0
-23.0,-58.0,-321.0,-212.0,-2512.0,14.0
-21.0,-65.0,-301.0,-153.0,-2391.0,31.0
-41.0,-74.0,-304.0,71.0,-2304.0,17.0
-76.0,-79.0,-357.0,335.0,-2343.0,-18.0
-112.0,-76.0,-425.0,565.0,-2458.0,-60.0
-818.0,1281.0,-3693.0,150.0,-1141.0,310.0
-1287.0,2110.0,-291.0,-5499.0,7396.0,3763.0
-369.0,3248.0,-631.0,-6418.0,4776.0,5405.0
847.0,3148.0,-488.0,-4864.0,-4706.0,3149.0
134.0,1155.0,-253.0,-6046.0,-6176.0,1120.0
76.0,-702.0,-1300.0,-5578.0,-6388.0,-481.0
6.0,-1511.0,-771.0,-7194.0,-5518.0,-606.0
92.0,-3074.0,-873.0,-5031.0,-4382.0,-1435.0
-960.0,-1747.0,-912.0,-1951.0,-3834.0,-2286.0
-660.0,445.0,-848.0,-1547.0,-2981.0,-747.0
-418.0,2035.0,-1237.0,-2125.0,-2272.0,945.0
-271.0,931.0,-1190.0,-2160.0,-1724.0,962.0
-186.0,387.0,-1307.0,-1592.0,-1527.0,530.0
-143.0,522.0,-1436.0,-769.0,-1384.0,313.0
-721.0,1064.0,-1347.0,13.0,-1427.0,230.0
-326.0,-42.0,-960.0,907.0,-1517.0,240.0
-581.0,847.0,-1147.0,1637.0,-1749.0,286.0
-153.0,280.0,-597.0,1461.0,-1861.0,-65.0
-173.0,113.0,-410.0,1452.0,-2207.0,-802.0
-62.0,-605.0,-11.0,1569.0,-2652.0,-1777.0
-681.0,-1058.0,205.0,3895.0,-3249.0,-3283.0
-330.0,-754.0,75.0,6615.0,-4268.0,-2769.0
-441.0,739.0,-422.0,8041.0,-2793.0,-1504.0
-124.0,972.0,-376.0,6802.0,-1473.0,463.0
323.0,410.0,-147.0,4184.0,-1513.0,954.0
564.0,-122.0,127.0,3696.0,-1915.0,-1663.0
129.0,285.0,51.0,6033.0,-1455.0,-5243.0
-124.0,786.0,-223.0,7349.0,-1425.0,-5781.0
37.0,877.0,-540.0,8001.0,-517.0,-3938.0
298.0,803.0,-648.0,7289.0,926.0,-1818.0
375.0,751.0,-643.0,5335.0,1663.0,-993.0
333.0,652.0,-516.0,2892.0,1713.0,-1040.0
223.0,456.0,-262.0,721.0,1691.0,-1174.0
100.0,268.0,-75.0,-566.0,1791.0,-1159.0
-29.0,108.0,61.0,-976.0,2051.0,-1043.0
-126.0,-8.0,124.0,-748.0,2388.0,-862.0
-205.0,-34.0,57.0,-123.0,2647.0,-665.0
-241.0,9.0,-20.0,502.0,2825.0,-459.0
-267.0,119.0,-166.0,759.0,2750.0,-298.0
-289.0,231.0,-256.0,483.0,2775.0,-66.0
-263.0,284.0,-200.0,-140.0,2888.0,147.0
-226.0,299.0,-138.0,-800.0,2747.0,275.0
-213.0,318.0,-77.0,-1280.0,2518.0,332.0
-177.0,299.0,-54.0,-1389.0,2399.0,428.0
-204.0,303.0,-220.0,-1419.0,2302.0,505.0
-204.0,269.0,-177.0,-1953.0,2270.0,576.0
-184.0,233.0,-56.0,-2428.0,2165.0,655.0
-164.0,269.0,-28.0,-2180.0,2174.0,745.0
-86.0,235.0,-28.0,-1506.0,2312.0,844.0
-128.0,244.0,-186.0,-939.0,2322.0,849.0
-27.0,157.0,-207.0,-825.0,2247.0,813.0
-36.0,86.0,-248.0,-633.0,2107.0,637.0
-31.0,45.0,-228.0,-465.0,1817.0,483.0
-14.0,-19.0,-200.0,-356.0,1531.0,368.0
7.0,-24.0,-223.0,-311.0,1341.0,274.0
58.0,2.0,-253.0,-313.0,1278.0,260.0
58.0,-6.0,-301.0,-389.0,1183.0,261.0
-16.0,0.0,-292.0,-319.0,949.0,157.0
-17.0,-12.0,-309.0,-21.0,730.0,123.0
-143.0,7.0,-343.0,124.0,530.0,146.0
-256.0,81.0,-415.0,-27.0,276.0,254.0
-453.0,303.0,-517.0,-503.0,9.0,333.0
-133.0,238.0,-451.0,-699.0,-433.0,328.0
-79.0,190.0,-476.0,-230.0,-958.0,-27.0
-505.0,-2.0,-487.0,159.0,-1613.0,-210.0
91.0,-298.0,-261.0,-10.0,-2045.0,211.0
378.0,199.0,-157.0,-201.0,-1579.0,438.0
-53.0,-90.0,34.0,35.0,-1028.0,348.0
-127.0,232.0,-155.0,190.0,341.0,533.0
-128.0,162.0,-335.0,-66.0,1157.0,425.0
-175.0,150.0,-365.0,-150.0,1273.0,328.0
-152.0,180.0,-370.0,-194.0,1225.0,239.0
-106.0,114.0,-399.0,-230.0,1149.0,166.0
-84.0,60.0,-400.0,-294.0,1043.0,109.0
-59.0,17.0,-399.0,-336.0,948.0,74.0
-40.0,9.0,-384.0,-380.0,878.0,55.0
-24.0,27.0,-365.0,-381.0,881.0,29.0
-7.0,33.0,-364.0,-324.0,880.0,-9.0
-41.0,20.0,-368.0,-239.0,827.0,-50.0
-70.0,3.0,-351.0,-161.0,727.0,-74.0
-89.0,11.0,-334.0,-107.0,639.0,-81.0
-69.0,22.0,-330.0,-79.0,573.0,-78.0
-66.0,17.0,-327.0,-72.0,493.0,-72.0
-43.0,12.0,-306.0,-58.0,437.0,-67.0
-38.0,6.0,-296.0,-38.0,435.0,-64.0
-36.0,10.0,-288.0,-15.0,456.0,-57.0
-40.0,11.0,-290.0,5.0,475.0,-46.0
-35.0,8.0,-294.0,32.0,497.0,-37.0
-43.0,6.0,-292.0,47.0,514.0,-32.0
-46.0,8.0,-293.0,52.0,516.0,-32.0
-38.0,9.0,-290.0,52.0,524.0,-31.0
-40.0,16.0,-279.0,57.0,533.0,-31.0
-33.0,12.0,-281.0,63.0,543.0,-29.0
-30.0,15.0,-276.0,72.0,551.0,-26.0
-28.0,10.0,-276.0,86.0,548.0,-26.0
-27.0,10.0,-281.0,101.0,534.0,-28.0
-27.0,15.0,-282.0,109.0,512.0,-32.0
-31.0,17.0,-279.0,112.0,477.0,-36.0
-32.0,18.0,-279.0,120.0,440.0,-42.0
-31.0,17.0,-278.0,123.0,398.0,-50.0
-37.0,21.0,-281.0,122.0,344.0,-59.0
-26.0,8.0,-280.0,123.0,289.0,-69.0
-19.0,3.0,-281.0,135.0,236.0,-77.0
-19.0,2.0,-280.0,149.0,188.0,-82.0
-14.0,-1.0,-277.0,165.0,154.0,-77.0
-9.0,0.0,-269.0,173.0,133.0,-72.0
-8.0,-7.0,-270.0,178.0,136.0,-64.0
-14.0,-10.0,-270.0,163.0,140.0,-47.0
-7.0,-9.0,-263.0,136.0,165.0,-29.0
-14.0,-7.0,-263.0,107.0,195.0,-16.0
-16.0,0.0,-266.0,91.0,238.0,-3.0
-6.0,-6.0,-269.0,92.0,271.0,0.0
-11.0,0.0,-276.0,94.0,286.0,-1.0
-4.0,0.0,-287.0,94.0,288.0,-6.0
1.0,-6.0,-290.0,90.0,277.0,-11.0
-9.0,-1.0,-291.0,85.0,270.0,-17.0
0.0,-6.0,-297.0,78.0,272.0,-21.0
-3.0,0.0,-290.0,73.0,289.0,-22.0
-11.0,0.0,-292.0,55.0,281.0,-26.0
-12.0,0.0,-297.0,37.0,278.0,-25.0
-11.0,0.0,-294.0,23.0,278.0,-26.0
-13.0,0.0,-296.0,14.0,278.0,-31.0
-16.0,1.0,-299.0,4.0,272.0,-32.0
-16.0,-1.0,-298.0,-6.0,267.0,-30.0
-17.0,1.0,-299.0,-16.0,258.0,-26.0
-16.0,-2.0,-298.0,-21.0,247.0,-27.0
-18.0,0.0,-302.0,-31.0,233.0,-22.0
-21.0,0.0,-303.0,-37.0,219.0,-22.0
-15.0,-3.0,-309.0,-47.0,205.0,-20.0
-12.0,1.0,-297.0,-50.0,207.0,-17.0
-14.0,2.0,-303.0,-63.0,174.0,-14.0
-19.0,3.0,-303.0,-72.0,151.0,-11.0
-26.0,4.0,-312.0,-79.0,128.0,-9.0
-14.0,2.0,-299.0,-85.0,105.0,-8.0
-19.0,4.0,-308.0,-90.0,84.0,-6.0
-15.0,4.0,-301.0,-94.0,62.0,-7.0
-15.0,1.0,-302.0,-100.0,43.0,-4.0
-17.0,4.0,-295.0,-101.0,28.0,-6.0
-15.0,2.0,-298.0,-105.0,16.0,-4.0
-19.0,4.0,-295.0,-105.0,3.0,-4.0
-17.0,3.0,-293.0,-107.0,-4.0,-4.0
-15.0,5.0,-292.0,-109.0,-11.0,-4.0
-17.0,5.0,-288.0,-112.0,-18.0,-2.0
-24.0,1.0,-294.0,-114.0,-24.0,-5.0
-19.0,6.0,-294.0,-116.0,-29.0,-4.0
-15.0,6.0,-292.0,-116.0,-34.0,-5.0
-17.0,4.0,-285.0,-116.0,-38.0,-5.0
-16.0,4.0,-288.0,-113.0,-41.0,-6.0
-11.0,3.0,-289.0,-110.0,-43.0,-5.0
-9.0,5.0,-287.0,-109.0,-47.0,-5.0
-14.0,7.0,-287.0,-108.0,-50.0,-6.0
-14.0,3.0,-288.0,-106.0,-52.0,-3.0
-12.0,5.0,-289.0,-104.0,-53.0,-4.0
-13.0,5.0,-286.0,-101.0,-54.0,-5.0
-15.0,4.0,-292.0,-99.0,-57.0,-5.0
-16.0,8.0,-285.0,-96.0,-59.0,-4.0
-19.0,12.0,-288.0,-92.0,-58.0,-3.0
-17.0,8.0,-289.0,-93.0,-57.0,-4.0
-14.0,8.0,-288.0,-94.0,-59.0,-4.0
-20.0,10.0,-290.0,-93.0,-60.0,-5.0
-16.0,8.0,-288.0,-91.0,-59.0,-7.0
-20.0,10.0,-290.0,-88.0,-57.0,-7.0
-17.0,8.0,-289.0,-86.0,-58.0,-8.0
-17.0,10.0,-291.0,-86.0,-56.0,-10.0
-18.0,9.0,-292.0,-85.0,-55.0,-9.0
-21.0,10.0,-294.0,-83.0,-53.0,-10.0
-19.0,7.0,-292.0,-80.0,-51.0,-11.0
-21.0,11.0,-288.0,-79.0,-47.0,-11.0
-22.0,6.0,-288.0,-78.0,-42.0,-11.0
-22.0,9.0,-286.0,-75.0,-42.0,-10.0
-19.0,10.0,-289.0,-73.0,-40.0,-10.0
-21.0,12.0,-289.0,-72.0,-40.0,-11.0
-19.0,10.0,-287.0,-69.0,-37.0,-10.0
-20.0,9.0,-288.0,-69.0,-33.0,-11.0
-22.0,13.0,-287.0,-71.0,-32.0,-12.0
-22.0,11.0,-287.0,-68.0,-29.0,-13.0
-19.0,9.0,-288.0,-68.0,-25.0,-11.0
-21.0,7.0,-289.0,-67.0,-20.0,-14.0
-24.0,10.0,-284.0,-66.0,-16.0,-14.0
-22.0,9.0,-287.0,-67.0,-10.0,-13.0
-21.0,11.0,-283.0,-66.0,-4.0,-12.0
-19.0,7.0,-286.0,-65.0,1.0,-12.0
-20.0,8.0,-288.0,-64.0,6.0,-12.0
-23.0,5.0,-286.0,-64.0,10.0,-12.0
-22.0,9.0,-289.0,-63.0,13.0,-12.0
-21.0,7.0,-286.0,-62.0,20.0,-12.0
-25.0,10.0,-288.0,-61.0,23.0,-12.0
-17.0,7.0,-289.0,-57.0,28.0,-12.0
-21.0,7.0,-288.0,-54.0,34.0,-13.0
-20.0,10.0,-293.0,-53.0,37.0,-10.0
-21.0,6.0,-290.0,-51.0,43.0,-10.0
-21.0,4.0,-291.0,-51.0,49.0,-10.0
-21.0,8.0,-290.0,-50.0,55.0,-10.0
-22.0,8.0,-289.0,-51.0,59.0,-8.0
-22.0,6.0,-290.0,-52.0,62.0,-8.0
-22.0,4.0,-291.0,-48.0,66.0,-9.0
-18.0,5.0,-289.0,-47.0,68.0,-8.0
-20.0,9.0,-287.0,-45.0,68.0,-8.0
-17.0,6.0,-291.0,-41.0,67.0,-7.0
-21.0,8.0,-291.0,-38.0,66.0,-7.0
-22.0,7.0,-291.0,-34.0,66.0,-8.0
-19.0,11.0,-281.0,-31.0,68.0,-8.0
-19.0,6.0,-290.0,-30.0,71.0,-8.0
-20.0,7.0,-290.0,-29.0,76.0,-6.0
-20.0,7.0,-292.0,-30.0,79.0,-5.0
-16.0,5.0,-293.0,-30.0,81.0,-5.0
-18.0,5.0,-289.0,-28.0,81.0,-6.0
-18.0,7.0,-291.0,-28.0,81.0,-4.0
-17.0,7.0,-293.0,-26.0,82.0,-3.0
-19.0,9.0,-291.0,-29.0,86.0,-5.0
-16.0,5.0,-288.0,-33.0,85.0,-4.0
-14.0,3.0,-290.0,-43.0,83.0,-3.0
-16.0,5.0,-286.0,-48.0,85.0,-2.0
-17.0,6.0,-289.0,-49.0,87.0,-2.0
-17.0,7.0,-290.0,-42.0,87.0,-2.0
-17.0,6.0,-295.0,-38.0,86.0,-2.0
-17.0,8.0,-291.0,-38.0,88.0,-3.0
-16.0,7.0,-289.0,-40.0,90.0,-4.0
-14.0,6.0,-286.0,-38.0,92.0,-4.0
-14.0,7.0,-292.0,-42.0,92.0,-4.0
-15.0,5.0,-290.0,-43.0,92.0,-4.0
-16.0,7.0,-292.0,-47.0,92.0,-3.0
-14.0,7.0,-289.0,-49.0,89.0,-3.0
-13.0,6.0,-286.0,-50.0,87.0,-2.0
-14.0,10.0,-293.0,-51.0,86.0,-2.0
-16.0,12.0,-288.0,-51.0,83.0,-2.0
-14.0,5.0,-288.0,-52.0,81.0,-1.0
-12.0,6.0,-293.0,-53.0,79.0,-1.0
-18.0,8.0,-291.0,-53.0,75.0,-2.0
-13.0,7.0,-289.0,-55.0,75.0,-1.0
-14.0,6.0,-296.0,-54.0,74.0,-2.0
-14.0,8.0,-291.0,-55.0,71.0,-3.0
-13.0,10.0,-292.0,-54.0,69.0,-3.0
-16.0,9.0,-292.0,-54.0,66.0,-2.0
-14.0,9.0,-289.0,-52.0,63.0,-3.0
-14.0,8.0,-289.0,-52.0,60.0,-4.0
-14.0,7.0,-294.0,-52.0,57.0,-3.0
-13.0,10.0,-293.0,-50.0,52.0,-3.0
-15.0,9.0,-289.0,-50.0,47.0,-4.0
-15.0,9.0,-290.0,-49.0,43.0,-4.0
-15.0,8.0,-291.0,-50.0,40.0,-5.0
-15.0,9.0,-289.0,-51.0,39.0,-6.0
-13.0,8.0,-292.0,-50.0,38.0,-4.0
-14.0,10.0,-289.0,-53.0,34.0,-5.0
-14.0,11.0,-292.0,-51.0,32.0,-4.0
-14.0,8.0,-290.0,-49.0,31.0,-5.0
-12.0,5.0,-292.0,-50.0,28.0,-6.0
-13.0,11.0,-291.0,-49.0,23.0,-7.0
-15.0,8.0,-290.0,-49.0,23.0,-6.0
-16.0,7.0,-290.0,-50.0,21.0,-8.0
-13.0,4.0,-290.0,-50.0,20.0,-8.0
-14.0,8.0,-290.0,-49.0,19.0,-8.0
-14.0,7.0,-293.0,-48.0,17.0,-8.0
-14.0,8.0,-291.0,-49.0,16.0,-9.0
-14.0,9.0,-287.0,-51.0,16.0,-9.0
-17.0,8.0,-289.0,-51.0,16.0,-9.0
-12.0,6.0,-289.0,-50.0,14.0,-10.0
-13.0,9.0,-288.0,-48.0,12.0,-10.0
-15.0,6.0,-291.0,-46.0,12.0,-10.0
-16.0,5.0,-289.0,-47.0,11.0,-10.0
-15.0,9.0,-288.0,-47.0,11.0,-9.0
-5.0,13.0,-292.0,-50.0,11.0,-9.0
-16.0,8.0,-291.0,-50.0,10.0,-9.0
-15.0,6.0,-285.0,-53.0,10.0,-8.0
-14.0,6.0,-287.0,-50.0,11.0,-8.0
-14.0,7.0,-297.0,-50.0,11.0,-8.0
-12.0,10.0,-290.0,-49.0,12.0,-8.0
-16.0,9.0,-287.0,-48.0,15.0,-9.0
-15.0,7.0,-292.0,-48.0,17.0,-9.0
-14.0,4.0,-291.0,-47.0,18.0,-8.0
-13.0,5.0,-290.0,-47.0,18.0,-8.0
-15.0,6.0,-291.0,-45.0,19.0,-8.0
-12.0,-3.0,-276.0,-46.0,19.0,-7.0
-14.0,9.0,-292.0,-46.0,17.0,-8.0
-12.0,8.0,-293.0,-44.0,16.0,-10.0
-17.0,8.0,-290.0,-45.0,16.0,-8.0
-16.0,7.0,-291.0,-44.0,19.0,-7.0
-14.0,10.0,-291.0,-45.0,20.0,-5.0
-12.0,6.0,-292.0,-44.0,21.0,-7.0
-15.0,9.0,-292.0,-43.0,23.0,-9.0
-14.0,10.0,-287.0,-40.0,23.0,-6.0
-17.0,8.0,-292.0,-42.0,22.0,-4.0
-16.0,9.0,-280.0,-41.0,24.0,-5.0
-17.0,7.0,-293.0,-42.0,26.0,-4.0
-16.0,9.0,-292.0,-40.0,27.0,-4.0
-13.0,7.0,-292.0,-41.0,28.0,-2.0
-15.0,8.0,-294.0,-42.0,28.0,-3.0
-16.0,9.0,-292.0,-39.0,31.0,-4.0
-16.0,8.0,-287.0,-39.0,32.0,-2.0
-13.0,5.0,-291.0,-38.0,33.0,-5.0
-17.0,5.0,-291.0,-38.0,34.0,-4.0
-13.0,8.0,-290.0,-36.0,37.0,-3.0
-15.0,9.0,-291.0,-35.0,37.0,-4.0
-11.0,8.0,-288.0,-37.0,39.0,-3.0
-14.0,8.0,-290.0,-37.0,41.0,-2.0
-17.0,9.0,-291.0,-39.0,41.0,-3.0
-14.0,8.0,-291.0,-41.0,39.0,-4.0
-16.0,10.0,-293.0,-44.0,40.0,-3.0
-16.0,9.0,-290.0,-45.0,42.0,-3.0
-14.0,7.0,-290.0,-42.0,43.0,-2.0
-13.0,9.0,-289.0,-42.0,44.0,-3.0
-14.0,7.0,-291.0,-42.0,44.0,-2.0
-14.0,9.0,-293.0,-41.0,42.0,-2.0
