7.0,-237.0,-32.0,-62.0,-734.0,-134.0
12.0,-234.0,-31.0,-14.0,-721.0,-128.0
17.0,-236.0,-30.0,40.0,-703.0,-123.0
20.0,-237.0,-27.0,87.0,-679.0,-120.0
23.0,-237.0,-31.0,124.0,-652.0,-120.0
23.0,-238.0,-26.0,144.0,-623.0,-120.0
27.0,-236.0,-23.0,151.0,-596.0,-120.0
31.0,-233.0,-25.0,146.0,-571.0,-120.0
31.0,-235.0,-26.0,130.0,-552.0,-122.0
36.0,-229.0,-20.0,112.0,-542.0,-127.0
32.0,-235.0,-24.0,93.0,-543.0,-134.0
34.0,-239.0,-26.0,79.0,-549.0,-145.0
38.0,-245.0,-46.0,66.0,-551.0,-156.0
37.0,-245.0,-50.0,43.0,-536.0,-163.0
37.0,-247.0,-54.0,10.0,-514.0,-169.0
39.0,-254.0,-63.0,-41.0,-494.0,-177.0
36.0,-257.0,-70.0,-112.0,-469.0,-192.0
36.0,-267.0,-66.0,-187.0,-438.0,-212.0
31.0,-273.0,-67.0,-245.0,-401.0,-224.0
27.0,-288.0,-60.0,-276.0,-355.0,-223.0
20.0,-302.0,-58.0,-280.0,-290.0,-219.0
24.0,-313.0,-47.0,-266.0,-206.0,-210.0
25.0,-322.0,-37.0,-240.0,-114.0,-202.0
27.0,-335.0,-27.0,-201.0,-24.0,-196.0
23.0,-340.0,-12.0,-150.0,45.0,-196.0
16.0,-344.0,-2.0,-87.0,90.0,-200.0
13.0,-341.0,6.0,-23.0,112.0,-217.0
7.0,-334.0,5.0,31.0,119.0,-223.0
4.0,-319.0,7.0,62.0,122.0,-225.0
1.0,-307.0,6.0,67.0,127.0,-223.0
1.0,-293.0,0.0,51.0,135.0,-216.0
1.0,-281.0,-13.0,19.0,150.0,-209.0
8.0,-276.0,-33.0,-29.0,184.0,-210.0
19.0,-269.0,-65.0,-101.0,246.0,-225.0
35.0,-276.0,-94.0,-223.0,330.0,-267.0
52.0,-280.0,-132.0,-424.0,420.0,-344.0
61.0,-300.0,-166.0,-710.0,491.0,-459.0
69.0,-326.0,-185.0,-1037.0,532.0,-591.0
76.0,-366.0,-197.0,-1338.0,574.0,-727.0
77.0,-400.0,-195.0,-1546.0,649.0,-859.0
68.0,-423.0,-183.0,-1617.0,752.0,-984.0
60.0,-432.0,-166.0,-1543.0,855.0,-1092.0
55.0,-423.0,-159.0,-1342.0,940.0,-1186.0
63.0,-409.0,-165.0,-1073.0,1000.0,-1273.0
64.0,-388.0,-174.0,-792.0,1025.0,-1354.0
55.0,-365.0,-186.0,-541.0,988.0,-1414.0
44.0,-341.0,-191.0,-335.0,879.0,-1447.0
32.0,-316.0,-197.0,-171.0,735.0,-1451.0
30.0,-293.0,-196.0,-45.0,609.0,-1425.0
26.0,-266.0,-201.0,53.0,519.0,-1379.0
31.0,-247.0,-196.0,130.0,455.0,-1310.0
30.0,-222.0,-202.0,179.0,400.0,-1227.0
22.0,-210.0,-200.0,186.0,331.0,-1125.0
15.0,-203.0,-204.0,140.0,226.0,-1009.0
12.0,-200.0,-196.0,50.0,82.0,-881.0
14.0,-198.0,-186.0,-53.0,-81.0,-752.0
11.0,-202.0,-177.0,-136.0,-248.0,-625.0
3.0,-202.0,-172.0,-181.0,-406.0,-497.0
-2.0,-205.0,-166.0,-197.0,-547.0,-372.0
-17.0,-214.0,-164.0,-192.0,-660.0,-249.0
-26.0,-223.0,-159.0,-179.0,-737.0,-126.0
-36.0,-230.0,-159.0,-171.0,-775.0,-9.0
-19.0,-242.0,-163.0,-185.0,-776.0,92.0
-26.0,-253.0,-159.0,-219.0,-754.0,169.0
-22.0,-258.0,-164.0,-272.0,-736.0,217.0
-18.0,-276.0,-166.0,-342.0,-746.0,243.0
0.0,-288.0,-166.0,-414.0,-786.0,256.0
11.0,-296.0,-162.0,-470.0,-838.0,264.0
34.0,-304.0,-159.0,-492.0,-875.0,263.0
63.0,-303.0,-150.0,-471.0,-873.0,246.0
86.0,-296.0,-148.0,-417.0,-832.0,217.0
105.0,-280.0,-146.0,-341.0,-756.0,185.0
117.0,-262.0,-141.0,-264.0,-658.0,156.0
122.0,-245.0,-141.0,-200.0,-554.0,140.0
121.0,-229.0,-123.0,-148.0,-470.0,138.0
127.0,-210.0,-116.0,-115.0,-424.0,136.0
127.0,-194.0,-102.0,-99.0,-414.0,134.0
128.0,-176.0,-90.0,-98.0,-425.0,142.0
124.0,-161.0,-89.0,-105.0,-444.0,168.0
118.0,-153.0,-81.0,-117.0,-460.0,210.0
104.0,-150.0,-72.0,-136.0,-470.0,264.0
91.0,-145.0,-70.0,-162.0,-471.0,335.0
70.0,-149.0,-66.0,-202.0,-467.0,413.0
49.0,-145.0,-62.0,-248.0,-458.0,493.0
28.0,-146.0,-63.0,-294.0,-450.0,577.0
10.0,-153.0,-64.0,-329.0,-445.0,649.0
-2.0,-155.0,-66.0,-351.0,-435.0,708.0
-13.0,-157.0,-72.0,-367.0,-419.0,751.0
-18.0,-162.0,-76.0,-379.0,-391.0,785.0
-13.0,-171.0,-83.0,-401.0,-354.0,808.0
-14.0,-177.0,-88.0,-431.0,-307.0,813.0
-6.0,-184.0,-92.0,-469.0,-250.0,799.0
3.0,-191.0,-98.0,-506.0,-190.0,767.0
14.0,-199.0,-99.0,-542.0,-130.0,717.0
23.0,-206.0,-97.0,-575.0,-72.0,662.0
31.0,-210.0,-99.0,-595.0,-14.0,614.0
44.0,-219.0,-97.0,-596.0,42.0,573.0
46.0,-221.0,-92.0,-576.0,81.0,532.0
48.0,-229.0,-87.0,-543.0,114.0,487.0
51.0,-231.0,-84.0,-498.0,140.0,442.0
52.0,-233.0,-83.0,-441.0,167.0,407.0
49.0,-237.0,-79.0,-365.0,192.0,383.0
45.0,-241.0,-74.0,-289.0,216.0,370.0
44.0,-245.0,-77.0,-204.0,243.0,367.0
39.0,-239.0,-76.0,-113.0,273.0,375.0
39.0,-240.0,-74.0,-28.0,308.0,385.0
30.0,-238.0,-77.0,44.0,349.0,392.0
27.0,-232.0,-83.0,98.0,391.0,397.0
24.0,-229.0,-86.0,138.0,433.0,399.0
23.0,-228.0,-83.0,166.0,474.0,398.0
21.0,-226.0,-86.0,189.0,509.0,393.0
20.0,-224.0,-87.0,208.0,542.0,388.0
14.0,-224.0,-90.0,226.0,570.0,384.0
8.0,-228.0,-92.0,247.0,590.0,380.0
5.0,-231.0,-94.0,273.0,603.0,380.0
5.0,-232.0,-91.0,304.0,613.0,382.0
1.0,-235.0,-81.0,346.0,622.0,385.0
-2.0,-236.0,-90.0,396.0,632.0,390.0
1.0,-238.0,-93.0,452.0,645.0,397.0
1.0,-244.0,-90.0,507.0,666.0,406.0
5.0,-247.0,-83.0,560.0,695.0,414.0
8.0,-251.0,-80.0,605.0,735.0,419.0
16.0,-258.0,-70.0,639.0,780.0,416.0
25.0,-263.0,-65.0,660.0,824.0,403.0
35.0,-266.0,-58.0,671.0,862.0,386.0
42.0,-273.0,-52.0,665.0,883.0,370.0
47.0,-275.0,-46.0,646.0,893.0,344.0
52.0,-277.0,-51.0,602.0,898.0,313.0
61.0,-266.0,-45.0,530.0,899.0,282.0
60.0,-262.0,-54.0,425.0,904.0,248.0
63.0,-257.0,-60.0,276.0,913.0,213.0
57.0,-250.0,-70.0,89.0,926.0,175.0
60.0,-247.0,-86.0,-127.0,935.0,134.0
48.0,-248.0,-75.0,-360.0,939.0,82.0
25.0,-246.0,-55.0,-568.0,963.0,46.0
14.0,-248.0,-72.0,-735.0,982.0,48.0
21.0,-257.0,-68.0,-863.0,971.0,34.0
14.0,-270.0,-48.0,-933.0,992.0,-15.0
2.0,-275.0,-34.0,-964.0,1045.0,-66.0
-15.0,-273.0,-31.0,-990.0,1039.0,-112.0
-26.0,-266.0,-32.0,-1013.0,981.0,-151.0
-41.0,-257.0,-34.0,-1047.0,922.0,-191.0
-61.0,-253.0,-41.0,-1106.0,861.0,-231.0
-72.0,-245.0,-42.0,-1202.0,786.0,-250.0
-82.0,-243.0,-53.0,-1323.0,698.0,-239.0
-93.0,-248.0,-62.0,-1462.0,610.0,-209.0
-97.0,-257.0,-77.0,-1611.0,520.0,-165.0
-117.0,-262.0,-107.0,-1773.0,411.0,-118.0
-126.0,-275.0,-146.0,-1957.0,266.0,-72.0
-135.0,-281.0,-189.0,-2149.0,89.0,-31.0
-150.0,-281.0,-230.0,-2345.0,-106.0,11.0
-158.0,-284.0,-263.0,-2524.0,-309.0,49.0
-157.0,-286.0,-295.0,-2664.0,-524.0,79.0
-151.0,-289.0,-308.0,-2736.0,-737.0,94.0
-136.0,-290.0,-306.0,-2722.0,-936.0,96.0
-120.0,-285.0,-292.0,-2615.0,-1103.0,85.0
-98.0,-282.0,-272.0,-2421.0,-1232.0,78.0
-67.0,-273.0,-255.0,-2166.0,-1316.0,87.0
-43.0,-272.0,-247.0,-1883.0,-1351.0,109.0
-23.0,-259.0,-239.0,-1617.0,-1341.0,140.0
8.0,-248.0,-229.0,-1389.0,-1296.0,182.0
33.0,-236.0,-219.0,-1217.0,-1230.0,232.0
49.0,-219.0,-201.0,-1111.0,-1155.0,274.0
65.0,-201.0,-191.0,-1070.0,-1085.0,307.0
75.0,-186.0,-179.0,-1094.0,-1014.0,324.0
85.0,-164.0,-170.0,-1168.0,-929.0,323.0
98.0,-142.0,-169.0,-1290.0,-828.0,295.0
96.0,-115.0,-162.0,-1452.0,-718.0,234.0
103.0,-99.0,-163.0,-1651.0,-608.0,152.0
110.0,-82.0,-164.0,-1877.0,-498.0,61.0
106.0,-76.0,-165.0,-2112.0,-392.0,-31.0
101.0,-77.0,-155.0,-2328.0,-296.0,-114.0
90.0,-78.0,-154.0,-2500.0,-217.0,-183.0
87.0,-84.0,-156.0,-2618.0,-158.0,-231.0
86.0,-96.0,-163.0,-2680.0,-118.0,-261.0
88.0,-112.0,-163.0,-2693.0,-86.0,-282.0
90.0,-127.0,-168.0,-2668.0,-53.0,-291.0
77.0,-145.0,-168.0,-2602.0,-21.0,-284.0
70.0,-161.0,-161.0,-2493.0,-3.0,-267.0
63.0,-184.0,-165.0,-2345.0,-8.0,-240.0
43.0,-198.0,-163.0,-2165.0,-41.0,-209.0
34.0,-209.0,-170.0,-1964.0,-83.0,-173.0
20.0,-211.0,-171.0,-1751.0,-129.0,-129.0
11.0,-221.0,-178.0,-1535.0,-165.0,-82.0
0.0,-227.0,-188.0,-1324.0,-182.0,-34.0
-2.0,-235.0,-193.0,-1119.0,-183.0,7.0
-11.0,-244.0,-198.0,-921.0,-173.0,34.0
-15.0,-248.0,-207.0,-732.0,-159.0,39.0
-20.0,-252.0,-214.0,-562.0,-146.0,26.0
-19.0,-249.0,-223.0,-424.0,-136.0,-8.0
-13.0,-243.0,-237.0,-328.0,-111.0,-58.0
-22.0,-235.0,-257.0,-287.0,-63.0,-121.0
-13.0,-222.0,-252.0,-308.0,1.0,-193.0
-11.0,-208.0,-255.0,-373.0,55.0,-275.0
-10.0,-197.0,-258.0,-470.0,83.0,-358.0
-4.0,-185.0,-258.0,-590.0,83.0,-439.0
1.0,-181.0,-260.0,-721.0,65.0,-509.0
9.0,-178.0,-261.0,-855.0,32.0,-562.0
14.0,-181.0,-255.0,-987.0,-13.0,-601.0
13.0,-186.0,-249.0,-1098.0,-69.0,-621.0
18.0,-192.0,-246.0,-1180.0,-136.0,-631.0
17.0,-200.0,-240.0,-1236.0,-206.0,-633.0
20.0,-214.0,-241.0,-1258.0,-270.0,-634.0
20.0,-219.0,-229.0,-1251.0,-322.0,-642.0
20.0,-228.0,-230.0,-1217.0,-366.0,-662.0
17.0,-228.0,-237.0,-1172.0,-398.0,-684.0
18.0,-238.0,-238.0,-1131.0,-408.0,-709.0
21.0,-248.0,-233.0,-1089.0,-404.0,-745.0
22.0,-258.0,-231.0,-1042.0,-393.0,-794.0
27.0,-269.0,-228.0,-994.0,-384.0,-848.0
25.0,-282.0,-223.0,-951.0,-390.0,-912.0
31.0,-297.0,-220.0,-902.0,-419.0,-987.0
33.0,-302.0,-217.0,-870.0,-468.0,-1071.0
34.0,-304.0,-215.0,-840.0,-522.0,-1158.0
32.0,-306.0,-211.0,-795.0,-574.0,-1220.0
31.0,-310.0,-214.0,-726.0,-619.0,-1259.0
22.0,-317.0,-217.0,-652.0,-671.0,-1300.0
10.0,-319.0,-217.0,-603.0,-729.0,-1340.0
0.0,-319.0,-213.0,-590.0,-796.0,-1378.0
-8.0,-312.0,-211.0,-608.0,-851.0,-1414.0
-10.0,-312.0,-204.0,-657.0,-885.0,-1450.0
-12.0,-304.0,-202.0,-719.0,-903.0,-1492.0
-12.0,-292.0,-190.0,-785.0,-930.0,-1538.0
-6.0,-290.0,-182.0,-846.0,-973.0,-1594.0
0.0,-282.0,-175.0,-895.0,-1021.0,-1650.0
6.0,-278.0,-166.0,-919.0,-1064.0,-1703.0
12.0,-271.0,-164.0,-924.0,-1110.0,-1748.0
21.0,-258.0,-170.0,-923.0,-1169.0,-1787.0
21.0,-243.0,-169.0,-932.0,-1237.0,-1821.0
23.0,-215.0,-165.0,-951.0,-1286.0,-1844.0
28.0,-188.0,-149.0,-980.0,-1297.0,-1856.0
33.0,-162.0,-126.0,-1010.0,-1277.0,-1864.0
35.0,-139.0,-119.0,-1046.0,-1243.0,-1868.0
42.0,-118.0,-105.0,-1084.0,-1214.0,-1856.0
40.0,-101.0,-85.0,-1134.0,-1212.0,-1820.0
45.0,-87.0,-64.0,-1192.0,-1231.0,-1761.0
56.0,-82.0,-49.0,-1263.0,-1261.0,-1686.0
59.0,-73.0,-26.0,-1333.0,-1280.0,-1605.0
64.0,-67.0,-13.0,-1390.0,-1295.0,-1526.0
62.0,-63.0,0.0,-1418.0,-1312.0,-1452.0
62.0,-51.0,5.0,-1410.0,-1325.0,-1372.0
68.0,-45.0,3.0,-1359.0,-1329.0,-1280.0
74.0,-36.0,-4.0,-1269.0,-1314.0,-1172.0
87.0,-29.0,-12.0,-1167.0,-1275.0,-1054.0
87.0,-27.0,-22.0,-1075.0,-1207.0,-931.0
89.0,-21.0,-15.0,-1006.0,-1130.0,-816.0
88.0,-18.0,-19.0,-947.0,-1054.0,-705.0
85.0,-22.0,-15.0,-888.0,-985.0,-610.0
82.0,-24.0,-18.0,-826.0,-921.0,-524.0
82.0,-28.0,-18.0,-763.0,-866.0,-442.0
75.0,-35.0,-21.0,-689.0,-815.0,-359.0
73.0,-45.0,-16.0,-611.0,-755.0,-267.0
65.0,-54.0,-13.0,-543.0,-693.0,-184.0
51.0,-58.0,-14.0,-497.0,-622.0,-123.0
48.0,-57.0,2.0,-461.0,-543.0,-82.0
35.0,-58.0,7.0,-435.0,-464.0,-59.0
23.0,-59.0,5.0,-418.0,-390.0,-25.0
17.0,-53.0,10.0,-415.0,-322.0,-13.0
8.0,-41.0,10.0,-422.0,-258.0,-41.0
9.0,-31.0,13.0,-432.0,-194.0,-80.0
11.0,-14.0,18.0,-438.0,-118.0,-119.0
16.0,3.0,13.0,-431.0,-53.0,-155.0
11.0,38.0,9.0,-406.0,-8.0,-172.0
7.0,64.0,3.0,-349.0,2.0,-159.0
3.0,90.0,5.0,-262.0,-32.0,-129.0
-6.0,113.0,2.0,-162.0,-112.0,-90.0
-12.0,125.0,1.0,-70.0,-232.0,-33.0
-21.0,132.0,-5.0,13.0,-378.0,64.0
-22.0,131.0,-12.0,66.0,-549.0,181.0
-27.0,126.0,-30.0,54.0,-748.0,308.0
-28.0,118.0,-58.0,-37.0,-937.0,446.0
-22.0,107.0,-85.0,-194.0,-1076.0,604.0
3.0,100.0,-122.0,-378.0,-1143.0,800.0
36.0,101.0,-169.0,-552.0,-1149.0,1010.0
100.0,98.0,-207.0,-720.0,-1103.0,1175.0
172.0,86.0,-254.0,-864.0,-995.0,1282.0
217.0,68.0,-290.0,-1003.0,-862.0,1308.0
261.0,54.0,-316.0,-1155.0,-750.0,1280.0
290.0,21.0,-338.0,-1339.0,-702.0,1181.0
303.0,-13.0,-364.0,-1553.0,-733.0,1016.0
294.0,-55.0,-391.0,-1779.0,-825.0,791.0
271.0,-100.0,-402.0,-1966.0,-954.0,507.0
212.0,-150.0,-393.0,-2043.0,-1120.0,188.0
126.0,-212.0,-377.0,-2045.0,-1356.0,-131.0
31.0,-272.0,-361.0,-2048.0,-1676.0,-418.0
-55.0,-305.0,-366.0,-2075.0,-2059.0,-664.0
-116.0,-269.0,-367.0,-2067.0,-2490.0,-858.0
-137.0,-154.0,-384.0,-1875.0,-2944.0,-979.0
-227.0,-47.0,-370.0,-1425.0,-3397.0,-1030.0
-357.0,24.0,-335.0,-755.0,-3815.0,-1017.0
-532.0,64.0,-310.0,64.0,-4287.0,-929.0
-774.0,95.0,-269.0,932.0,-4891.0,-767.0
-1007.0,76.0,-219.0,1701.0,-5676.0,-488.0
-1155.0,28.0,-209.0,2245.0,-6762.0,-10.0
-1240.0,4.0,-288.0,2513.0,-8183.0,551.0
-1238.0,-8.0,-407.0,2552.0,-9550.0,1077.0
-1182.0,64.0,-574.0,2254.0,-10603.0,1462.0
-1262.0,181.0,-647.0,1524.0,-11206.0,1812.0
-1118.0,159.0,-791.0,520.0,-11519.0,2193.0
-963.0,152.0,-841.0,-756.0,-11561.0,2286.0
-874.0,186.0,-947.0,-2164.0,-11442.0,2165.0
-693.0,201.0,-1075.0,-3411.0,-10809.0,2123.0
-533.0,182.0,-1074.0,-4576.0,-9594.0,2175.0
-573.0,400.0,-944.0,-5479.0,-7975.0,2418.0
-403.0,519.0,-847.0,-5533.0,-6469.0,3628.0
-221.0,437.0,-746.0,-5113.0,-5232.0,5086.0
-67.0,310.0,-608.0,-4768.0,-4770.0,5932.0
9.0,167.0,-500.0,-4728.0,-4786.0,5770.0
-186.0,186.0,-302.0,-4899.0,-4775.0,4857.0
-333.0,224.0,-67.0,-4943.0,-4753.0,4200.0
-428.0,209.0,135.0,-4474.0,-4861.0,4100.0
-533.0,143.0,282.0,-3679.0,-5090.0,4271.0
-722.0,115.0,329.0,-2632.0,-5242.0,4567.0
-953.0,51.0,268.0,-1604.0,-5174.0,4949.0
-1041.0,-4.0,195.0,-868.0,-4880.0,5359.0
-1043.0,-13.0,106.0,-449.0,-4432.0,5396.0
-1014.0,-3.0,-50.0,-433.0,-3915.0,4944.0
-968.0,34.0,-162.0,-610.0,-3260.0,4024.0
-862.0,48.0,-245.0,-764.0,-2616.0,2750.0
-693.0,66.0,-312.0,-768.0,-2040.0,1374.0
-512.0,62.0,-327.0,-669.0,-1563.0,121.0
-351.0,70.0,-291.0,-558.0,-1297.0,-928.0
-261.0,95.0,-221.0,-569.0,-1322.0,-1638.0
-204.0,83.0,-187.0,-707.0,-1543.0,-1963.0
-154.0,51.0,-108.0,-813.0,-1632.0,-2007.0
-101.0,-2.0,22.0,-858.0,-1431.0,-1897.0
-85.0,-37.0,148.0,-695.0,-982.0,-1682.0
-52.0,-62.0,224.0,-269.0,-509.0,-1444.0
-4.0,-48.0,239.0,399.0,-129.0,-1299.0
-2.0,20.0,191.0,1176.0,132.0,-1229.0
-14.0,127.0,135.0,1819.0,275.0,-1089.0
-23.0,222.0,91.0,2227.0,331.0,-816.0
-28.0,323.0,65.0,2384.0,335.0,-495.0
-183.0,428.0,19.0,2395.0,296.0,-59.0
-69.0,335.0,-59.0,2240.0,154.0,386.0
-84.0,311.0,-135.0,1639.0,-106.0,163.0
-155.0,334.0,-177.0,701.0,-309.0,-276.0
-233.0,312.0,-188.0,-183.0,-341.0,-418.0
-224.0,239.0,-145.0,-818.0,-273.0,-346.0
-170.0,141.0,-124.0,-1134.0,-281.0,-370.0
-128.0,59.0,-131.0,-1216.0,-339.0,-651.0
-148.0,18.0,-154.0,-1165.0,-280.0,-1040.0
-161.0,-17.0,-152.0,-998.0,-64.0,-1330.0
-203.0,-38.0,-126.0,-710.0,198.0,-1488.0
-216.0,-47.0,-90.0,-310.0,348.0,-1526.0
-210.0,-38.0,-64.0,141.0,312.0,-1546.0
-183.0,-10.0,-44.0,575.0,141.0,-1547.0
-167.0,26.0,-32.0,937.0,-79.0,-1511.0
-180.0,75.0,-24.0,1152.0,-266.0,-1419.0
-170.0,123.0,-9.0,1206.0,-418.0,-1280.0
-181.0,168.0,-7.0,1132.0,-552.0,-1157.0
-183.0,205.0,-3.0,946.0,-654.0,-1043.0
-168.0,228.0,0.0,681.0,-735.0,-962.0
-167.0,244.0,4.0,360.0,-801.0,-945.0
-179.0,255.0,13.0,15.0,-861.0,-956.0
-176.0,257.0,25.0,-300.0,-930.0,-946.0
-161.0,253.0,25.0,-552.0,-1024.0,-949.0
-156.0,247.0,36.0,-750.0,-1129.0,-974.0
-141.0,232.0,47.0,-893.0,-1239.0,-1006.0
-116.0,208.0,62.0,-980.0,-1337.0,-1043.0
-74.0,196.0,60.0,-1020.0,-1407.0,-1081.0
-42.0,168.0,80.0,-1033.0,-1428.0,-1099.0
-24.0,138.0,102.0,-1025.0,-1401.0,-1102.0
-18.0,99.0,115.0,-1001.0,-1338.0,-1092.0
-28.0,67.0,138.0,-959.0,-1265.0,-1059.0
-32.0,23.0,160.0,-896.0,-1206.0,-1023.0
-37.0,-11.0,177.0,-829.0,-1170.0,-1025.0
-49.0,-44.0,184.0,-784.0,-1154.0,-1062.0
-79.0,-48.0,200.0,-760.0,-1139.0,-1115.0
-107.0,-50.0,198.0,-738.0,-1114.0,-1141.0
-142.0,-35.0,196.0,-713.0,-1092.0,-1130.0
-156.0,-27.0,177.0,-693.0,-1085.0,-1098.0
-186.0,-3.0,160.0,-691.0,-1076.0,-1044.0
-202.0,21.0,146.0,-700.0,-1037.0,-939.0
-219.0,44.0,129.0,-712.0,-965.0,-802.0
-231.0,63.0,132.0,-731.0,-853.0,-660.0
-242.0,81.0,135.0,-738.0,-737.0,-524.0
-253.0,99.0,139.0,-706.0,-635.0,-393.0
-253.0,106.0,145.0,-621.0,-566.0,-270.0
-251.0,110.0,152.0,-477.0,-530.0,-157.0
-248.0,105.0,166.0,-295.0,-510.0,-65.0
-246.0,103.0,173.0,-95.0,-492.0,10.0
-246.0,94.0,189.0,93.0,-469.0,76.0
-241.0,77.0,206.0,243.0,-454.0,130.0
-239.0,77.0,219.0,362.0,-460.0,180.0
-232.0,72.0,226.0,460.0,-486.0,230.0
-231.0,70.0,229.0,527.0,-527.0,266.0
-235.0,69.0,227.0,548.0,-583.0,275.0
-234.0,67.0,223.0,523.0,-648.0,277.0
-233.0,65.0,205.0,459.0,-689.0,273.0
-233.0,61.0,192.0,356.0,-685.0,269.0
-230.0,50.0,186.0,219.0,-637.0,257.0
-230.0,24.0,184.0,64.0,-560.0,233.0
-218.0,1.0,179.0,-88.0,-468.0,202.0
-214.0,-17.0,166.0,-212.0,-370.0,169.0
-199.0,-35.0,153.0,-280.0,-262.0,143.0
-195.0,-49.0,139.0,-274.0,-141.0,121.0
-197.0,-57.0,128.0,-198.0,-8.0,109.0
-193.0,-59.0,118.0,-61.0,129.0,110.0
-194.0,-57.0,103.0,113.0,270.0,127.0
-193.0,-46.0,87.0,299.0,412.0,156.0
-190.0,-32.0,80.0,466.0,552.0,190.0
-184.0,-15.0,62.0,595.0,678.0,217.0
-194.0,0.0,58.0,690.0,788.0,237.0
-199.0,11.0,60.0,750.0,884.0,248.0
-203.0,21.0,57.0,775.0,955.0,243.0
-205.0,32.0,56.0,765.0,998.0,230.0
-207.0,37.0,60.0,722.0,1017.0,211.0
-206.0,39.0,60.0,660.0,1020.0,185.0
-206.0,37.0,55.0,583.0,1022.0,155.0
-204.0,39.0,53.0,510.0,1028.0,132.0
-206.0,33.0,55.0,447.0,1037.0,101.0
-205.0,30.0,50.0,393.0,1040.0,68.0
-210.0,38.0,36.0,351.0,1042.0,35.0
-204.0,29.0,31.0,327.0,1063.0,7.0
-209.0,28.0,26.0,318.0,1092.0,-24.0
-218.0,29.0,20.0,313.0,1111.0,-61.0
-218.0,28.0,16.0,319.0,1118.0,-97.0
-222.0,33.0,3.0,322.0,1125.0,-132.0
-221.0,35.0,0.0,311.0,1143.0,-162.0
-221.0,39.0,-10.0,285.0,1172.0,-187.0
-224.0,40.0,-13.0,243.0,1219.0,-214.0
-225.0,45.0,-13.0,184.0,1257.0,-240.0
-230.0,48.0,-22.0,112.0,1290.0,-267.0
-226.0,48.0,-28.0,25.0,1319.0,-290.0
-231.0,43.0,-29.0,-68.0,1342.0,-309.0
-239.0,36.0,-30.0,-172.0,1365.0,-330.0
-250.0,29.0,-30.0,-240.0,1378.0,-350.0
-252.0,26.0,-36.0,-286.0,1373.0,-365.0
-256.0,17.0,-39.0,-318.0,1358.0,-381.0
-256.0,15.0,-38.0,-338.0,1337.0,-395.0
-261.0,17.0,-41.0,-350.0,1309.0,-396.0
-264.0,11.0,-46.0,-366.0,1279.0,-385.0
-271.0,22.0,-57.0,-380.0,1253.0,-362.0
-275.0,18.0,-61.0,-387.0,1233.0,-338.0
-278.0,23.0,-66.0,-396.0,1210.0,-316.0
-280.0,24.0,-67.0,-409.0,1181.0,-297.0
-289.0,25.0,-74.0,-429.0,1145.0,-281.0
-289.0,24.0,-77.0,-461.0,1095.0,-264.0
-291.0,23.0,-76.0,-496.0,1032.0,-246.0
-297.0,21.0,-79.0,-530.0,959.0,-224.0
-294.0,17.0,-81.0,-564.0,890.0,-199.0
-296.0,12.0,-79.0,-591.0,822.0,-170.0
-293.0,9.0,-86.0,-613.0,756.0,-142.0
-290.0,5.0,-81.0,-625.0,699.0,-115.0
-289.0,6.0,-79.0,-622.0,647.0,-86.0
-280.0,0.0,-80.0,-611.0,599.0,-58.0
-270.0,0.0,-80.0,-602.0,558.0,-38.0
-268.0,-1.0,-77.0,-599.0,525.0,-28.0
-261.0,-3.0,-83.0,-600.0,503.0,-25.0
-257.0,-5.0,-88.0,-601.0,492.0,-29.0
-253.0,-7.0,-93.0,-600.0,492.0,-35.0
-249.0,-9.0,-98.0,-602.0,501.0,-47.0
-243.0,-15.0,-100.0,-598.0,515.0,-58.0
-239.0,-19.0,-100.0,-583.0,532.0,-75.0
-230.0,-24.0,-98.0,-565.0,548.0,-91.0
-227.0,-26.0,-101.0,-543.0,553.0,-107.0
-226.0,-31.0,-102.0,-520.0,550.0,-118.0
-218.0,-38.0,-101.0,-498.0,539.0,-117.0
-220.0,-42.0,-100.0,-475.0,522.0,-111.0
-219.0,-42.0,-100.0,-442.0,498.0,-97.0
-220.0,-46.0,-103.0,-412.0,476.0,-77.0
-222.0,-49.0,-100.0,-381.0,453.0,-47.0
-228.0,-49.0,-102.0,-354.0,430.0,-10.0
-230.0,-48.0,-102.0,-329.0,408.0,28.0
-233.0,-46.0,-102.0,-304.0,385.0,69.0
-233.0,-47.0,-103.0,-287.0,359.0,107.0
-236.0,-46.0,-98.0,-271.0,327.0,139.0
-239.0,-41.0,-102.0,-252.0,296.0,163.0
-238.0,-40.0,-100.0,-232.0,265.0,180.0
-237.0,-40.0,-102.0,-210.0,234.0,189.0
-239.0,-35.0,-101.0,-183.0,204.0,192.0
-233.0,-35.0,-101.0,-155.0,181.0,188.0
-232.0,-36.0,-97.0,-122.0,165.0,178.0
-232.0,-36.0,-96.0,-88.0,154.0,166.0
-230.0,-36.0,-96.0,-56.0,145.0,148.0
-231.0,-37.0,-94.0,-19.0,141.0,131.0
-232.0,-38.0,-89.0,15.0,137.0,113.0
-235.0,-36.0,-85.0,47.0,133.0,95.0
-238.0,-31.0,-85.0,74.0,126.0,82.0
-240.0,-29.0,-82.0,96.0,120.0,72.0
-240.0,-25.0,-78.0,115.0,109.0,66.0
-240.0,-24.0,-79.0,130.0,97.0,60.0
-242.0,-21.0,-73.0,138.0,82.0,63.0
-245.0,-19.0,-70.0,142.0,70.0,70.0
-247.0,-15.0,-68.0,141.0,55.0,79.0
-248.0,-16.0,-63.0,137.0,36.0,88.0
-254.0,-12.0,-62.0,126.0,15.0,98.0
-252.0,-9.0,-64.0,115.0,-6.0,107.0
-255.0,-10.0,-63.0,102.0,-27.0,115.0
-255.0,-3.0,-59.0,87.0,-44.0,122.0
-255.0,-6.0,-62.0,70.0,-59.0,129.0
-255.0,-2.0,-64.0,54.0,-73.0,135.0
-254.0,-1.0,-63.0,41.0,-86.0,137.0
-257.0,-1.0,-62.0,27.0,-98.0,137.0
-256.0,-3.0,-63.0,15.0,-111.0,137.0
-251.0,-3.0,-64.0,7.0,-126.0,136.0
-254.0,-2.0,-66.0,4.0,-140.0,132.0
-254.0,0.0,-63.0,3.0,-153.0,131.0
-254.0,-7.0,-63.0,5.0,-168.0,128.0
-254.0,-2.0,-62.0,5.0,-178.0,124.0
-253.0,-6.0,-64.0,4.0,-185.0,121.0
-252.0,-7.0,-64.0,3.0,-189.0,118.0
-248.0,-4.0,-62.0,-2.0,-190.0,113.0
-253.0,-2.0,-63.0,-10.0,-189.0,108.0
-251.0,0.0,-61.0,-15.0,-186.0,104.0
-250.0,0.0,-61.0,-19.0,-182.0,99.0
-246.0,-2.0,-63.0,-19.0,-178.0,93.0
-249.0,0.0,-63.0,-20.0,-174.0,88.0
-244.0,0.0,-64.0,-17.0,-168.0,82.0
-244.0,1.0,-61.0,-16.0,-162.0,75.0
-244.0,2.0,-63.0,-12.0,-158.0,66.0
-247.0,3.0,-61.0,-7.0,-154.0,57.0
-246.0,2.0,-64.0,-1.0,-154.0,47.0
-245.0,5.0,-58.0,9.0,-153.0,38.0
-246.0,5.0,-58.0,19.0,-153.0,26.0
-244.0,6.0,-58.0,32.0,-155.0,16.0
-243.0,5.0,-58.0,41.0,-156.0,3.0
-247.0,7.0,-62.0,54.0,-158.0,-7.0
-244.0,7.0,-58.0,63.0,-159.0,-18.0
-245.0,3.0,-63.0,73.0,-159.0,-28.0
-247.0,8.0,-55.0,83.0,-159.0,-39.0
-247.0,6.0,-57.0,91.0,-160.0,-47.0
-247.0,7.0,-56.0,102.0,-163.0,-59.0
-249.0,7.0,-55.0,111.0,-165.0,-69.0
-247.0,11.0,-55.0,118.0,-164.0,-76.0
-248.0,8.0,-51.0,120.0,-164.0,-80.0
-248.0,7.0,-52.0,118.0,-162.0,-81.0
-247.0,10.0,-52.0,111.0,-161.0,-82.0
-248.0,10.0,-47.0,103.0,-160.0,-80.0
-246.0,10.0,-52.0,92.0,-157.0,-81.0
-254.0,9.0,-50.0,78.0,-153.0,-82.0
-249.0,12.0,-44.0,63.0,-150.0,-81.0
-249.0,12.0,-50.0,46.0,-145.0,-80.0
-247.0,13.0,-47.0,26.0,-142.0,-78.0
-248.0,10.0,-49.0,9.0,-141.0,-76.0
-248.0,10.0,-47.0,-11.0,-143.0,-74.0
-249.0,7.0,-46.0,-30.0,-142.0,-73.0
-246.0,7.0,-48.0,-49.0,-141.0,-70.0
-244.0,6.0,-44.0,-64.0,-141.0,-65.0
-246.0,6.0,-47.0,-77.0,-142.0,-61.0
-246.0,3.0,-44.0,-88.0,-141.0,-60.0
-240.0,5.0,-36.0,-95.0,-144.0,-56.0
-244.0,1.0,-44.0,-101.0,-144.0,-50.0
-243.0,-1.0,-46.0,-108.0,-142.0,-46.0
-246.0,0.0,-43.0,-113.0,-137.0,-41.0
-244.0,-5.0,-47.0,-114.0,-132.0,-38.0
-245.0,-6.0,-41.0,-115.0,-127.0,-33.0
-249.0,-4.0,-41.0,-114.0,-123.0,-30.0
-245.0,-4.0,-45.0,-112.0,-118.0,-27.0
-249.0,-1.0,-42.0,-107.0,-112.0,-23.0
-247.0,-4.0,-42.0,-98.0,-106.0,-20.0
-247.0,0.0,-46.0,-87.0,-101.0,-17.0
-244.0,0.0,-44.0,-74.0,-91.0,-16.0
-244.0,-3.0,-47.0,-62.0,-82.0,-14.0
-242.0,-1.0,-44.0,-52.0,-73.0,-15.0
-244.0,0.0,-45.0,-43.0,-64.0,-16.0
-243.0,-3.0,-45.0,-36.0,-57.0,-17.0
-241.0,0.0,-44.0,-29.0,-50.0,-18.0
-242.0,0.0,-43.0,-30.0,-45.0,-23.0
-242.0,-1.0,-45.0,-35.0,-40.0,-23.0
-245.0,-5.0,-50.0,-38.0,-33.0,-24.0
-241.0,-4.0,-46.0,-41.0,-24.0,-26.0
-245.0,6.0,-46.0,-44.0,-16.0,-28.0
-243.0,-5.0,-45.0,-46.0,-10.0,-27.0
-243.0,-5.0,-48.0,-46.0,-7.0,-28.0
-246.0,-4.0,-47.0,-40.0,-4.0,-28.0
-246.0,-5.0,-43.0,-35.0,-5.0,-27.0
-247.0,-6.0,-47.0,-28.0,-7.0,-28.0
-245.0,-5.0,-43.0,-22.0,-7.0,-27.0
-245.0,-9.0,-46.0,-18.0,-5.0,-25.0
-246.0,-6.0,-48.0,-14.0,-2.0,-24.0
-252.0,-1.0,-44.0,-8.0,1.0,-23.0
-248.0,-5.0,-51.0,-3.0,5.0,-22.0
-241.0,-4.0,-54.0,0.0,7.0,-20.0
-246.0,-5.0,-48.0,1.0,9.0,-19.0
-245.0,-5.0,-43.0,2.0,11.0,-20.0
-249.0,-3.0,-48.0,3.0,12.0,-20.0
-250.0,-4.0,-46.0,5.0,13.0,-20.0
-248.0,-3.0,-47.0,6.0,13.0,-20.0
-252.0,-4.0,-48.0,10.0,12.0,-19.0
-246.0,-5.0,-50.0,14.0,9.0,-16.0
-244.0,-3.0,-46.0,17.0,7.0,-14.0
-245.0,-2.0,-47.0,18.0,6.0,-11.0
-248.0,-1.0,-57.0,17.0,7.0,-9.0
-243.0,-7.0,-47.0,14.0,9.0,-5.0
-246.0,-2.0,-52.0,12.0,9.0,-1.0
-243.0,-7.0,-48.0,10.0,8.0,0.0
-245.0,-7.0,-46.0,7.0,5.0,1.0
-243.0,-2.0,-46.0,3.0,4.0,3.0
-246.0,-4.0,-52.0,-1.0,5.0,5.0
-243.0,-5.0,-51.0,-7.0,7.0,9.0
-244.0,-3.0,-45.0,-11.0,9.0,12.0
-242.0,2.0,-51.0,-20.0,12.0,14.0
-243.0,0.0,-48.0,-30.0,17.0,16.0
-242.0,-1.0,-48.0,-42.0,22.0,15.0
-245.0,-2.0,-53.0,-54.0,26.0,14.0
-245.0,0.0,-49.0,-66.0,31.0,11.0
-245.0,0.0,-50.0,-75.0,34.0,10.0
-245.0,2.0,-51.0,-85.0,37.0,8.0
-244.0,-4.0,-50.0,-91.0,38.0,6.0
