54.0,-365.0,102.0,255.0,-212.0,-303.0
53.0,-362.0,81.0,329.0,-228.0,-290.0
46.0,-358.0,63.0,384.0,-228.0,-272.0
38.0,-357.0,12.0,415.0,-218.0,-254.0
33.0,-350.0,-44.0,399.0,-195.0,-244.0
33.0,-348.0,-100.0,333.0,-166.0,-255.0
43.0,-347.0,-146.0,212.0,-129.0,-288.0
56.0,-356.0,-183.0,51.0,-80.0,-347.0
71.0,-362.0,-197.0,-123.0,-15.0,-426.0
89.0,-364.0,-196.0,-280.0,65.0,-520.0
103.0,-355.0,-190.0,-401.0,195.0,-633.0
119.0,-341.0,-170.0,-499.0,306.0,-718.0
132.0,-325.0,-155.0,-548.0,401.0,-782.0
135.0,-314.0,-142.0,-570.0,466.0,-832.0
121.0,-300.0,-129.0,-570.0,497.0,-862.0
101.0,-288.0,-118.0,-540.0,491.0,-873.0
84.0,-275.0,-112.0,-485.0,443.0,-851.0
60.0,-262.0,-97.0,-410.0,357.0,-805.0
33.0,-259.0,-81.0,-324.0,256.0,-734.0
7.0,-256.0,-65.0,-222.0,137.0,-638.0
-28.0,-250.0,-65.0,-77.0,52.0,-552.0
-69.0,-246.0,-71.0,45.0,-20.0,-467.0
-107.0,-243.0,-84.0,167.0,-80.0,-374.0
-130.0,-247.0,-105.0,265.0,-129.0,-272.0
-137.0,-243.0,-121.0,317.0,-172.0,-156.0
-136.0,-241.0,-136.0,324.0,-205.0,-35.0
-144.0,-241.0,-140.0,303.0,-219.0,89.0
-141.0,-244.0,-133.0,271.0,-225.0,194.0
-134.0,-245.0,-126.0,231.0,-219.0,301.0
-116.0,-249.0,-120.0,150.0,-198.0,362.0
-88.0,-244.0,-106.0,66.0,-172.0,400.0
-74.0,-243.0,-92.0,-13.0,-136.0,414.0
-51.0,-242.0,-78.0,-81.0,-99.0,420.0
-17.0,-240.0,-71.0,-132.0,-58.0,421.0
5.0,-240.0,-66.0,-163.0,-12.0,424.0
28.0,-239.0,-61.0,-168.0,38.0,426.0
50.0,-239.0,-66.0,-155.0,93.0,438.0
66.0,-240.0,-60.0,-137.0,146.0,451.0
76.0,-239.0,-57.0,-122.0,201.0,466.0
87.0,-240.0,-54.0,-124.0,229.0,476.0
101.0,-238.0,-44.0,-136.0,247.0,490.0
99.0,-232.0,-40.0,-155.0,263.0,501.0
92.0,-230.0,-30.0,-181.0,271.0,518.0
85.0,-228.0,-32.0,-191.0,287.0,532.0
83.0,-224.0,-28.0,-197.0,307.0,552.0
74.0,-220.0,-35.0,-204.0,330.0,561.0
63.0,-221.0,-38.0,-197.0,354.0,570.0
56.0,-217.0,-36.0,-169.0,389.0,573.0
53.0,-215.0,-37.0,-127.0,431.0,581.0
43.0,-214.0,-38.0,-75.0,477.0,584.0
34.0,-210.0,-42.0,-27.0,516.0,584.0
19.0,-201.0,-51.0,4.0,547.0,575.0
24.0,-195.0,-51.0,19.0,580.0,570.0
24.0,-185.0,-27.0,45.0,616.0,556.0
19.0,-179.0,-37.0,135.0,650.0,549.0
4.0,-169.0,-41.0,202.0,693.0,527.0
-12.0,-163.0,-52.0,230.0,747.0,505.0
-15.0,-158.0,-53.0,223.0,787.0,483.0
-12.0,-157.0,-64.0,210.0,817.0,466.0
-14.0,-154.0,-57.0,162.0,837.0,432.0
-18.0,-150.0,-56.0,116.0,849.0,406.0
-23.0,-144.0,-45.0,75.0,857.0,380.0
-28.0,-146.0,-43.0,53.0,850.0,361.0
-30.0,-145.0,-41.0,41.0,827.0,336.0
-31.0,-150.0,-46.0,24.0,798.0,313.0
-33.0,-154.0,-48.0,-5.0,764.0,282.0
-37.0,-160.0,-45.0,-49.0,747.0,254.0
-39.0,-166.0,-43.0,-85.0,736.0,221.0
-40.0,-172.0,-38.0,-115.0,723.0,195.0
-37.0,-180.0,-32.0,-135.0,706.0,161.0
-42.0,-185.0,-24.0,-137.0,688.0,131.0
-43.0,-192.0,-23.0,-131.0,668.0,101.0
-40.0,-198.0,-24.0,-112.0,649.0,75.0
-33.0,-207.0,-25.0,-87.0,634.0,49.0
-33.0,-207.0,-21.0,-62.0,626.0,23.0
-31.0,-216.0,-22.0,-29.0,623.0,-2.0
-32.0,-216.0,-23.0,4.0,618.0,-24.0
-30.0,-222.0,-24.0,37.0,610.0,-52.0
-33.0,-223.0,-26.0,69.0,602.0,-74.0
-32.0,-219.0,-27.0,91.0,595.0,-100.0
-34.0,-217.0,-19.0,108.0,590.0,-119.0
-31.0,-217.0,-19.0,119.0,579.0,-140.0
-29.0,-217.0,-15.0,129.0,572.0,-154.0
-25.0,-213.0,-8.0,139.0,572.0,-169.0
-19.0,-211.0,-3.0,136.0,578.0,-178.0
-29.0,-211.0,-3.0,120.0,586.0,-186.0
-19.0,-213.0,-4.0,93.0,588.0,-187.0
-12.0,-215.0,2.0,71.0,598.0,-190.0
-10.0,-221.0,0.0,64.0,600.0,-194.0
-5.0,-219.0,-10.0,57.0,593.0,-204.0
-4.0,-222.0,-12.0,45.0,594.0,-215.0
-2.0,-227.0,-17.0,29.0,603.0,-223.0
1.0,-228.0,-29.0,3.0,609.0,-234.0
-2.0,-236.0,-39.0,-35.0,625.0,-245.0
-3.0,-244.0,-47.0,-76.0,633.0,-256.0
6.0,-251.0,-58.0,-129.0,634.0,-274.0
17.0,-258.0,-63.0,-195.0,646.0,-289.0
36.0,-269.0,-60.0,-266.0,686.0,-303.0
34.0,-283.0,-51.0,-333.0,738.0,-319.0
16.0,-301.0,-35.0,-395.0,762.0,-335.0
-9.0,-313.0,-29.0,-446.0,740.0,-347.0
-34.0,-325.0,-20.0,-479.0,682.0,-346.0
-58.0,-342.0,-8.0,-490.0,615.0,-326.0
-76.0,-348.0,12.0,-476.0,578.0,-292.0
-100.0,-362.0,26.0,-437.0,562.0,-239.0
-112.0,-377.0,48.0,-381.0,559.0,-172.0
-125.0,-392.0,62.0,-309.0,561.0,-90.0
-125.0,-407.0,79.0,-231.0,560.0,7.0
-121.0,-425.0,89.0,-139.0,542.0,110.0
-124.0,-434.0,92.0,-48.0,520.0,223.0
-116.0,-441.0,98.0,29.0,490.0,332.0
-120.0,-439.0,97.0,124.0,440.0,448.0
-113.0,-432.0,93.0,188.0,380.0,523.0
-110.0,-421.0,89.0,238.0,330.0,587.0
-107.0,-413.0,87.0,269.0,286.0,639.0
-100.0,-393.0,89.0,292.0,245.0,678.0
-90.0,-376.0,90.0,345.0,214.0,698.0
-95.0,-355.0,70.0,433.0,191.0,709.0
-83.0,-339.0,36.0,526.0,153.0,715.0
-60.0,-316.0,-40.0,563.0,108.0,728.0
-30.0,-298.0,-113.0,497.0,74.0,737.0
-11.0,-286.0,-175.0,301.0,59.0,727.0
-6.0,-280.0,-222.0,79.0,36.0,703.0
-3.0,-282.0,-255.0,-161.0,-17.0,673.0
-12.0,-292.0,-276.0,-394.0,-88.0,637.0
-32.0,-296.0,-276.0,-626.0,-183.0,605.0
-52.0,-301.0,-257.0,-832.0,-310.0,590.0
-80.0,-303.0,-226.0,-1005.0,-476.0,601.0
-98.0,-293.0,-184.0,-1132.0,-675.0,630.0
-93.0,-293.0,-145.0,-1205.0,-866.0,667.0
-95.0,-298.0,-116.0,-1225.0,-1016.0,677.0
-96.0,-311.0,-80.0,-1165.0,-1052.0,669.0
-100.0,-319.0,-65.0,-1025.0,-1034.0,645.0
-102.0,-326.0,-60.0,-819.0,-1008.0,613.0
-92.0,-332.0,-74.0,-579.0,-994.0,572.0
-62.0,-331.0,-98.0,-345.0,-993.0,523.0
-16.0,-326.0,-115.0,-135.0,-981.0,460.0
43.0,-320.0,-115.0,58.0,-948.0,389.0
99.0,-313.0,-109.0,248.0,-893.0,281.0
141.0,-301.0,-110.0,424.0,-802.0,175.0
156.0,-293.0,-107.0,504.0,-716.0,58.0
163.0,-271.0,-98.0,529.0,-637.0,-55.0
167.0,-259.0,-92.0,524.0,-582.0,-176.0
153.0,-252.0,-86.0,490.0,-556.0,-289.0
135.0,-237.0,-89.0,415.0,-564.0,-403.0
112.0,-217.0,-76.0,306.0,-592.0,-502.0
86.0,-209.0,-65.0,196.0,-627.0,-585.0
63.0,-199.0,-63.0,106.0,-667.0,-639.0
39.0,-193.0,-51.0,28.0,-718.0,-679.0
13.0,-194.0,-46.0,-6.0,-770.0,-700.0
-6.0,-189.0,-48.0,-26.0,-831.0,-723.0
-17.0,-185.0,-49.0,-45.0,-880.0,-735.0
-30.0,-178.0,-56.0,-57.0,-913.0,-744.0
-42.0,-172.0,-59.0,-53.0,-943.0,-747.0
-48.0,-163.0,-63.0,-60.0,-967.0,-752.0
-52.0,-162.0,-59.0,-75.0,-994.0,-747.0
-57.0,-158.0,-63.0,-98.0,-1025.0,-743.0
-56.0,-154.0,-63.0,-132.0,-1057.0,-722.0
-58.0,-154.0,-70.0,-163.0,-1062.0,-699.0
-49.0,-152.0,-74.0,-192.0,-1076.0,-676.0
-44.0,-151.0,-75.0,-218.0,-1106.0,-659.0
-40.0,-148.0,-93.0,-264.0,-1144.0,-641.0
-27.0,-140.0,-80.0,-338.0,-1181.0,-635.0
-6.0,-144.0,-77.0,-387.0,-1221.0,-631.0
3.0,-136.0,-67.0,-419.0,-1240.0,-647.0
9.0,-140.0,-67.0,-438.0,-1247.0,-664.0
12.0,-142.0,-56.0,-472.0,-1252.0,-689.0
23.0,-138.0,-42.0,-521.0,-1259.0,-703.0
30.0,-138.0,-33.0,-511.0,-1269.0,-725.0
27.0,-137.0,-32.0,-478.0,-1281.0,-736.0
28.0,-139.0,-24.0,-443.0,-1295.0,-736.0
29.0,-147.0,-23.0,-404.0,-1312.0,-722.0
29.0,-155.0,-21.0,-383.0,-1340.0,-713.0
35.0,-166.0,-11.0,-367.0,-1376.0,-694.0
37.0,-174.0,-8.0,-354.0,-1412.0,-676.0
36.0,-182.0,-7.0,-333.0,-1446.0,-641.0
35.0,-192.0,-3.0,-300.0,-1476.0,-622.0
33.0,-200.0,0.0,-269.0,-1503.0,-605.0
31.0,-210.0,0.0,-237.0,-1529.0,-595.0
36.0,-219.0,2.0,-209.0,-1550.0,-578.0
41.0,-227.0,-3.0,-174.0,-1563.0,-561.0
44.0,-236.0,-6.0,-124.0,-1559.0,-538.0
37.0,-243.0,-5.0,-78.0,-1548.0,-529.0
42.0,-253.0,-8.0,-43.0,-1543.0,-518.0
40.0,-256.0,-8.0,-20.0,-1529.0,-513.0
31.0,-255.0,-11.0,24.0,-1520.0,-501.0
31.0,-256.0,-11.0,75.0,-1512.0,-486.0
24.0,-247.0,-16.0,122.0,-1502.0,-459.0
17.0,-240.0,-16.0,174.0,-1492.0,-428.0
15.0,-230.0,-14.0,231.0,-1485.0,-388.0
7.0,-218.0,-7.0,293.0,-1484.0,-340.0
8.0,-206.0,8.0,352.0,-1496.0,-279.0
4.0,-194.0,11.0,409.0,-1517.0,-214.0
3.0,-195.0,15.0,449.0,-1549.0,-139.0
-5.0,-192.0,16.0,471.0,-1595.0,-50.0
-24.0,-183.0,14.0,481.0,-1633.0,32.0
-32.0,-179.0,14.0,488.0,-1671.0,113.0
-37.0,-173.0,15.0,495.0,-1708.0,191.0
-37.0,-167.0,16.0,499.0,-1749.0,264.0
-31.0,-168.0,13.0,491.0,-1786.0,336.0
-26.0,-166.0,8.0,470.0,-1820.0,402.0
-18.0,-169.0,-6.0,433.0,-1848.0,465.0
-11.0,-169.0,-21.0,385.0,-1867.0,525.0
2.0,-172.0,-26.0,327.0,-1885.0,593.0
7.0,-173.0,-33.0,248.0,-1890.0,644.0
2.0,-179.0,-36.0,183.0,-1896.0,699.0
3.0,-182.0,-38.0,122.0,-1928.0,755.0
-3.0,-190.0,-47.0,62.0,-1977.0,811.0
-5.0,-191.0,-49.0,8.0,-2040.0,864.0
-4.0,-188.0,-48.0,-37.0,-2101.0,918.0
-3.0,-184.0,-58.0,-77.0,-2148.0,969.0
-7.0,-185.0,-66.0,-117.0,-2170.0,1011.0
-11.0,-178.0,-64.0,-152.0,-2170.0,1052.0
-18.0,-171.0,-61.0,-174.0,-2158.0,1094.0
-13.0,-162.0,-63.0,-161.0,-2146.0,1137.0
-12.0,-155.0,-63.0,-113.0,-2131.0,1184.0
-4.0,-147.0,-75.0,-50.0,-2102.0,1233.0
11.0,-132.0,-71.0,-10.0,-2060.0,1272.0
17.0,-118.0,-80.0,27.0,-2021.0,1297.0
15.0,-100.0,-92.0,32.0,-1983.0,1311.0
23.0,-84.0,-101.0,-5.0,-1948.0,1331.0
33.0,-74.0,-110.0,-53.0,-1912.0,1332.0
43.0,-73.0,-121.0,-119.0,-1862.0,1310.0
51.0,-69.0,-141.0,-194.0,-1812.0,1282.0
64.0,-73.0,-158.0,-306.0,-1743.0,1256.0
67.0,-72.0,-152.0,-448.0,-1655.0,1218.0
64.0,-68.0,-158.0,-589.0,-1576.0,1182.0
66.0,-63.0,-154.0,-721.0,-1497.0,1164.0
74.0,-55.0,-152.0,-840.0,-1420.0,1164.0
92.0,-45.0,-144.0,-939.0,-1342.0,1177.0
98.0,-35.0,-136.0,-997.0,-1264.0,1213.0
101.0,-32.0,-149.0,-1031.0,-1160.0,1251.0
96.0,-28.0,-156.0,-1085.0,-1065.0,1282.0
87.0,-24.0,-160.0,-1154.0,-969.0,1305.0
73.0,-33.0,-165.0,-1225.0,-871.0,1320.0
62.0,-43.0,-161.0,-1303.0,-775.0,1327.0
51.0,-48.0,-136.0,-1364.0,-688.0,1333.0
43.0,-56.0,-123.0,-1404.0,-612.0,1334.0
28.0,-58.0,-112.0,-1418.0,-552.0,1337.0
23.0,-58.0,-102.0,-1417.0,-504.0,1336.0
14.0,-57.0,-98.0,-1415.0,-467.0,1337.0
10.0,-51.0,-96.0,-1415.0,-451.0,1333.0
-2.0,-40.0,-93.0,-1416.0,-445.0,1331.0
-8.0,-31.0,-102.0,-1427.0,-452.0,1324.0
-16.0,-14.0,-115.0,-1451.0,-460.0,1316.0
-27.0,0.0,-120.0,-1477.0,-471.0,1307.0
-50.0,15.0,-125.0,-1503.0,-483.0,1309.0
-59.0,-13.0,-149.0,-1542.0,-506.0,1306.0
-73.0,-10.0,-132.0,-1685.0,-515.0,1260.0
-114.0,74.0,-69.0,-1757.0,-568.0,1265.0
-129.0,54.0,-94.0,-1644.0,-643.0,1365.0
-128.0,47.0,-94.0,-1609.0,-718.0,1428.0
-130.0,36.0,-96.0,-1569.0,-799.0,1487.0
-134.0,26.0,-93.0,-1553.0,-869.0,1533.0
-137.0,12.0,-97.0,-1555.0,-927.0,1583.0
-133.0,-14.0,-107.0,-1585.0,-977.0,1612.0
-129.0,-60.0,-119.0,-1708.0,-1010.0,1584.0
-130.0,-61.0,-105.0,-1882.0,-1018.0,1533.0
-122.0,-73.0,-102.0,-1973.0,-1027.0,1528.0
-105.0,-106.0,-109.0,-2040.0,-1035.0,1538.0
-115.0,-105.0,-90.0,-2082.0,-1037.0,1538.0
-112.0,-141.0,-110.0,-2049.0,-1046.0,1554.0
-118.0,-174.0,-103.0,-2045.0,-1036.0,1546.0
-119.0,-183.0,-101.0,-2044.0,-1037.0,1529.0
-116.0,-197.0,-105.0,-1988.0,-1048.0,1543.0
-115.0,-207.0,-103.0,-1900.0,-1070.0,1561.0
-103.0,-222.0,-84.0,-1787.0,-1086.0,1604.0
-95.0,-241.0,-75.0,-1649.0,-1090.0,1679.0
-85.0,-256.0,-65.0,-1475.0,-1093.0,1752.0
-84.0,-262.0,-55.0,-1314.0,-1080.0,1829.0
-72.0,-271.0,-59.0,-1121.0,-1054.0,1922.0
-74.0,-272.0,-56.0,-952.0,-1014.0,2001.0
-93.0,-260.0,-44.0,-797.0,-983.0,2098.0
-122.0,-247.0,-55.0,-618.0,-969.0,2226.0
-175.0,-212.0,-61.0,-515.0,-952.0,2370.0
-213.0,-171.0,-56.0,-536.0,-914.0,2523.0
-226.0,-148.0,-38.0,-611.0,-856.0,2724.0
-232.0,-133.0,-34.0,-665.0,-776.0,2875.0
-234.0,-126.0,-47.0,-687.0,-715.0,3037.0
-220.0,-130.0,-85.0,-776.0,-658.0,3164.0
-192.0,-112.0,-103.0,-1006.0,-584.0,3243.0
-170.0,-102.0,-77.0,-1235.0,-486.0,3328.0
-159.0,-106.0,-69.0,-1390.0,-407.0,3426.0
-145.0,-114.0,-52.0,-1515.0,-315.0,3520.0
-111.0,-112.0,-32.0,-1629.0,-199.0,3626.0
-77.0,-130.0,-33.0,-1713.0,-85.0,3713.0
-27.0,-138.0,-33.0,-1831.0,78.0,3733.0
-112.0,-140.0,-63.0,-1959.0,256.0,3699.0
-340.0,-116.0,-11.0,-2111.0,392.0,3651.0
-205.0,-57.0,150.0,-2106.0,448.0,3747.0
-397.0,-124.0,-141.0,-1370.0,481.0,4185.0
-525.0,38.0,-105.0,-1038.0,591.0,4543.0
-865.0,171.0,-191.0,-908.0,911.0,4942.0
-916.0,125.0,-43.0,-956.0,1229.0,5325.0
-693.0,375.0,-431.0,-306.0,1277.0,5643.0
-959.0,200.0,-687.0,54.0,2371.0,6114.0
-1250.0,373.0,-982.0,-15.0,3577.0,5880.0
-1066.0,235.0,-779.0,-675.0,4644.0,5884.0
-1159.0,456.0,-914.0,-1187.0,5029.0,5768.0
-1146.0,461.0,-854.0,-1898.0,5222.0,5788.0
-1195.0,625.0,-955.0,-2431.0,5039.0,5549.0
-990.0,543.0,-901.0,-2724.0,4772.0,5051.0
-861.0,208.0,-857.0,-2308.0,4490.0,4305.0
-501.0,-147.0,-816.0,-1739.0,4371.0,3595.0
-59.0,-495.0,-797.0,-1577.0,4184.0,2487.0
81.0,-687.0,-824.0,-1738.0,3885.0,1337.0
17.0,-628.0,-767.0,-1890.0,3670.0,307.0
-109.0,-387.0,-568.0,-1898.0,3288.0,-393.0
-222.0,-224.0,-430.0,-1646.0,2824.0,-719.0
-282.0,-81.0,-416.0,-1276.0,2281.0,-899.0
-381.0,0.0,-423.0,-1024.0,1787.0,-1076.0
-412.0,-2.0,-377.0,-917.0,1461.0,-1281.0
-479.0,-65.0,-353.0,-811.0,1249.0,-1490.0
-542.0,-78.0,-308.0,-716.0,1099.0,-1688.0
-586.0,-37.0,-264.0,-737.0,932.0,-1755.0
-467.0,-45.0,-255.0,-845.0,806.0,-1684.0
-465.0,-104.0,-255.0,-978.0,769.0,-1627.0
-479.0,20.0,-212.0,-1085.0,757.0,-1617.0
-447.0,98.0,-195.0,-1087.0,694.0,-1476.0
-443.0,138.0,-182.0,-1108.0,591.0,-1335.0
-420.0,161.0,-195.0,-1172.0,478.0,-1196.0
-404.0,157.0,-189.0,-1282.0,380.0,-1082.0
-396.0,140.0,-201.0,-1495.0,298.0,-975.0
-373.0,96.0,-206.0,-1868.0,222.0,-893.0
-355.0,56.0,-190.0,-2208.0,180.0,-848.0
-331.0,60.0,-154.0,-2472.0,112.0,-798.0
-309.0,83.0,-115.0,-2557.0,2.0,-681.0
-249.0,95.0,-109.0,-2465.0,-154.0,-500.0
-209.0,98.0,-111.0,-2282.0,-308.0,-320.0
-155.0,111.0,-101.0,-2059.0,-435.0,-192.0
-97.0,125.0,-95.0,-1810.0,-527.0,-93.0
-61.0,146.0,-96.0,-1575.0,-578.0,-34.0
-34.0,176.0,-109.0,-1374.0,-613.0,-11.0
-6.0,177.0,-113.0,-1285.0,-632.0,-21.0
-2.0,174.0,-118.0,-1236.0,-661.0,-72.0
5.0,172.0,-122.0,-1194.0,-715.0,-137.0
18.0,154.0,-132.0,-1130.0,-768.0,-187.0
27.0,131.0,-133.0,-1060.0,-801.0,-220.0
23.0,109.0,-130.0,-997.0,-823.0,-239.0
8.0,94.0,-136.0,-951.0,-842.0,-246.0
10.0,74.0,-135.0,-909.0,-844.0,-247.0
10.0,64.0,-136.0,-856.0,-821.0,-251.0
8.0,57.0,-137.0,-802.0,-801.0,-266.0
6.0,45.0,-146.0,-775.0,-785.0,-289.0
-5.0,35.0,-144.0,-764.0,-781.0,-333.0
-12.0,14.0,-129.0,-748.0,-767.0,-382.0
-22.0,13.0,-116.0,-684.0,-740.0,-425.0
-36.0,11.0,-112.0,-589.0,-710.0,-455.0
-49.0,8.0,-101.0,-486.0,-667.0,-477.0
-55.0,4.0,-94.0,-403.0,-626.0,-501.0
-60.0,10.0,-90.0,-344.0,-578.0,-543.0
-78.0,35.0,-88.0,-320.0,-528.0,-566.0
-101.0,68.0,-85.0,-354.0,-485.0,-583.0
-139.0,108.0,-73.0,-422.0,-452.0,-596.0
-154.0,125.0,-70.0,-483.0,-435.0,-606.0
-153.0,121.0,-59.0,-533.0,-416.0,-631.0
-160.0,109.0,-49.0,-519.0,-391.0,-664.0
-176.0,96.0,-59.0,-397.0,-352.0,-682.0
-175.0,80.0,-62.0,-240.0,-290.0,-699.0
-190.0,63.0,-52.0,-79.0,-242.0,-722.0
-183.0,49.0,-52.0,136.0,-223.0,-727.0
-203.0,31.0,-49.0,344.0,-181.0,-741.0
-179.0,19.0,-54.0,556.0,-129.0,-764.0
-164.0,21.0,-66.0,817.0,-24.0,-772.0
-153.0,28.0,-80.0,1095.0,98.0,-756.0
-155.0,33.0,-93.0,1304.0,189.0,-732.0
-156.0,73.0,-100.0,1434.0,247.0,-698.0
-167.0,124.0,-105.0,1515.0,270.0,-612.0
-173.0,153.0,-109.0,1525.0,286.0,-524.0
-168.0,168.0,-117.0,1535.0,329.0,-483.0
-161.0,162.0,-110.0,1549.0,375.0,-476.0
-159.0,161.0,-109.0,1558.0,400.0,-493.0
-162.0,160.0,-112.0,1559.0,404.0,-509.0
-158.0,172.0,-103.0,1570.0,397.0,-500.0
-165.0,182.0,-72.0,1603.0,414.0,-473.0
-201.0,217.0,-84.0,1677.0,436.0,-413.0
-240.0,235.0,-102.0,1705.0,435.0,-315.0
-221.0,243.0,-121.0,1690.0,489.0,-158.0
-209.0,233.0,-118.0,1617.0,637.0,-46.0
-218.0,251.0,-121.0,1536.0,815.0,34.0
-228.0,276.0,-134.0,1470.0,996.0,129.0
-192.0,304.0,-179.0,1389.0,1189.0,258.0
-167.0,306.0,-214.0,1216.0,1389.0,392.0
-160.0,288.0,-240.0,943.0,1540.0,510.0
-146.0,255.0,-257.0,609.0,1600.0,589.0
-141.0,227.0,-268.0,247.0,1558.0,609.0
-146.0,208.0,-267.0,-101.0,1400.0,563.0
-162.0,190.0,-261.0,-476.0,1211.0,495.0
-176.0,173.0,-242.0,-717.0,1018.0,409.0
-193.0,159.0,-212.0,-862.0,854.0,332.0
-215.0,143.0,-206.0,-909.0,736.0,265.0
-249.0,144.0,-205.0,-872.0,661.0,229.0
-262.0,145.0,-223.0,-771.0,615.0,225.0
-269.0,141.0,-238.0,-649.0,604.0,244.0
-270.0,141.0,-251.0,-560.0,614.0,257.0
-270.0,143.0,-263.0,-520.0,620.0,268.0
-277.0,137.0,-268.0,-520.0,590.0,251.0
-282.0,132.0,-266.0,-544.0,524.0,218.0
-284.0,125.0,-270.0,-559.0,429.0,167.0
-285.0,116.0,-275.0,-562.0,315.0,118.0
-279.0,107.0,-279.0,-547.0,191.0,62.0
-270.0,98.0,-281.0,-500.0,81.0,17.0
-262.0,92.0,-279.0,-432.0,-5.0,-31.0
-240.0,92.0,-272.0,-352.0,-64.0,-66.0
-218.0,94.0,-268.0,-267.0,-105.0,-94.0
-200.0,99.0,-262.0,-187.0,-137.0,-101.0
-184.0,108.0,-260.0,-149.0,-153.0,-103.0
-169.0,111.0,-253.0,-135.0,-172.0,-101.0
-157.0,112.0,-249.0,-134.0,-192.0,-101.0
-153.0,112.0,-246.0,-141.0,-205.0,-92.0
-142.0,110.0,-244.0,-163.0,-217.0,-85.0
-137.0,97.0,-238.0,-193.0,-226.0,-73.0
-130.0,87.0,-224.0,-209.0,-229.0,-63.0
-122.0,74.0,-219.0,-206.0,-230.0,-51.0
-119.0,59.0,-206.0,-174.0,-226.0,-46.0
-112.0,47.0,-199.0,-127.0,-221.0,-36.0
-109.0,32.0,-193.0,-63.0,-212.0,-31.0
-106.0,22.0,-190.0,19.0,-199.0,-23.0
-98.0,17.0,-186.0,107.0,-182.0,-19.0
-96.0,15.0,-184.0,198.0,-159.0,-14.0
-90.0,11.0,-186.0,281.0,-136.0,-14.0
-90.0,9.0,-192.0,353.0,-112.0,-14.0
-88.0,8.0,-189.0,414.0,-88.0,-23.0
-87.0,14.0,-197.0,472.0,-62.0,-31.0
-86.0,17.0,-198.0,508.0,-46.0,-46.0
-88.0,21.0,-203.0,531.0,-33.0,-60.0
-93.0,24.0,-207.0,545.0,-22.0,-75.0
-93.0,28.0,-209.0,545.0,-14.0,-89.0
-97.0,29.0,-205.0,535.0,-7.0,-107.0
-101.0,33.0,-207.0,514.0,-4.0,-130.0
-109.0,31.0,-206.0,483.0,-7.0,-155.0
-119.0,32.0,-202.0,446.0,-12.0,-183.0
-127.0,27.0,-194.0,395.0,-22.0,-208.0
-132.0,31.0,-189.0,353.0,-32.0,-226.0
-140.0,32.0,-190.0,319.0,-49.0,-241.0
-144.0,37.0,-186.0,286.0,-72.0,-248.0
-148.0,42.0,-187.0,252.0,-90.0,-258.0
-152.0,41.0,-185.0,218.0,-111.0,-266.0
-155.0,41.0,-190.0,183.0,-142.0,-268.0
-160.0,43.0,-193.0,146.0,-179.0,-269.0
-165.0,38.0,-199.0,105.0,-225.0,-271.0
-165.0,37.0,-200.0,61.0,-285.0,-274.0
-171.0,32.0,-206.0,30.0,-337.0,-275.0
-173.0,25.0,-216.0,6.0,-384.0,-274.0
-176.0,20.0,-216.0,-10.0,-427.0,-269.0
-181.0,13.0,-219.0,-17.0,-463.0,-258.0
-187.0,6.0,-220.0,-20.0,-495.0,-249.0
-193.0,1.0,-220.0,-18.0,-522.0,-235.0
-192.0,-12.0,-220.0,-10.0,-549.0,-226.0
-190.0,-18.0,-222.0,-2.0,-565.0,-230.0
-190.0,-21.0,-225.0,16.0,-567.0,-235.0
-191.0,-26.0,-227.0,53.0,-559.0,-240.0
-201.0,-18.0,-227.0,98.0,-537.0,-249.0
-207.0,-9.0,-226.0,145.0,-514.0,-236.0
-207.0,-15.0,-221.0,171.0,-500.0,-218.0
-205.0,-18.0,-220.0,187.0,-491.0,-211.0
-208.0,-19.0,-216.0,201.0,-491.0,-207.0
-205.0,-19.0,-216.0,213.0,-491.0,-206.0
-207.0,-9.0,-213.0,240.0,-476.0,-200.0
-208.0,-7.0,-220.0,264.0,-463.0,-171.0
-208.0,-4.0,-213.0,276.0,-455.0,-149.0
-208.0,-4.0,-216.0,277.0,-443.0,-133.0
-205.0,-3.0,-208.0,281.0,-431.0,-117.0
-205.0,-3.0,-211.0,285.0,-415.0,-99.0
-205.0,-2.0,-204.0,288.0,-395.0,-83.0
-205.0,4.0,-206.0,292.0,-371.0,-71.0
-211.0,5.0,-201.0,290.0,-343.0,-59.0
-210.0,5.0,-194.0,294.0,-318.0,-48.0
-210.0,8.0,-191.0,296.0,-292.0,-32.0
-205.0,9.0,-185.0,297.0,-267.0,-20.0
-201.0,12.0,-179.0,291.0,-238.0,-6.0
-201.0,15.0,-178.0,281.0,-209.0,2.0
-201.0,11.0,-171.0,270.0,-182.0,11.0
-201.0,15.0,-167.0,255.0,-155.0,16.0
-202.0,9.0,-162.0,240.0,-132.0,24.0
-203.0,11.0,-155.0,222.0,-112.0,27.0
-203.0,10.0,-157.0,204.0,-94.0,34.0
-203.0,7.0,-151.0,186.0,-82.0,41.0
-205.0,6.0,-147.0,168.0,-66.0,47.0
-205.0,6.0,-142.0,153.0,-58.0,48.0
-205.0,3.0,-145.0,140.0,-53.0,50.0
-206.0,3.0,-144.0,131.0,-43.0,48.0
-206.0,6.0,-148.0,127.0,-40.0,49.0
-211.0,9.0,-148.0,123.0,-40.0,50.0
-200.0,9.0,-158.0,119.0,-34.0,55.0
-194.0,6.0,-162.0,116.0,-22.0,57.0
-193.0,10.0,-162.0,116.0,-3.0,60.0
-191.0,9.0,-167.0,117.0,22.0,60.0
-187.0,8.0,-162.0,121.0,41.0,64.0
-187.0,9.0,-160.0,126.0,60.0,63.0
-189.0,10.0,-163.0,130.0,75.0,69.0
-188.0,13.0,-163.0,134.0,90.0,69.0
-188.0,14.0,-162.0,136.0,106.0,74.0
-189.0,14.0,-169.0,137.0,119.0,73.0
-189.0,17.0,-168.0,134.0,134.0,77.0
-189.0,15.0,-166.0,128.0,148.0,74.0
-192.0,17.0,-172.0,121.0,166.0,76.0
-195.0,24.0,-174.0,115.0,178.0,73.0
-197.0,24.0,-177.0,109.0,194.0,74.0
-194.0,21.0,-177.0,102.0,208.0,70.0
-196.0,24.0,-182.0,95.0,222.0,72.0
-196.0,28.0,-184.0,85.0,237.0,68.0
-196.0,27.0,-184.0,72.0,251.0,69.0
-194.0,24.0,-184.0,54.0,262.0,67.0
-195.0,23.0,-185.0,34.0,270.0,69.0
-192.0,21.0,-186.0,12.0,280.0,66.0
-193.0,24.0,-187.0,-5.0,286.0,68.0
-193.0,19.0,-187.0,-20.0,291.0,64.0
-192.0,16.0,-183.0,-32.0,294.0,66.0
-191.0,17.0,-187.0,-45.0,296.0,64.0
-192.0,16.0,-187.0,-52.0,297.0,65.0
-191.0,12.0,-184.0,-57.0,297.0,61.0
-189.0,8.0,-186.0,-57.0,295.0,63.0
-192.0,13.0,-187.0,-54.0,291.0,62.0
-196.0,13.0,-187.0,-54.0,284.0,63.0
-193.0,13.0,-191.0,-48.0,277.0,58.0
-192.0,12.0,-189.0,-41.0,269.0,60.0
-192.0,15.0,-193.0,-37.0,261.0,54.0
-192.0,16.0,-198.0,-34.0,252.0,55.0
-188.0,19.0,-198.0,-32.0,241.0,49.0
-188.0,19.0,-203.0,-34.0,233.0,48.0
-189.0,21.0,-201.0,-36.0,223.0,42.0
-189.0,23.0,-199.0,-44.0,214.0,40.0
-185.0,21.0,-201.0,-51.0,203.0,32.0
-185.0,22.0,-196.0,-60.0,194.0,29.0
-187.0,19.0,-196.0,-66.0,184.0,23.0
-188.0,21.0,-193.0,-70.0,173.0,20.0
-185.0,15.0,-187.0,-71.0,160.0,15.0
-183.0,16.0,-191.0,-68.0,149.0,14.0
-185.0,15.0,-193.0,-66.0,140.0,9.0
-184.0,18.0,-188.0,-63.0,132.0,11.0
-184.0,17.0,-191.0,-59.0,124.0,9.0
-182.0,15.0,-192.0,-57.0,120.0,11.0
-188.0,20.0,-191.0,-57.0,116.0,9.0
-187.0,22.0,-189.0,-59.0,113.0,11.0
-185.0,18.0,-190.0,-60.0,111.0,8.0
-186.0,17.0,-189.0,-61.0,108.0,10.0
-184.0,16.0,-189.0,-63.0,105.0,6.0
-183.0,15.0,-191.0,-62.0,100.0,8.0
-182.0,15.0,-188.0,-59.0,92.0,8.0
-183.0,16.0,-189.0,-56.0,87.0,9.0
-185.0,15.0,-187.0,-49.0,84.0,7.0
-181.0,12.0,-186.0,-42.0,80.0,7.0
-183.0,15.0,-187.0,-34.0,78.0,5.0
-183.0,12.0,-189.0,-28.0,76.0,8.0
-182.0,17.0,-187.0,-22.0,72.0,5.0
-184.0,14.0,-190.0,-18.0,72.0,6.0
-183.0,16.0,-188.0,-14.0,68.0,5.0
-184.0,17.0,-192.0,-9.0,65.0,6.0
-186.0,14.0,-191.0,-6.0,62.0,5.0
-188.0,19.0,-193.0,-3.0,57.0,3.0
-185.0,16.0,-191.0,0.0,54.0,1.0
-189.0,18.0,-191.0,2.0,51.0,1.0
-189.0,19.0,-191.0,3.0,49.0,0.0
-190.0,17.0,-191.0,4.0,42.0,1.0
-187.0,15.0,-189.0,6.0,38.0,0.0
-189.0,19.0,-188.0,7.0,35.0,1.0
-187.0,18.0,-191.0,5.0,31.0,2.0
-187.0,19.0,-190.0,4.0,29.0,3.0
-189.0,18.0,-190.0,3.0,27.0,1.0
-187.0,20.0,-189.0,3.0,27.0,2.0
-187.0,21.0,-190.0,-1.0,28.0,1.0
-189.0,16.0,-189.0,-3.0,30.0,-1.0
-186.0,21.0,-187.0,-6.0,33.0,-1.0
-186.0,17.0,-187.0,-11.0,36.0,-2.0
-184.0,17.0,-189.0,-16.0,37.0,-2.0
-186.0,15.0,-188.0,-19.0,36.0,-5.0
-189.0,16.0,-187.0,-20.0,34.0,-4.0
-188.0,18.0,-188.0,-19.0,32.0,-5.0
-186.0,19.0,-188.0,-19.0,28.0,-5.0
-190.0,19.0,-186.0,-21.0,31.0,-5.0
-187.0,16.0,-186.0,-17.0,32.0,-6.0
-188.0,18.0,-185.0,-15.0,34.0,-7.0
-186.0,14.0,-186.0,-14.0,35.0,-8.0
-189.0,19.0,-188.0,-12.0,36.0,-9.0
-190.0,15.0,-187.0,-9.0,39.0,-10.0
-188.0,15.0,-189.0,-10.0,41.0,-11.0
-186.0,19.0,-188.0,-9.0,42.0,-11.0
-186.0,16.0,-188.0,-8.0,42.0,-12.0
-188.0,16.0,-186.0,-10.0,43.0,-13.0
-185.0,14.0,-188.0,-12.0,43.0,-12.0
-187.0,20.0,-186.0,-11.0,45.0,-11.0
-186.0,14.0,-186.0,-11.0,44.0,-10.0
-188.0,19.0,-187.0,-9.0,44.0,-9.0
-188.0,16.0,-186.0,-5.0,45.0,-11.0
-187.0,16.0,-186.0,-4.0,45.0,-9.0
-187.0,14.0,-185.0,-2.0,45.0,-9.0
-187.0,13.0,-187.0,-2.0,46.0,-8.0
-188.0,16.0,-186.0,-1.0,48.0,-9.0
-189.0,18.0,-187.0,0.0,50.0,-7.0
-186.0,13.0,-185.0,-1.0,51.0,-6.0
-188.0,17.0,-186.0,-4.0,51.0,-4.0
-187.0,15.0,-188.0,-6.0,53.0,-5.0
-186.0,15.0,-188.0,-10.0,55.0,-4.0
-186.0,14.0,-188.0,-12.0,54.0,-6.0
-185.0,12.0,-188.0,-11.0,54.0,-4.0
-187.0,16.0,-184.0,-9.0,54.0,-6.0
-184.0,14.0,-184.0,-10.0,53.0,-5.0
-186.0,24.0,-188.0,-8.0,53.0,-7.0
-187.0,12.0,-174.0,-10.0,54.0,-4.0
-189.0,13.0,-186.0,-7.0,55.0,-5.0
