31.0,-264.0,43.0,169.0,-21.0,100.0
37.0,-269.0,39.0,163.0,-29.0,108.0
44.0,-270.0,40.0,152.0,-45.0,110.0
42.0,-271.0,46.0,131.0,-63.0,112.0
33.0,-279.0,48.0,104.0,-82.0,107.0
32.0,-290.0,49.0,69.0,-105.0,102.0
27.0,-303.0,52.0,34.0,-136.0,93.0
27.0,-313.0,62.0,-3.0,-165.0,81.0
22.0,-329.0,63.0,-43.0,-185.0,64.0
7.0,-343.0,67.0,-75.0,-204.0,42.0
3.0,-359.0,80.0,-94.0,-224.0,20.0
-6.0,-363.0,79.0,-85.0,-238.0,11.0
-16.0,-362.0,83.0,-44.0,-253.0,10.0
-24.0,-359.0,81.0,31.0,-288.0,11.0
-25.0,-346.0,83.0,130.0,-330.0,23.0
-30.0,-333.0,73.0,239.0,-375.0,37.0
-31.0,-315.0,65.0,331.0,-425.0,50.0
-23.0,-294.0,48.0,395.0,-484.0,58.0
-10.0,-272.0,25.0,429.0,-539.0,70.0
3.0,-248.0,1.0,427.0,-580.0,95.0
18.0,-232.0,-28.0,390.0,-610.0,129.0
31.0,-219.0,-45.0,316.0,-633.0,174.0
49.0,-213.0,-70.0,220.0,-642.0,220.0
68.0,-209.0,-92.0,113.0,-626.0,265.0
86.0,-204.0,-114.0,11.0,-584.0,305.0
101.0,-202.0,-128.0,-73.0,-515.0,341.0
111.0,-206.0,-137.0,-147.0,-432.0,372.0
127.0,-213.0,-145.0,-211.0,-349.0,386.0
139.0,-216.0,-162.0,-271.0,-276.0,384.0
152.0,-223.0,-177.0,-330.0,-224.0,369.0
158.0,-228.0,-190.0,-400.0,-180.0,342.0
159.0,-235.0,-196.0,-492.0,-134.0,305.0
145.0,-256.0,-196.0,-610.0,-79.0,253.0
116.0,-275.0,-184.0,-727.0,-35.0,171.0
74.0,-297.0,-169.0,-822.0,-1.0,83.0
38.0,-329.0,-143.0,-869.0,31.0,2.0
3.0,-346.0,-124.0,-866.0,74.0,-76.0
-38.0,-366.0,-102.0,-812.0,127.0,-148.0
-71.0,-352.0,-83.0,-716.0,192.0,-211.0
-93.0,-344.0,-79.0,-584.0,269.0,-252.0
-107.0,-328.0,-78.0,-444.0,358.0,-274.0
-114.0,-311.0,-81.0,-338.0,453.0,-276.0
-108.0,-294.0,-79.0,-288.0,536.0,-262.0
-93.0,-286.0,-75.0,-286.0,591.0,-236.0
-75.0,-281.0,-65.0,-316.0,596.0,-209.0
-49.0,-290.0,-55.0,-355.0,553.0,-182.0
-37.0,-285.0,-48.0,-392.0,464.0,-145.0
-6.0,-278.0,-42.0,-411.0,350.0,-94.0
-7.0,-266.0,-30.0,-404.0,233.0,-24.0
-1.0,-254.0,-34.0,-373.0,120.0,63.0
3.0,-240.0,-43.0,-341.0,8.0,167.0
8.0,-239.0,-53.0,-322.0,-93.0,266.0
19.0,-237.0,-60.0,-320.0,-181.0,334.0
26.0,-235.0,-65.0,-340.0,-231.0,371.0
33.0,-244.0,-51.0,-350.0,-244.0,398.0
41.0,-247.0,-39.0,-322.0,-233.0,416.0
47.0,-244.0,-35.0,-247.0,-194.0,429.0
50.0,-238.0,-25.0,-157.0,-138.0,436.0
56.0,-228.0,-28.0,-58.0,-68.0,435.0
58.0,-222.0,-18.0,20.0,5.0,432.0
63.0,-211.0,-25.0,72.0,72.0,437.0
67.0,-198.0,-28.0,90.0,153.0,450.0
61.0,-193.0,-26.0,76.0,234.0,480.0
51.0,-190.0,-29.0,59.0,296.0,497.0
51.0,-176.0,-36.0,47.0,334.0,488.0
43.0,-170.0,-34.0,17.0,375.0,476.0
39.0,-169.0,-32.0,-17.0,416.0,472.0
24.0,-165.0,-22.0,-37.0,437.0,462.0
10.0,-161.0,-22.0,-49.0,442.0,456.0
2.0,-161.0,-22.0,-57.0,441.0,447.0
-4.0,-164.0,-17.0,-67.0,450.0,457.0
-19.0,-163.0,-17.0,-75.0,452.0,463.0
-28.0,-161.0,-15.0,-85.0,445.0,458.0
-41.0,-168.0,-7.0,-88.0,435.0,458.0
-51.0,-170.0,-2.0,-92.0,419.0,456.0
-61.0,-175.0,-5.0,-101.0,398.0,444.0
-64.0,-177.0,-7.0,-108.0,379.0,429.0
-70.0,-184.0,4.0,-111.0,363.0,420.0
-67.0,-189.0,-3.0,-108.0,349.0,412.0
-69.0,-197.0,-3.0,-102.0,337.0,412.0
-67.0,-193.0,-1.0,-94.0,325.0,406.0
-64.0,-196.0,4.0,-91.0,313.0,394.0
-58.0,-199.0,4.0,-95.0,302.0,372.0
-51.0,-200.0,4.0,-90.0,294.0,352.0
-41.0,-204.0,4.0,-77.0,287.0,332.0
-32.0,-201.0,2.0,-59.0,271.0,310.0
-27.0,-197.0,2.0,-35.0,253.0,285.0
-19.0,-196.0,2.0,-2.0,243.0,256.0
-17.0,-193.0,-1.0,34.0,237.0,230.0
-17.0,-194.0,0.0,66.0,232.0,207.0
-18.0,-194.0,-7.0,94.0,224.0,183.0
-16.0,-195.0,-2.0,117.0,213.0,163.0
-14.0,-195.0,-1.0,137.0,204.0,142.0
-11.0,-194.0,5.0,159.0,200.0,118.0
-16.0,-195.0,13.0,180.0,197.0,87.0
-16.0,-198.0,23.0,202.0,187.0,42.0
-18.0,-200.0,33.0,234.0,170.0,-9.0
-22.0,-199.0,43.0,272.0,149.0,-51.0
-26.0,-201.0,49.0,311.0,121.0,-97.0
-28.0,-209.0,51.0,349.0,95.0,-128.0
-30.0,-206.0,54.0,383.0,68.0,-148.0
-33.0,-212.0,45.0,402.0,49.0,-154.0
-37.0,-209.0,38.0,406.0,32.0,-149.0
-31.0,-213.0,22.0,390.0,30.0,-134.0
-27.0,-212.0,12.0,353.0,48.0,-117.0
-26.0,-218.0,0.0,299.0,77.0,-100.0
-22.0,-217.0,-14.0,235.0,114.0,-83.0
-16.0,-220.0,-19.0,170.0,156.0,-74.0
-2.0,-229.0,-21.0,108.0,189.0,-76.0
10.0,-228.0,-22.0,51.0,207.0,-88.0
22.0,-238.0,-14.0,30.0,206.0,-114.0
20.0,-243.0,-11.0,31.0,187.0,-143.0
16.0,-252.0,-4.0,38.0,165.0,-161.0
0.0,-261.0,-12.0,15.0,146.0,-166.0
-16.0,-266.0,-11.0,-37.0,125.0,-155.0
-27.0,-287.0,-2.0,-94.0,108.0,-132.0
-38.0,-302.0,12.0,-127.0,98.0,-99.0
-36.0,-311.0,34.0,-120.0,94.0,-68.0
-32.0,-320.0,47.0,-63.0,98.0,-46.0
-34.0,-326.0,57.0,32.0,99.0,-34.0
-22.0,-335.0,62.0,149.0,105.0,-31.0
-5.0,-340.0,57.0,259.0,126.0,-33.0
19.0,-347.0,42.0,340.0,153.0,-34.0
43.0,-353.0,16.0,378.0,189.0,-37.0
51.0,-355.0,3.0,369.0,232.0,-40.0
55.0,-357.0,-22.0,324.0,275.0,-35.0
44.0,-355.0,-49.0,254.0,307.0,-15.0
27.0,-357.0,-84.0,168.0,317.0,28.0
7.0,-352.0,-102.0,82.0,305.0,86.0
-9.0,-346.0,-123.0,9.0,278.0,138.0
-33.0,-328.0,-160.0,-35.0,254.0,186.0
-52.0,-311.0,-177.0,-65.0,241.0,216.0
-77.0,-283.0,-190.0,-78.0,239.0,236.0
-96.0,-267.0,-192.0,-66.0,243.0,260.0
-108.0,-242.0,-186.0,-45.0,251.0,294.0
-115.0,-228.0,-184.0,-29.0,251.0,337.0
-120.0,-221.0,-191.0,-18.0,235.0,391.0
-111.0,-222.0,-185.0,-26.0,210.0,451.0
-103.0,-234.0,-181.0,-78.0,173.0,495.0
-85.0,-249.0,-158.0,-162.0,124.0,517.0
-65.0,-259.0,-135.0,-240.0,79.0,527.0
-42.0,-273.0,-111.0,-285.0,46.0,535.0
-25.0,-291.0,-83.0,-298.0,31.0,539.0
-20.0,-300.0,-71.0,-287.0,22.0,535.0
-15.0,-311.0,-63.0,-272.0,18.0,515.0
-15.0,-325.0,-69.0,-262.0,15.0,486.0
-5.0,-339.0,-74.0,-255.0,-3.0,446.0
0.0,-343.0,-86.0,-256.0,-28.0,398.0
-3.0,-347.0,-92.0,-264.0,-52.0,341.0
-13.0,-345.0,-87.0,-268.0,-72.0,280.0
-14.0,-338.0,-80.0,-259.0,-81.0,209.0
-16.0,-325.0,-74.0,-227.0,-82.0,123.0
-17.0,-317.0,-62.0,-188.0,-63.0,27.0
-18.0,-311.0,-58.0,-145.0,-31.0,-72.0
-22.0,-301.0,-49.0,-94.0,17.0,-163.0
-27.0,-286.0,-38.0,-44.0,69.0,-250.0
-34.0,-270.0,-31.0,6.0,121.0,-337.0
-42.0,-255.0,-23.0,46.0,161.0,-430.0
-38.0,-241.0,-22.0,74.0,190.0,-524.0
-49.0,-216.0,-19.0,105.0,214.0,-595.0
-37.0,-197.0,-18.0,88.0,198.0,-694.0
-26.0,-185.0,-24.0,67.0,209.0,-739.0
-21.0,-179.0,-19.0,50.0,226.0,-743.0
-23.0,-174.0,-8.0,40.0,238.0,-728.0
-14.0,-163.0,-1.0,17.0,217.0,-745.0
-2.0,-164.0,1.0,-3.0,211.0,-744.0
-4.0,-153.0,7.0,-3.0,213.0,-726.0
-11.0,-152.0,13.0,5.0,210.0,-711.0
-10.0,-145.0,14.0,10.0,182.0,-705.0
-47.0,-137.0,1.0,-5.0,145.0,-704.0
-29.0,-150.0,0.0,-62.0,110.0,-663.0
95.0,-170.0,52.0,-185.0,84.0,-626.0
74.0,-169.0,-5.0,-285.0,72.0,-721.0
39.0,-145.0,2.0,-377.0,-50.0,-789.0
5.0,-113.0,-2.0,-477.0,-313.0,-830.0
-53.0,-101.0,5.0,-545.0,-591.0,-817.0
-94.0,-92.0,-11.0,-594.0,-800.0,-725.0
-122.0,-91.0,10.0,-664.0,-936.0,-680.0
-158.0,-79.0,28.0,-685.0,-917.0,-653.0
-192.0,-88.0,51.0,-585.0,-842.0,-646.0
-185.0,-111.0,73.0,-322.0,-795.0,-564.0
-150.0,-120.0,82.0,34.0,-801.0,-424.0
-112.0,-130.0,77.0,355.0,-859.0,-306.0
-58.0,-129.0,66.0,554.0,-954.0,-238.0
-13.0,-122.0,32.0,598.0,-1063.0,-207.0
30.0,-111.0,-4.0,499.0,-1148.0,-176.0
74.0,-101.0,-51.0,274.0,-1193.0,-125.0
99.0,-95.0,-71.0,-27.0,-1169.0,-24.0
137.0,-98.0,-70.0,-350.0,-1064.0,57.0
162.0,-111.0,-65.0,-621.0,-863.0,84.0
179.0,-126.0,-44.0,-787.0,-595.0,67.0
185.0,-131.0,-36.0,-837.0,-307.0,21.0
169.0,-144.0,-29.0,-813.0,-41.0,-39.0
150.0,-143.0,-25.0,-776.0,171.0,-88.0
124.0,-143.0,-15.0,-754.0,336.0,-134.0
89.0,-133.0,-19.0,-743.0,453.0,-175.0
69.0,-129.0,-21.0,-729.0,538.0,-207.0
37.0,-114.0,-51.0,-706.0,570.0,-211.0
13.0,-100.0,-88.0,-717.0,531.0,-174.0
-8.0,-98.0,-122.0,-797.0,433.0,-98.0
-35.0,-94.0,-120.0,-928.0,301.0,19.0
-36.0,-98.0,-110.0,-1056.0,177.0,149.0
-52.0,-106.0,-93.0,-1155.0,80.0,251.0
-55.0,-115.0,-94.0,-1213.0,-39.0,343.0
-65.0,-120.0,-95.0,-1239.0,-196.0,423.0
-81.0,-118.0,-88.0,-1241.0,-355.0,490.0
-86.0,-118.0,-97.0,-1231.0,-519.0,563.0
-98.0,-119.0,-109.0,-1236.0,-698.0,604.0
-107.0,-119.0,-109.0,-1258.0,-880.0,629.0
-108.0,-122.0,-120.0,-1284.0,-1026.0,635.0
-104.0,-127.0,-125.0,-1309.0,-1114.0,625.0
-98.0,-133.0,-123.0,-1333.0,-1150.0,602.0
-81.0,-143.0,-124.0,-1355.0,-1129.0,573.0
-60.0,-154.0,-117.0,-1385.0,-1068.0,537.0
-37.0,-172.0,-105.0,-1425.0,-970.0,505.0
-2.0,-189.0,-99.0,-1465.0,-837.0,481.0
19.0,-198.0,-94.0,-1515.0,-680.0,458.0
47.0,-209.0,-80.0,-1563.0,-514.0,426.0
81.0,-211.0,-81.0,-1621.0,-370.0,382.0
113.0,-211.0,-75.0,-1705.0,-240.0,325.0
140.0,-204.0,-76.0,-1834.0,-117.0,272.0
133.0,-200.0,-62.0,-1991.0,-25.0,238.0
151.0,-192.0,-80.0,-2074.0,-71.0,196.0
150.0,-183.0,-110.0,-2115.0,-173.0,149.0
143.0,-171.0,-135.0,-2167.0,-301.0,152.0
126.0,-166.0,-147.0,-2246.0,-433.0,194.0
87.0,-153.0,-158.0,-2291.0,-580.0,245.0
54.0,-146.0,-152.0,-2275.0,-685.0,298.0
25.0,-139.0,-140.0,-2221.0,-722.0,339.0
1.0,-133.0,-134.0,-2164.0,-710.0,374.0
-10.0,-128.0,-129.0,-2134.0,-681.0,398.0
-14.0,-122.0,-132.0,-2138.0,-635.0,437.0
-21.0,-120.0,-140.0,-2205.0,-579.0,487.0
-32.0,-125.0,-138.0,-2305.0,-536.0,518.0
-42.0,-132.0,-150.0,-2405.0,-508.0,545.0
-53.0,-131.0,-162.0,-2520.0,-491.0,577.0
-65.0,-129.0,-167.0,-2645.0,-497.0,599.0
-70.0,-134.0,-172.0,-2764.0,-508.0,619.0
-70.0,-138.0,-181.0,-2863.0,-520.0,638.0
-65.0,-157.0,-177.0,-2946.0,-528.0,659.0
-57.0,-178.0,-182.0,-3018.0,-527.0,666.0
-35.0,-200.0,-178.0,-3045.0,-512.0,658.0
-12.0,-220.0,-180.0,-3018.0,-484.0,630.0
7.0,-224.0,-182.0,-2959.0,-455.0,601.0
15.0,-219.0,-170.0,-2899.0,-440.0,584.0
21.0,-209.0,-163.0,-2827.0,-444.0,581.0
26.0,-184.0,-158.0,-2738.0,-471.0,585.0
30.0,-173.0,-135.0,-2643.0,-483.0,615.0
20.0,-161.0,-119.0,-2512.0,-484.0,639.0
8.0,-140.0,-103.0,-2358.0,-481.0,645.0
0.0,-121.0,-87.0,-2199.0,-472.0,646.0
-1.0,-110.0,-68.0,-2084.0,-468.0,672.0
-24.0,-73.0,-65.0,-1996.0,-488.0,707.0
-29.0,-57.0,-55.0,-1956.0,-535.0,751.0
-39.0,-39.0,-51.0,-1918.0,-583.0,785.0
-39.0,-21.0,-46.0,-1885.0,-613.0,823.0
-30.0,-12.0,-33.0,-1863.0,-621.0,844.0
-7.0,-2.0,-24.0,-1816.0,-593.0,818.0
17.0,5.0,-22.0,-1772.0,-528.0,780.0
44.0,7.0,-14.0,-1767.0,-435.0,741.0
78.0,5.0,-10.0,-1784.0,-362.0,685.0
113.0,6.0,-16.0,-1782.0,-319.0,607.0
144.0,11.0,-16.0,-1740.0,-274.0,526.0
171.0,1.0,-15.0,-1648.0,-186.0,446.0
183.0,-3.0,-14.0,-1510.0,-34.0,375.0
196.0,-7.0,-16.0,-1370.0,189.0,326.0
205.0,-16.0,-13.0,-1277.0,453.0,287.0
196.0,-14.0,-19.0,-1230.0,710.0,262.0
170.0,0.0,-46.0,-1232.0,918.0,242.0
171.0,-12.0,-49.0,-1303.0,1112.0,207.0
147.0,-18.0,-27.0,-1259.0,1425.0,242.0
119.0,-10.0,-4.0,-1119.0,1783.0,304.0
80.0,-5.0,17.0,-1032.0,2069.0,330.0
36.0,0.0,21.0,-1004.0,2265.0,311.0
11.0,2.0,32.0,-1028.0,2360.0,262.0
-7.0,-10.0,56.0,-1138.0,2348.0,189.0
-38.0,-29.0,70.0,-1276.0,2254.0,142.0
-83.0,-35.0,54.0,-1406.0,2051.0,76.0
-124.0,-42.0,20.0,-1547.0,1777.0,9.0
-147.0,-28.0,-27.0,-1649.0,1523.0,-39.0
-175.0,-18.0,-72.0,-1752.0,1361.0,-64.0
-188.0,1.0,-118.0,-1836.0,1234.0,-99.0
-184.0,13.0,-144.0,-1917.0,1105.0,-120.0
-174.0,25.0,-154.0,-2015.0,959.0,-115.0
-173.0,33.0,-148.0,-2094.0,813.0,-106.0
-181.0,53.0,-130.0,-2154.0,663.0,-108.0
-184.0,60.0,-130.0,-2246.0,495.0,-108.0
-180.0,65.0,-150.0,-2389.0,331.0,-103.0
-166.0,74.0,-161.0,-2577.0,210.0,-95.0
-140.0,80.0,-163.0,-2728.0,136.0,-67.0
-118.0,67.0,-160.0,-2814.0,57.0,-33.0
-106.0,48.0,-144.0,-2848.0,-93.0,-18.0
-99.0,37.0,-147.0,-2828.0,-351.0,-13.0
-101.0,41.0,-148.0,-2778.0,-666.0,-11.0
-109.0,36.0,-163.0,-2671.0,-922.0,-18.0
-131.0,45.0,-174.0,-2474.0,-1021.0,-22.0
-148.0,67.0,-226.0,-2187.0,-970.0,-6.0
-104.0,-25.0,-284.0,-1882.0,-893.0,-11.0
-1326.0,2592.0,-3910.0,571.0,-317.0,-416.0
436.0,283.0,608.0,-4476.0,2579.0,1080.0
2.0,-29.0,997.0,-6460.0,917.0,337.0
-78.0,192.0,-405.0,-4537.0,-1326.0,422.0
-203.0,368.0,-901.0,-3028.0,-1782.0,301.0
-246.0,594.0,-1157.0,-2942.0,-1210.0,185.0
753.0,985.0,-1213.0,-3584.0,-1067.0,52.0
-183.0,-109.0,-367.0,-3384.0,-2155.0,-312.0
-82.0,-3644.0,176.0,-509.0,-3694.0,-474.0
125.0,166.0,20.0,601.0,-2714.0,-595.0
-350.0,71.0,-910.0,-574.0,-2578.0,-380.0
-326.0,290.0,-946.0,-1424.0,-2270.0,-287.0
177.0,-543.0,-1018.0,-1728.0,-1674.0,-105.0
-216.0,-240.0,-1294.0,-1430.0,-720.0,8.0
-474.0,403.0,-1484.0,-934.0,117.0,125.0
-509.0,431.0,-1451.0,-692.0,653.0,267.0
-429.0,728.0,-1330.0,-465.0,964.0,373.0
-416.0,756.0,-1340.0,-361.0,1217.0,367.0
-141.0,654.0,-1202.0,-502.0,1243.0,371.0
-118.0,511.0,-1049.0,-840.0,1036.0,414.0
-84.0,507.0,-863.0,-1196.0,599.0,403.0
-139.0,318.0,-678.0,-1515.0,191.0,298.0
-156.0,305.0,-506.0,-1810.0,-134.0,211.0
-149.0,231.0,-347.0,-2152.0,-290.0,196.0
-189.0,223.0,-269.0,-2591.0,-369.0,235.0
-54.0,-82.0,-258.0,-2826.0,-325.0,279.0
-37.0,-437.0,-179.0,-2593.0,-302.0,318.0
-63.0,-218.0,-152.0,-1831.0,-263.0,161.0
29.0,-537.0,-155.0,-1052.0,-158.0,36.0
-135.0,47.0,-144.0,-358.0,-61.0,-220.0
46.0,-480.0,-2.0,-182.0,-10.0,-272.0
-46.0,105.0,-154.0,543.0,159.0,-420.0
-156.0,324.0,-196.0,945.0,350.0,-450.0
66.0,-143.0,-120.0,948.0,345.0,-307.0
-163.0,335.0,-273.0,1167.0,421.0,-384.0
19.0,62.0,-205.0,969.0,382.0,-253.0
-58.0,354.0,-217.0,748.0,418.0,-190.0
-9.0,192.0,-139.0,504.0,434.0,-141.0
-47.0,339.0,-159.0,479.0,430.0,-154.0
5.0,228.0,-122.0,230.0,336.0,-77.0
-15.0,183.0,-121.0,274.0,356.0,-184.0
-29.0,248.0,-183.0,275.0,336.0,-188.0
-16.0,183.0,-142.0,135.0,288.0,-175.0
-68.0,166.0,-168.0,29.0,255.0,-152.0
-32.0,164.0,-153.0,-122.0,180.0,-137.0
-2.0,88.0,-150.0,-174.0,129.0,-116.0
-38.0,32.0,-188.0,-155.0,64.0,-106.0
-36.0,23.0,-188.0,-140.0,2.0,-104.0
-52.0,41.0,-188.0,-113.0,-26.0,-95.0
-66.0,56.0,-196.0,-61.0,-25.0,-89.0
-80.0,82.0,-211.0,8.0,-23.0,-88.0
-16.0,88.0,-183.0,47.0,13.0,-86.0
-47.0,99.0,-214.0,64.0,59.0,-92.0
-77.0,97.0,-243.0,110.0,44.0,-94.0
-57.0,87.0,-250.0,175.0,0.0,-87.0
-32.0,66.0,-242.0,236.0,-50.0,-82.0
-45.0,61.0,-243.0,266.0,-86.0,-80.0
-55.0,61.0,-239.0,270.0,-110.0,-82.0
-58.0,62.0,-249.0,271.0,-120.0,-86.0
-50.0,54.0,-252.0,282.0,-113.0,-84.0
-55.0,45.0,-257.0,295.0,-96.0,-82.0
-50.0,51.0,-253.0,303.0,-62.0,-73.0
-37.0,44.0,-238.0,304.0,-9.0,-63.0
-55.0,55.0,-249.0,294.0,23.0,-64.0
-55.0,20.0,-241.0,286.0,53.0,-62.0
-49.0,56.0,-244.0,276.0,69.0,-69.0
-54.0,56.0,-239.0,274.0,81.0,-68.0
-67.0,67.0,-247.0,279.0,95.0,-63.0
-60.0,38.0,-228.0,295.0,123.0,-60.0
-58.0,50.0,-225.0,328.0,145.0,-61.0
-52.0,41.0,-241.0,357.0,153.0,-56.0
-46.0,70.0,-245.0,360.0,163.0,-49.0
-58.0,67.0,-247.0,371.0,167.0,-49.0
-66.0,68.0,-244.0,390.0,166.0,-54.0
-73.0,72.0,-253.0,406.0,146.0,-58.0
-50.0,61.0,-252.0,439.0,108.0,-64.0
-63.0,42.0,-251.0,468.0,88.0,-66.0
-45.0,35.0,-235.0,496.0,58.0,-70.0
-37.0,29.0,-231.0,508.0,45.0,-74.0
-31.0,21.0,-228.0,495.0,67.0,-75.0
-42.0,34.0,-228.0,452.0,102.0,-74.0
-46.0,45.0,-248.0,421.0,111.0,-77.0
-44.0,47.0,-238.0,412.0,99.0,-84.0
-44.0,31.0,-237.0,399.0,110.0,-90.0
-47.0,42.0,-246.0,369.0,134.0,-89.0
-58.0,54.0,-251.0,347.0,148.0,-90.0
-68.0,45.0,-248.0,336.0,149.0,-85.0
-64.0,49.0,-249.0,316.0,144.0,-65.0
-53.0,57.0,-251.0,300.0,135.0,-50.0
-44.0,48.0,-249.0,295.0,119.0,-46.0
-43.0,43.0,-253.0,291.0,108.0,-46.0
-50.0,41.0,-254.0,278.0,97.0,-47.0
-48.0,40.0,-256.0,262.0,85.0,-47.0
-47.0,38.0,-255.0,251.0,84.0,-47.0
-50.0,37.0,-251.0,237.0,82.0,-41.0
-38.0,40.0,-254.0,224.0,80.0,-40.0
-47.0,36.0,-253.0,213.0,75.0,-36.0
-44.0,35.0,-249.0,198.0,63.0,-36.0
-39.0,36.0,-254.0,187.0,51.0,-39.0
-45.0,39.0,-250.0,178.0,31.0,-41.0
-45.0,35.0,-255.0,169.0,8.0,-43.0
-50.0,33.0,-255.0,158.0,-11.0,-44.0
-36.0,37.0,-255.0,145.0,-27.0,-46.0
-50.0,36.0,-251.0,127.0,-42.0,-44.0
-47.0,30.0,-250.0,104.0,-49.0,-42.0
-48.0,30.0,-249.0,77.0,-48.0,-38.0
-44.0,30.0,-248.0,58.0,-50.0,-38.0
-49.0,35.0,-244.0,43.0,-47.0,-36.0
-48.0,38.0,-240.0,31.0,-38.0,-36.0
-46.0,37.0,-245.0,27.0,-33.0,-35.0
-47.0,33.0,-242.0,24.0,-28.0,-34.0
-46.0,37.0,-240.0,20.0,-20.0,-33.0
-47.0,39.0,-246.0,17.0,-17.0,-32.0
-47.0,37.0,-239.0,15.0,-15.0,-30.0
-46.0,37.0,-241.0,13.0,-12.0,-26.0
-44.0,32.0,-242.0,11.0,-7.0,-22.0
-45.0,36.0,-241.0,12.0,-6.0,-21.0
-45.0,37.0,-243.0,7.0,-3.0,-18.0
-44.0,37.0,-245.0,3.0,0.0,-16.0
-43.0,34.0,-244.0,-3.0,1.0,-13.0
-45.0,37.0,-245.0,-7.0,0.0,-12.0
-51.0,35.0,-247.0,-9.0,-3.0,-11.0
-41.0,41.0,-248.0,-12.0,-12.0,-11.0
-46.0,37.0,-249.0,-8.0,-22.0,-12.0
-46.0,38.0,-245.0,-9.0,-32.0,-10.0
-52.0,40.0,-245.0,-9.0,-38.0,-11.0
-44.0,40.0,-245.0,-7.0,-42.0,-11.0
-51.0,42.0,-240.0,-5.0,-42.0,-12.0
-47.0,41.0,-242.0,0.0,-45.0,-11.0
-48.0,40.0,-243.0,3.0,-46.0,-12.0
-50.0,40.0,-241.0,5.0,-54.0,-12.0
-48.0,44.0,-246.0,9.0,-60.0,-12.0
-45.0,41.0,-240.0,11.0,-67.0,-13.0
-51.0,45.0,-241.0,15.0,-74.0,-14.0
-48.0,41.0,-242.0,19.0,-80.0,-16.0
-51.0,44.0,-242.0,20.0,-83.0,-16.0
-50.0,43.0,-240.0,20.0,-83.0,-16.0
-50.0,41.0,-235.0,21.0,-79.0,-16.0
-47.0,42.0,-243.0,19.0,-70.0,-17.0
-48.0,41.0,-238.0,18.0,-60.0,-17.0
-48.0,36.0,-240.0,19.0,-49.0,-19.0
-55.0,52.0,-241.0,28.0,-33.0,-33.0
-49.0,48.0,-243.0,24.0,-35.0,-25.0
-48.0,43.0,-246.0,20.0,-43.0,-20.0
-50.0,41.0,-246.0,10.0,-52.0,-19.0
-54.0,46.0,-244.0,3.0,-61.0,-17.0
-49.0,41.0,-244.0,-6.0,-67.0,-16.0
-51.0,44.0,-241.0,-14.0,-69.0,-16.0
-53.0,44.0,-243.0,-19.0,-67.0,-14.0
-54.0,47.0,-236.0,-20.0,-61.0,-14.0
-53.0,44.0,-242.0,-18.0,-53.0,-13.0
-53.0,42.0,-241.0,-14.0,-47.0,-13.0
-55.0,46.0,-237.0,-10.0,-41.0,-13.0
-51.0,45.0,-242.0,-6.0,-38.0,-11.0
-54.0,45.0,-238.0,-1.0,-37.0,-11.0
-49.0,45.0,-241.0,3.0,-40.0,-9.0
-50.0,46.0,-246.0,5.0,-49.0,-9.0
-49.0,40.0,-237.0,3.0,-60.0,-11.0
-48.0,42.0,-247.0,-2.0,-80.0,-11.0
-51.0,44.0,-244.0,-10.0,-100.0,-12.0
-51.0,48.0,-245.0,-18.0,-120.0,-11.0
-51.0,46.0,-245.0,-25.0,-134.0,-13.0
-54.0,45.0,-245.0,-33.0,-143.0,-15.0
-56.0,47.0,-241.0,-38.0,-143.0,-15.0
-52.0,44.0,-241.0,-42.0,-137.0,-16.0
-55.0,46.0,-244.0,-45.0,-128.0,-15.0
-53.0,46.0,-236.0,-48.0,-117.0,-16.0
-54.0,48.0,-239.0,-51.0,-107.0,-15.0
-53.0,49.0,-245.0,-51.0,-95.0,-13.0
-53.0,48.0,-235.0,-51.0,-82.0,-13.0
-53.0,47.0,-238.0,-54.0,-67.0,-12.0
-54.0,48.0,-235.0,-49.0,-50.0,-13.0
-59.0,48.0,-236.0,-43.0,-36.0,-10.0
-55.0,45.0,-232.0,-35.0,-18.0,-9.0
-54.0,44.0,-232.0,-26.0,0.0,-6.0
-57.0,47.0,-235.0,-22.0,22.0,-4.0
-51.0,46.0,-232.0,-14.0,43.0,-2.0
-47.0,41.0,-233.0,-5.0,60.0,-2.0
-47.0,46.0,-231.0,5.0,65.0,-1.0
-51.0,39.0,-240.0,16.0,62.0,-1.0
-46.0,42.0,-240.0,23.0,53.0,-3.0
-50.0,47.0,-239.0,30.0,42.0,-5.0
-49.0,44.0,-237.0,38.0,35.0,-7.0
-51.0,47.0,-239.0,46.0,32.0,-8.0
-55.0,46.0,-240.0,54.0,33.0,-9.0
-55.0,46.0,-238.0,64.0,39.0,-9.0
-57.0,48.0,-237.0,74.0,46.0,-9.0
-51.0,45.0,-241.0,82.0,53.0,-10.0
-54.0,47.0,-236.0,91.0,60.0,-11.0
-51.0,47.0,-241.0,99.0,65.0,-11.0
-52.0,51.0,-236.0,104.0,68.0,-12.0
-51.0,52.0,-241.0,111.0,67.0,-10.0
-49.0,46.0,-242.0,117.0,64.0,-12.0
-50.0,44.0,-243.0,121.0,56.0,-16.0
-53.0,47.0,-241.0,123.0,45.0,-16.0
-50.0,49.0,-244.0,126.0,35.0,-17.0
-52.0,47.0,-244.0,128.0,20.0,-19.0
-53.0,50.0,-250.0,130.0,7.0,-21.0
-47.0,41.0,-246.0,133.0,-10.0,-23.0
-48.0,48.0,-243.0,136.0,-28.0,-26.0
-48.0,50.0,-242.0,141.0,-48.0,-27.0
-47.0,53.0,-243.0,148.0,-65.0,-30.0
-54.0,47.0,-243.0,155.0,-76.0,-31.0
-56.0,46.0,-245.0,160.0,-84.0,-32.0
-55.0,41.0,-244.0,166.0,-90.0,-32.0
-55.0,45.0,-245.0,174.0,-93.0,-35.0
-56.0,45.0,-245.0,175.0,-94.0,-35.0
-55.0,40.0,-246.0,173.0,-95.0,-35.0
-55.0,40.0,-247.0,168.0,-93.0,-37.0
-58.0,39.0,-247.0,161.0,-90.0,-38.0
-53.0,47.0,-242.0,155.0,-88.0,-37.0
-56.0,47.0,-242.0,151.0,-93.0,-39.0
-18.0,9.0,-236.0,149.0,-102.0,-40.0
-69.0,74.0,-232.0,204.0,-79.0,-106.0
-54.0,48.0,-239.0,181.0,-106.0,-66.0
-55.0,37.0,-231.0,186.0,-117.0,-52.0
-58.0,41.0,-237.0,178.0,-120.0,-46.0
-54.0,40.0,-239.0,173.0,-111.0,-43.0
-54.0,47.0,-233.0,169.0,-91.0,-41.0
-53.0,50.0,-226.0,173.0,-68.0,-38.0
-53.0,40.0,-231.0,180.0,-57.0,-33.0
-61.0,33.0,-232.0,176.0,-46.0,-33.0
-67.0,22.0,-244.0,160.0,-16.0,-33.0
-66.0,23.0,-253.0,131.0,42.0,-29.0
-59.0,30.0,-247.0,101.0,107.0,-28.0
-53.0,35.0,-246.0,77.0,147.0,-24.0
-51.0,43.0,-233.0,63.0,153.0,-20.0
-51.0,52.0,-231.0,53.0,133.0,-18.0
-51.0,48.0,-229.0,56.0,104.0,-9.0
-56.0,48.0,-221.0,67.0,89.0,-3.0
-59.0,42.0,-225.0,81.0,92.0,2.0
-52.0,37.0,-231.0,96.0,116.0,7.0
-53.0,35.0,-230.0,109.0,150.0,11.0
-53.0,31.0,-238.0,115.0,184.0,13.0
-52.0,36.0,-237.0,118.0,212.0,14.0
-48.0,36.0,-239.0,114.0,234.0,12.0
-47.0,37.0,-241.0,111.0,241.0,11.0
-49.0,35.0,-241.0,109.0,235.0,9.0
-46.0,37.0,-242.0,108.0,220.0,6.0
-48.0,35.0,-241.0,105.0,197.0,5.0
-49.0,37.0,-236.0,106.0,174.0,3.0
-54.0,44.0,-237.0,110.0,151.0,2.0
-54.0,41.0,-241.0,117.0,135.0,3.0
-58.0,39.0,-249.0,123.0,127.0,4.0
-50.0,39.0,-244.0,129.0,128.0,5.0
-57.0,42.0,-248.0,134.0,132.0,7.0
-57.0,41.0,-250.0,133.0,144.0,7.0
-52.0,37.0,-251.0,127.0,155.0,8.0
-54.0,41.0,-253.0,121.0,165.0,7.0
-56.0,40.0,-251.0,112.0,165.0,11.0
-49.0,38.0,-252.0,103.0,161.0,11.0
-51.0,42.0,-253.0,94.0,153.0,12.0
-51.0,40.0,-255.0,84.0,140.0,11.0
-52.0,38.0,-251.0,73.0,128.0,12.0
-49.0,36.0,-250.0,65.0,113.0,11.0
-38.0,39.0,-257.0,55.0,101.0,9.0
-51.0,37.0,-247.0,49.0,90.0,10.0
-48.0,39.0,-250.0,45.0,80.0,10.0
-46.0,37.0,-247.0,42.0,70.0,9.0
-47.0,37.0,-246.0,40.0,62.0,8.0
-47.0,40.0,-240.0,40.0,52.0,7.0
-43.0,40.0,-239.0,41.0,46.0,5.0
-48.0,39.0,-247.0,42.0,39.0,3.0
-45.0,42.0,-242.0,43.0,33.0,-1.0
-45.0,40.0,-239.0,45.0,26.0,-1.0
-45.0,38.0,-250.0,48.0,22.0,-2.0
-44.0,39.0,-239.0,50.0,16.0,-4.0
-46.0,40.0,-242.0,50.0,12.0,-8.0
-45.0,41.0,-244.0,52.0,6.0,-9.0
-48.0,42.0,-240.0,53.0,1.0,-11.0
-44.0,38.0,-243.0,52.0,-5.0,-12.0
-44.0,35.0,-242.0,50.0,-11.0,-14.0
-47.0,42.0,-248.0,48.0,-15.0,-15.0
-50.0,41.0,-247.0,47.0,-17.0,-15.0
-51.0,42.0,-247.0,45.0,-20.0,-17.0
-47.0,39.0,-242.0,43.0,-21.0,-18.0
-47.0,33.0,-241.0,42.0,-23.0,-18.0
-47.0,39.0,-243.0,40.0,-24.0,-17.0
-49.0,38.0,-246.0,39.0,-23.0,-17.0
-46.0,39.0,-242.0,38.0,-23.0,-17.0
-45.0,37.0,-241.0,36.0,-21.0,-16.0
-49.0,41.0,-243.0,35.0,-19.0,-16.0
-49.0,40.0,-241.0,35.0,-14.0,-16.0
-44.0,38.0,-242.0,35.0,-9.0,-15.0
-47.0,36.0,-245.0,34.0,-4.0,-17.0
-46.0,39.0,-237.0,34.0,2.0,-14.0
-49.0,39.0,-248.0,33.0,7.0,-13.0
-45.0,37.0,-238.0,33.0,10.0,-14.0
-48.0,38.0,-244.0,32.0,16.0,-13.0
-47.0,37.0,-241.0,32.0,20.0,-14.0
-48.0,41.0,-240.0,32.0,23.0,-12.0
-51.0,38.0,-242.0,34.0,25.0,-13.0
-45.0,39.0,-239.0,35.0,27.0,-13.0
-48.0,37.0,-238.0,36.0,28.0,-14.0
-49.0,43.0,-239.0,36.0,29.0,-12.0
-49.0,37.0,-244.0,38.0,28.0,-12.0
-47.0,39.0,-241.0,38.0,28.0,-11.0
-49.0,40.0,-245.0,39.0,26.0,-12.0
-47.0,37.0,-243.0,40.0,24.0,-12.0
-48.0,39.0,-241.0,42.0,23.0,-12.0
-48.0,38.0,-243.0,43.0,19.0,-13.0
-49.0,40.0,-241.0,44.0,16.0,-12.0
-50.0,42.0,-243.0,46.0,14.0,-13.0
