-74.0,-31.0,-347.0,-88.0,138.0,-130.0
-68.0,-60.0,-385.0,-437.0,90.0,-35.0
-2.0,-111.0,-368.0,-795.0,174.0,97.0
71.0,-179.0,-294.0,-1121.0,365.0,216.0
115.0,-279.0,-165.0,-1233.0,623.0,340.0
145.0,-375.0,-58.0,-1188.0,824.0,474.0
146.0,-489.0,55.0,-991.0,920.0,613.0
136.0,-554.0,114.0,-658.0,865.0,769.0
137.0,-576.0,106.0,-300.0,662.0,890.0
192.0,-580.0,39.0,22.0,439.0,941.0
186.0,-559.0,-38.0,241.0,324.0,871.0
137.0,-534.0,-70.0,274.0,376.0,659.0
118.0,-536.0,-76.0,68.0,505.0,427.0
96.0,-536.0,-90.0,-212.0,612.0,167.0
96.0,-523.0,-109.0,-490.0,679.0,-64.0
86.0,-525.0,-109.0,-708.0,739.0,-224.0
63.0,-548.0,-108.0,-807.0,796.0,-320.0
54.0,-575.0,-109.0,-785.0,834.0,-369.0
42.0,-599.0,-104.0,-657.0,854.0,-397.0
30.0,-600.0,-98.0,-460.0,856.0,-416.0
4.0,-586.0,-94.0,-252.0,843.0,-435.0
-19.0,-567.0,-82.0,-119.0,802.0,-450.0
-29.0,-542.0,-54.0,-135.0,761.0,-481.0
-38.0,-522.0,-22.0,-193.0,741.0,-508.0
-41.0,-497.0,-5.0,-250.0,717.0,-534.0
-28.0,-475.0,-9.0,-250.0,685.0,-546.0
-12.0,-451.0,-4.0,-230.0,645.0,-558.0
0.0,-431.0,-18.0,-192.0,614.0,-558.0
15.0,-404.0,-24.0,-179.0,600.0,-540.0
38.0,-372.0,-23.0,-188.0,592.0,-490.0
54.0,-331.0,-7.0,-178.0,608.0,-447.0
60.0,-288.0,-5.0,-146.0,626.0,-416.0
63.0,-255.0,-12.0,-156.0,629.0,-400.0
70.0,-225.0,-5.0,-218.0,625.0,-387.0
73.0,-210.0,-6.0,-291.0,613.0,-387.0
73.0,-194.0,-12.0,-368.0,590.0,-397.0
75.0,-191.0,-12.0,-448.0,559.0,-417.0
73.0,-190.0,-8.0,-534.0,533.0,-436.0
69.0,-188.0,1.0,-622.0,505.0,-457.0
59.0,-178.0,13.0,-708.0,478.0,-466.0
46.0,-166.0,37.0,-717.0,467.0,-478.0
34.0,-164.0,46.0,-650.0,469.0,-486.0
19.0,-157.0,48.0,-568.0,461.0,-486.0
14.0,-151.0,54.0,-485.0,450.0,-465.0
9.0,-138.0,51.0,-390.0,450.0,-433.0
7.0,-124.0,37.0,-280.0,459.0,-387.0
12.0,-104.0,39.0,-171.0,479.0,-325.0
11.0,-78.0,18.0,-33.0,496.0,-260.0
8.0,-59.0,10.0,109.0,513.0,-183.0
0.0,-33.0,5.0,193.0,511.0,-119.0
-14.0,-4.0,-5.0,246.0,490.0,-53.0
-21.0,13.0,-3.0,284.0,441.0,19.0
-22.0,22.0,-13.0,322.0,378.0,108.0
-28.0,25.0,-13.0,374.0,313.0,207.0
-36.0,20.0,-19.0,420.0,244.0,311.0
-37.0,11.0,-26.0,452.0,180.0,408.0
-31.0,1.0,-29.0,453.0,125.0,500.0
-17.0,-20.0,-33.0,425.0,88.0,581.0
-19.0,-29.0,-20.0,371.0,64.0,620.0
-23.0,-40.0,-10.0,352.0,37.0,639.0
-23.0,-50.0,-13.0,353.0,0.0,638.0
-29.0,-58.0,-12.0,357.0,-46.0,621.0
-23.0,-65.0,-7.0,365.0,-90.0,593.0
-15.0,-58.0,-13.0,392.0,-120.0,542.0
-5.0,-57.0,-25.0,426.0,-126.0,462.0
15.0,-50.0,-56.0,440.0,-101.0,359.0
29.0,-43.0,-82.0,425.0,-28.0,239.0
44.0,-38.0,-106.0,401.0,41.0,149.0
65.0,-42.0,-141.0,377.0,86.0,70.0
87.0,-60.0,-194.0,315.0,105.0,-4.0
90.0,-73.0,-231.0,210.0,99.0,-75.0
77.0,-90.0,-289.0,98.0,63.0,-142.0
53.0,-124.0,-333.0,4.0,-17.0,-177.0
25.0,-174.0,-367.0,-90.0,-169.0,-213.0
-13.0,-260.0,-344.0,-254.0,-378.0,-269.0
-52.0,-373.0,-279.0,-487.0,-644.0,-429.0
-48.0,-485.0,-200.0,-777.0,-791.0,-599.0
-16.0,-554.0,-123.0,-978.0,-796.0,-769.0
43.0,-630.0,-61.0,-1091.0,-651.0,-920.0
49.0,-672.0,-43.0,-1106.0,-438.0,-1057.0
33.0,-670.0,-86.0,-1024.0,-250.0,-1107.0
24.0,-629.0,-121.0,-881.0,-121.0,-999.0
35.0,-593.0,-122.0,-721.0,-66.0,-771.0
41.0,-517.0,-120.0,-569.0,-23.0,-497.0
48.0,-461.0,-120.0,-434.0,10.0,-162.0
58.0,-453.0,-126.0,-302.0,-41.0,35.0
93.0,-468.0,-132.0,-217.0,-114.0,167.0
112.0,-486.0,-118.0,-135.0,-181.0,235.0
101.0,-498.0,-101.0,-42.0,-229.0,286.0
82.0,-496.0,-63.0,-1.0,-295.0,334.0
67.0,-491.0,-51.0,-2.0,-399.0,408.0
52.0,-483.0,-15.0,-82.0,-511.0,499.0
53.0,-489.0,-11.0,-143.0,-617.0,596.0
36.0,-498.0,-36.0,-200.0,-681.0,681.0
20.0,-515.0,-39.0,-277.0,-666.0,737.0
13.0,-534.0,-44.0,-292.0,-618.0,774.0
18.0,-539.0,-37.0,-248.0,-552.0,801.0
34.0,-513.0,-17.0,-188.0,-487.0,801.0
22.0,-478.0,-6.0,-130.0,-426.0,789.0
2.0,-448.0,4.0,-83.0,-366.0,767.0
-7.0,-421.0,-45.0,-27.0,-313.0,758.0
-6.0,-353.0,-61.0,18.0,-256.0,724.0
-15.0,-290.0,-55.0,69.0,-164.0,655.0
-23.0,-242.0,-51.0,81.0,-34.0,575.0
-22.0,-197.0,-53.0,4.0,68.0,484.0
-2.0,-159.0,-46.0,-175.0,163.0,379.0
19.0,-135.0,-41.0,-369.0,278.0,275.0
45.0,-113.0,-43.0,-512.0,401.0,159.0
56.0,-98.0,-48.0,-589.0,516.0,55.0
83.0,-87.0,-61.0,-642.0,615.0,-42.0
109.0,-84.0,-74.0,-730.0,699.0,-146.0
105.0,-70.0,-64.0,-852.0,763.0,-281.0
99.0,-50.0,-42.0,-896.0,829.0,-415.0
100.0,-32.0,-22.0,-798.0,889.0,-499.0
91.0,-21.0,-9.0,-598.0,966.0,-557.0
76.0,2.0,-5.0,-360.0,1049.0,-607.0
59.0,24.0,-8.0,-136.0,1123.0,-630.0
53.0,31.0,-14.0,50.0,1184.0,-634.0
51.0,38.0,-24.0,190.0,1238.0,-648.0
37.0,53.0,-40.0,272.0,1300.0,-676.0
29.0,60.0,-62.0,306.0,1373.0,-693.0
20.0,64.0,-74.0,296.0,1476.0,-697.0
10.0,65.0,-81.0,234.0,1568.0,-681.0
11.0,59.0,-93.0,189.0,1657.0,-663.0
21.0,48.0,-89.0,134.0,1751.0,-643.0
39.0,29.0,-85.0,79.0,1850.0,-641.0
46.0,20.0,-73.0,20.0,1945.0,-657.0
52.0,16.0,-61.0,-38.0,2013.0,-677.0
55.0,11.0,-58.0,-85.0,2026.0,-688.0
63.0,7.0,-73.0,-139.0,1980.0,-691.0
74.0,-1.0,-90.0,-237.0,1871.0,-665.0
86.0,-11.0,-106.0,-404.0,1756.0,-627.0
93.0,-24.0,-117.0,-586.0,1623.0,-574.0
88.0,-51.0,-128.0,-790.0,1479.0,-513.0
84.0,-91.0,-129.0,-983.0,1336.0,-446.0
82.0,-124.0,-130.0,-1148.0,1207.0,-377.0
65.0,-163.0,-132.0,-1295.0,1093.0,-276.0
57.0,-213.0,-129.0,-1435.0,980.0,-153.0
55.0,-263.0,-117.0,-1549.0,857.0,-59.0
18.0,-306.0,-91.0,-1642.0,693.0,-40.0
-47.0,-346.0,-59.0,-1727.0,571.0,-53.0
-116.0,-381.0,-40.0,-1716.0,456.0,-71.0
-134.0,-394.0,-22.0,-1614.0,312.0,-84.0
-134.0,-409.0,-25.0,-1443.0,171.0,-98.0
-140.0,-423.0,-27.0,-1256.0,38.0,-142.0
-154.0,-434.0,-27.0,-1071.0,-76.0,-193.0
-147.0,-447.0,-32.0,-881.0,-155.0,-233.0
-126.0,-453.0,-25.0,-714.0,-216.0,-275.0
-92.0,-461.0,-16.0,-556.0,-256.0,-329.0
-62.0,-457.0,-15.0,-334.0,-274.0,-371.0
-45.0,-444.0,-19.0,-134.0,-297.0,-422.0
-30.0,-419.0,-30.0,58.0,-330.0,-469.0
-16.0,-384.0,-27.0,187.0,-395.0,-510.0
-12.0,-359.0,-22.0,299.0,-476.0,-548.0
-12.0,-343.0,-32.0,410.0,-564.0,-566.0
-9.0,-332.0,-56.0,499.0,-644.0,-568.0
-5.0,-321.0,-54.0,496.0,-713.0,-542.0
-1.0,-318.0,-58.0,450.0,-765.0,-483.0
2.0,-312.0,-43.0,354.0,-837.0,-413.0
28.0,-312.0,-26.0,254.0,-905.0,-338.0
33.0,-304.0,-14.0,150.0,-964.0,-275.0
41.0,-297.0,0.0,42.0,-1010.0,-227.0
36.0,-285.0,0.0,-66.0,-1047.0,-195.0
40.0,-269.0,0.0,-175.0,-1081.0,-177.0
36.0,-256.0,1.0,-283.0,-1112.0,-165.0
24.0,-233.0,-3.0,-380.0,-1140.0,-160.0
16.0,-208.0,-14.0,-463.0,-1171.0,-152.0
14.0,-190.0,-25.0,-539.0,-1211.0,-139.0
15.0,-181.0,-34.0,-596.0,-1252.0,-123.0
8.0,-169.0,-41.0,-645.0,-1309.0,-115.0
-6.0,-149.0,-62.0,-660.0,-1372.0,-113.0
-12.0,-128.0,-83.0,-674.0,-1445.0,-122.0
-12.0,-100.0,-106.0,-730.0,-1519.0,-137.0
-2.0,-79.0,-121.0,-805.0,-1572.0,-148.0
5.0,-75.0,-138.0,-855.0,-1585.0,-147.0
14.0,-88.0,-157.0,-881.0,-1567.0,-115.0
11.0,-100.0,-170.0,-896.0,-1534.0,-70.0
20.0,-107.0,-177.0,-921.0,-1529.0,-16.0
41.0,-118.0,-186.0,-949.0,-1530.0,38.0
51.0,-133.0,-194.0,-991.0,-1517.0,84.0
62.0,-162.0,-182.0,-1033.0,-1478.0,115.0
72.0,-197.0,-158.0,-1051.0,-1425.0,137.0
83.0,-240.0,-132.0,-1034.0,-1370.0,152.0
92.0,-276.0,-118.0,-979.0,-1310.0,164.0
103.0,-298.0,-127.0,-875.0,-1240.0,176.0
106.0,-300.0,-141.0,-735.0,-1132.0,192.0
104.0,-304.0,-152.0,-568.0,-1010.0,199.0
98.0,-311.0,-172.0,-459.0,-877.0,199.0
82.0,-304.0,-187.0,-390.0,-762.0,191.0
63.0,-286.0,-195.0,-364.0,-685.0,186.0
39.0,-267.0,-185.0,-375.0,-639.0,195.0
30.0,-259.0,-165.0,-395.0,-608.0,241.0
27.0,-253.0,-146.0,-397.0,-575.0,307.0
27.0,-254.0,-133.0,-381.0,-551.0,388.0
28.0,-257.0,-118.0,-353.0,-528.0,487.0
41.0,-262.0,-96.0,-321.0,-495.0,580.0
58.0,-273.0,-70.0,-300.0,-454.0,672.0
79.0,-286.0,-50.0,-296.0,-407.0,780.0
85.0,-306.0,-22.0,-328.0,-361.0,887.0
103.0,-332.0,10.0,-381.0,-332.0,996.0
110.0,-352.0,38.0,-449.0,-286.0,1120.0
136.0,-383.0,73.0,-487.0,-227.0,1257.0
150.0,-411.0,104.0,-431.0,-163.0,1397.0
176.0,-451.0,98.0,-255.0,-120.0,1566.0
167.0,-472.0,58.0,-90.0,-153.0,1677.0
161.0,-488.0,79.0,-59.0,-207.0,1771.0
145.0,-495.0,88.0,51.0,-217.0,1832.0
125.0,-495.0,55.0,195.0,-208.0,1859.0
107.0,-490.0,44.0,277.0,-141.0,1879.0
83.0,-503.0,32.0,334.0,-16.0,1903.0
96.0,-507.0,1.0,405.0,113.0,1903.0
81.0,-509.0,-11.0,430.0,231.0,1855.0
61.0,-508.0,-35.0,452.0,372.0,1717.0
59.0,-483.0,-45.0,403.0,489.0,1590.0
47.0,-467.0,-34.0,251.0,629.0,1445.0
40.0,-444.0,3.0,39.0,756.0,1281.0
28.0,-405.0,27.0,-38.0,889.0,1105.0
9.0,-363.0,32.0,76.0,1010.0,945.0
-15.0,-336.0,8.0,281.0,1078.0,783.0
-56.0,-294.0,0.0,415.0,1056.0,610.0
-100.0,-244.0,-19.0,502.0,1003.0,426.0
-122.0,-199.0,-55.0,543.0,957.0,254.0
-129.0,-176.0,-70.0,454.0,960.0,118.0
-129.0,-134.0,-87.0,341.0,1023.0,-27.0
-108.0,-95.0,-109.0,218.0,1101.0,-155.0
-107.0,-61.0,-109.0,149.0,1159.0,-284.0
-104.0,-30.0,-129.0,90.0,1155.0,-428.0
-95.0,8.0,-128.0,-28.0,1120.0,-566.0
-93.0,28.0,-132.0,-179.0,1089.0,-680.0
-72.0,33.0,-124.0,-329.0,1059.0,-736.0
-37.0,39.0,-129.0,-447.0,1002.0,-785.0
10.0,41.0,-141.0,-545.0,915.0,-806.0
44.0,43.0,-160.0,-604.0,846.0,-823.0
66.0,58.0,-168.0,-665.0,770.0,-821.0
90.0,64.0,-167.0,-727.0,695.0,-815.0
103.0,70.0,-151.0,-797.0,619.0,-810.0
106.0,76.0,-141.0,-855.0,549.0,-820.0
97.0,73.0,-137.0,-892.0,490.0,-834.0
70.0,76.0,-134.0,-909.0,439.0,-861.0
47.0,78.0,-149.0,-889.0,391.0,-856.0
24.0,70.0,-152.0,-901.0,345.0,-839.0
-6.0,73.0,-145.0,-920.0,313.0,-805.0
-38.0,67.0,-135.0,-926.0,289.0,-765.0
-71.0,74.0,-123.0,-945.0,249.0,-716.0
-92.0,82.0,-123.0,-980.0,188.0,-657.0
-119.0,89.0,-136.0,-1035.0,119.0,-578.0
-130.0,92.0,-148.0,-1108.0,29.0,-503.0
-140.0,89.0,-163.0,-1192.0,-87.0,-446.0
-138.0,82.0,-169.0,-1294.0,-220.0,-400.0
-139.0,75.0,-167.0,-1406.0,-385.0,-378.0
-139.0,66.0,-156.0,-1476.0,-512.0,-374.0
-129.0,60.0,-149.0,-1518.0,-634.0,-388.0
-116.0,48.0,-141.0,-1530.0,-739.0,-428.0
-95.0,40.0,-132.0,-1535.0,-839.0,-484.0
-85.0,32.0,-131.0,-1546.0,-925.0,-554.0
-85.0,24.0,-119.0,-1565.0,-1009.0,-622.0
-75.0,12.0,-110.0,-1588.0,-1113.0,-697.0
-69.0,-1.0,-107.0,-1595.0,-1226.0,-787.0
-60.0,-7.0,-103.0,-1596.0,-1356.0,-857.0
-54.0,-26.0,-102.0,-1605.0,-1456.0,-911.0
-54.0,-33.0,-102.0,-1617.0,-1546.0,-959.0
-52.0,-43.0,-99.0,-1623.0,-1625.0,-989.0
-51.0,-49.0,-91.0,-1610.0,-1698.0,-1007.0
-33.0,-56.0,-83.0,-1577.0,-1768.0,-1017.0
-24.0,-56.0,-83.0,-1532.0,-1812.0,-1010.0
-12.0,-57.0,-78.0,-1475.0,-1831.0,-981.0
-5.0,-56.0,-77.0,-1420.0,-1844.0,-942.0
37.0,-54.0,-61.0,-1355.0,-1864.0,-907.0
43.0,-48.0,-49.0,-1283.0,-1857.0,-875.0
52.0,-52.0,-35.0,-1199.0,-1851.0,-838.0
68.0,-35.0,-33.0,-1117.0,-1842.0,-805.0
82.0,-27.0,-40.0,-1044.0,-1811.0,-771.0
87.0,-17.0,-33.0,-986.0,-1761.0,-737.0
103.0,-12.0,-25.0,-916.0,-1710.0,-701.0
108.0,-4.0,-32.0,-820.0,-1674.0,-659.0
112.0,7.0,-46.0,-762.0,-1657.0,-603.0
120.0,25.0,-47.0,-749.0,-1632.0,-550.0
121.0,39.0,-62.0,-711.0,-1590.0,-484.0
114.0,46.0,-51.0,-732.0,-1510.0,-411.0
122.0,14.0,-77.0,-775.0,-1422.0,-343.0
120.0,-8.0,-77.0,-983.0,-1297.0,-342.0
86.0,21.0,-19.0,-1232.0,-1150.0,-375.0
89.0,11.0,-3.0,-1317.0,-1049.0,-310.0
89.0,-10.0,-36.0,-1423.0,-1007.0,-196.0
84.0,-7.0,-17.0,-1691.0,-1017.0,-35.0
71.0,-2.0,21.0,-1957.0,-1072.0,137.0
70.0,15.0,45.0,-2020.0,-1123.0,349.0
58.0,21.0,62.0,-1939.0,-1172.0,553.0
13.0,24.0,53.0,-1800.0,-1211.0,719.0
-45.0,51.0,43.0,-1685.0,-1228.0,879.0
-90.0,95.0,17.0,-1521.0,-1227.0,1071.0
-142.0,148.0,-37.0,-1290.0,-1243.0,1274.0
-185.0,211.0,-68.0,-1073.0,-1271.0,1463.0
-237.0,252.0,-133.0,-832.0,-1216.0,1666.0
-270.0,275.0,-233.0,-611.0,-1056.0,1794.0
-332.0,675.0,-1553.0,-1324.0,-874.0,1975.0
-196.0,214.0,396.0,-4332.0,-829.0,2165.0
-264.0,95.0,-135.0,-3097.0,-312.0,2040.0
-375.0,-291.0,-1700.0,-2292.0,-755.0,1746.0
-537.0,-448.0,-1173.0,-6292.0,-934.0,1897.0
112.0,3298.0,-663.0,-12669.0,-951.0,1269.0
-1495.0,713.0,360.0,-9347.0,-311.0,1069.0
-924.0,-122.0,-682.0,-7436.0,-1716.0,1227.0
-552.0,679.0,-828.0,-4997.0,-1349.0,1065.0
-59.0,749.0,-1121.0,-3766.0,-472.0,845.0
-872.0,1256.0,-1859.0,-3620.0,403.0,965.0
-729.0,1211.0,-2151.0,-3815.0,1055.0,807.0
-508.0,791.0,-2134.0,-3889.0,1850.0,682.0
-188.0,752.0,-1877.0,-3876.0,2759.0,781.0
-270.0,528.0,-1724.0,-3889.0,3189.0,933.0
-210.0,292.0,-1612.0,-3844.0,2859.0,889.0
-89.0,-110.0,-1399.0,-4167.0,1986.0,1078.0
-97.0,-290.0,-1150.0,-4726.0,920.0,1440.0
-303.0,-937.0,-1069.0,-5053.0,-1.0,2245.0
556.0,-2416.0,-852.0,-4580.0,-800.0,3343.0
878.0,-2721.0,-698.0,-2969.0,-354.0,2630.0
426.0,-1782.0,-460.0,-963.0,305.0,898.0
-43.0,-372.0,-462.0,944.0,682.0,-274.0
-93.0,100.0,-459.0,2022.0,663.0,-917.0
137.0,-179.0,-397.0,2326.0,529.0,-1266.0
-99.0,-360.0,-370.0,2171.0,600.0,-1367.0
58.0,-360.0,-364.0,1596.0,868.0,-1470.0
40.0,-409.0,-264.0,1354.0,1065.0,-1480.0
-45.0,-137.0,-256.0,1205.0,1124.0,-1474.0
-206.0,89.0,-251.0,1169.0,1353.0,-1379.0
-343.0,234.0,-311.0,1501.0,1723.0,-1127.0
-327.0,481.0,-368.0,2083.0,1876.0,-693.0
-302.0,529.0,-437.0,2520.0,1891.0,-339.0
-293.0,481.0,-385.0,2582.0,1772.0,-121.0
-165.0,339.0,-373.0,2373.0,1498.0,-31.0
-240.0,328.0,-323.0,1880.0,1230.0,-201.0
-265.0,393.0,-276.0,1335.0,1082.0,-119.0
-212.0,448.0,-279.0,676.0,937.0,54.0
-214.0,499.0,-230.0,-116.0,796.0,158.0
-196.0,466.0,-181.0,-848.0,685.0,273.0
-141.0,386.0,-129.0,-1473.0,527.0,284.0
-100.0,338.0,-94.0,-1912.0,368.0,203.0
-90.0,315.0,-71.0,-2142.0,204.0,101.0
-94.0,257.0,-64.0,-2234.0,11.0,19.0
-113.0,196.0,-68.0,-2288.0,-252.0,-102.0
-130.0,148.0,-75.0,-2338.0,-473.0,-216.0
-147.0,133.0,-103.0,-2361.0,-671.0,-325.0
-137.0,112.0,-117.0,-2387.0,-818.0,-389.0
-123.0,101.0,-134.0,-2399.0,-944.0,-434.0
-103.0,113.0,-138.0,-2416.0,-1058.0,-466.0
-89.0,100.0,-124.0,-2495.0,-1171.0,-498.0
-61.0,100.0,-121.0,-2538.0,-1236.0,-529.0
-41.0,108.0,-144.0,-2542.0,-1288.0,-548.0
-30.0,91.0,-131.0,-2476.0,-1314.0,-551.0
-1.0,46.0,-141.0,-2265.0,-1301.0,-560.0
15.0,10.0,-138.0,-2015.0,-1283.0,-600.0
21.0,5.0,-130.0,-1754.0,-1291.0,-620.0
19.0,7.0,-123.0,-1512.0,-1309.0,-568.0
31.0,17.0,-124.0,-1317.0,-1338.0,-484.0
44.0,21.0,-121.0,-1198.0,-1377.0,-387.0
48.0,31.0,-114.0,-1145.0,-1418.0,-307.0
48.0,42.0,-112.0,-1137.0,-1455.0,-241.0
51.0,45.0,-104.0,-1150.0,-1482.0,-182.0
51.0,44.0,-98.0,-1162.0,-1478.0,-146.0
50.0,52.0,-93.0,-1148.0,-1461.0,-123.0
43.0,58.0,-86.0,-1125.0,-1437.0,-96.0
30.0,70.0,-86.0,-1101.0,-1425.0,-78.0
19.0,86.0,-87.0,-1084.0,-1430.0,-60.0
12.0,100.0,-76.0,-1056.0,-1444.0,-46.0
2.0,118.0,-76.0,-1011.0,-1461.0,-33.0
-9.0,133.0,-78.0,-985.0,-1471.0,-43.0
-24.0,152.0,-83.0,-974.0,-1478.0,-85.0
-32.0,166.0,-91.0,-918.0,-1467.0,-139.0
-41.0,182.0,-95.0,-819.0,-1424.0,-207.0
-47.0,195.0,-102.0,-688.0,-1369.0,-282.0
-61.0,252.0,-137.0,-557.0,-1316.0,-347.0
-73.0,253.0,-175.0,-446.0,-1228.0,-383.0
-77.0,256.0,-200.0,-366.0,-1146.0,-451.0
-89.0,276.0,-187.0,-361.0,-1079.0,-478.0
-88.0,286.0,-174.0,-271.0,-1014.0,-433.0
-85.0,268.0,-164.0,-22.0,-945.0,-391.0
-76.0,192.0,-145.0,503.0,-811.0,-341.0
-93.0,124.0,-127.0,1026.0,-740.0,-306.0
-114.0,80.0,-124.0,1570.0,-718.0,-253.0
-103.0,25.0,-145.0,2158.0,-677.0,-150.0
-157.0,25.0,-244.0,2652.0,-593.0,-13.0
-220.0,50.0,-304.0,2874.0,-455.0,148.0
-216.0,105.0,-408.0,2732.0,-298.0,338.0
-242.0,192.0,-509.0,2218.0,-203.0,463.0
-305.0,201.0,-461.0,1435.0,-241.0,466.0
-222.0,179.0,-526.0,755.0,-379.0,366.0
-165.0,58.0,-525.0,338.0,-572.0,158.0
-198.0,92.0,-485.0,112.0,-741.0,-83.0
-150.0,26.0,-443.0,55.0,-736.0,-208.0
-189.0,55.0,-374.0,-37.0,-631.0,-236.0
-216.0,54.0,-306.0,9.0,-496.0,-171.0
-158.0,65.0,-300.0,216.0,-378.0,-64.0
-178.0,129.0,-325.0,424.0,-260.0,39.0
-156.0,169.0,-337.0,555.0,-110.0,130.0
-162.0,157.0,-309.0,642.0,52.0,141.0
-158.0,140.0,-287.0,672.0,74.0,131.0
-138.0,134.0,-262.0,645.0,11.0,107.0
-119.0,139.0,-264.0,564.0,-69.0,76.0
-97.0,156.0,-269.0,439.0,-104.0,35.0
-75.0,175.0,-278.0,309.0,-78.0,-15.0
-56.0,175.0,-271.0,204.0,-4.0,-68.0
-27.0,165.0,-264.0,165.0,62.0,-116.0
-25.0,175.0,-220.0,62.0,103.0,-174.0
-40.0,200.0,-214.0,-197.0,84.0,-214.0
-51.0,233.0,-208.0,-360.0,47.0,-225.0
-77.0,246.0,-214.0,-475.0,-17.0,-272.0
-108.0,232.0,-209.0,-565.0,-100.0,-334.0
-123.0,205.0,-206.0,-608.0,-157.0,-388.0
-123.0,163.0,-215.0,-640.0,-185.0,-426.0
-134.0,149.0,-202.0,-726.0,-195.0,-451.0
-153.0,160.0,-199.0,-841.0,-187.0,-460.0
-181.0,154.0,-190.0,-921.0,-168.0,-444.0
-189.0,136.0,-197.0,-932.0,-143.0,-420.0
-177.0,117.0,-203.0,-931.0,-115.0,-401.0
-160.0,94.0,-206.0,-964.0,-84.0,-384.0
-138.0,70.0,-198.0,-994.0,-60.0,-369.0
-121.0,57.0,-194.0,-992.0,-50.0,-364.0
-119.0,47.0,-188.0,-958.0,-46.0,-357.0
-120.0,36.0,-178.0,-893.0,-53.0,-350.0
-122.0,27.0,-176.0,-802.0,-69.0,-337.0
-121.0,22.0,-169.0,-691.0,-93.0,-320.0
-122.0,17.0,-173.0,-544.0,-124.0,-293.0
-125.0,7.0,-179.0,-421.0,-146.0,-268.0
-119.0,-1.0,-182.0,-297.0,-160.0,-241.0
-114.0,-5.0,-189.0,-176.0,-164.0,-217.0
-111.0,-7.0,-196.0,-59.0,-163.0,-195.0
-97.0,-4.0,-201.0,53.0,-157.0,-178.0
-93.0,1.0,-213.0,164.0,-147.0,-163.0
-90.0,6.0,-216.0,265.0,-133.0,-157.0
-91.0,14.0,-222.0,354.0,-114.0,-149.0
-87.0,28.0,-226.0,440.0,-84.0,-148.0
-92.0,29.0,-224.0,492.0,-48.0,-144.0
-93.0,36.0,-226.0,527.0,-13.0,-145.0
-99.0,42.0,-233.0,546.0,18.0,-145.0
-96.0,45.0,-244.0,546.0,42.0,-148.0
-90.0,43.0,-248.0,524.0,62.0,-146.0
-95.0,47.0,-262.0,493.0,75.0,-157.0
-90.0,50.0,-274.0,449.0,81.0,-163.0
-89.0,32.0,-271.0,395.0,78.0,-175.0
-94.0,32.0,-263.0,348.0,59.0,-195.0
-103.0,29.0,-263.0,318.0,26.0,-220.0
-111.0,31.0,-263.0,280.0,-6.0,-241.0
-112.0,26.0,-259.0,248.0,-29.0,-258.0
-116.0,12.0,-254.0,245.0,-48.0,-272.0
-121.0,13.0,-255.0,255.0,-58.0,-288.0
-123.0,18.0,-250.0,251.0,-60.0,-289.0
-127.0,23.0,-244.0,237.0,-55.0,-280.0
-122.0,31.0,-235.0,219.0,-43.0,-256.0
-113.0,39.0,-234.0,197.0,-24.0,-225.0
-115.0,39.0,-232.0,165.0,-13.0,-205.0
-119.0,32.0,-231.0,139.0,-5.0,-195.0
-109.0,28.0,-227.0,122.0,3.0,-183.0
-113.0,31.0,-229.0,102.0,22.0,-172.0
-114.0,35.0,-233.0,75.0,42.0,-149.0
-116.0,41.0,-235.0,47.0,55.0,-125.0
-117.0,42.0,-241.0,28.0,68.0,-98.0
-119.0,45.0,-248.0,9.0,77.0,-78.0
-121.0,49.0,-252.0,-11.0,77.0,-54.0
-118.0,50.0,-260.0,-41.0,89.0,-26.0
-130.0,37.0,-251.0,-71.0,92.0,-14.0
-129.0,35.0,-258.0,-74.0,72.0,-22.0
-134.0,35.0,-261.0,-73.0,47.0,-24.0
-134.0,37.0,-260.0,-81.0,20.0,-24.0
-132.0,37.0,-262.0,-92.0,-7.0,-15.0
-132.0,38.0,-255.0,-106.0,-38.0,-10.0
-135.0,42.0,-251.0,-121.0,-76.0,2.0
-125.0,44.0,-247.0,-130.0,-120.0,9.0
-132.0,39.0,-243.0,-135.0,-147.0,17.0
-131.0,39.0,-240.0,-130.0,-175.0,19.0
-128.0,40.0,-239.0,-118.0,-200.0,24.0
-130.0,37.0,-235.0,-109.0,-217.0,25.0
-127.0,35.0,-234.0,-99.0,-226.0,29.0
-128.0,38.0,-229.0,-94.0,-226.0,32.0
-127.0,38.0,-233.0,-97.0,-221.0,35.0
-128.0,40.0,-230.0,-99.0,-213.0,34.0
-128.0,39.0,-227.0,-102.0,-210.0,38.0
-126.0,35.0,-229.0,-103.0,-212.0,34.0
-122.0,36.0,-229.0,-95.0,-202.0,41.0
-123.0,36.0,-230.0,-91.0,-191.0,41.0
-124.0,36.0,-232.0,-90.0,-178.0,45.0
-127.0,37.0,-226.0,-87.0,-166.0,44.0
-130.0,37.0,-226.0,-87.0,-158.0,47.0
-128.0,39.0,-224.0,-90.0,-150.0,46.0
-130.0,43.0,-222.0,-90.0,-143.0,49.0
-130.0,42.0,-220.0,-89.0,-138.0,49.0
-128.0,40.0,-222.0,-89.0,-130.0,50.0
-128.0,42.0,-222.0,-88.0,-124.0,48.0
-130.0,41.0,-220.0,-83.0,-114.0,44.0
-132.0,42.0,-218.0,-74.0,-98.0,35.0
-129.0,43.0,-215.0,-66.0,-78.0,29.0
-128.0,44.0,-219.0,-58.0,-58.0,20.0
-128.0,45.0,-220.0,-50.0,-37.0,17.0
-128.0,44.0,-221.0,-41.0,-21.0,11.0
-131.0,48.0,-219.0,-33.0,-6.0,9.0
-127.0,44.0,-218.0,-26.0,13.0,1.0
-126.0,47.0,-221.0,-18.0,26.0,-1.0
-134.0,52.0,-221.0,-16.0,40.0,-6.0
-123.0,48.0,-227.0,-17.0,49.0,-7.0
-128.0,47.0,-227.0,-14.0,56.0,-12.0
-129.0,49.0,-225.0,-13.0,60.0,-14.0
-131.0,44.0,-228.0,-11.0,62.0,-20.0
-129.0,43.0,-227.0,-9.0,65.0,-21.0
-130.0,46.0,-232.0,-9.0,69.0,-21.0
-127.0,44.0,-228.0,-12.0,75.0,-17.0
-128.0,42.0,-232.0,-14.0,80.0,-17.0
-128.0,44.0,-230.0,-14.0,85.0,-13.0
-131.0,46.0,-232.0,-14.0,89.0,-14.0
-127.0,45.0,-233.0,-14.0,89.0,-13.0
-126.0,43.0,-237.0,-14.0,87.0,-14.0
-129.0,44.0,-234.0,-14.0,86.0,-13.0
-127.0,41.0,-232.0,-15.0,85.0,-14.0
-128.0,43.0,-232.0,-16.0,83.0,-12.0
-128.0,41.0,-234.0,-18.0,80.0,-11.0
-128.0,44.0,-232.0,-17.0,77.0,-8.0
-130.0,44.0,-233.0,-19.0,75.0,-8.0
-130.0,41.0,-235.0,-17.0,73.0,-6.0
-130.0,41.0,-234.0,-15.0,71.0,-6.0
-130.0,45.0,-233.0,-14.0,68.0,-5.0
-129.0,43.0,-236.0,-9.0,63.0,-4.0
-131.0,40.0,-235.0,-5.0,54.0,-5.0
-133.0,43.0,-234.0,1.0,45.0,-6.0
-131.0,41.0,-240.0,4.0,33.0,-10.0
-130.0,45.0,-235.0,7.0,27.0,-13.0
-132.0,44.0,-236.0,7.0,20.0,-15.0
-132.0,43.0,-234.0,9.0,13.0,-20.0
-127.0,39.0,-234.0,11.0,5.0,-23.0
-128.0,42.0,-231.0,12.0,-4.0,-27.0
-130.0,40.0,-234.0,11.0,-14.0,-28.0
-132.0,39.0,-230.0,10.0,-24.0,-28.0
-132.0,42.0,-240.0,9.0,-31.0,-31.0
-130.0,39.0,-232.0,9.0,-38.0,-31.0
-129.0,42.0,-229.0,5.0,-42.0,-29.0
-137.0,31.0,-223.0,4.0,-44.0,-28.0
-123.0,41.0,-225.0,12.0,-59.0,-39.0
-123.0,45.0,-226.0,13.0,-52.0,-35.0
-123.0,41.0,-225.0,7.0,-36.0,-26.0
-124.0,40.0,-223.0,8.0,-22.0,-25.0
-121.0,45.0,-223.0,10.0,-11.0,-27.0
-122.0,43.0,-219.0,10.0,4.0,-26.0
-125.0,43.0,-220.0,11.0,17.0,-25.0
-127.0,42.0,-223.0,11.0,23.0,-27.0
-126.0,42.0,-221.0,17.0,25.0,-30.0
-127.0,41.0,-227.0,18.0,28.0,-29.0
-126.0,44.0,-227.0,17.0,29.0,-32.0
-131.0,42.0,-227.0,14.0,31.0,-30.0
-129.0,42.0,-229.0,8.0,32.0,-30.0
-133.0,43.0,-228.0,3.0,33.0,-25.0
-129.0,42.0,-230.0,0.0,30.0,-23.0
-132.0,43.0,-229.0,-5.0,29.0,-19.0
-129.0,40.0,-231.0,-6.0,29.0,-17.0
-133.0,44.0,-233.0,-11.0,29.0,-15.0
-134.0,47.0,-231.0,-16.0,29.0,-15.0
-133.0,43.0,-232.0,-17.0,26.0,-10.0
-137.0,43.0,-230.0,-17.0,25.0,-9.0
-124.0,38.0,-233.0,-17.0,22.0,-8.0
-132.0,41.0,-231.0,-18.0,24.0,-9.0
-131.0,41.0,-232.0,-18.0,26.0,-8.0
-133.0,43.0,-229.0,-20.0,27.0,-10.0
-133.0,44.0,-229.0,-19.0,29.0,-8.0
-134.0,42.0,-233.0,-18.0,28.0,-12.0
-135.0,46.0,-233.0,-16.0,32.0,-12.0
-124.0,41.0,-229.0,-15.0,34.0,-17.0
-130.0,42.0,-231.0,-12.0,40.0,-18.0
-131.0,40.0,-229.0,-11.0,45.0,-22.0
-131.0,42.0,-223.0,-9.0,52.0,-23.0
-131.0,37.0,-226.0,-8.0,57.0,-28.0
-131.0,41.0,-225.0,-3.0,62.0,-28.0
-129.0,43.0,-222.0,-1.0,68.0,-29.0
-128.0,41.0,-229.0,-4.0,73.0,-28.0
-130.0,38.0,-218.0,-4.0,77.0,-29.0
-128.0,37.0,-229.0,-3.0,80.0,-26.0
-131.0,39.0,-227.0,-2.0,84.0,-27.0
-129.0,39.0,-230.0,-2.0,88.0,-25.0
-127.0,36.0,-226.0,-5.0,91.0,-27.0
-130.0,40.0,-227.0,-8.0,90.0,-22.0
-132.0,42.0,-226.0,-10.0,91.0,-25.0
-129.0,39.0,-232.0,-13.0,93.0,-18.0
-131.0,37.0,-229.0,-16.0,96.0,-18.0
-131.0,37.0,-227.0,-19.0,98.0,-12.0
-132.0,40.0,-227.0,-22.0,102.0,-11.0
-136.0,41.0,-226.0,-23.0,103.0,-6.0
-135.0,44.0,-225.0,-25.0,103.0,-7.0
-130.0,40.0,-224.0,-25.0,102.0,-1.0
-131.0,39.0,-228.0,-26.0,105.0,-2.0
-131.0,39.0,-230.0,-22.0,108.0,2.0
-130.0,40.0,-226.0,-24.0,114.0,1.0
-136.0,43.0,-230.0,-25.0,121.0,8.0
-133.0,40.0,-227.0,-29.0,123.0,9.0
-132.0,41.0,-224.0,-30.0,126.0,14.0
-130.0,38.0,-227.0,-31.0,129.0,11.0
-129.0,39.0,-223.0,-27.0,134.0,15.0
-129.0,39.0,-227.0,-26.0,140.0,14.0
-130.0,41.0,-229.0,-23.0,143.0,17.0
-130.0,40.0,-221.0,-19.0,146.0,16.0
-130.0,42.0,-226.0,-12.0,146.0,21.0
-128.0,42.0,-225.0,-8.0,147.0,17.0
-133.0,42.0,-228.0,-5.0,146.0,19.0
-130.0,41.0,-234.0,-4.0,144.0,13.0
-130.0,46.0,-234.0,-3.0,143.0,13.0
-130.0,41.0,-236.0,-3.0,141.0,9.0
-129.0,42.0,-236.0,-1.0,140.0,7.0
