-46.0,-411.0,3.0,-62.0,133.0,-190.0
-42.0,-409.0,7.0,-137.0,119.0,-234.0
-23.0,-407.0,3.0,-203.0,101.0,-260.0
-28.0,-426.0,0.0,-249.0,98.0,-225.0
-17.0,-443.0,10.0,-292.0,112.0,-191.0
-10.0,-449.0,21.0,-315.0,104.0,-194.0
11.0,-449.0,30.0,-323.0,82.0,-189.0
10.0,-458.0,34.0,-321.0,20.0,-183.0
22.0,-439.0,24.0,-282.0,-23.0,-229.0
44.0,-429.0,34.0,-271.0,-15.0,-257.0
63.0,-418.0,32.0,-265.0,-4.0,-263.0
58.0,-417.0,36.0,-251.0,-38.0,-308.0
74.0,-390.0,24.0,-274.0,-26.0,-351.0
98.0,-383.0,40.0,-332.0,76.0,-335.0
106.0,-367.0,45.0,-372.0,159.0,-308.0
94.0,-373.0,62.0,-397.0,227.0,-288.0
103.0,-359.0,72.0,-419.0,263.0,-300.0
100.0,-354.0,69.0,-424.0,288.0,-284.0
109.0,-352.0,83.0,-413.0,391.0,-211.0
104.0,-352.0,79.0,-386.0,450.0,-160.0
117.0,-353.0,94.0,-353.0,468.0,-127.0
81.0,-347.0,71.0,-310.0,423.0,-123.0
71.0,-342.0,69.0,-278.0,445.0,-88.0
85.0,-333.0,66.0,-257.0,485.0,-68.0
65.0,-322.0,55.0,-195.0,515.0,-30.0
53.0,-298.0,40.0,-103.0,549.0,27.0
31.0,-271.0,34.0,5.0,577.0,80.0
19.0,-232.0,30.0,107.0,590.0,137.0
5.0,-203.0,28.0,216.0,611.0,212.0
2.0,-162.0,26.0,351.0,674.0,335.0
-6.0,-110.0,22.0,491.0,718.0,444.0
0.0,-60.0,21.0,579.0,726.0,511.0
6.0,-24.0,5.0,617.0,760.0,565.0
6.0,9.0,1.0,610.0,829.0,608.0
24.0,43.0,-7.0,537.0,866.0,597.0
38.0,66.0,-26.0,435.0,893.0,559.0
45.0,75.0,-54.0,293.0,889.0,499.0
49.0,73.0,-63.0,118.0,874.0,445.0
46.0,54.0,-68.0,-71.0,839.0,405.0
29.0,26.0,-73.0,-238.0,770.0,363.0
13.0,-7.0,-63.0,-373.0,674.0,336.0
-2.0,-35.0,-53.0,-457.0,573.0,333.0
-13.0,-71.0,-37.0,-488.0,484.0,343.0
-18.0,-86.0,-28.0,-484.0,408.0,348.0
-16.0,-109.0,-16.0,-445.0,353.0,354.0
-9.0,-99.0,-19.0,-344.0,338.0,349.0
-6.0,-97.0,-37.0,-207.0,374.0,320.0
-1.0,-89.0,-58.0,-42.0,468.0,247.0
2.0,-70.0,-74.0,89.0,578.0,149.0
7.0,-56.0,-101.0,162.0,664.0,49.0
6.0,-51.0,-121.0,150.0,706.0,-33.0
5.0,-54.0,-146.0,58.0,706.0,-89.0
1.0,-64.0,-153.0,-87.0,675.0,-128.0
0.0,-89.0,-173.0,-266.0,630.0,-145.0
-6.0,-119.0,-186.0,-452.0,577.0,-147.0
-9.0,-147.0,-204.0,-626.0,534.0,-138.0
-16.0,-188.0,-204.0,-769.0,512.0,-114.0
-22.0,-214.0,-207.0,-871.0,508.0,-95.0
-27.0,-255.0,-202.0,-919.0,525.0,-87.0
-31.0,-299.0,-193.0,-911.0,548.0,-100.0
-27.0,-336.0,-185.0,-852.0,567.0,-145.0
-19.0,-365.0,-189.0,-752.0,592.0,-206.0
-14.0,-385.0,-175.0,-651.0,634.0,-251.0
-5.0,-401.0,-160.0,-546.0,667.0,-302.0
-4.0,-417.0,-136.0,-435.0,659.0,-339.0
-5.0,-421.0,-123.0,-318.0,571.0,-358.0
1.0,-423.0,-113.0,-212.0,444.0,-353.0
1.0,-414.0,-97.0,-125.0,333.0,-317.0
-5.0,-401.0,-87.0,-67.0,251.0,-259.0
-5.0,-398.0,-66.0,-33.0,201.0,-177.0
-7.0,-395.0,-60.0,-12.0,174.0,-77.0
-10.0,-399.0,-51.0,-24.0,160.0,28.0
-17.0,-420.0,-38.0,-82.0,134.0,121.0
-30.0,-427.0,-50.0,-128.0,97.0,211.0
-26.0,-460.0,-57.0,-201.0,63.0,313.0
-18.0,-495.0,-56.0,-301.0,51.0,408.0
-1.0,-526.0,-40.0,-406.0,49.0,472.0
21.0,-570.0,-16.0,-475.0,56.0,504.0
34.0,-600.0,5.0,-488.0,76.0,516.0
43.0,-624.0,23.0,-454.0,99.0,518.0
44.0,-621.0,32.0,-381.0,115.0,535.0
36.0,-607.0,37.0,-321.0,114.0,571.0
20.0,-591.0,41.0,-299.0,80.0,615.0
8.0,-587.0,54.0,-307.0,28.0,663.0
-21.0,-553.0,51.0,-318.0,-44.0,728.0
-52.0,-537.0,58.0,-346.0,-136.0,787.0
-84.0,-514.0,54.0,-347.0,-237.0,827.0
-126.0,-488.0,52.0,-332.0,-324.0,854.0
-164.0,-466.0,54.0,-332.0,-426.0,847.0
-189.0,-440.0,50.0,-321.0,-522.0,836.0
-193.0,-415.0,42.0,-301.0,-592.0,849.0
-207.0,-382.0,37.0,-309.0,-660.0,835.0
-219.0,-364.0,31.0,-340.0,-744.0,802.0
-196.0,-335.0,16.0,-344.0,-804.0,801.0
-166.0,-304.0,11.0,-332.0,-859.0,777.0
-137.0,-278.0,-6.0,-291.0,-907.0,754.0
-74.0,-253.0,-14.0,-231.0,-900.0,745.0
-25.0,-208.0,-18.0,-153.0,-849.0,685.0
36.0,-166.0,-17.0,-50.0,-768.0,591.0
91.0,-119.0,-7.0,67.0,-661.0,460.0
116.0,-80.0,4.0,202.0,-536.0,291.0
156.0,-32.0,-5.0,322.0,-418.0,149.0
170.0,-5.0,3.0,398.0,-335.0,-15.0
179.0,12.0,23.0,460.0,-280.0,-183.0
180.0,21.0,24.0,515.0,-240.0,-303.0
188.0,32.0,31.0,562.0,-207.0,-360.0
171.0,29.0,46.0,550.0,-171.0,-382.0
160.0,13.0,49.0,492.0,-159.0,-381.0
129.0,-7.0,43.0,408.0,-155.0,-390.0
116.0,-31.0,34.0,306.0,-97.0,-374.0
105.0,-63.0,32.0,226.0,29.0,-354.0
94.0,-88.0,34.0,200.0,195.0,-349.0
71.0,-104.0,32.0,205.0,385.0,-375.0
61.0,-111.0,24.0,243.0,585.0,-416.0
49.0,-104.0,17.0,315.0,786.0,-454.0
36.0,-100.0,18.0,408.0,966.0,-478.0
22.0,-84.0,5.0,500.0,1116.0,-496.0
10.0,-70.0,-17.0,581.0,1224.0,-514.0
1.0,-54.0,-32.0,645.0,1274.0,-527.0
-6.0,-39.0,-50.0,678.0,1276.0,-536.0
-25.0,-26.0,-71.0,674.0,1230.0,-537.0
-42.0,-21.0,-88.0,632.0,1152.0,-521.0
-62.0,-23.0,-103.0,554.0,1053.0,-481.0
-82.0,-34.0,-120.0,440.0,952.0,-409.0
-103.0,-53.0,-129.0,292.0,858.0,-303.0
-122.0,-82.0,-145.0,112.0,775.0,-174.0
-143.0,-116.0,-161.0,-106.0,678.0,-44.0
-161.0,-158.0,-169.0,-339.0,557.0,104.0
-178.0,-192.0,-185.0,-572.0,389.0,261.0
-182.0,-238.0,-211.0,-793.0,174.0,444.0
-157.0,-279.0,-250.0,-1003.0,-54.0,652.0
-158.0,-318.0,-282.0,-1202.0,-282.0,878.0
-141.0,-355.0,-292.0,-1320.0,-418.0,1043.0
-122.0,-382.0,-279.0,-1312.0,-470.0,1137.0
-74.0,-404.0,-248.0,-1188.0,-495.0,1153.0
-34.0,-419.0,-204.0,-973.0,-516.0,1103.0
12.0,-428.0,-181.0,-665.0,-520.0,1013.0
33.0,-418.0,-167.0,-416.0,-515.0,893.0
63.0,-400.0,-158.0,-200.0,-485.0,774.0
101.0,-377.0,-162.0,-9.0,-435.0,646.0
99.0,-339.0,-168.0,159.0,-402.0,482.0
82.0,-304.0,-167.0,312.0,-352.0,313.0
69.0,-260.0,-167.0,447.0,-310.0,133.0
55.0,-226.0,-159.0,526.0,-272.0,-21.0
28.0,-192.0,-148.0,554.0,-249.0,-170.0
1.0,-171.0,-132.0,559.0,-204.0,-282.0
-25.0,-159.0,-107.0,551.0,-160.0,-375.0
-49.0,-139.0,-93.0,541.0,-134.0,-476.0
-55.0,-132.0,-78.0,526.0,-84.0,-533.0
-60.0,-139.0,-56.0,517.0,-20.0,-540.0
-82.0,-135.0,-37.0,501.0,-25.0,-574.0
-72.0,-126.0,-45.0,458.0,-81.0,-601.0
-71.0,-127.0,-42.0,417.0,-56.0,-527.0
-63.0,-120.0,-44.0,376.0,-53.0,-449.0
-64.0,-124.0,-44.0,313.0,-56.0,-373.0
-33.0,-111.0,-55.0,231.0,-69.0,-344.0
-16.0,-120.0,-52.0,167.0,41.0,-248.0
-17.0,-129.0,-56.0,137.0,151.0,-146.0
-22.0,-127.0,-51.0,109.0,216.0,-121.0
5.0,-119.0,-48.0,108.0,268.0,-140.0
8.0,-109.0,-29.0,153.0,336.0,-87.0
6.0,-115.0,-8.0,213.0,334.0,-64.0
-11.0,-121.0,18.0,295.0,229.0,-165.0
5.0,-101.0,44.0,313.0,114.0,-289.0
20.0,-121.0,78.0,323.0,72.0,-315.0
18.0,-113.0,78.0,321.0,-24.0,-422.0
27.0,-110.0,76.0,239.0,-54.0,-497.0
43.0,-117.0,78.0,78.0,-31.0,-539.0
58.0,-97.0,44.0,-203.0,-36.0,-607.0
77.0,-100.0,20.0,-616.0,-8.0,-613.0
87.0,-87.0,-31.0,-1089.0,9.0,-598.0
91.0,-98.0,-67.0,-1632.0,19.0,-552.0
75.0,-114.0,-124.0,-2185.0,51.0,-522.0
58.0,-135.0,-155.0,-2711.0,175.0,-488.0
46.0,-189.0,-129.0,-3177.0,423.0,-410.0
55.0,-253.0,-88.0,-3491.0,748.0,-306.0
66.0,-357.0,-30.0,-3518.0,1076.0,-224.0
47.0,-419.0,-14.0,-3222.0,1340.0,-182.0
42.0,-418.0,-43.0,-2770.0,1497.0,-136.0
25.0,-403.0,-77.0,-2363.0,1523.0,-72.0
63.0,-384.0,-97.0,-2113.0,1412.0,-6.0
-8.0,-392.0,-111.0,-1976.0,1176.0,24.0
-24.0,-411.0,-107.0,-1933.0,1056.0,108.0
-11.0,-404.0,-106.0,-1894.0,979.0,140.0
-13.0,-379.0,-129.0,-1853.0,868.0,97.0
-29.0,-336.0,-148.0,-1839.0,712.0,20.0
-22.0,-295.0,-147.0,-1878.0,573.0,-38.0
-35.0,-259.0,-151.0,-1904.0,493.0,-119.0
-47.0,-215.0,-161.0,-1914.0,475.0,-202.0
-45.0,-173.0,-159.0,-1936.0,512.0,-268.0
-56.0,-147.0,-154.0,-1951.0,537.0,-323.0
-71.0,-132.0,-140.0,-1971.0,550.0,-349.0
-69.0,-113.0,-130.0,-1977.0,582.0,-361.0
-59.0,-120.0,-126.0,-1976.0,622.0,-335.0
-51.0,-131.0,-126.0,-1992.0,664.0,-263.0
-33.0,-140.0,-121.0,-2013.0,713.0,-179.0
-25.0,-153.0,-132.0,-2015.0,712.0,-90.0
-32.0,-154.0,-148.0,-2017.0,672.0,-3.0
-37.0,-159.0,-156.0,-2010.0,593.0,74.0
-47.0,-153.0,-162.0,-1983.0,502.0,142.0
-53.0,-148.0,-170.0,-1938.0,408.0,195.0
-54.0,-144.0,-169.0,-1902.0,327.0,234.0
-51.0,-136.0,-164.0,-1887.0,259.0,241.0
-47.0,-121.0,-171.0,-1902.0,197.0,230.0
-37.0,-103.0,-169.0,-1933.0,145.0,205.0
-16.0,-73.0,-194.0,-1994.0,105.0,168.0
10.0,-54.0,-193.0,-2133.0,110.0,116.0
25.0,-50.0,-181.0,-2310.0,143.0,55.0
27.0,-48.0,-178.0,-2489.0,161.0,-9.0
32.0,-54.0,-172.0,-2661.0,160.0,-50.0
41.0,-67.0,-171.0,-2805.0,170.0,-74.0
59.0,-75.0,-164.0,-2917.0,228.0,-68.0
63.0,-91.0,-163.0,-2963.0,342.0,-44.0
65.0,-104.0,-161.0,-2965.0,474.0,-1.0
65.0,-130.0,-168.0,-2940.0,608.0,64.0
62.0,-160.0,-179.0,-2913.0,734.0,146.0
64.0,-204.0,-189.0,-2896.0,867.0,230.0
67.0,-255.0,-185.0,-2880.0,1028.0,299.0
70.0,-283.0,-166.0,-2847.0,1224.0,337.0
78.0,-321.0,-152.0,-2782.0,1431.0,360.0
97.0,-360.0,-130.0,-2670.0,1632.0,370.0
117.0,-378.0,-117.0,-2494.0,1805.0,359.0
124.0,-385.0,-124.0,-2262.0,1935.0,333.0
121.0,-382.0,-128.0,-2034.0,2022.0,301.0
101.0,-365.0,-130.0,-1866.0,2055.0,260.0
78.0,-355.0,-136.0,-1758.0,2052.0,220.0
61.0,-342.0,-138.0,-1684.0,2043.0,184.0
40.0,-330.0,-148.0,-1604.0,2085.0,147.0
31.0,-322.0,-161.0,-1520.0,2182.0,100.0
22.0,-306.0,-161.0,-1470.0,2303.0,49.0
5.0,-295.0,-154.0,-1458.0,2412.0,1.0
1.0,-296.0,-137.0,-1476.0,2487.0,-29.0
-4.0,-296.0,-120.0,-1502.0,2516.0,-44.0
-17.0,-293.0,-92.0,-1529.0,2503.0,-48.0
-24.0,-292.0,-85.0,-1556.0,2454.0,-49.0
-34.0,-284.0,-82.0,-1606.0,2366.0,-47.0
-49.0,-280.0,-81.0,-1694.0,2243.0,-51.0
-60.0,-277.0,-65.0,-1792.0,2105.0,-56.0
-72.0,-279.0,-39.0,-1873.0,1962.0,-67.0
-84.0,-288.0,-27.0,-1925.0,1828.0,-83.0
-99.0,-288.0,-31.0,-1967.0,1706.0,-125.0
-108.0,-283.0,-45.0,-2042.0,1626.0,-186.0
-114.0,-285.0,-34.0,-2126.0,1587.0,-240.0
-115.0,-298.0,-13.0,-2163.0,1560.0,-287.0
-125.0,-309.0,24.0,-2066.0,1536.0,-342.0
-119.0,-303.0,43.0,-1823.0,1499.0,-406.0
-121.0,-302.0,42.0,-1470.0,1449.0,-477.0
-95.0,-259.0,31.0,-1089.0,1383.0,-535.0
-82.0,-201.0,14.0,-811.0,1341.0,-574.0
-65.0,-152.0,9.0,-669.0,1315.0,-591.0
-40.0,-98.0,24.0,-598.0,1297.0,-576.0
-15.0,-62.0,40.0,-532.0,1240.0,-557.0
-1.0,-6.0,41.0,-500.0,1164.0,-538.0
7.0,50.0,35.0,-537.0,1095.0,-514.0
0.0,88.0,24.0,-626.0,1020.0,-500.0
-4.0,114.0,21.0,-697.0,889.0,-488.0
-11.0,124.0,11.0,-713.0,765.0,-470.0
-23.0,133.0,-7.0,-721.0,668.0,-446.0
-31.0,139.0,-31.0,-765.0,616.0,-426.0
-38.0,129.0,-52.0,-831.0,604.0,-413.0
-46.0,117.0,-65.0,-896.0,623.0,-399.0
-43.0,105.0,-53.0,-943.0,672.0,-386.0
-43.0,89.0,-50.0,-942.0,690.0,-381.0
-43.0,73.0,-43.0,-984.0,703.0,-358.0
-27.0,63.0,-44.0,-1037.0,717.0,-338.0
-13.0,53.0,-44.0,-1065.0,735.0,-319.0
-1.0,44.0,-43.0,-1074.0,769.0,-308.0
4.0,42.0,-38.0,-1067.0,794.0,-302.0
8.0,48.0,-34.0,-1065.0,792.0,-303.0
16.0,47.0,-25.0,-1094.0,777.0,-300.0
21.0,52.0,-28.0,-1131.0,765.0,-295.0
29.0,48.0,-27.0,-1170.0,770.0,-287.0
46.0,45.0,-17.0,-1191.0,801.0,-288.0
52.0,35.0,-11.0,-1199.0,862.0,-305.0
64.0,34.0,1.0,-1197.0,942.0,-336.0
71.0,27.0,-2.0,-1168.0,1030.0,-383.0
77.0,25.0,-15.0,-1133.0,1141.0,-417.0
84.0,20.0,-40.0,-1112.0,1273.0,-435.0
100.0,22.0,-65.0,-1114.0,1425.0,-431.0
117.0,25.0,-81.0,-1122.0,1595.0,-437.0
114.0,30.0,-82.0,-1110.0,1762.0,-439.0
104.0,39.0,-84.0,-1103.0,1875.0,-445.0
106.0,50.0,-71.0,-1102.0,1919.0,-460.0
100.0,79.0,-73.0,-1082.0,1914.0,-509.0
87.0,104.0,-97.0,-1060.0,1902.0,-554.0
75.0,124.0,-139.0,-1031.0,1875.0,-568.0
88.0,135.0,-167.0,-965.0,1838.0,-555.0
110.0,134.0,-191.0,-867.0,1795.0,-546.0
89.0,115.0,-212.0,-739.0,1780.0,-537.0
47.0,114.0,-247.0,-586.0,1760.0,-463.0
58.0,66.0,-222.0,-421.0,1691.0,-319.0
73.0,10.0,-246.0,-142.0,1570.0,-175.0
96.0,23.0,-277.0,148.0,1407.0,-2.0
124.0,39.0,-332.0,449.0,1235.0,156.0
235.0,39.0,-363.0,680.0,1027.0,324.0
182.0,-23.0,-386.0,983.0,881.0,377.0
515.0,223.0,-885.0,1268.0,482.0,507.0
564.0,301.0,-767.0,475.0,-1353.0,339.0
1238.0,756.0,-1060.0,794.0,-2147.0,11.0
2129.0,1425.0,-280.0,575.0,-3227.0,-1695.0
208.0,961.0,-863.0,3035.0,-3825.0,-2662.0
-58.0,1169.0,-1388.0,2195.0,-1408.0,-3920.0
735.0,1730.0,-940.0,-785.0,-437.0,-3812.0
1226.0,1122.0,-938.0,-1258.0,1358.0,-3054.0
1514.0,1340.0,-1084.0,-2061.0,2618.0,-2980.0
1309.0,182.0,-431.0,-2817.0,3067.0,-2619.0
838.0,-191.0,-968.0,-2318.0,2834.0,-2345.0
1023.0,-402.0,-1005.0,-3102.0,2742.0,-1862.0
779.0,-545.0,-1074.0,-3329.0,2495.0,-1514.0
763.0,-751.0,-725.0,-2914.0,2467.0,-1578.0
760.0,-423.0,-754.0,-2484.0,2260.0,-1849.0
565.0,-111.0,-495.0,-2028.0,2190.0,-2570.0
522.0,317.0,-625.0,-1537.0,2189.0,-3185.0
505.0,399.0,-592.0,-1077.0,1950.0,-3074.0
204.0,160.0,-385.0,-367.0,1737.0,-2735.0
185.0,176.0,-464.0,507.0,1464.0,-1912.0
233.0,206.0,-427.0,1424.0,1278.0,-736.0
211.0,201.0,-265.0,1986.0,1233.0,297.0
177.0,195.0,-183.0,2493.0,1112.0,1066.0
77.0,204.0,-163.0,2975.0,883.0,1775.0
187.0,208.0,-113.0,3200.0,636.0,2296.0
198.0,269.0,-105.0,3531.0,146.0,2459.0
108.0,351.0,-156.0,3653.0,-40.0,2299.0
46.0,409.0,-283.0,3208.0,-294.0,2086.0
64.0,396.0,-187.0,2190.0,-490.0,2061.0
171.0,473.0,-98.0,1267.0,-528.0,1946.0
169.0,503.0,-60.0,828.0,-603.0,1571.0
175.0,506.0,-35.0,543.0,-672.0,1292.0
211.0,483.0,-41.0,269.0,-680.0,1109.0
216.0,410.0,-56.0,-19.0,-596.0,956.0
218.0,322.0,-36.0,-365.0,-409.0,804.0
229.0,250.0,-37.0,-649.0,-174.0,571.0
238.0,168.0,-23.0,-811.0,-22.0,307.0
242.0,76.0,-16.0,-881.0,-26.0,111.0
201.0,12.0,-13.0,-875.0,-108.0,-2.0
165.0,-18.0,-8.0,-810.0,-117.0,-57.0
137.0,-19.0,-9.0,-675.0,-65.0,-108.0
119.0,2.0,-9.0,-535.0,33.0,-145.0
85.0,32.0,-17.0,-417.0,159.0,-161.0
59.0,60.0,-33.0,-309.0,272.0,-167.0
38.0,71.0,-36.0,-217.0,363.0,-163.0
32.0,75.0,-36.0,-162.0,407.0,-128.0
58.0,82.0,-30.0,-126.0,392.0,-102.0
71.0,83.0,-22.0,-74.0,380.0,-84.0
76.0,70.0,-27.0,-52.0,381.0,-66.0
82.0,57.0,-19.0,-73.0,403.0,-34.0
79.0,47.0,-16.0,-99.0,416.0,-21.0
77.0,44.0,-12.0,-92.0,406.0,-33.0
76.0,45.0,-13.0,-57.0,380.0,-58.0
65.0,56.0,-14.0,-23.0,342.0,-77.0
62.0,66.0,-15.0,-7.0,291.0,-90.0
63.0,74.0,-16.0,-5.0,220.0,-101.0
63.0,89.0,-18.0,16.0,142.0,-127.0
68.0,111.0,-22.0,32.0,68.0,-151.0
68.0,125.0,-31.0,18.0,4.0,-165.0
78.0,132.0,-36.0,-8.0,-51.0,-185.0
100.0,135.0,-38.0,-47.0,-88.0,-199.0
101.0,134.0,-42.0,-108.0,-114.0,-216.0
102.0,129.0,-58.0,-119.0,-123.0,-250.0
102.0,132.0,-69.0,-118.0,-135.0,-268.0
113.0,128.0,-80.0,-129.0,-177.0,-273.0
128.0,122.0,-80.0,-123.0,-242.0,-278.0
161.0,113.0,-84.0,-95.0,-329.0,-275.0
187.0,108.0,-79.0,-41.0,-406.0,-270.0
199.0,114.0,-87.0,35.0,-474.0,-262.0
209.0,104.0,-102.0,118.0,-550.0,-252.0
215.0,109.0,-130.0,216.0,-650.0,-237.0
220.0,118.0,-150.0,291.0,-750.0,-232.0
243.0,126.0,-168.0,305.0,-824.0,-225.0
260.0,138.0,-203.0,280.0,-889.0,-231.0
268.0,163.0,-249.0,195.0,-931.0,-239.0
285.0,206.0,-256.0,-91.0,-935.0,-230.0
245.0,169.0,-190.0,-493.0,-944.0,-263.0
250.0,157.0,-190.0,-473.0,-1014.0,-335.0
268.0,163.0,-199.0,-200.0,-1093.0,-404.0
304.0,208.0,-274.0,-65.0,-1175.0,-489.0
316.0,229.0,-294.0,-134.0,-1457.0,-542.0
336.0,219.0,-261.0,-192.0,-1625.0,-525.0
341.0,239.0,-304.0,-46.0,-1803.0,-559.0
327.0,229.0,-325.0,14.0,-1834.0,-534.0
299.0,191.0,-294.0,-66.0,-1733.0,-491.0
295.0,206.0,-286.0,-76.0,-1609.0,-482.0
301.0,191.0,-275.0,-43.0,-1512.0,-520.0
248.0,149.0,-275.0,-23.0,-1328.0,-499.0
259.0,116.0,-271.0,24.0,-1126.0,-447.0
268.0,107.0,-257.0,76.0,-1000.0,-433.0
238.0,111.0,-257.0,134.0,-853.0,-429.0
240.0,73.0,-222.0,155.0,-716.0,-391.0
235.0,54.0,-208.0,207.0,-628.0,-333.0
232.0,66.0,-209.0,285.0,-562.0,-269.0
249.0,117.0,-217.0,353.0,-508.0,-235.0
199.0,108.0,-208.0,367.0,-471.0,-210.0
198.0,124.0,-200.0,381.0,-425.0,-151.0
211.0,150.0,-202.0,401.0,-400.0,-131.0
191.0,143.0,-192.0,401.0,-366.0,-107.0
182.0,138.0,-184.0,391.0,-305.0,-65.0
201.0,171.0,-191.0,369.0,-254.0,-38.0
184.0,164.0,-185.0,315.0,-212.0,-46.0
157.0,152.0,-174.0,245.0,-169.0,-31.0
137.0,123.0,-164.0,196.0,-115.0,5.0
146.0,117.0,-159.0,161.0,-74.0,38.0
157.0,105.0,-158.0,131.0,-53.0,51.0
149.0,92.0,-152.0,98.0,-35.0,70.0
139.0,89.0,-156.0,67.0,-18.0,91.0
137.0,84.0,-149.0,42.0,-2.0,103.0
130.0,74.0,-152.0,25.0,12.0,118.0
125.0,71.0,-144.0,17.0,19.0,133.0
119.0,64.0,-147.0,12.0,19.0,146.0
116.0,63.0,-143.0,17.0,12.0,158.0
102.0,54.0,-143.0,27.0,-3.0,164.0
102.0,51.0,-144.0,39.0,-30.0,171.0
90.0,45.0,-147.0,57.0,-65.0,179.0
90.0,41.0,-147.0,68.0,-108.0,192.0
76.0,31.0,-152.0,87.0,-156.0,202.0
72.0,26.0,-157.0,117.0,-213.0,211.0
68.0,18.0,-171.0,130.0,-265.0,223.0
58.0,6.0,-179.0,147.0,-318.0,229.0
62.0,7.0,-183.0,184.0,-374.0,233.0
61.0,-1.0,-183.0,225.0,-430.0,237.0
64.0,-4.0,-183.0,271.0,-487.0,246.0
61.0,-7.0,-187.0,336.0,-561.0,251.0
71.0,-9.0,-189.0,414.0,-633.0,256.0
77.0,-10.0,-195.0,477.0,-699.0,263.0
72.0,-10.0,-208.0,541.0,-752.0,268.0
73.0,-18.0,-214.0,584.0,-793.0,275.0
89.0,-19.0,-223.0,680.0,-806.0,250.0
106.0,3.0,-241.0,782.0,-822.0,234.0
122.0,0.0,-242.0,764.0,-821.0,242.0
122.0,2.0,-249.0,689.0,-814.0,247.0
124.0,-1.0,-245.0,638.0,-799.0,249.0
115.0,0.0,-253.0,622.0,-774.0,257.0
124.0,-4.0,-252.0,567.0,-743.0,275.0
156.0,-5.0,-250.0,523.0,-731.0,277.0
129.0,-4.0,-249.0,524.0,-732.0,223.0
100.0,-4.0,-265.0,530.0,-716.0,201.0
132.0,-5.0,-258.0,476.0,-641.0,203.0
135.0,-6.0,-260.0,421.0,-593.0,194.0
134.0,-8.0,-259.0,394.0,-566.0,185.0
136.0,-5.0,-257.0,376.0,-541.0,164.0
133.0,-11.0,-261.0,354.0,-507.0,143.0
174.0,-5.0,-252.0,332.0,-469.0,115.0
100.0,-8.0,-265.0,331.0,-459.0,69.0
139.0,-2.0,-259.0,301.0,-400.0,74.0
129.0,-11.0,-260.0,258.0,-354.0,64.0
137.0,-7.0,-261.0,223.0,-328.0,63.0
140.0,-7.0,-258.0,203.0,-301.0,51.0
135.0,-6.0,-259.0,182.0,-266.0,40.0
132.0,1.0,-257.0,159.0,-229.0,26.0
126.0,1.0,-255.0,138.0,-196.0,16.0
143.0,2.0,-259.0,130.0,-177.0,10.0
134.0,-3.0,-251.0,111.0,-150.0,5.0
134.0,-4.0,-249.0,90.0,-117.0,-7.0
127.0,0.0,-253.0,63.0,-90.0,-15.0
128.0,0.0,-248.0,37.0,-65.0,-24.0
127.0,3.0,-244.0,12.0,-40.0,-31.0
131.0,0.0,-242.0,-5.0,-18.0,-37.0
130.0,2.0,-237.0,-23.0,3.0,-44.0
127.0,1.0,-235.0,-37.0,23.0,-50.0
127.0,8.0,-230.0,-47.0,42.0,-54.0
125.0,3.0,-226.0,-56.0,58.0,-55.0
123.0,12.0,-219.0,-59.0,70.0,-56.0
124.0,9.0,-216.0,-60.0,80.0,-56.0
121.0,7.0,-215.0,-58.0,85.0,-54.0
120.0,10.0,-215.0,-54.0,88.0,-52.0
120.0,15.0,-215.0,-51.0,88.0,-50.0
117.0,9.0,-210.0,-48.0,84.0,-49.0
119.0,11.0,-215.0,-45.0,79.0,-46.0
117.0,12.0,-207.0,-42.0,75.0,-45.0
116.0,11.0,-206.0,-39.0,69.0,-43.0
116.0,11.0,-209.0,-37.0,66.0,-41.0
114.0,12.0,-203.0,-35.0,61.0,-38.0
118.0,14.0,-208.0,-31.0,57.0,-36.0
116.0,17.0,-205.0,-25.0,53.0,-30.0
128.0,17.0,-206.0,-16.0,47.0,-25.0
120.0,14.0,-204.0,-6.0,42.0,-20.0
122.0,15.0,-203.0,2.0,34.0,-13.0
120.0,14.0,-206.0,13.0,28.0,-12.0
119.0,13.0,-205.0,22.0,20.0,-7.0
121.0,13.0,-210.0,32.0,11.0,-2.0
122.0,16.0,-208.0,42.0,2.0,1.0
124.0,14.0,-215.0,51.0,-7.0,5.0
120.0,18.0,-213.0,59.0,-14.0,9.0
122.0,14.0,-216.0,68.0,-19.0,11.0
124.0,11.0,-217.0,75.0,-23.0,13.0
123.0,13.0,-212.0,84.0,-27.0,15.0
122.0,16.0,-216.0,91.0,-32.0,17.0
120.0,16.0,-218.0,98.0,-38.0,21.0
121.0,12.0,-215.0,103.0,-40.0,19.0
124.0,14.0,-219.0,107.0,-40.0,21.0
124.0,12.0,-221.0,110.0,-41.0,20.0
124.0,15.0,-222.0,111.0,-40.0,22.0
125.0,20.0,-220.0,110.0,-39.0,22.0
120.0,0.0,-216.0,114.0,-35.0,25.0
126.0,8.0,-224.0,118.0,-34.0,25.0
120.0,11.0,-227.0,118.0,-30.0,24.0
125.0,11.0,-222.0,118.0,-26.0,22.0
127.0,9.0,-222.0,116.0,-24.0,23.0
128.0,7.0,-225.0,116.0,-24.0,23.0
123.0,12.0,-223.0,118.0,-26.0,24.0
125.0,10.0,-223.0,121.0,-29.0,26.0
124.0,7.0,-226.0,122.0,-32.0,27.0
118.0,9.0,-228.0,125.0,-36.0,30.0
125.0,6.0,-226.0,125.0,-39.0,31.0
123.0,8.0,-223.0,125.0,-38.0,31.0
120.0,7.0,-225.0,120.0,-35.0,33.0
123.0,6.0,-222.0,116.0,-29.0,31.0
121.0,7.0,-225.0,110.0,-24.0,28.0
124.0,8.0,-222.0,105.0,-17.0,29.0
121.0,8.0,-225.0,101.0,-13.0,29.0
122.0,5.0,-225.0,100.0,-9.0,29.0
122.0,4.0,-226.0,95.0,-7.0,29.0
121.0,2.0,-223.0,92.0,-3.0,30.0
121.0,4.0,-221.0,89.0,0.0,29.0
122.0,3.0,-225.0,89.0,2.0,28.0
122.0,5.0,-222.0,87.0,3.0,27.0
122.0,2.0,-224.0,87.0,8.0,26.0
122.0,1.0,-219.0,79.0,11.0,23.0
124.0,6.0,-224.0,73.0,14.0,19.0
123.0,7.0,-226.0,69.0,15.0,17.0
121.0,3.0,-222.0,66.0,18.0,15.0
121.0,6.0,-217.0,62.0,19.0,13.0
118.0,7.0,-220.0,60.0,20.0,11.0
122.0,3.0,-217.0,59.0,21.0,9.0
123.0,4.0,-217.0,56.0,22.0,8.0
119.0,6.0,-219.0,54.0,23.0,6.0
124.0,7.0,-216.0,50.0,25.0,2.0
119.0,4.0,-218.0,47.0,24.0,2.0
120.0,8.0,-220.0,43.0,25.0,-1.0
120.0,9.0,-222.0,41.0,24.0,-1.0
122.0,7.0,-219.0,39.0,24.0,-3.0
121.0,7.0,-218.0,38.0,22.0,-4.0
123.0,7.0,-223.0,37.0,20.0,-5.0
123.0,4.0,-221.0,34.0,18.0,-5.0
123.0,6.0,-220.0,34.0,15.0,-5.0
121.0,10.0,-219.0,35.0,11.0,-5.0
121.0,6.0,-214.0,34.0,7.0,-7.0
122.0,5.0,-221.0,35.0,4.0,-7.0
122.0,7.0,-222.0,34.0,-1.0,-10.0
122.0,7.0,-218.0,34.0,-5.0,-8.0
120.0,8.0,-219.0,34.0,-7.0,-9.0
123.0,8.0,-217.0,34.0,-9.0,-11.0
119.0,8.0,-220.0,33.0,-12.0,-11.0
122.0,6.0,-216.0,32.0,-12.0,-12.0
123.0,6.0,-219.0,31.0,-14.0,-14.0
121.0,10.0,-224.0,31.0,-15.0,-18.0
117.0,11.0,-224.0,24.0,-21.0,-25.0
129.0,8.0,-219.0,6.0,-36.0,-40.0
127.0,2.0,-221.0,4.0,-30.0,-26.0
124.0,9.0,-220.0,26.0,-22.0,-18.0
123.0,8.0,-223.0,38.0,-17.0,-15.0
125.0,7.0,-222.0,40.0,-13.0,-16.0
123.0,7.0,-220.0,40.0,-13.0,-15.0
122.0,9.0,-226.0,42.0,-12.0,-16.0
122.0,8.0,-223.0,43.0,-12.0,-16.0
122.0,9.0,-225.0,46.0,-10.0,-14.0
121.0,8.0,-224.0,48.0,-10.0,-14.0
120.0,10.0,-219.0,48.0,-9.0,-15.0
122.0,9.0,-220.0,48.0,-8.0,-14.0
122.0,8.0,-222.0,49.0,-7.0,-15.0
121.0,9.0,-223.0,51.0,-7.0,-13.0
123.0,5.0,-223.0,53.0,-6.0,-12.0
121.0,5.0,-222.0,54.0,-5.0,-12.0
121.0,12.0,-226.0,56.0,-3.0,-10.0
119.0,8.0,-223.0,58.0,-2.0,-9.0
121.0,8.0,-223.0,58.0,0.0,-8.0
120.0,7.0,-222.0,59.0,3.0,-7.0
122.0,8.0,-225.0,59.0,4.0,-5.0
118.0,8.0,-220.0,59.0,6.0,-6.0
120.0,7.0,-222.0,60.0,7.0,-7.0
119.0,7.0,-222.0,63.0,8.0,-6.0
117.0,8.0,-221.0,64.0,10.0,-7.0
118.0,4.0,-221.0,63.0,12.0,-6.0
120.0,5.0,-221.0,64.0,16.0,-4.0
117.0,11.0,-219.0,63.0,18.0,-5.0
122.0,7.0,-222.0,63.0,19.0,-3.0
122.0,6.0,-221.0,64.0,19.0,-4.0
120.0,7.0,-223.0,65.0,20.0,-3.0
121.0,6.0,-222.0,66.0,21.0,-3.0
122.0,6.0,-222.0,66.0,23.0,-4.0
120.0,7.0,-218.0,64.0,25.0,-4.0
120.0,7.0,-224.0,65.0,28.0,-5.0
121.0,5.0,-225.0,65.0,32.0,-5.0
123.0,9.0,-222.0,65.0,33.0,-6.0
120.0,3.0,-224.0,65.0,36.0,-4.0
121.0,7.0,-225.0,64.0,39.0,-6.0
121.0,7.0,-218.0,63.0,39.0,-6.0
122.0,7.0,-222.0,63.0,39.0,-7.0
122.0,8.0,-218.0,60.0,38.0,-7.0
121.0,8.0,-217.0,57.0,36.0,-6.0
124.0,7.0,-219.0,54.0,33.0,-3.0
119.0,6.0,-218.0,55.0,29.0,-3.0
122.0,3.0,-217.0,56.0,28.0,-2.0
121.0,6.0,-216.0,55.0,24.0,-3.0
123.0,5.0,-219.0,56.0,20.0,-4.0
123.0,9.0,-217.0,56.0,18.0,-2.0
120.0,7.0,-219.0,58.0,18.0,-1.0
118.0,9.0,-216.0,57.0,16.0,-3.0
122.0,7.0,-222.0,54.0,15.0,-3.0
120.0,6.0,-221.0,53.0,13.0,-5.0
121.0,8.0,-222.0,52.0,14.0,-7.0
119.0,8.0,-221.0,52.0,15.0,-7.0
