150.0,-363.0,49.0,-1807.0,1115.0,-1083.0
103.0,-392.0,97.0,-1851.0,1332.0,-1118.0
83.0,-408.0,133.0,-1851.0,1334.0,-1102.0
97.0,-410.0,112.0,-1709.0,1010.0,-967.0
162.0,-428.0,57.0,-1341.0,560.0,-661.0
235.0,-442.0,-50.0,-888.0,239.0,-301.0
254.0,-462.0,-162.0,-531.0,254.0,-26.0
204.0,-487.0,-241.0,-326.0,601.0,86.0
118.0,-519.0,-235.0,-274.0,1015.0,87.0
63.0,-555.0,-196.0,-384.0,1225.0,89.0
14.0,-577.0,-81.0,-677.0,1163.0,69.0
-32.0,-582.0,48.0,-1018.0,950.0,46.0
-53.0,-596.0,138.0,-1229.0,736.0,84.0
-58.0,-604.0,175.0,-1225.0,580.0,168.0
-57.0,-608.0,160.0,-997.0,493.0,302.0
-64.0,-614.0,144.0,-681.0,492.0,550.0
-64.0,-612.0,105.0,-325.0,561.0,852.0
-18.0,-583.0,81.0,-13.0,550.0,1131.0
19.0,-547.0,67.0,169.0,397.0,1364.0
36.0,-512.0,69.0,142.0,294.0,1525.0
19.0,-479.0,79.0,-114.0,302.0,1620.0
0.0,-459.0,105.0,-513.0,333.0,1737.0
-1.0,-474.0,116.0,-934.0,309.0,1927.0
10.0,-497.0,125.0,-1313.0,243.0,2129.0
50.0,-524.0,130.0,-1582.0,161.0,2281.0
87.0,-553.0,127.0,-1683.0,94.0,2400.0
123.0,-566.0,127.0,-1619.0,84.0,2538.0
157.0,-575.0,155.0,-1357.0,165.0,2658.0
160.0,-585.0,173.0,-960.0,310.0,2624.0
164.0,-595.0,213.0,-409.0,544.0,2469.0
130.0,-574.0,183.0,258.0,785.0,2257.0
85.0,-514.0,164.0,747.0,874.0,2083.0
62.0,-473.0,141.0,1052.0,882.0,1984.0
37.0,-443.0,132.0,1172.0,957.0,1925.0
-12.0,-405.0,148.0,1277.0,1077.0,1872.0
-63.0,-356.0,144.0,1448.0,1169.0,1812.0
-83.0,-334.0,163.0,1608.0,1110.0,1753.0
-71.0,-318.0,151.0,1799.0,1006.0,1666.0
-115.0,-287.0,83.0,1855.0,869.0,1579.0
-115.0,-276.0,46.0,1668.0,690.0,1534.0
-82.0,-255.0,16.0,1313.0,468.0,1458.0
-46.0,-210.0,32.0,969.0,246.0,1318.0
-31.0,-170.0,34.0,902.0,80.0,1159.0
-31.0,-83.0,43.0,1110.0,-35.0,1015.0
-39.0,-29.0,10.0,1424.0,-154.0,912.0
-28.0,19.0,-15.0,1530.0,-291.0,786.0
-17.0,58.0,-27.0,1345.0,-426.0,605.0
-22.0,82.0,-44.0,1033.0,-481.0,417.0
-30.0,98.0,-46.0,717.0,-453.0,279.0
-42.0,110.0,-58.0,466.0,-406.0,180.0
-52.0,105.0,-57.0,306.0,-368.0,102.0
-63.0,96.0,-49.0,251.0,-345.0,34.0
-65.0,82.0,-42.0,293.0,-350.0,-34.0
-67.0,65.0,-32.0,398.0,-383.0,-99.0
-68.0,38.0,-18.0,488.0,-437.0,-169.0
-62.0,9.0,0.0,512.0,-504.0,-236.0
-56.0,-13.0,10.0,479.0,-561.0,-295.0
-58.0,-38.0,25.0,432.0,-602.0,-346.0
-56.0,-63.0,37.0,410.0,-634.0,-387.0
-56.0,-72.0,42.0,425.0,-652.0,-422.0
-44.0,-82.0,41.0,460.0,-670.0,-431.0
-46.0,-95.0,21.0,486.0,-707.0,-438.0
-36.0,-94.0,-11.0,462.0,-758.0,-447.0
-30.0,-83.0,-39.0,400.0,-806.0,-447.0
-24.0,-79.0,-62.0,343.0,-837.0,-426.0
-22.0,-70.0,-76.0,326.0,-847.0,-397.0
-18.0,-63.0,-85.0,348.0,-832.0,-365.0
-9.0,-51.0,-83.0,421.0,-799.0,-314.0
-5.0,-36.0,-83.0,552.0,-756.0,-247.0
4.0,-20.0,-81.0,706.0,-712.0,-165.0
19.0,-7.0,-87.0,837.0,-698.0,-101.0
43.0,6.0,-99.0,919.0,-680.0,-39.0
66.0,18.0,-114.0,927.0,-609.0,23.0
80.0,25.0,-109.0,865.0,-479.0,66.0
95.0,21.0,-104.0,762.0,-280.0,116.0
91.0,13.0,-97.0,630.0,-50.0,154.0
81.0,2.0,-77.0,485.0,164.0,207.0
66.0,0.0,-52.0,381.0,319.0,289.0
34.0,-24.0,-49.0,354.0,405.0,401.0
-12.0,-46.0,-64.0,386.0,424.0,501.0
-25.0,-58.0,-67.0,439.0,296.0,613.0
-46.0,-72.0,-83.0,465.0,43.0,748.0
-121.0,-102.0,-107.0,420.0,-156.0,923.0
-178.0,-150.0,-96.0,210.0,-182.0,1124.0
-180.0,-196.0,-49.0,-158.0,-145.0,1245.0
-205.0,-243.0,-40.0,-533.0,-152.0,1314.0
-241.0,-329.0,-26.0,-893.0,-30.0,1439.0
-200.0,-387.0,22.0,-1246.0,161.0,1518.0
-160.0,-426.0,50.0,-1429.0,46.0,1572.0
-137.0,-457.0,64.0,-1451.0,-196.0,1645.0
-102.0,-478.0,85.0,-1399.0,-415.0,1657.0
-102.0,-484.0,124.0,-1343.0,-625.0,1573.0
-108.0,-476.0,151.0,-1194.0,-845.0,1418.0
-122.0,-466.0,122.0,-857.0,-1124.0,1224.0
-106.0,-470.0,67.0,-528.0,-1429.0,1041.0
-76.0,-485.0,-37.0,-440.0,-1683.0,831.0
-21.0,-518.0,-133.0,-621.0,-1872.0,543.0
32.0,-555.0,-173.0,-984.0,-1990.0,197.0
46.0,-587.0,-131.0,-1416.0,-1961.0,-128.0
3.0,-600.0,-65.0,-1743.0,-1826.0,-369.0
-70.0,-585.0,22.0,-1845.0,-1755.0,-530.0
-117.0,-543.0,86.0,-1814.0,-1858.0,-643.0
-117.0,-485.0,132.0,-1777.0,-2093.0,-710.0
-122.0,-455.0,138.0,-1825.0,-2323.0,-808.0
-124.0,-441.0,153.0,-2045.0,-2454.0,-950.0
-111.0,-440.0,172.0,-2318.0,-2502.0,-1129.0
-126.0,-449.0,160.0,-2500.0,-2523.0,-1343.0
-130.0,-470.0,139.0,-2583.0,-2574.0,-1597.0
-135.0,-483.0,110.0,-2542.0,-2728.0,-1842.0
-116.0,-507.0,70.0,-2464.0,-2930.0,-2018.0
-96.0,-527.0,55.0,-2380.0,-3087.0,-2136.0
-67.0,-544.0,77.0,-2223.0,-3163.0,-2207.0
-70.0,-555.0,120.0,-1890.0,-3164.0,-2237.0
-75.0,-569.0,130.0,-1325.0,-3076.0,-2213.0
-90.0,-573.0,105.0,-635.0,-2942.0,-2157.0
-130.0,-551.0,111.0,-113.0,-2783.0,-2046.0
-144.0,-516.0,126.0,278.0,-2647.0,-1846.0
-127.0,-479.0,147.0,626.0,-2577.0,-1590.0
-92.0,-443.0,151.0,858.0,-2557.0,-1289.0
-48.0,-410.0,58.0,1016.0,-2538.0,-957.0
43.0,-365.0,5.0,957.0,-2348.0,-661.0
113.0,-331.0,-11.0,760.0,-1932.0,-464.0
166.0,-291.0,12.0,455.0,-1392.0,-327.0
190.0,-246.0,55.0,219.0,-900.0,-213.0
197.0,-214.0,37.0,217.0,-544.0,-115.0
218.0,-186.0,-27.0,464.0,-315.0,-42.0
223.0,-139.0,-116.0,907.0,-138.0,-50.0
204.0,-88.0,-156.0,1451.0,70.0,-181.0
184.0,-23.0,-213.0,1955.0,277.0,-395.0
167.0,23.0,-276.0,2234.0,437.0,-601.0
127.0,93.0,-319.0,2178.0,553.0,-768.0
91.0,115.0,-334.0,1786.0,648.0,-830.0
78.0,112.0,-314.0,1109.0,745.0,-849.0
74.0,99.0,-264.0,418.0,814.0,-894.0
70.0,62.0,-208.0,-80.0,887.0,-939.0
56.0,13.0,-163.0,-324.0,982.0,-960.0
47.0,-22.0,-135.0,-404.0,1086.0,-947.0
45.0,-61.0,-133.0,-428.0,1178.0,-905.0
29.0,-101.0,-139.0,-450.0,1296.0,-822.0
11.0,-133.0,-132.0,-469.0,1492.0,-684.0
-6.0,-146.0,-106.0,-487.0,1734.0,-523.0
-29.0,-141.0,-84.0,-509.0,1952.0,-366.0
-65.0,-126.0,-54.0,-551.0,2123.0,-214.0
-87.0,-111.0,-38.0,-557.0,2269.0,-36.0
-89.0,-100.0,-28.0,-521.0,2325.0,137.0
-83.0,-80.0,-20.0,-489.0,2323.0,291.0
-70.0,-68.0,-23.0,-498.0,2274.0,398.0
-61.0,-55.0,-24.0,-556.0,2205.0,449.0
-50.0,-49.0,-20.0,-650.0,2145.0,478.0
-51.0,-52.0,-12.0,-762.0,2084.0,515.0
-55.0,-61.0,1.0,-857.0,2008.0,554.0
-61.0,-74.0,6.0,-877.0,1917.0,583.0
-74.0,-94.0,21.0,-790.0,1823.0,603.0
-91.0,-102.0,31.0,-585.0,1724.0,619.0
-96.0,-102.0,41.0,-292.0,1611.0,640.0
-87.0,-92.0,42.0,26.0,1466.0,688.0
-66.0,-75.0,29.0,318.0,1304.0,752.0
-46.0,-49.0,10.0,506.0,1174.0,808.0
-41.0,-21.0,4.0,568.0,1112.0,842.0
-28.0,-8.0,8.0,540.0,1093.0,850.0
-13.0,-9.0,10.0,497.0,1050.0,864.0
2.0,-17.0,-8.0,517.0,1000.0,890.0
17.0,-43.0,-34.0,571.0,1012.0,910.0
50.0,-77.0,-34.0,571.0,1071.0,902.0
76.0,-120.0,19.0,492.0,1099.0,835.0
110.0,-144.0,79.0,354.0,1065.0,714.0
111.0,-158.0,129.0,157.0,975.0,541.0
26.0,-172.0,148.0,-178.0,1016.0,334.0
-53.0,-194.0,148.0,-651.0,1218.0,168.0
-92.0,-223.0,141.0,-1179.0,1288.0,79.0
-41.0,-251.0,134.0,-1650.0,1006.0,132.0
75.0,-289.0,116.0,-2059.0,436.0,310.0
180.0,-310.0,72.0,-2460.0,-124.0,534.0
214.0,-331.0,47.0,-2856.0,-487.0,752.0
226.0,-341.0,67.0,-3214.0,-661.0,948.0
254.0,-371.0,116.0,-3543.0,-863.0,1092.0
221.0,-388.0,188.0,-3915.0,-1124.0,1231.0
96.0,-405.0,286.0,-4300.0,-1199.0,1360.0
-120.0,-411.0,362.0,-4567.0,-1070.0,1438.0
-275.0,-416.0,363.0,-4468.0,-963.0,1494.0
-409.0,-418.0,244.0,-3889.0,-1065.0,1686.0
-477.0,-395.0,9.0,-2812.0,-1365.0,1998.0
-448.0,-387.0,-230.0,-1378.0,-1647.0,2263.0
-362.0,-362.0,-421.0,51.0,-1875.0,2202.0
-317.0,-296.0,-482.0,986.0,-2083.0,1865.0
-265.0,-205.0,-485.0,1098.0,-2118.0,1491.0
-141.0,-185.0,-483.0,255.0,-2069.0,1248.0
54.0,-258.0,-510.0,-1574.0,-2274.0,1220.0
202.0,-341.0,-512.0,-4057.0,-2663.0,1333.0
364.0,-458.0,-459.0,-6389.0,-2755.0,1516.0
430.0,-596.0,-362.0,-7916.0,-2272.0,1806.0
401.0,-732.0,-219.0,-8448.0,-1274.0,2184.0
326.0,-870.0,-27.0,-8150.0,-190.0,2469.0
241.0,-963.0,161.0,-7227.0,650.0,2645.0
65.0,-1015.0,276.0,-5790.0,1287.0,2582.0
-95.0,-972.0,286.0,-4240.0,1420.0,2306.0
-132.0,-866.0,238.0,-2867.0,901.0,1960.0
-78.0,-727.0,161.0,-1719.0,294.0,1619.0
-11.0,-617.0,99.0,-792.0,130.0,1450.0
66.0,-448.0,64.0,-67.0,287.0,1413.0
127.0,-274.0,31.0,626.0,521.0,1397.0
227.0,-111.0,-27.0,1325.0,848.0,1431.0
311.0,0.0,-136.0,1909.0,1306.0,1489.0
413.0,92.0,-170.0,2217.0,2029.0,1535.0
508.0,200.0,-240.0,2322.0,2786.0,1407.0
546.0,323.0,-265.0,2157.0,3430.0,956.0
472.0,397.0,-311.0,1425.0,3812.0,258.0
367.0,429.0,-315.0,-202.0,3866.0,-525.0
205.0,480.0,-225.0,-2427.0,3583.0,-1111.0
23.0,425.0,-132.0,-4705.0,3121.0,-1284.0
-183.0,258.0,-35.0,-6503.0,2759.0,-1151.0
-308.0,49.0,15.0,-7449.0,2553.0,-892.0
-379.0,-85.0,58.0,-7419.0,2231.0,-653.0
-433.0,-217.0,13.0,-6520.0,1806.0,-406.0
-441.0,-370.0,-17.0,-5235.0,1530.0,-157.0
-473.0,-305.0,-68.0,-3789.0,1478.0,-19.0
-513.0,-293.0,7.0,-2670.0,1445.0,-54.0
-536.0,-238.0,79.0,-1994.0,1099.0,-144.0
-489.0,-150.0,197.0,-1737.0,441.0,-260.0
-433.0,-70.0,235.0,-1693.0,-432.0,-295.0
-326.0,-36.0,204.0,-1666.0,-1236.0,-239.0
-272.0,-16.0,172.0,-1529.0,-1717.0,-281.0
-223.0,14.0,105.0,-1217.0,-1980.0,-350.0
-169.0,61.0,48.0,-774.0,-2149.0,-366.0
-125.0,131.0,12.0,-297.0,-2236.0,-338.0
-109.0,192.0,-48.0,102.0,-2276.0,-260.0
-100.0,228.0,-86.0,213.0,-2329.0,-79.0
-89.0,270.0,-128.0,68.0,-2424.0,152.0
-43.0,284.0,-169.0,-284.0,-2564.0,510.0
7.0,257.0,-215.0,-840.0,-2698.0,926.0
50.0,190.0,-244.0,-1553.0,-2719.0,1272.0
50.0,125.0,-236.0,-2280.0,-2563.0,1474.0
24.0,24.0,-194.0,-2825.0,-2247.0,1521.0
-25.0,-54.0,-110.0,-3103.0,-1914.0,1524.0
-52.0,-104.0,-28.0,-3055.0,-1744.0,1547.0
-50.0,-130.0,18.0,-2755.0,-1737.0,1581.0
-32.0,-133.0,34.0,-2385.0,-1756.0,1629.0
-1.0,-127.0,26.0,-2025.0,-1680.0,1655.0
20.0,-107.0,-3.0,-1737.0,-1489.0,1629.0
46.0,-97.0,-44.0,-1523.0,-1287.0,1596.0
71.0,-93.0,-59.0,-1380.0,-1154.0,1596.0
98.0,-71.0,-76.0,-1319.0,-1040.0,1569.0
122.0,-63.0,-86.0,-1336.0,-867.0,1503.0
135.0,-54.0,-102.0,-1394.0,-633.0,1422.0
147.0,-49.0,-133.0,-1420.0,-406.0,1319.0
148.0,-46.0,-171.0,-1385.0,-211.0,1204.0
147.0,-46.0,-197.0,-1337.0,-28.0,1059.0
130.0,-24.0,-173.0,-1321.0,164.0,886.0
94.0,8.0,-130.0,-1306.0,356.0,709.0
70.0,33.0,-93.0,-1270.0,566.0,547.0
60.0,44.0,-86.0,-1271.0,794.0,400.0
48.0,45.0,-93.0,-1314.0,1042.0,259.0
41.0,35.0,-121.0,-1345.0,1302.0,87.0
46.0,19.0,-158.0,-1330.0,1537.0,-93.0
62.0,2.0,-199.0,-1230.0,1682.0,-256.0
108.0,-16.0,-287.0,-1005.0,1699.0,-400.0
167.0,-35.0,-379.0,-729.0,1700.0,-586.0
180.0,-34.0,-438.0,-568.0,1798.0,-788.0
149.0,-60.0,-501.0,-583.0,1905.0,-980.0
136.0,-99.0,-554.0,-667.0,1831.0,-1111.0
146.0,-121.0,-577.0,-692.0,1610.0,-1195.0
158.0,-102.0,-534.0,-678.0,1419.0,-1284.0
105.0,-61.0,-475.0,-641.0,1401.0,-1332.0
-8.0,-9.0,-411.0,-515.0,1540.0,-1309.0
-131.0,47.0,-372.0,-277.0,1708.0,-1146.0
-298.0,117.0,-323.0,-56.0,1772.0,-835.0
-429.0,149.0,-344.0,92.0,1599.0,-533.0
-495.0,140.0,-432.0,201.0,1076.0,-270.0
-521.0,115.0,-497.0,179.0,341.0,21.0
-504.0,82.0,-499.0,-82.0,-246.0,347.0
-447.0,2.0,-462.0,-463.0,-529.0,597.0
-405.0,-72.0,-405.0,-854.0,-712.0,688.0
-321.0,-135.0,-331.0,-1110.0,-931.0,730.0
-243.0,-180.0,-293.0,-1197.0,-1183.0,811.0
-155.0,-233.0,-259.0,-1116.0,-1368.0,876.0
-79.0,-272.0,-270.0,-862.0,-1460.0,873.0
-16.0,-283.0,-310.0,-421.0,-1497.0,806.0
56.0,-255.0,-356.0,144.0,-1485.0,678.0
92.0,-223.0,-382.0,636.0,-1467.0,510.0
134.0,-159.0,-395.0,908.0,-1439.0,346.0
229.0,315.0,-1105.0,481.0,-1167.0,294.0
329.0,296.0,-237.0,-3061.0,-37.0,1023.0
-54.0,-292.0,-390.0,-4427.0,-365.0,1382.0
-243.0,1666.0,-2073.0,-4617.0,-1625.0,584.0
116.0,-109.0,995.0,-12189.0,237.0,3433.0
17.0,-637.0,-185.0,-9974.0,2080.0,2468.0
164.0,1133.0,-1123.0,-5896.0,5973.0,-329.0
-369.0,873.0,-67.0,-7509.0,9776.0,228.0
-409.0,1044.0,-626.0,-7963.0,7440.0,2428.0
-264.0,1083.0,117.0,-5971.0,3678.0,4288.0
440.0,702.0,121.0,-3355.0,981.0,6464.0
-590.0,1150.0,-769.0,-3900.0,-670.0,4683.0
-127.0,831.0,-143.0,-5306.0,-1857.0,3296.0
415.0,566.0,-1782.0,-5355.0,-2603.0,3233.0
627.0,340.0,-1294.0,-9742.0,-3128.0,3520.0
352.0,-140.0,-1092.0,-13366.0,-2567.0,3081.0
179.0,-450.0,-499.0,-16973.0,-1422.0,1179.0
-383.0,-575.0,-617.0,-19979.0,119.0,-722.0
-764.0,-95.0,-577.0,-22668.0,1187.0,-2530.0
-113.0,304.0,-512.0,-24338.0,1608.0,-3034.0
66.0,611.0,-146.0,-25241.0,1932.0,-2348.0
-37.0,852.0,185.0,-24295.0,2223.0,-945.0
-138.0,837.0,238.0,-22020.0,2155.0,-26.0
14.0,988.0,262.0,-19790.0,1978.0,455.0
-332.0,603.0,65.0,-18269.0,1980.0,611.0
-427.0,632.0,130.0,-17555.0,2217.0,-28.0
-449.0,703.0,-144.0,-17541.0,2131.0,-1126.0
-285.0,311.0,-543.0,-18807.0,2129.0,-2487.0
-44.0,138.0,-455.0,-20498.0,2222.0,-3319.0
-104.0,-83.0,-422.0,-22291.0,2200.0,-3293.0
-273.0,-252.0,-123.0,-23302.0,2088.0,-2984.0
-66.0,-115.0,250.0,-21286.0,1656.0,-3160.0
-2.0,17.0,459.0,-15822.0,491.0,-3954.0
257.0,65.0,831.0,-10726.0,-93.0,-3525.0
258.0,-165.0,873.0,-6253.0,-424.0,-2881.0
396.0,-141.0,758.0,-1431.0,-309.0,-1969.0
396.0,-81.0,668.0,1710.0,0.0,-1003.0
257.0,-74.0,609.0,3550.0,108.0,-379.0
228.0,-70.0,441.0,4069.0,203.0,51.0
192.0,-54.0,410.0,3939.0,501.0,292.0
134.0,-54.0,310.0,3420.0,785.0,377.0
118.0,-32.0,220.0,3381.0,1191.0,415.0
45.0,-28.0,199.0,3413.0,1329.0,357.0
-126.0,-62.0,306.0,3704.0,1431.0,288.0
-43.0,-57.0,375.0,3872.0,1363.0,146.0
-54.0,-28.0,339.0,3527.0,1026.0,-57.0
-39.0,24.0,358.0,3375.0,968.0,-161.0
-42.0,56.0,278.0,3773.0,978.0,-193.0
-24.0,92.0,242.0,4314.0,1006.0,-106.0
29.0,125.0,74.0,5044.0,1205.0,56.0
-21.0,156.0,94.0,6294.0,1445.0,97.0
-61.0,137.0,57.0,7622.0,1348.0,58.0
-79.0,120.0,99.0,8555.0,1051.0,26.0
-49.0,89.0,115.0,8773.0,819.0,38.0
-69.0,94.0,131.0,8098.0,636.0,106.0
-9.0,85.0,154.0,6879.0,603.0,155.0
-36.0,142.0,170.0,5309.0,555.0,187.0
7.0,169.0,138.0,3843.0,609.0,215.0
-14.0,201.0,191.0,2659.0,656.0,221.0
-15.0,196.0,157.0,1670.0,636.0,260.0
-41.0,176.0,196.0,793.0,613.0,278.0
23.0,142.0,137.0,64.0,660.0,235.0
-45.0,145.0,141.0,-448.0,710.0,149.0
-43.0,112.0,123.0,-765.0,707.0,67.0
-51.0,111.0,76.0,-1116.0,682.0,30.0
-49.0,99.0,78.0,-1166.0,793.0,6.0
-86.0,58.0,3.0,-522.0,871.0,-22.0
-137.0,81.0,9.0,300.0,785.0,-22.0
-129.0,92.0,123.0,661.0,620.0,32.0
-138.0,141.0,296.0,257.0,386.0,105.0
-109.0,165.0,288.0,-873.0,171.0,150.0
-74.0,157.0,277.0,-2329.0,87.0,163.0
-76.0,137.0,355.0,-3424.0,132.0,131.0
-42.0,151.0,265.0,-4547.0,42.0,131.0
-55.0,150.0,188.0,-5067.0,184.0,178.0
-80.0,163.0,108.0,-5035.0,306.0,125.0
-113.0,182.0,60.0,-4817.0,453.0,40.0
-112.0,156.0,133.0,-4207.0,656.0,-109.0
-114.0,146.0,124.0,-3869.0,433.0,-250.0
-84.0,131.0,117.0,-3572.0,434.0,-249.0
-70.0,100.0,210.0,-3294.0,242.0,-360.0
-61.0,81.0,239.0,-3801.0,-45.0,-192.0
-103.0,117.0,255.0,-3927.0,129.0,-38.0
-123.0,121.0,280.0,-3725.0,246.0,-2.0
-130.0,139.0,275.0,-3291.0,300.0,-52.0
-125.0,134.0,279.0,-2772.0,325.0,-139.0
-113.0,117.0,304.0,-2291.0,318.0,-213.0
-107.0,115.0,317.0,-1859.0,300.0,-241.0
-105.0,111.0,322.0,-1441.0,296.0,-238.0
-119.0,108.0,322.0,-996.0,303.0,-257.0
-129.0,128.0,307.0,-593.0,327.0,-282.0
-135.0,124.0,288.0,-342.0,372.0,-294.0
-132.0,110.0,290.0,-245.0,400.0,-329.0
-130.0,97.0,287.0,-208.0,428.0,-446.0
-104.0,106.0,293.0,-165.0,429.0,-545.0
-133.0,125.0,277.0,-180.0,463.0,-575.0
-157.0,142.0,256.0,-113.0,547.0,-635.0
-109.0,97.0,306.0,199.0,578.0,-721.0
-73.0,76.0,315.0,345.0,368.0,-752.0
-83.0,112.0,270.0,359.0,321.0,-626.0
-88.0,117.0,253.0,683.0,354.0,-599.0
-93.0,103.0,263.0,950.0,246.0,-626.0
-91.0,120.0,237.0,772.0,199.0,-512.0
-109.0,125.0,201.0,675.0,272.0,-448.0
-116.0,110.0,167.0,868.0,351.0,-482.0
-111.0,73.0,212.0,1144.0,322.0,-553.0
-76.0,70.0,219.0,960.0,252.0,-517.0
-84.0,88.0,214.0,783.0,292.0,-465.0
-93.0,95.0,224.0,890.0,337.0,-477.0
-84.0,83.0,263.0,943.0,260.0,-509.0
-63.0,95.0,236.0,610.0,225.0,-437.0
-78.0,94.0,213.0,449.0,274.0,-402.0
-95.0,114.0,187.0,554.0,302.0,-432.0
-102.0,123.0,176.0,743.0,318.0,-465.0
-92.0,116.0,189.0,872.0,322.0,-476.0
-88.0,123.0,185.0,777.0,314.0,-434.0
-87.0,127.0,172.0,600.0,362.0,-348.0
-103.0,141.0,153.0,534.0,436.0,-288.0
-110.0,150.0,147.0,558.0,497.0,-262.0
-114.0,156.0,138.0,614.0,542.0,-255.0
-121.0,157.0,132.0,671.0,574.0,-256.0
-122.0,154.0,130.0,714.0,604.0,-254.0
-127.0,153.0,130.0,753.0,630.0,-248.0
-128.0,152.0,130.0,787.0,651.0,-230.0
-132.0,154.0,134.0,820.0,669.0,-207.0
-133.0,158.0,137.0,855.0,680.0,-183.0
-135.0,162.0,142.0,890.0,686.0,-162.0
-137.0,169.0,144.0,928.0,691.0,-142.0
-138.0,168.0,143.0,960.0,691.0,-125.0
-141.0,198.0,132.0,987.0,700.0,-112.0
-139.0,177.0,139.0,1012.0,702.0,-105.0
-144.0,177.0,134.0,1038.0,705.0,-103.0
-144.0,179.0,131.0,1066.0,710.0,-100.0
-152.0,187.0,128.0,1093.0,713.0,-95.0
-149.0,186.0,126.0,1122.0,704.0,-93.0
-146.0,185.0,115.0,1141.0,695.0,-92.0
-155.0,185.0,114.0,1155.0,667.0,-92.0
-152.0,183.0,110.0,1161.0,638.0,-84.0
-156.0,188.0,107.0,1163.0,603.0,-72.0
-154.0,190.0,110.0,1166.0,575.0,-60.0
-154.0,190.0,105.0,1171.0,544.0,-63.0
-154.0,196.0,110.0,1170.0,519.0,-72.0
-151.0,197.0,103.0,1165.0,509.0,-77.0
-156.0,202.0,107.0,1158.0,511.0,-88.0
-152.0,204.0,107.0,1139.0,517.0,-99.0
-159.0,207.0,107.0,1113.0,519.0,-117.0
-157.0,206.0,99.0,1082.0,518.0,-133.0
-160.0,207.0,104.0,1058.0,503.0,-146.0
-159.0,210.0,89.0,1037.0,486.0,-142.0
-167.0,206.0,97.0,1016.0,475.0,-137.0
-178.0,213.0,97.0,1026.0,450.0,-126.0
-167.0,211.0,93.0,1032.0,437.0,-98.0
-161.0,208.0,88.0,1044.0,423.0,-81.0
-156.0,206.0,83.0,1053.0,412.0,-82.0
-153.0,204.0,72.0,1046.0,406.0,-93.0
-141.0,203.0,71.0,1015.0,405.0,-110.0
-145.0,199.0,61.0,972.0,388.0,-139.0
-150.0,203.0,61.0,907.0,375.0,-158.0
-153.0,204.0,52.0,837.0,354.0,-174.0
-152.0,204.0,53.0,755.0,333.0,-183.0
-148.0,210.0,48.0,651.0,311.0,-194.0
-151.0,215.0,36.0,502.0,302.0,-201.0
-163.0,210.0,56.0,331.0,305.0,-199.0
-162.0,197.0,54.0,207.0,285.0,-193.0
-156.0,192.0,55.0,131.0,251.0,-169.0
-157.0,190.0,59.0,86.0,219.0,-145.0
-157.0,193.0,63.0,58.0,181.0,-127.0
-147.0,188.0,61.0,42.0,146.0,-111.0
-143.0,188.0,64.0,35.0,116.0,-100.0
-147.0,189.0,64.0,25.0,95.0,-94.0
-152.0,189.0,65.0,12.0,84.0,-89.0
-157.0,188.0,65.0,3.0,71.0,-81.0
-159.0,190.0,63.0,-8.0,51.0,-73.0
-158.0,193.0,65.0,-28.0,30.0,-62.0
-161.0,193.0,65.0,-51.0,9.0,-48.0
-162.0,191.0,65.0,-71.0,-6.0,-34.0
-157.0,185.0,69.0,-84.0,-23.0,-16.0
-153.0,185.0,69.0,-96.0,-45.0,17.0
-155.0,181.0,70.0,-105.0,-63.0,49.0
-158.0,184.0,74.0,-108.0,-73.0,69.0
-155.0,181.0,74.0,-105.0,-79.0,81.0
-158.0,194.0,80.0,-93.0,-82.0,83.0
-161.0,201.0,84.0,-86.0,-87.0,81.0
-159.0,205.0,88.0,-87.0,-97.0,75.0
-150.0,194.0,87.0,-104.0,-105.0,63.0
-141.0,189.0,88.0,-122.0,-104.0,48.0
-138.0,189.0,89.0,-134.0,-100.0,34.0
-142.0,190.0,89.0,-138.0,-94.0,24.0
-145.0,191.0,87.0,-136.0,-85.0,13.0
-148.0,193.0,93.0,-139.0,-72.0,-2.0
-155.0,192.0,91.0,-127.0,-60.0,-21.0
-159.0,198.0,90.0,-106.0,-46.0,-36.0
-160.0,198.0,90.0,-79.0,-30.0,-53.0
-163.0,203.0,83.0,-53.0,-15.0,-68.0
-161.0,203.0,63.0,-36.0,-1.0,-82.0
-154.0,189.0,-37.0,220.0,96.0,-126.0
-172.0,189.0,-28.0,1248.0,183.0,-228.0
-226.0,226.0,129.0,2124.0,34.0,-229.0
-163.0,195.0,138.0,1943.0,-92.0,-133.0
-145.0,214.0,136.0,1491.0,-149.0,-134.0
-133.0,199.0,62.0,955.0,-60.0,-127.0
-148.0,191.0,41.0,990.0,82.0,-227.0
-169.0,227.0,114.0,1215.0,75.0,-304.0
-132.0,210.0,69.0,1014.0,32.0,-301.0
-129.0,179.0,16.0,1118.0,166.0,-368.0
-158.0,215.0,57.0,1610.0,170.0,-459.0
-128.0,188.0,28.0,1976.0,234.0,-467.0
-154.0,195.0,16.0,2313.0,186.0,-482.0
-180.0,202.0,48.0,2799.0,283.0,-476.0
-181.0,202.0,76.0,3335.0,360.0,-464.0
-151.0,188.0,44.0,3727.0,332.0,-436.0
-131.0,190.0,45.0,4136.0,408.0,-411.0
-149.0,167.0,5.0,4591.0,443.0,-415.0
-158.0,140.0,-11.0,5113.0,482.0,-455.0
-129.0,120.0,-56.0,5731.0,552.0,-512.0
-105.0,66.0,-122.0,6830.0,817.0,-625.0
-154.0,94.0,-141.0,8469.0,1049.0,-775.0
-315.0,429.0,-22.0,9669.0,619.0,-595.0
-220.0,476.0,111.0,8682.0,-639.0,212.0
-66.0,318.0,183.0,6323.0,-911.0,626.0
-75.0,286.0,200.0,3967.0,-433.0,273.0
-94.0,253.0,130.0,1921.0,-95.0,-162.0
-120.0,172.0,15.0,520.0,159.0,-422.0
-178.0,169.0,-35.0,208.0,279.0,-530.0
-171.0,160.0,-42.0,168.0,216.0,-481.0
-171.0,166.0,-40.0,137.0,130.0,-391.0
-161.0,176.0,-29.0,102.0,69.0,-303.0
-163.0,185.0,-25.0,65.0,55.0,-253.0
-166.0,191.0,-21.0,55.0,57.0,-230.0
-165.0,192.0,-23.0,63.0,55.0,-218.0
-168.0,194.0,-25.0,75.0,53.0,-211.0
-170.0,194.0,-25.0,85.0,50.0,-207.0
-173.0,202.0,-26.0,98.0,45.0,-200.0
-172.0,190.0,-26.0,108.0,37.0,-195.0
-174.0,190.0,-23.0,115.0,36.0,-184.0
-174.0,190.0,-25.0,122.0,33.0,-169.0
-175.0,189.0,-27.0,127.0,35.0,-154.0
-176.0,187.0,-27.0,130.0,40.0,-138.0
-173.0,189.0,-32.0,130.0,45.0,-120.0
-175.0,184.0,-29.0,127.0,48.0,-100.0
-175.0,183.0,-28.0,126.0,52.0,-79.0
-176.0,185.0,-32.0,126.0,52.0,-56.0
-179.0,191.0,-32.0,122.0,48.0,-31.0
-178.0,190.0,-28.0,118.0,46.0,-7.0
-174.0,192.0,-26.0,116.0,43.0,15.0
-178.0,196.0,-29.0,114.0,39.0,33.0
-175.0,197.0,-36.0,110.0,35.0,46.0
-176.0,200.0,-34.0,107.0,29.0,52.0
-173.0,202.0,-35.0,103.0,19.0,55.0
-175.0,197.0,-34.0,98.0,10.0,58.0
-169.0,198.0,-37.0,91.0,0.0,58.0
-172.0,201.0,-35.0,83.0,-9.0,62.0
-170.0,200.0,-36.0,74.0,-13.0,66.0
-171.0,199.0,-35.0,64.0,-18.0,68.0
-171.0,196.0,-31.0,55.0,-23.0,72.0
-170.0,196.0,-32.0,45.0,-25.0,76.0
-168.0,197.0,-35.0,34.0,-28.0,79.0
-167.0,196.0,-35.0,22.0,-30.0,81.0
-165.0,197.0,-34.0,12.0,-33.0,84.0
-168.0,197.0,-30.0,2.0,-37.0,87.0
-166.0,197.0,-26.0,-7.0,-39.0,91.0
-164.0,195.0,-29.0,-12.0,-41.0,96.0
-166.0,195.0,-28.0,-16.0,-47.0,98.0
-167.0,195.0,-27.0,-19.0,-51.0,101.0
-165.0,194.0,-31.0,-22.0,-56.0,104.0
-162.0,195.0,-31.0,-24.0,-58.0,109.0
-163.0,195.0,-27.0,-25.0,-59.0,110.0
-167.0,200.0,-28.0,-27.0,-58.0,110.0
-164.0,199.0,-23.0,-29.0,-57.0,107.0
-167.0,203.0,-27.0,-29.0,-54.0,106.0
-168.0,200.0,-26.0,-28.0,-49.0,107.0
-169.0,204.0,-30.0,-27.0,-46.0,110.0
-165.0,201.0,-23.0,-25.0,-40.0,111.0
-166.0,201.0,-24.0,-23.0,-36.0,110.0
-161.0,201.0,-28.0,-20.0,-34.0,107.0
-163.0,203.0,-25.0,-17.0,-31.0,104.0
-164.0,200.0,-25.0,-14.0,-30.0,99.0
-162.0,202.0,-27.0,-13.0,-30.0,93.0
-163.0,204.0,-25.0,-13.0,-32.0,86.0
-161.0,202.0,-26.0,-14.0,-29.0,80.0
-164.0,199.0,-22.0,-14.0,-25.0,71.0
-163.0,201.0,-25.0,-13.0,-21.0,66.0
-163.0,200.0,-24.0,-13.0,-18.0,63.0
-163.0,197.0,-24.0,-11.0,-16.0,60.0
-167.0,198.0,-19.0,-8.0,-14.0,60.0
-161.0,195.0,-27.0,-7.0,-11.0,65.0
-166.0,197.0,-26.0,-6.0,-10.0,68.0
-163.0,197.0,-20.0,-3.0,-10.0,77.0
-164.0,195.0,-26.0,-1.0,-11.0,88.0
-162.0,197.0,-26.0,0.0,-12.0,94.0
-162.0,197.0,-28.0,2.0,-13.0,97.0
-165.0,202.0,-25.0,7.0,-13.0,99.0
-166.0,205.0,-25.0,9.0,-14.0,98.0
-164.0,203.0,-24.0,9.0,-15.0,98.0
-165.0,203.0,-24.0,10.0,-16.0,98.0
-166.0,202.0,-24.0,8.0,-15.0,97.0
-167.0,205.0,-22.0,8.0,-15.0,95.0
-178.0,205.0,-23.0,9.0,-10.0,98.0
-160.0,201.0,-24.0,6.0,7.0,114.0
-154.0,194.0,-24.0,16.0,2.0,121.0
-163.0,201.0,-25.0,22.0,-9.0,101.0
-162.0,200.0,-28.0,20.0,-13.0,88.0
-164.0,200.0,-25.0,19.0,-17.0,82.0
-163.0,195.0,-27.0,15.0,-20.0,79.0
-165.0,198.0,-27.0,9.0,-23.0,81.0
-161.0,196.0,-24.0,1.0,-24.0,87.0
-160.0,196.0,-22.0,-2.0,-26.0,93.0
-161.0,198.0,-21.0,-5.0,-25.0,101.0
-165.0,201.0,-23.0,-5.0,-26.0,110.0
-200.0,212.0,-31.0,-5.0,-21.0,123.0
-149.0,195.0,-21.0,-20.0,9.0,168.0
-143.0,199.0,-24.0,0.0,-9.0,169.0
-153.0,201.0,-22.0,2.0,-21.0,145.0
-159.0,206.0,-25.0,6.0,-25.0,125.0
-164.0,207.0,-25.0,10.0,-27.0,115.0
-161.0,203.0,-25.0,15.0,-28.0,112.0
-162.0,202.0,-19.0,19.0,-28.0,108.0
-160.0,201.0,-23.0,21.0,-26.0,109.0
-161.0,205.0,-25.0,23.0,-26.0,113.0
-190.0,209.0,-21.0,18.0,-12.0,128.0
-143.0,200.0,-27.0,22.0,1.0,163.0
