-5.0,70.0,8.0,1329.0,-225.0,41.0
-6.0,122.0,1.0,1366.0,-303.0,41.0
-6.0,136.0,1.0,1352.0,-385.0,62.0
5.0,148.0,-3.0,1311.0,-487.0,64.0
11.0,160.0,-18.0,1226.0,-575.0,39.0
21.0,152.0,-2.0,1053.0,-598.0,40.0
32.0,145.0,5.0,864.0,-615.0,21.0
36.0,126.0,9.0,659.0,-614.0,-27.0
40.0,102.0,0.0,459.0,-597.0,-74.0
45.0,83.0,-3.0,256.0,-551.0,-116.0
53.0,51.0,-13.0,60.0,-451.0,-182.0
67.0,38.0,-25.0,-123.0,-311.0,-238.0
77.0,26.0,-39.0,-293.0,-167.0,-269.0
79.0,11.0,-48.0,-443.0,-33.0,-275.0
76.0,5.0,-63.0,-572.0,84.0,-267.0
66.0,-5.0,-70.0,-677.0,173.0,-251.0
73.0,-20.0,-82.0,-722.0,237.0,-217.0
70.0,-32.0,-80.0,-693.0,286.0,-171.0
68.0,-38.0,-80.0,-595.0,319.0,-123.0
63.0,-41.0,-75.0,-455.0,328.0,-118.0
49.0,-38.0,-69.0,-295.0,334.0,-140.0
24.0,-35.0,-69.0,-140.0,337.0,-163.0
-16.0,-31.0,-59.0,-9.0,316.0,-177.0
-24.0,-28.0,-53.0,48.0,216.0,-287.0
-16.0,-22.0,-57.0,108.0,212.0,-280.0
-32.0,-16.0,-51.0,161.0,256.0,-114.0
-49.0,-21.0,-34.0,160.0,251.0,22.0
-55.0,-32.0,-13.0,151.0,220.0,87.0
-54.0,-40.0,-5.0,176.0,181.0,131.0
-52.0,-46.0,9.0,241.0,142.0,178.0
-40.0,-51.0,20.0,332.0,115.0,231.0
-37.0,-57.0,32.0,440.0,95.0,290.0
-43.0,-57.0,17.0,539.0,76.0,354.0
-41.0,-51.0,-6.0,590.0,56.0,422.0
-31.0,-51.0,-53.0,548.0,36.0,500.0
-31.0,-48.0,-114.0,406.0,8.0,611.0
-44.0,-50.0,-223.0,145.0,-54.0,745.0
-115.0,-55.0,-419.0,-286.0,-242.0,943.0
-166.0,-65.0,-642.0,-1039.0,-670.0,1248.0
-229.0,-147.0,-858.0,-2253.0,-1316.0,1577.0
-158.0,-291.0,-682.0,-3497.0,-1928.0,1779.0
-150.0,-442.0,-357.0,-3917.0,-1819.0,2032.0
-197.0,-599.0,-92.0,-3515.0,-1401.0,2372.0
-241.0,-680.0,-5.0,-2667.0,-979.0,2672.0
-224.0,-775.0,33.0,-1830.0,-702.0,2877.0
-118.0,-871.0,-6.0,-1166.0,-601.0,2841.0
-23.0,-921.0,-78.0,-903.0,-776.0,2482.0
104.0,-922.0,-142.0,-735.0,-1065.0,1925.0
210.0,-895.0,-176.0,-475.0,-1151.0,1239.0
293.0,-842.0,-207.0,-128.0,-958.0,469.0
262.0,-784.0,-212.0,202.0,-548.0,-290.0
176.0,-739.0,-179.0,476.0,4.0,-926.0
146.0,-727.0,-152.0,654.0,547.0,-1383.0
121.0,-706.0,-85.0,805.0,1080.0,-1614.0
86.0,-661.0,-47.0,935.0,1446.0,-1724.0
41.0,-610.0,-9.0,978.0,1638.0,-1736.0
-13.0,-552.0,9.0,929.0,1678.0,-1661.0
-64.0,-513.0,7.0,820.0,1617.0,-1515.0
-125.0,-461.0,-6.0,671.0,1502.0,-1343.0
-174.0,-420.0,-25.0,478.0,1374.0,-1171.0
-206.0,-381.0,-36.0,283.0,1284.0,-995.0
-208.0,-361.0,-18.0,110.0,1233.0,-839.0
-221.0,-353.0,-12.0,6.0,1193.0,-731.0
-200.0,-352.0,19.0,-33.0,1182.0,-679.0
-179.0,-359.0,43.0,-22.0,1162.0,-705.0
-136.0,-371.0,50.0,28.0,1128.0,-823.0
-91.0,-375.0,49.0,58.0,1065.0,-1000.0
-38.0,-371.0,40.0,35.0,987.0,-1168.0
32.0,-389.0,43.0,5.0,935.0,-1284.0
83.0,-393.0,47.0,12.0,924.0,-1359.0
140.0,-399.0,62.0,93.0,942.0,-1360.0
167.0,-385.0,66.0,200.0,933.0,-1311.0
155.0,-393.0,72.0,308.0,921.0,-1173.0
151.0,-368.0,61.0,362.0,852.0,-1075.0
120.0,-361.0,51.0,422.0,829.0,-844.0
83.0,-344.0,42.0,510.0,772.0,-604.0
41.0,-317.0,30.0,605.0,690.0,-439.0
6.0,-286.0,17.0,715.0,621.0,-332.0
-37.0,-234.0,9.0,849.0,585.0,-261.0
-50.0,-164.0,1.0,987.0,600.0,-189.0
-63.0,-92.0,2.0,1122.0,670.0,-114.0
-59.0,-31.0,14.0,1269.0,786.0,-30.0
-77.0,45.0,20.0,1461.0,928.0,51.0
-35.0,112.0,14.0,1610.0,969.0,-10.0
-35.0,153.0,13.0,1804.0,1066.0,-53.0
-16.0,186.0,4.0,2053.0,1228.0,13.0
-1.0,196.0,-16.0,2244.0,1358.0,75.0
5.0,206.0,-57.0,2271.0,1411.0,74.0
18.0,190.0,-76.0,2071.0,1405.0,32.0
23.0,190.0,-122.0,1637.0,1293.0,-118.0
34.0,146.0,-78.0,1030.0,1220.0,-165.0
48.0,99.0,-66.0,546.0,1166.0,-16.0
33.0,57.0,-57.0,161.0,994.0,64.0
20.0,18.0,-53.0,-149.0,740.0,102.0
5.0,-10.0,-60.0,-361.0,495.0,142.0
-6.0,-30.0,-74.0,-494.0,277.0,172.0
-10.0,-35.0,-84.0,-577.0,95.0,194.0
-12.0,-38.0,-92.0,-617.0,-38.0,213.0
-23.0,-36.0,-103.0,-615.0,-113.0,243.0
-25.0,-34.0,-99.0,-579.0,-132.0,290.0
-24.0,-34.0,-91.0,-499.0,-112.0,333.0
-21.0,-32.0,-73.0,-375.0,-69.0,351.0
-12.0,-37.0,-53.0,-231.0,-20.0,334.0
-12.0,-40.0,-26.0,-71.0,36.0,279.0
-1.0,-35.0,1.0,100.0,108.0,206.0
8.0,-43.0,25.0,295.0,204.0,156.0
15.0,-42.0,33.0,501.0,285.0,99.0
18.0,-39.0,35.0,660.0,314.0,36.0
25.0,-37.0,18.0,742.0,290.0,-18.0
38.0,-47.0,-16.0,736.0,250.0,-67.0
51.0,-53.0,-63.0,637.0,239.0,-119.0
60.0,-61.0,-115.0,458.0,288.0,-183.0
81.0,-67.0,-195.0,189.0,387.0,-264.0
104.0,-79.0,-299.0,-205.0,498.0,-368.0
130.0,-114.0,-413.0,-797.0,555.0,-505.0
146.0,-159.0,-450.0,-1602.0,452.0,-680.0
165.0,-257.0,-421.0,-2403.0,154.0,-876.0
185.0,-375.0,-318.0,-2904.0,-188.0,-1048.0
163.0,-510.0,-169.0,-2935.0,-347.0,-1194.0
117.0,-619.0,-67.0,-2518.0,-182.0,-1319.0
75.0,-669.0,-42.0,-1872.0,178.0,-1417.0
-11.0,-681.0,-61.0,-1279.0,550.0,-1485.0
-84.0,-667.0,-98.0,-894.0,855.0,-1454.0
-113.0,-654.0,-135.0,-740.0,1044.0,-1334.0
-126.0,-638.0,-159.0,-742.0,1071.0,-1148.0
-120.0,-618.0,-152.0,-730.0,947.0,-867.0
-102.0,-590.0,-144.0,-570.0,700.0,-493.0
-102.0,-571.0,-134.0,-297.0,393.0,-106.0
-91.0,-546.0,-115.0,-27.0,95.0,258.0
-90.0,-527.0,-95.0,136.0,-176.0,569.0
-84.0,-515.0,-75.0,154.0,-403.0,848.0
-67.0,-498.0,-58.0,97.0,-574.0,1081.0
-30.0,-490.0,-55.0,23.0,-654.0,1248.0
1.0,-479.0,-44.0,-34.0,-592.0,1320.0
42.0,-485.0,-43.0,-116.0,-440.0,1328.0
50.0,-473.0,-28.0,-262.0,-281.0,1272.0
61.0,-473.0,-18.0,-433.0,-170.0,1206.0
66.0,-463.0,-6.0,-593.0,-120.0,1117.0
83.0,-455.0,-1.0,-673.0,-99.0,1026.0
98.0,-442.0,-15.0,-688.0,-82.0,899.0
103.0,-424.0,-30.0,-640.0,-40.0,783.0
122.0,-399.0,-54.0,-592.0,32.0,691.0
96.0,-392.0,-63.0,-615.0,130.0,609.0
68.0,-406.0,-43.0,-679.0,218.0,577.0
42.0,-421.0,-27.0,-686.0,227.0,539.0
12.0,-442.0,-6.0,-612.0,178.0,546.0
2.0,-442.0,7.0,-513.0,99.0,593.0
-33.0,-440.0,22.0,-438.0,30.0,663.0
-59.0,-437.0,35.0,-364.0,-25.0,719.0
-67.0,-441.0,19.0,-293.0,-49.0,725.0
-73.0,-437.0,24.0,-217.0,-28.0,739.0
-88.0,-413.0,-1.0,-113.0,6.0,729.0
-72.0,-371.0,-22.0,-12.0,37.0,711.0
-52.0,-320.0,-34.0,93.0,58.0,628.0
-50.0,-278.0,-39.0,196.0,71.0,506.0
-53.0,-215.0,-42.0,275.0,11.0,335.0
-52.0,-144.0,-39.0,348.0,-107.0,138.0
-65.0,-68.0,-53.0,437.0,-242.0,-61.0
-75.0,12.0,-56.0,494.0,-318.0,-196.0
-87.0,58.0,-62.0,489.0,-333.0,-286.0
-108.0,109.0,-59.0,451.0,-330.0,-353.0
-105.0,141.0,-61.0,377.0,-335.0,-398.0
-91.0,156.0,-71.0,272.0,-348.0,-421.0
-68.0,151.0,-73.0,142.0,-356.0,-442.0
-52.0,143.0,-57.0,-29.0,-343.0,-455.0
-25.0,126.0,-26.0,-224.0,-311.0,-461.0
-17.0,95.0,13.0,-408.0,-271.0,-468.0
-1.0,65.0,33.0,-532.0,-252.0,-449.0
1.0,27.0,39.0,-598.0,-259.0,-411.0
2.0,3.0,27.0,-621.0,-325.0,-354.0
3.0,-22.0,2.0,-617.0,-424.0,-290.0
2.0,-27.0,-28.0,-599.0,-523.0,-214.0
0.0,-32.0,-48.0,-583.0,-611.0,-124.0
4.0,-30.0,-63.0,-577.0,-689.0,-32.0
1.0,-30.0,-66.0,-574.0,-743.0,57.0
-1.0,-30.0,-70.0,-565.0,-769.0,136.0
0.0,-21.0,-69.0,-552.0,-754.0,207.0
-6.0,-10.0,-76.0,-548.0,-703.0,272.0
-9.0,-8.0,-70.0,-560.0,-642.0,331.0
-1.0,-1.0,-78.0,-602.0,-582.0,373.0
3.0,6.0,-78.0,-676.0,-531.0,394.0
20.0,14.0,-75.0,-758.0,-502.0,401.0
35.0,19.0,-63.0,-824.0,-474.0,397.0
39.0,23.0,-58.0,-876.0,-440.0,391.0
39.0,34.0,-55.0,-926.0,-404.0,388.0
43.0,38.0,-44.0,-982.0,-363.0,405.0
50.0,45.0,-26.0,-1031.0,-336.0,430.0
63.0,39.0,-12.0,-1066.0,-313.0,451.0
56.0,39.0,3.0,-1083.0,-279.0,462.0
39.0,24.0,-5.0,-1072.0,-219.0,490.0
53.0,-1.0,-2.0,-1063.0,-186.0,527.0
64.0,-13.0,-27.0,-1049.0,-203.0,506.0
69.0,-30.0,-77.0,-1022.0,-278.0,422.0
66.0,-28.0,-133.0,-996.0,-372.0,296.0
44.0,-8.0,-234.0,-986.0,-457.0,149.0
1.0,18.0,-345.0,-1058.0,-538.0,14.0
-49.0,27.0,-427.0,-1235.0,-681.0,-88.0
-93.0,15.0,-482.0,-1471.0,-894.0,-122.0
-131.0,-18.0,-502.0,-1728.0,-1072.0,-75.0
-195.0,-102.0,-474.0,-1984.0,-1113.0,45.0
-257.0,-213.0,-423.0,-2215.0,-1032.0,228.0
-321.0,-346.0,-342.0,-2432.0,-909.0,428.0
-386.0,-512.0,-265.0,-2630.0,-825.0,593.0
-410.0,-654.0,-192.0,-2819.0,-864.0,737.0
-390.0,-843.0,-92.0,-2948.0,-1105.0,894.0
-323.0,-966.0,-72.0,-2911.0,-1565.0,974.0
-235.0,-989.0,-159.0,-2756.0,-2092.0,907.0
-153.0,-971.0,-225.0,-2662.0,-2459.0,693.0
6.0,-927.0,-295.0,-2572.0,-2524.0,309.0
149.0,-842.0,-297.0,-2452.0,-2384.0,-465.0
157.0,-749.0,-225.0,-2297.0,-2039.0,-1334.0
197.0,-705.0,-87.0,-2105.0,-1455.0,-1830.0
239.0,-666.0,-21.0,-1866.0,-712.0,-2090.0
340.0,-594.0,-28.0,-1733.0,-132.0,-2269.0
439.0,-511.0,-79.0,-1745.0,59.0,-2423.0
454.0,-425.0,-127.0,-1796.0,-78.0,-2462.0
374.0,-353.0,-163.0,-1845.0,-358.0,-2308.0
298.0,-307.0,-189.0,-1951.0,-640.0,-1949.0
213.0,-252.0,-229.0,-2129.0,-764.0,-1455.0
143.0,-218.0,-242.0,-2355.0,-670.0,-998.0
55.0,-202.0,-201.0,-2565.0,-354.0,-670.0
8.0,-196.0,-172.0,-2698.0,-7.0,-431.0
-12.0,-192.0,-165.0,-2773.0,161.0,-216.0
-39.0,-168.0,-168.0,-2849.0,16.0,21.0
-61.0,-160.0,-136.0,-2952.0,-324.0,286.0
-94.0,-181.0,-70.0,-3013.0,-588.0,528.0
-120.0,-209.0,-3.0,-2895.0,-623.0,703.0
-122.0,-235.0,20.0,-2561.0,-435.0,749.0
-129.0,-219.0,53.0,-2063.0,-71.0,634.0
-124.0,-186.0,85.0,-1611.0,307.0,463.0
-90.0,-145.0,102.0,-1301.0,624.0,300.0
-43.0,-109.0,124.0,-1108.0,813.0,141.0
-15.0,-81.0,144.0,-980.0,872.0,-3.0
18.0,-41.0,154.0,-885.0,822.0,-88.0
62.0,5.0,150.0,-836.0,704.0,-102.0
92.0,44.0,134.0,-852.0,563.0,-91.0
111.0,71.0,122.0,-916.0,446.0,-78.0
121.0,111.0,104.0,-1013.0,394.0,-67.0
117.0,141.0,88.0,-1132.0,416.0,-64.0
105.0,166.0,77.0,-1247.0,503.0,-61.0
101.0,176.0,62.0,-1328.0,623.0,-42.0
101.0,177.0,34.0,-1376.0,772.0,-27.0
102.0,169.0,8.0,-1422.0,945.0,-33.0
93.0,160.0,-19.0,-1467.0,1104.0,-57.0
85.0,147.0,-56.0,-1503.0,1209.0,-86.0
70.0,127.0,-81.0,-1517.0,1258.0,-134.0
60.0,115.0,-95.0,-1493.0,1251.0,-184.0
44.0,90.0,-105.0,-1448.0,1235.0,-225.0
28.0,69.0,-101.0,-1376.0,1238.0,-260.0
16.0,57.0,-86.0,-1253.0,1263.0,-301.0
-6.0,50.0,-67.0,-1140.0,1287.0,-346.0
-24.0,45.0,-51.0,-1053.0,1289.0,-382.0
-54.0,40.0,-23.0,-998.0,1270.0,-405.0
-75.0,39.0,-3.0,-969.0,1242.0,-408.0
-97.0,30.0,14.0,-969.0,1239.0,-402.0
-127.0,13.0,29.0,-994.0,1291.0,-405.0
-136.0,0.0,45.0,-1041.0,1380.0,-395.0
-139.0,-23.0,73.0,-1103.0,1461.0,-377.0
-132.0,-44.0,105.0,-1149.0,1493.0,-362.0
-117.0,-56.0,100.0,-1150.0,1465.0,-361.0
-95.0,-55.0,65.0,-1127.0,1388.0,-356.0
-71.0,-49.0,37.0,-1117.0,1289.0,-357.0
-49.0,-39.0,8.0,-1116.0,1201.0,-363.0
-15.0,-8.0,-19.0,-1071.0,1121.0,-360.0
-7.0,18.0,-43.0,-977.0,1034.0,-375.0
0.0,47.0,-51.0,-845.0,950.0,-401.0
11.0,90.0,-43.0,-697.0,873.0,-447.0
26.0,129.0,-13.0,-531.0,788.0,-529.0
26.0,166.0,11.0,-366.0,694.0,-621.0
32.0,183.0,21.0,-204.0,587.0,-693.0
33.0,182.0,11.0,-72.0,459.0,-715.0
22.0,172.0,1.0,-48.0,312.0,-688.0
12.0,151.0,-17.0,-200.0,173.0,-613.0
4.0,124.0,-37.0,-513.0,65.0,-526.0
-15.0,76.0,-54.0,-891.0,1.0,-440.0
-22.0,37.0,-59.0,-1245.0,-58.0,-376.0
-29.0,-20.0,-81.0,-1499.0,-143.0,-335.0
-24.0,-64.0,-91.0,-1631.0,-247.0,-270.0
-38.0,-88.0,-82.0,-1645.0,-369.0,-221.0
-41.0,-94.0,-79.0,-1586.0,-518.0,-192.0
-54.0,-93.0,-83.0,-1493.0,-705.0,-169.0
-78.0,-71.0,-98.0,-1423.0,-935.0,-134.0
-100.0,-36.0,-123.0,-1497.0,-1194.0,-71.0
-116.0,-6.0,-133.0,-1718.0,-1433.0,22.0
-125.0,10.0,-137.0,-1947.0,-1657.0,102.0
-146.0,13.0,-146.0,-2074.0,-1906.0,143.0
-177.0,12.0,-176.0,-2071.0,-2230.0,162.0
-206.0,14.0,-205.0,-1991.0,-2605.0,177.0
-245.0,38.0,-216.0,-1909.0,-2922.0,200.0
-266.0,50.0,-205.0,-1853.0,-3105.0,265.0
-273.0,64.0,-207.0,-1822.0,-3185.0,309.0
-272.0,60.0,-203.0,-1839.0,-3264.0,336.0
-300.0,45.0,-232.0,-1896.0,-3465.0,329.0
-316.0,25.0,-302.0,-1878.0,-3802.0,285.0
-313.0,16.0,-372.0,-1677.0,-4100.0,261.0
-296.0,20.0,-443.0,-1348.0,-4213.0,266.0
-268.0,29.0,-455.0,-1029.0,-4176.0,281.0
-240.0,39.0,-498.0,-773.0,-4141.0,236.0
-179.0,71.0,-548.0,-533.0,-4202.0,132.0
-2914.0,2259.0,-4001.0,-647.0,-3352.0,223.0
1893.0,4044.0,-236.0,-6851.0,13158.0,7901.0
2117.0,-257.0,3119.0,-2830.0,1903.0,2850.0
-401.0,-1015.0,231.0,3103.0,-8971.0,-888.0
-81.0,-203.0,-608.0,2920.0,-7065.0,-1470.0
450.0,272.0,-1061.0,616.0,-4433.0,-898.0
175.0,294.0,-1308.0,-1197.0,-3313.0,-424.0
-420.0,-31.0,-970.0,-2237.0,-2670.0,-106.0
-605.0,606.0,-1176.0,-1974.0,-1738.0,414.0
-366.0,877.0,-1300.0,-3015.0,-1090.0,872.0
-465.0,891.0,-1615.0,-3778.0,-1530.0,1030.0
-504.0,85.0,-1764.0,-4163.0,-2114.0,1064.0
-586.0,-38.0,-1495.0,-4236.0,-2373.0,1065.0
-652.0,-230.0,-1182.0,-4134.0,-2178.0,934.0
-645.0,154.0,-1008.0,-4222.0,-1845.0,768.0
-508.0,-25.0,-1007.0,-3789.0,-1461.0,546.0
-482.0,-145.0,-844.0,-3371.0,-1265.0,83.0
-343.0,73.0,-701.0,-3004.0,-1314.0,-406.0
-235.0,141.0,-543.0,-2377.0,-1428.0,-763.0
-181.0,106.0,-341.0,-2206.0,-1531.0,-789.0
-203.0,36.0,-208.0,-2185.0,-1445.0,-795.0
-171.0,63.0,-84.0,-2095.0,-1237.0,-744.0
-181.0,43.0,43.0,-2079.0,-867.0,-720.0
-137.0,59.0,19.0,-1919.0,-532.0,-622.0
-113.0,61.0,-7.0,-1774.0,-177.0,-540.0
-96.0,56.0,25.0,-1643.0,146.0,-473.0
-85.0,34.0,56.0,-1435.0,391.0,-475.0
-97.0,63.0,44.0,-1102.0,513.0,-503.0
-104.0,56.0,-48.0,-726.0,541.0,-522.0
-133.0,67.0,-78.0,-378.0,647.0,-574.0
-200.0,134.0,-121.0,-102.0,775.0,-680.0
-165.0,129.0,-99.0,76.0,795.0,-631.0
-198.0,190.0,-94.0,268.0,770.0,-572.0
-148.0,91.0,-77.0,404.0,691.0,-462.0
-242.0,210.0,-107.0,637.0,711.0,-426.0
-210.0,145.0,-132.0,755.0,747.0,-314.0
-220.0,200.0,-182.0,850.0,849.0,-228.0
-157.0,144.0,-196.0,824.0,899.0,-163.0
-172.0,185.0,-237.0,833.0,911.0,-128.0
-157.0,150.0,-236.0,795.0,872.0,-114.0
-150.0,170.0,-254.0,766.0,820.0,-89.0
-127.0,167.0,-257.0,752.0,768.0,-61.0
-150.0,173.0,-253.0,721.0,750.0,-75.0
-128.0,226.0,-252.0,713.0,730.0,-65.0
-116.0,182.0,-230.0,608.0,713.0,-98.0
-108.0,198.0,-213.0,563.0,697.0,-124.0
-116.0,182.0,-200.0,519.0,689.0,-157.0
-124.0,170.0,-194.0,502.0,689.0,-182.0
-136.0,173.0,-196.0,495.0,703.0,-210.0
-128.0,164.0,-192.0,446.0,710.0,-209.0
-122.0,144.0,-194.0,415.0,708.0,-202.0
-124.0,143.0,-191.0,409.0,700.0,-178.0
-112.0,134.0,-193.0,393.0,675.0,-144.0
-107.0,125.0,-192.0,391.0,638.0,-115.0
-111.0,119.0,-182.0,373.0,598.0,-95.0
-99.0,103.0,-177.0,354.0,557.0,-94.0
-100.0,103.0,-172.0,336.0,541.0,-90.0
-85.0,114.0,-179.0,330.0,541.0,-74.0
-83.0,115.0,-178.0,307.0,538.0,-57.0
-81.0,110.0,-181.0,270.0,523.0,-40.0
-82.0,122.0,-172.0,228.0,514.0,-22.0
-86.0,128.0,-177.0,218.0,501.0,-5.0
-92.0,136.0,-190.0,219.0,474.0,3.0
-88.0,129.0,-200.0,211.0,415.0,7.0
-94.0,140.0,-215.0,198.0,341.0,8.0
-95.0,136.0,-222.0,190.0,263.0,-3.0
-101.0,130.0,-228.0,190.0,186.0,-19.0
-105.0,131.0,-222.0,191.0,124.0,-34.0
-98.0,131.0,-226.0,188.0,75.0,-45.0
-106.0,134.0,-229.0,182.0,39.0,-54.0
-122.0,156.0,-235.0,168.0,6.0,-56.0
-100.0,139.0,-225.0,146.0,-25.0,-53.0
-103.0,115.0,-229.0,152.0,-43.0,-46.0
-100.0,96.0,-237.0,148.0,-47.0,-47.0
-77.0,64.0,-242.0,142.0,-47.0,-47.0
-77.0,48.0,-244.0,129.0,-45.0,-49.0
-76.0,43.0,-243.0,117.0,-47.0,-55.0
-82.0,43.0,-235.0,107.0,-50.0,-62.0
-83.0,39.0,-237.0,103.0,-50.0,-68.0
-91.0,40.0,-235.0,101.0,-47.0,-74.0
-98.0,43.0,-240.0,106.0,-38.0,-84.0
-92.0,42.0,-233.0,106.0,-21.0,-94.0
-85.0,47.0,-234.0,110.0,-1.0,-99.0
-91.0,39.0,-224.0,121.0,21.0,-100.0
-97.0,57.0,-237.0,131.0,45.0,-98.0
-84.0,61.0,-240.0,140.0,69.0,-93.0
-88.0,51.0,-233.0,147.0,90.0,-91.0
-96.0,53.0,-231.0,152.0,109.0,-84.0
-89.0,47.0,-237.0,151.0,134.0,-79.0
-96.0,83.0,-242.0,127.0,161.0,-72.0
-95.0,88.0,-229.0,112.0,196.0,-60.0
-81.0,74.0,-219.0,114.0,241.0,-42.0
-65.0,35.0,-221.0,142.0,286.0,-30.0
-68.0,-19.0,-237.0,172.0,302.0,-39.0
-97.0,-62.0,-248.0,180.0,289.0,-49.0
-113.0,-51.0,-230.0,163.0,271.0,-50.0
-108.0,-27.0,-218.0,155.0,280.0,-34.0
-84.0,5.0,-212.0,179.0,316.0,-10.0
-64.0,29.0,-215.0,232.0,349.0,3.0
-64.0,37.0,-220.0,271.0,348.0,4.0
-67.0,33.0,-221.0,285.0,329.0,4.0
-71.0,26.0,-226.0,283.0,305.0,4.0
-70.0,28.0,-230.0,277.0,284.0,7.0
-77.0,17.0,-226.0,269.0,277.0,10.0
-71.0,23.0,-232.0,275.0,278.0,13.0
-73.0,19.0,-240.0,289.0,276.0,15.0
-71.0,17.0,-248.0,300.0,267.0,16.0
-71.0,23.0,-248.0,302.0,260.0,17.0
-70.0,16.0,-253.0,306.0,249.0,15.0
-73.0,14.0,-251.0,303.0,244.0,16.0
-70.0,19.0,-245.0,292.0,247.0,19.0
-75.0,22.0,-249.0,289.0,252.0,16.0
-72.0,21.0,-246.0,291.0,253.0,15.0
-73.0,27.0,-248.0,293.0,249.0,12.0
-77.0,33.0,-247.0,298.0,243.0,12.0
-70.0,31.0,-249.0,293.0,238.0,11.0
-69.0,29.0,-245.0,289.0,229.0,13.0
-67.0,32.0,-243.0,287.0,221.0,13.0
-69.0,30.0,-246.0,285.0,217.0,14.0
-72.0,31.0,-246.0,280.0,211.0,12.0
-67.0,26.0,-241.0,269.0,204.0,14.0
-69.0,17.0,-247.0,273.0,194.0,14.0
-64.0,22.0,-249.0,269.0,182.0,16.0
-63.0,22.0,-249.0,264.0,155.0,14.0
-63.0,14.0,-255.0,261.0,121.0,6.0
-64.0,18.0,-255.0,240.0,86.0,1.0
-60.0,20.0,-257.0,226.0,53.0,-4.0
-63.0,17.0,-250.0,206.0,18.0,-14.0
-62.0,17.0,-250.0,189.0,-14.0,-20.0
-56.0,19.0,-216.0,177.0,-51.0,-24.0
-66.0,22.0,-234.0,203.0,-117.0,-24.0
-84.0,33.0,-247.0,200.0,-176.0,-16.0
-89.0,11.0,-240.0,173.0,-133.0,-8.0
-92.0,9.0,-246.0,154.0,-35.0,-4.0
-88.0,11.0,-243.0,129.0,44.0,0.0
-66.0,20.0,-221.0,118.0,64.0,5.0
-51.0,21.0,-208.0,134.0,45.0,6.0
-46.0,5.0,-212.0,172.0,10.0,0.0
-67.0,-3.0,-215.0,208.0,-4.0,-7.0
-79.0,-4.0,-216.0,228.0,10.0,-10.0
-80.0,-4.0,-222.0,238.0,45.0,-11.0
-79.0,-1.0,-230.0,238.0,83.0,-15.0
-71.0,0.0,-242.0,223.0,114.0,-19.0
-69.0,7.0,-237.0,201.0,120.0,-23.0
-68.0,17.0,-229.0,178.0,104.0,-27.0
-67.0,17.0,-233.0,159.0,74.0,-26.0
-67.0,17.0,-236.0,146.0,45.0,-23.0
-66.0,14.0,-231.0,129.0,22.0,-20.0
-78.0,19.0,-226.0,110.0,10.0,-18.0
-72.0,19.0,-235.0,96.0,13.0,-16.0
-78.0,23.0,-240.0,89.0,24.0,-13.0
-80.0,23.0,-244.0,85.0,37.0,-11.0
-77.0,28.0,-243.0,84.0,46.0,-11.0
-75.0,27.0,-250.0,85.0,53.0,-6.0
-75.0,25.0,-251.0,81.0,58.0,-4.0
-72.0,25.0,-252.0,74.0,60.0,-5.0
-70.0,23.0,-257.0,64.0,60.0,-3.0
-72.0,22.0,-253.0,56.0,58.0,-2.0
-69.0,22.0,-260.0,48.0,52.0,-2.0
-76.0,24.0,-254.0,40.0,40.0,-2.0
-73.0,25.0,-259.0,34.0,27.0,-2.0
-74.0,25.0,-254.0,28.0,14.0,0.0
-73.0,24.0,-250.0,25.0,4.0,-1.0
-74.0,26.0,-251.0,24.0,-3.0,0.0
-70.0,22.0,-243.0,24.0,-7.0,0.0
-69.0,22.0,-246.0,26.0,-7.0,-2.0
-72.0,24.0,-240.0,29.0,-8.0,-3.0
-70.0,21.0,-242.0,34.0,-9.0,-3.0
-66.0,21.0,-233.0,38.0,-9.0,-5.0
-65.0,20.0,-236.0,41.0,-8.0,-6.0
-64.0,23.0,-224.0,45.0,-7.0,-7.0
-68.0,20.0,-232.0,52.0,-6.0,-9.0
-69.0,22.0,-233.0,60.0,-3.0,-9.0
-68.0,23.0,-230.0,67.0,1.0,-9.0
-70.0,23.0,-234.0,74.0,6.0,-10.0
-67.0,19.0,-236.0,84.0,13.0,-9.0
-67.0,19.0,-233.0,91.0,20.0,-10.0
-72.0,16.0,-229.0,95.0,27.0,-9.0
-73.0,21.0,-232.0,98.0,32.0,-8.0
-70.0,14.0,-230.0,99.0,42.0,-7.0
-70.0,18.0,-229.0,99.0,51.0,-6.0
-70.0,22.0,-241.0,100.0,59.0,-7.0
-69.0,14.0,-236.0,101.0,67.0,-8.0
-72.0,18.0,-235.0,103.0,74.0,-6.0
-69.0,17.0,-233.0,103.0,81.0,-5.0
-69.0,19.0,-234.0,101.0,84.0,-5.0
-67.0,21.0,-232.0,100.0,86.0,-4.0
-69.0,18.0,-235.0,99.0,86.0,-4.0
-67.0,19.0,-232.0,97.0,86.0,-5.0
-70.0,19.0,-230.0,97.0,85.0,-6.0
-69.0,22.0,-241.0,98.0,85.0,-6.0
-68.0,18.0,-235.0,99.0,85.0,-7.0
-71.0,12.0,-236.0,102.0,83.0,-6.0
-67.0,20.0,-239.0,102.0,81.0,-6.0
-68.0,20.0,-237.0,104.0,80.0,-5.0
-66.0,17.0,-237.0,102.0,78.0,-4.0
-64.0,19.0,-239.0,101.0,74.0,-6.0
-66.0,19.0,-240.0,96.0,70.0,-7.0
-65.0,19.0,-239.0,93.0,67.0,-9.0
-66.0,22.0,-244.0,92.0,64.0,-9.0
-66.0,21.0,-246.0,91.0,60.0,-11.0
-64.0,17.0,-243.0,89.0,55.0,-12.0
-71.0,17.0,-241.0,86.0,51.0,-12.0
-71.0,15.0,-242.0,80.0,48.0,-11.0
-72.0,21.0,-245.0,74.0,46.0,-10.0
-70.0,17.0,-244.0,69.0,43.0,-12.0
-70.0,18.0,-245.0,67.0,42.0,-10.0
-68.0,16.0,-243.0,67.0,40.0,-11.0
-69.0,18.0,-247.0,66.0,40.0,-9.0
-67.0,15.0,-247.0,61.0,39.0,-9.0
-70.0,18.0,-251.0,55.0,36.0,-8.0
-65.0,15.0,-246.0,48.0,34.0,-7.0
-68.0,15.0,-243.0,42.0,31.0,-8.0
-66.0,11.0,-232.0,38.0,29.0,-7.0
-69.0,16.0,-245.0,36.0,27.0,-7.0
-68.0,14.0,-241.0,32.0,22.0,-7.0
-67.0,15.0,-238.0,32.0,22.0,-6.0
-66.0,19.0,-241.0,31.0,20.0,-6.0
-71.0,18.0,-239.0,30.0,19.0,-7.0
-65.0,16.0,-242.0,29.0,18.0,-7.0
-69.0,19.0,-245.0,31.0,18.0,-7.0
-68.0,14.0,-239.0,32.0,19.0,-8.0
-66.0,18.0,-238.0,33.0,17.0,-9.0
-69.0,18.0,-240.0,35.0,17.0,-9.0
-64.0,26.0,-238.0,36.0,16.0,-9.0
-66.0,19.0,-236.0,37.0,15.0,-7.0
-68.0,17.0,-236.0,38.0,14.0,-9.0
-68.0,18.0,-238.0,38.0,12.0,-7.0
-64.0,19.0,-235.0,40.0,11.0,-9.0
-65.0,16.0,-236.0,41.0,9.0,-8.0
-65.0,18.0,-236.0,42.0,8.0,-10.0
-66.0,15.0,-236.0,41.0,6.0,-10.0
-68.0,14.0,-241.0,42.0,4.0,-12.0
-65.0,19.0,-234.0,43.0,4.0,-11.0
-65.0,16.0,-239.0,43.0,3.0,-12.0
-68.0,18.0,-237.0,43.0,2.0,-12.0
-66.0,18.0,-239.0,43.0,2.0,-12.0
-66.0,18.0,-239.0,44.0,1.0,-11.0
-67.0,18.0,-237.0,44.0,2.0,-12.0
-66.0,18.0,-236.0,44.0,2.0,-12.0
-71.0,20.0,-240.0,43.0,1.0,-13.0
-67.0,19.0,-238.0,41.0,1.0,-13.0
-69.0,21.0,-238.0,39.0,1.0,-12.0
-70.0,23.0,-241.0,37.0,1.0,-10.0
-68.0,17.0,-238.0,34.0,1.0,-10.0
-68.0,16.0,-237.0,35.0,2.0,-9.0
-69.0,15.0,-244.0,35.0,2.0,-11.0
-66.0,19.0,-241.0,34.0,3.0,-11.0
-68.0,19.0,-240.0,36.0,5.0,-10.0
-68.0,17.0,-239.0,34.0,6.0,-9.0
-69.0,20.0,-237.0,34.0,7.0,-9.0
-69.0,19.0,-241.0,32.0,8.0,-9.0
-70.0,19.0,-233.0,30.0,9.0,-9.0
-66.0,20.0,-239.0,28.0,11.0,-9.0
-68.0,17.0,-241.0,27.0,12.0,-9.0
-68.0,16.0,-241.0,26.0,14.0,-8.0
-69.0,18.0,-240.0,25.0,18.0,-7.0
-69.0,21.0,-236.0,25.0,17.0,-6.0
-67.0,21.0,-240.0,27.0,18.0,-7.0
-69.0,19.0,-242.0,30.0,19.0,-7.0
-68.0,17.0,-239.0,32.0,21.0,-6.0
-68.0,19.0,-238.0,34.0,22.0,-7.0
-68.0,22.0,-234.0,36.0,23.0,-7.0
-66.0,17.0,-240.0,37.0,24.0,-6.0
-68.0,17.0,-239.0,36.0,24.0,-6.0
-66.0,15.0,-243.0,37.0,27.0,-7.0
-68.0,19.0,-235.0,39.0,27.0,-7.0
-67.0,20.0,-240.0,39.0,28.0,-7.0
-66.0,14.0,-244.0,40.0,30.0,-7.0
-66.0,19.0,-236.0,41.0,31.0,-8.0
-65.0,17.0,-238.0,44.0,33.0,-6.0
-69.0,18.0,-244.0,45.0,33.0,-6.0
-66.0,20.0,-240.0,46.0,33.0,-7.0
-66.0,19.0,-240.0,46.0,35.0,-8.0
-65.0,18.0,-238.0,46.0,35.0,-6.0
-68.0,19.0,-239.0,48.0,36.0,-7.0
-67.0,14.0,-239.0,47.0,37.0,-7.0
-66.0,15.0,-238.0,49.0,38.0,-7.0
-67.0,19.0,-240.0,50.0,39.0,-7.0
-71.0,24.0,-243.0,50.0,38.0,-8.0
-67.0,20.0,-238.0,51.0,38.0,-7.0
-65.0,22.0,-238.0,51.0,37.0,-8.0
-66.0,17.0,-240.0,50.0,37.0,-7.0
-66.0,18.0,-238.0,47.0,36.0,-6.0
-66.0,20.0,-240.0,43.0,36.0,-6.0
-65.0,19.0,-237.0,42.0,36.0,-8.0
-69.0,21.0,-241.0,42.0,36.0,-8.0
-65.0,17.0,-239.0,45.0,37.0,-8.0
-66.0,19.0,-244.0,48.0,36.0,-7.0
-66.0,16.0,-245.0,53.0,35.0,-9.0
-68.0,19.0,-248.0,53.0,33.0,-8.0
-65.0,18.0,-240.0,51.0,31.0,-8.0
-68.0,17.0,-245.0,51.0,28.0,-9.0
-64.0,17.0,-237.0,48.0,28.0,-8.0
-67.0,18.0,-242.0,46.0,27.0,-7.0
-65.0,20.0,-238.0,47.0,25.0,-8.0
-67.0,15.0,-242.0,47.0,24.0,-11.0
-65.0,19.0,-242.0,48.0,22.0,-9.0
-68.0,15.0,-235.0,48.0,18.0,-9.0
-64.0,18.0,-241.0,45.0,17.0,-8.0
-69.0,22.0,-232.0,42.0,15.0,-7.0
-65.0,19.0,-237.0,41.0,17.0,-9.0
