35.0,-196.0,-52.0,205.0,-826.0,-414.0
24.0,-198.0,-52.0,215.0,-829.0,-390.0
22.0,-202.0,-50.0,214.0,-831.0,-363.0
15.0,-198.0,-50.0,204.0,-836.0,-335.0
6.0,-199.0,-56.0,194.0,-836.0,-302.0
6.0,-205.0,-56.0,189.0,-827.0,-259.0
9.0,-209.0,-54.0,188.0,-806.0,-217.0
10.0,-212.0,-55.0,188.0,-775.0,-178.0
11.0,-217.0,-53.0,189.0,-738.0,-140.0
17.0,-218.0,-52.0,192.0,-697.0,-107.0
17.0,-217.0,-59.0,193.0,-654.0,-81.0
26.0,-224.0,-62.0,187.0,-604.0,-61.0
34.0,-223.0,-60.0,176.0,-552.0,-44.0
44.0,-225.0,-61.0,165.0,-496.0,-41.0
52.0,-225.0,-55.0,155.0,-435.0,-34.0
55.0,-231.0,-55.0,147.0,-375.0,-30.0
62.0,-230.0,-55.0,132.0,-311.0,-22.0
66.0,-227.0,-61.0,113.0,-249.0,-18.0
69.0,-230.0,-67.0,92.0,-189.0,-11.0
70.0,-229.0,-56.0,69.0,-133.0,-7.0
68.0,-232.0,-52.0,50.0,-88.0,-1.0
66.0,-231.0,-55.0,31.0,-52.0,7.0
64.0,-233.0,-46.0,17.0,-21.0,17.0
63.0,-240.0,-42.0,10.0,8.0,28.0
60.0,-242.0,-40.0,7.0,32.0,40.0
61.0,-243.0,-32.0,7.0,56.0,55.0
50.0,-247.0,-34.0,12.0,76.0,69.0
46.0,-246.0,-31.0,22.0,90.0,87.0
42.0,-248.0,-30.0,34.0,100.0,104.0
37.0,-250.0,-30.0,47.0,107.0,123.0
34.0,-247.0,-29.0,60.0,112.0,139.0
26.0,-247.0,-32.0,66.0,114.0,158.0
26.0,-249.0,-33.0,68.0,113.0,172.0
23.0,-248.0,-33.0,67.0,112.0,182.0
17.0,-248.0,-34.0,62.0,108.0,192.0
20.0,-249.0,-38.0,56.0,100.0,200.0
10.0,-249.0,-36.0,54.0,93.0,206.0
16.0,-250.0,-40.0,46.0,88.0,210.0
16.0,-252.0,-36.0,40.0,87.0,212.0
18.0,-250.0,-36.0,34.0,84.0,209.0
24.0,-253.0,-34.0,27.0,88.0,206.0
20.0,-253.0,-32.0,21.0,95.0,200.0
24.0,-252.0,-35.0,16.0,101.0,191.0
20.0,-246.0,-31.0,12.0,111.0,182.0
25.0,-248.0,-30.0,9.0,122.0,171.0
25.0,-245.0,-28.0,6.0,134.0,161.0
22.0,-240.0,-27.0,5.0,144.0,150.0
23.0,-244.0,-26.0,5.0,154.0,139.0
21.0,-242.0,-23.0,5.0,165.0,130.0
21.0,-240.0,-25.0,2.0,174.0,120.0
19.0,-240.0,-26.0,3.0,184.0,111.0
22.0,-243.0,-24.0,2.0,196.0,102.0
21.0,-246.0,-19.0,4.0,209.0,94.0
23.0,-244.0,-26.0,6.0,224.0,86.0
26.0,-243.0,-26.0,5.0,235.0,75.0
25.0,-239.0,-21.0,2.0,244.0,63.0
23.0,-239.0,-21.0,-1.0,250.0,54.0
24.0,-237.0,-20.0,-1.0,255.0,46.0
23.0,-233.0,-19.0,1.0,259.0,40.0
20.0,-232.0,-19.0,2.0,262.0,34.0
20.0,-232.0,-13.0,5.0,267.0,29.0
18.0,-230.0,-14.0,6.0,271.0,24.0
17.0,-233.0,-9.0,7.0,276.0,19.0
15.0,-233.0,-7.0,9.0,282.0,14.0
19.0,-238.0,-2.0,14.0,289.0,8.0
17.0,-236.0,-5.0,21.0,299.0,1.0
19.0,-234.0,-3.0,28.0,305.0,-7.0
19.0,-235.0,-6.0,38.0,314.0,-15.0
21.0,-231.0,-5.0,51.0,320.0,-22.0
9.0,-237.0,-6.0,63.0,327.0,-22.0
-7.0,-244.0,-13.0,70.0,331.0,-7.0
2.0,-265.0,-38.0,61.0,324.0,19.0
7.0,-286.0,-64.0,13.0,308.0,18.0
14.0,-290.0,-84.0,-90.0,280.0,2.0
4.0,-286.0,-75.0,-182.0,249.0,-19.0
1.0,-273.0,-46.0,-184.0,221.0,-33.0
5.0,-263.0,-14.0,-104.0,207.0,-40.0
19.0,-256.0,20.0,12.0,227.0,-36.0
31.0,-249.0,39.0,136.0,279.0,-21.0
48.0,-248.0,37.0,234.0,339.0,-7.0
53.0,-248.0,32.0,282.0,390.0,7.0
65.0,-249.0,17.0,286.0,425.0,20.0
63.0,-250.0,2.0,273.0,448.0,33.0
65.0,-259.0,-9.0,249.0,466.0,48.0
64.0,-262.0,-11.0,223.0,485.0,64.0
63.0,-265.0,-11.0,192.0,503.0,74.0
50.0,-268.0,-10.0,150.0,514.0,94.0
42.0,-280.0,-15.0,103.0,520.0,123.0
38.0,-291.0,-18.0,52.0,529.0,159.0
30.0,-300.0,-32.0,1.0,532.0,194.0
15.0,-317.0,-52.0,-63.0,519.0,232.0
3.0,-317.0,-66.0,-139.0,487.0,264.0
-10.0,-308.0,-68.0,-206.0,429.0,296.0
-17.0,-307.0,-73.0,-247.0,371.0,330.0
-31.0,-300.0,-63.0,-244.0,322.0,362.0
-39.0,-300.0,-55.0,-204.0,291.0,393.0
-43.0,-285.0,-40.0,-147.0,273.0,423.0
-52.0,-273.0,-17.0,-80.0,249.0,434.0
-42.0,-271.0,-32.0,-23.0,217.0,439.0
-32.0,-263.0,-47.0,21.0,183.0,431.0
-40.0,-251.0,-40.0,40.0,150.0,416.0
-18.0,-238.0,-50.0,39.0,117.0,388.0
-2.0,-233.0,-53.0,27.0,84.0,352.0
1.0,-224.0,-60.0,12.0,63.0,315.0
11.0,-224.0,-62.0,-4.0,44.0,278.0
8.0,-236.0,-61.0,-22.0,26.0,247.0
15.0,-225.0,-58.0,-41.0,12.0,218.0
29.0,-225.0,-53.0,-56.0,5.0,194.0
35.0,-232.0,-51.0,-71.0,3.0,173.0
39.0,-230.0,-59.0,-86.0,5.0,157.0
45.0,-232.0,-47.0,-95.0,11.0,147.0
43.0,-232.0,-53.0,-103.0,24.0,144.0
44.0,-234.0,-52.0,-106.0,37.0,147.0
43.0,-238.0,-43.0,-107.0,41.0,154.0
42.0,-235.0,-33.0,-107.0,42.0,165.0
36.0,-232.0,-22.0,-107.0,38.0,179.0
32.0,-232.0,-28.0,-109.0,23.0,189.0
30.0,-225.0,-28.0,-114.0,1.0,197.0
28.0,-224.0,-29.0,-115.0,-26.0,203.0
25.0,-226.0,-34.0,-120.0,-59.0,201.0
23.0,-242.0,-35.0,-133.0,-98.0,193.0
19.0,-226.0,-35.0,-152.0,-140.0,181.0
10.0,-226.0,-34.0,-167.0,-190.0,163.0
6.0,-228.0,-30.0,-180.0,-243.0,145.0
0.0,-241.0,-35.0,-190.0,-300.0,125.0
-17.0,-245.0,-36.0,-200.0,-363.0,107.0
-8.0,-243.0,-31.0,-207.0,-424.0,88.0
-8.0,-240.0,-45.0,-216.0,-483.0,71.0
-27.0,-231.0,-30.0,-222.0,-537.0,56.0
-23.0,-237.0,-45.0,-225.0,-593.0,44.0
-17.0,-234.0,-28.0,-225.0,-644.0,35.0
-29.0,-235.0,-36.0,-228.0,-692.0,26.0
-25.0,-236.0,-36.0,-232.0,-736.0,20.0
-23.0,-237.0,-36.0,-237.0,-771.0,13.0
-17.0,-241.0,-34.0,-243.0,-803.0,5.0
-12.0,-247.0,-36.0,-253.0,-834.0,-5.0
-6.0,-245.0,-40.0,-264.0,-860.0,-16.0
2.0,-244.0,-46.0,-274.0,-881.0,-27.0
8.0,-239.0,-44.0,-279.0,-894.0,-37.0
14.0,-235.0,-50.0,-285.0,-899.0,-48.0
22.0,-234.0,-54.0,-290.0,-898.0,-59.0
23.0,-233.0,-53.0,-296.0,-894.0,-66.0
35.0,-223.0,-52.0,-303.0,-886.0,-69.0
35.0,-225.0,-55.0,-311.0,-879.0,-73.0
43.0,-217.0,-57.0,-322.0,-872.0,-69.0
42.0,-229.0,-51.0,-329.0,-869.0,-63.0
25.0,-232.0,-63.0,-332.0,-868.0,-50.0
32.0,-237.0,-43.0,-331.0,-871.0,-36.0
22.0,-235.0,-42.0,-323.0,-877.0,-19.0
21.0,-240.0,-40.0,-317.0,-891.0,1.0
11.0,-240.0,-43.0,-312.0,-907.0,19.0
12.0,-241.0,-41.0,-307.0,-933.0,35.0
6.0,-237.0,-43.0,-303.0,-964.0,50.0
-1.0,-239.0,-39.0,-300.0,-1002.0,59.0
-3.0,-235.0,-41.0,-297.0,-1044.0,67.0
-10.0,-234.0,-42.0,-298.0,-1091.0,70.0
-11.0,-226.0,-40.0,-302.0,-1143.0,69.0
-27.0,-230.0,-46.0,-306.0,-1195.0,68.0
-27.0,-215.0,-49.0,-312.0,-1247.0,65.0
-21.0,-211.0,-55.0,-318.0,-1293.0,60.0
-21.0,-212.0,-55.0,-318.0,-1340.0,56.0
-26.0,-202.0,-54.0,-318.0,-1386.0,47.0
-28.0,-203.0,-51.0,-314.0,-1429.0,39.0
-28.0,-195.0,-51.0,-310.0,-1470.0,31.0
-31.0,-199.0,-45.0,-301.0,-1510.0,24.0
-34.0,-195.0,-47.0,-290.0,-1548.0,16.0
-37.0,-203.0,-46.0,-277.0,-1585.0,9.0
-36.0,-202.0,-38.0,-261.0,-1617.0,3.0
-35.0,-194.0,-39.0,-239.0,-1646.0,4.0
-36.0,-201.0,-28.0,-216.0,-1672.0,4.0
-39.0,-207.0,-22.0,-191.0,-1696.0,0.0
-37.0,-206.0,-21.0,-160.0,-1714.0,-2.0
-40.0,-199.0,-10.0,-130.0,-1730.0,-2.0
-36.0,-206.0,-11.0,-97.0,-1743.0,-5.0
-40.0,-198.0,-13.0,-66.0,-1757.0,-9.0
-29.0,-196.0,-17.0,-40.0,-1771.0,-17.0
-21.0,-190.0,-4.0,-17.0,-1785.0,-29.0
-16.0,-188.0,-6.0,1.0,-1795.0,-43.0
-11.0,-185.0,-9.0,19.0,-1802.0,-64.0
-8.0,-182.0,-10.0,33.0,-1808.0,-89.0
-8.0,-180.0,-10.0,45.0,-1818.0,-113.0
9.0,-168.0,-17.0,52.0,-1831.0,-134.0
-9.0,-164.0,-20.0,57.0,-1850.0,-155.0
-12.0,-176.0,-20.0,55.0,-1874.0,-171.0
-7.0,-175.0,-16.0,48.0,-1899.0,-182.0
-2.0,-177.0,-16.0,43.0,-1922.0,-187.0
0.0,-178.0,-28.0,38.0,-1946.0,-189.0
5.0,-182.0,-32.0,34.0,-1970.0,-188.0
9.0,-183.0,-29.0,28.0,-1990.0,-185.0
9.0,-186.0,-38.0,17.0,-2001.0,-177.0
19.0,-192.0,-47.0,-4.0,-1998.0,-164.0
29.0,-203.0,-59.0,-37.0,-1981.0,-151.0
41.0,-205.0,-69.0,-81.0,-1952.0,-136.0
51.0,-210.0,-70.0,-128.0,-1911.0,-121.0
54.0,-212.0,-65.0,-171.0,-1865.0,-106.0
54.0,-221.0,-66.0,-202.0,-1821.0,-91.0
56.0,-219.0,-56.0,-216.0,-1782.0,-74.0
49.0,-221.0,-58.0,-211.0,-1746.0,-60.0
43.0,-225.0,-53.0,-194.0,-1711.0,-46.0
34.0,-223.0,-49.0,-175.0,-1681.0,-33.0
25.0,-222.0,-44.0,-157.0,-1656.0,-24.0
19.0,-221.0,-41.0,-138.0,-1636.0,-16.0
8.0,-225.0,-37.0,-118.0,-1621.0,-10.0
-2.0,-219.0,-32.0,-97.0,-1610.0,-4.0
-9.0,-223.0,-29.0,-76.0,-1602.0,5.0
-8.0,-219.0,-23.0,-54.0,-1592.0,14.0
-16.0,-226.0,-21.0,-29.0,-1584.0,18.0
-21.0,-229.0,-16.0,0.0,-1583.0,16.0
-23.0,-225.0,-15.0,27.0,-1587.0,12.0
-19.0,-223.0,-15.0,43.0,-1598.0,4.0
-17.0,-213.0,-6.0,47.0,-1611.0,-4.0
-15.0,-207.0,-17.0,43.0,-1632.0,-16.0
-4.0,-203.0,-17.0,34.0,-1656.0,-30.0
1.0,-194.0,-17.0,14.0,-1682.0,-45.0
7.0,-190.0,-20.0,-20.0,-1714.0,-59.0
22.0,-187.0,-29.0,-72.0,-1745.0,-76.0
32.0,-183.0,-45.0,-149.0,-1774.0,-96.0
44.0,-172.0,-58.0,-241.0,-1804.0,-123.0
52.0,-160.0,-73.0,-343.0,-1834.0,-150.0
58.0,-157.0,-79.0,-442.0,-1868.0,-171.0
45.0,-159.0,-64.0,-534.0,-1912.0,-188.0
41.0,-165.0,-56.0,-608.0,-1991.0,-214.0
57.0,-166.0,-60.0,-668.0,-2049.0,-240.0
61.0,-173.0,-42.0,-707.0,-2008.0,-245.0
65.0,-178.0,-30.0,-702.0,-1925.0,-248.0
69.0,-176.0,-31.0,-685.0,-1835.0,-256.0
64.0,-193.0,-7.0,-686.0,-1743.0,-266.0
57.0,-193.0,5.0,-621.0,-1659.0,-255.0
52.0,-178.0,-19.0,-531.0,-1611.0,-229.0
58.0,-177.0,-26.0,-491.0,-1569.0,-198.0
57.0,-174.0,-30.0,-477.0,-1523.0,-170.0
62.0,-163.0,-37.0,-463.0,-1485.0,-149.0
73.0,-146.0,-51.0,-475.0,-1452.0,-137.0
67.0,-141.0,-54.0,-533.0,-1401.0,-115.0
69.0,-142.0,-56.0,-615.0,-1383.0,-91.0
62.0,-125.0,-67.0,-711.0,-1396.0,-81.0
59.0,-130.0,-48.0,-823.0,-1417.0,-72.0
57.0,-131.0,-39.0,-882.0,-1446.0,-63.0
37.0,-145.0,-19.0,-914.0,-1481.0,-73.0
13.0,-128.0,-31.0,-899.0,-1516.0,-72.0
18.0,-150.0,-31.0,-884.0,-1539.0,-42.0
13.0,-156.0,-48.0,-806.0,-1549.0,-25.0
7.0,-161.0,-62.0,-694.0,-1546.0,-11.0
-1.0,-158.0,-79.0,-630.0,-1543.0,14.0
-5.0,-146.0,-93.0,-627.0,-1564.0,46.0
-1.0,-142.0,-118.0,-669.0,-1628.0,72.0
1.0,-130.0,-144.0,-725.0,-1746.0,93.0
7.0,-120.0,-146.0,-784.0,-1888.0,113.0
12.0,-112.0,-142.0,-844.0,-2030.0,135.0
10.0,-106.0,-138.0,-905.0,-2161.0,151.0
0.0,-102.0,-127.0,-987.0,-2284.0,165.0
-5.0,-100.0,-132.0,-1073.0,-2397.0,181.0
-2.0,-98.0,-147.0,-1144.0,-2475.0,197.0
1.0,-100.0,-156.0,-1183.0,-2515.0,211.0
3.0,-105.0,-175.0,-1182.0,-2542.0,225.0
9.0,-107.0,-199.0,-1168.0,-2583.0,240.0
8.0,-112.0,-207.0,-1170.0,-2635.0,261.0
7.0,-118.0,-208.0,-1189.0,-2691.0,287.0
6.0,-119.0,-209.0,-1211.0,-2753.0,322.0
-2.0,-128.0,-210.0,-1247.0,-2822.0,368.0
-5.0,-137.0,-210.0,-1300.0,-2896.0,429.0
-17.0,-146.0,-203.0,-1352.0,-2956.0,495.0
-19.0,-155.0,-204.0,-1391.0,-3042.0,567.0
-18.0,-165.0,-202.0,-1410.0,-3160.0,638.0
-15.0,-176.0,-206.0,-1432.0,-3288.0,692.0
-21.0,-191.0,-217.0,-1414.0,-3425.0,739.0
-33.0,-209.0,-226.0,-1335.0,-3584.0,779.0
-58.0,-227.0,-231.0,-1222.0,-3762.0,820.0
-100.0,-247.0,-223.0,-1091.0,-3967.0,866.0
-134.0,-265.0,-214.0,-956.0,-4180.0,922.0
-175.0,-279.0,-186.0,-853.0,-4380.0,982.0
-198.0,-289.0,-159.0,-763.0,-4574.0,1068.0
-224.0,-288.0,-133.0,-674.0,-4789.0,1170.0
-257.0,-270.0,-115.0,-582.0,-5027.0,1262.0
-279.0,-241.0,-102.0,-505.0,-5253.0,1357.0
-287.0,-205.0,-100.0,-477.0,-5452.0,1441.0
-270.0,-174.0,-99.0,-478.0,-5621.0,1507.0
-243.0,-139.0,-92.0,-484.0,-5770.0,1529.0
-217.0,-109.0,-84.0,-492.0,-5899.0,1535.0
-190.0,-83.0,-77.0,-517.0,-6006.0,1554.0
-172.0,-74.0,-51.0,-553.0,-6117.0,1569.0
-153.0,-82.0,-23.0,-579.0,-6217.0,1597.0
-148.0,-100.0,-16.0,-572.0,-6281.0,1640.0
-134.0,-133.0,-6.0,-565.0,-6293.0,1720.0
-117.0,-161.0,8.0,-568.0,-6221.0,1839.0
-104.0,-193.0,9.0,-597.0,-6139.0,1947.0
-83.0,-232.0,-12.0,-635.0,-6116.0,2043.0
-74.0,-274.0,-21.0,-641.0,-6102.0,2149.0
-59.0,-302.0,-17.0,-582.0,-5993.0,2253.0
-72.0,-313.0,0.0,-448.0,-5818.0,2331.0
-112.0,-313.0,10.0,-275.0,-5649.0,2399.0
-119.0,-310.0,27.0,-111.0,-5469.0,2461.0
-142.0,-305.0,54.0,8.0,-5271.0,2507.0
-202.0,-258.0,89.0,154.0,-5081.0,2504.0
-294.0,-322.0,164.0,260.0,-5009.0,2550.0
-419.0,-493.0,254.0,616.0,-4868.0,2624.0
-681.0,-602.0,387.0,1121.0,-4869.0,2769.0
-960.0,-741.0,544.0,1778.0,-5031.0,3125.0
-1326.0,-881.0,679.0,2536.0,-5260.0,3624.0
-1810.0,-930.0,530.0,3262.0,-5373.0,4242.0
-2169.0,-949.0,-136.0,3309.0,-4991.0,5017.0
-2093.0,-1185.0,-737.0,2111.0,-4185.0,5626.0
-916.0,-1334.0,-544.0,634.0,-3738.0,5228.0
-85.0,-966.0,-211.0,378.0,-3927.0,3373.0
329.0,-686.0,86.0,1082.0,-4303.0,2709.0
566.0,-529.0,174.0,2514.0,-4538.0,2854.0
793.0,-296.0,8.0,3905.0,-4875.0,2880.0
517.0,-192.0,-185.0,4851.0,-5296.0,2729.0
184.0,-163.0,-133.0,4590.0,-5555.0,2891.0
65.0,-108.0,211.0,3568.0,-4442.0,3269.0
-244.0,-149.0,568.0,2521.0,-2526.0,3523.0
-634.0,-146.0,726.0,2151.0,-1414.0,3162.0
169.0,22.0,514.0,2716.0,-1761.0,3196.0
264.0,-52.0,223.0,3402.0,-1987.0,3750.0
86.0,-178.0,122.0,3190.0,-1704.0,4027.0
131.0,-94.0,53.0,3323.0,-1201.0,3858.0
62.0,-75.0,16.0,3476.0,-1107.0,3828.0
-293.0,-71.0,162.0,3270.0,-1003.0,3401.0
-434.0,-32.0,353.0,3028.0,-1055.0,2950.0
-425.0,49.0,437.0,3073.0,-1238.0,2801.0
-474.0,99.0,443.0,3115.0,-1527.0,2713.0
-564.0,165.0,359.0,3002.0,-1729.0,2468.0
-560.0,199.0,279.0,2711.0,-1707.0,2347.0
-519.0,257.0,167.0,2339.0,-1499.0,2226.0
-501.0,282.0,99.0,2059.0,-1167.0,2028.0
-498.0,301.0,91.0,1809.0,-1016.0,1611.0
-583.0,292.0,166.0,1513.0,-1002.0,1011.0
-587.0,224.0,204.0,1245.0,-1152.0,422.0
-512.0,156.0,153.0,1092.0,-1320.0,-135.0
-390.0,113.0,91.0,981.0,-1418.0,-641.0
-262.0,92.0,32.0,956.0,-1460.0,-974.0
-169.0,113.0,35.0,1003.0,-1424.0,-1177.0
-120.0,142.0,67.0,1024.0,-1391.0,-1324.0
-114.0,160.0,96.0,968.0,-1431.0,-1402.0
-122.0,162.0,98.0,855.0,-1478.0,-1360.0
-110.0,145.0,107.0,688.0,-1474.0,-1191.0
-112.0,125.0,170.0,458.0,-1387.0,-939.0
-92.0,99.0,220.0,208.0,-1322.0,-656.0
-67.0,66.0,243.0,-14.0,-1382.0,-397.0
-57.0,44.0,257.0,-211.0,-1601.0,-177.0
-44.0,11.0,247.0,-383.0,-1996.0,0.0
-50.0,-17.0,216.0,-447.0,-2464.0,133.0
-59.0,-23.0,165.0,-364.0,-2909.0,245.0
-57.0,-29.0,126.0,-200.0,-3239.0,352.0
-44.0,-3.0,83.0,-7.0,-3422.0,423.0
-17.0,18.0,69.0,228.0,-3387.0,521.0
14.0,48.0,53.0,480.0,-3209.0,624.0
24.0,80.0,87.0,714.0,-2884.0,716.0
8.0,124.0,125.0,892.0,-2572.0,752.0
-6.0,175.0,154.0,1022.0,-2305.0,761.0
-27.0,214.0,178.0,1062.0,-2066.0,700.0
-65.0,258.0,211.0,1002.0,-1816.0,578.0
-83.0,279.0,214.0,879.0,-1541.0,431.0
-88.0,288.0,200.0,711.0,-1237.0,291.0
-94.0,274.0,197.0,522.0,-923.0,156.0
-88.0,249.0,181.0,333.0,-615.0,37.0
-79.0,207.0,169.0,173.0,-340.0,-65.0
-65.0,164.0,165.0,52.0,-112.0,-160.0
-45.0,133.0,163.0,-12.0,43.0,-241.0
-48.0,102.0,165.0,-36.0,127.0,-303.0
-45.0,75.0,171.0,-44.0,146.0,-313.0
-60.0,47.0,184.0,-38.0,87.0,-295.0
-53.0,31.0,184.0,-11.0,-50.0,-259.0
-68.0,34.0,180.0,-2.0,-202.0,-212.0
-66.0,28.0,182.0,-11.0,-365.0,-159.0
-60.0,42.0,172.0,-18.0,-530.0,-112.0
-57.0,63.0,163.0,-43.0,-648.0,-57.0
-70.0,86.0,152.0,-99.0,-729.0,8.0
-59.0,110.0,165.0,-171.0,-799.0,84.0
-53.0,120.0,165.0,-264.0,-849.0,156.0
-40.0,127.0,172.0,-372.0,-874.0,213.0
-46.0,123.0,188.0,-485.0,-872.0,253.0
-29.0,120.0,204.0,-588.0,-859.0,282.0
-30.0,114.0,203.0,-675.0,-824.0,278.0
-8.0,98.0,207.0,-731.0,-757.0,272.0
-8.0,85.0,207.0,-758.0,-666.0,238.0
1.0,76.0,199.0,-762.0,-562.0,199.0
-3.0,72.0,199.0,-758.0,-457.0,159.0
0.0,69.0,195.0,-749.0,-373.0,121.0
-22.0,65.0,198.0,-742.0,-314.0,86.0
-1.0,62.0,195.0,-734.0,-284.0,71.0
-23.0,65.0,203.0,-723.0,-271.0,48.0
-13.0,64.0,205.0,-701.0,-278.0,47.0
-24.0,67.0,208.0,-683.0,-293.0,47.0
-20.0,68.0,212.0,-669.0,-310.0,53.0
-18.0,74.0,214.0,-669.0,-322.0,63.0
-22.0,79.0,229.0,-676.0,-323.0,66.0
-20.0,85.0,230.0,-690.0,-315.0,71.0
-12.0,87.0,238.0,-714.0,-299.0,69.0
-12.0,91.0,248.0,-742.0,-275.0,55.0
-3.0,95.0,250.0,-775.0,-249.0,38.0
0.0,97.0,251.0,-816.0,-217.0,15.0
-7.0,97.0,257.0,-856.0,-186.0,-8.0
-7.0,96.0,259.0,-885.0,-160.0,-35.0
-5.0,94.0,263.0,-902.0,-128.0,-60.0
3.0,90.0,265.0,-917.0,-98.0,-92.0
9.0,85.0,265.0,-922.0,-69.0,-126.0
17.0,76.0,273.0,-920.0,-35.0,-160.0
5.0,70.0,281.0,-910.0,3.0,-189.0
0.0,56.0,291.0,-890.0,39.0,-217.0
-2.0,41.0,292.0,-864.0,80.0,-245.0
-6.0,24.0,298.0,-828.0,128.0,-270.0
-22.0,7.0,305.0,-775.0,180.0,-299.0
-31.0,-9.0,315.0,-716.0,221.0,-327.0
-31.0,-20.0,319.0,-663.0,256.0,-360.0
-23.0,-23.0,321.0,-621.0,300.0,-394.0
-29.0,-26.0,312.0,-591.0,367.0,-422.0
-54.0,-35.0,318.0,-569.0,447.0,-447.0
-66.0,-44.0,321.0,-536.0,512.0,-462.0
-63.0,-49.0,318.0,-476.0,561.0,-467.0
-58.0,-47.0,312.0,-396.0,602.0,-461.0
-66.0,-50.0,301.0,-323.0,661.0,-452.0
-73.0,-44.0,294.0,-262.0,727.0,-441.0
-61.0,-39.0,273.0,-204.0,778.0,-411.0
-42.0,-34.0,258.0,-179.0,837.0,-400.0
-36.0,-32.0,253.0,-177.0,906.0,-398.0
-50.0,-23.0,259.0,-181.0,957.0,-403.0
-54.0,-17.0,253.0,-181.0,995.0,-413.0
-53.0,-5.0,251.0,-168.0,1031.0,-425.0
-61.0,3.0,252.0,-151.0,1064.0,-434.0
-54.0,11.0,253.0,-131.0,1081.0,-450.0
-55.0,23.0,244.0,-115.0,1106.0,-487.0
-69.0,27.0,239.0,-109.0,1158.0,-500.0
-81.0,22.0,232.0,-135.0,1232.0,-478.0
-202.0,47.0,222.0,-263.0,1272.0,-399.0
-236.0,45.0,187.0,-389.0,1307.0,-243.0
-70.0,-6.0,238.0,-537.0,1280.0,-131.0
197.0,-62.0,209.0,-399.0,1347.0,-320.0
175.0,-22.0,226.0,-207.0,1432.0,-708.0
6.0,11.0,189.0,0.0,1477.0,-946.0
-143.0,-8.0,193.0,-55.0,1521.0,-857.0
-195.0,-72.0,217.0,-305.0,1496.0,-512.0
-196.0,-129.0,291.0,-505.0,1403.0,-167.0
-158.0,-180.0,310.0,-359.0,1334.0,39.0
-108.0,-198.0,295.0,-33.0,1288.0,116.0
-98.0,-177.0,285.0,244.0,1294.0,131.0
-136.0,-159.0,255.0,401.0,1313.0,168.0
-158.0,-128.0,219.0,408.0,1314.0,230.0
-279.0,-63.0,165.0,309.0,1294.0,252.0
-218.0,-74.0,182.0,142.0,1296.0,320.0
-226.0,-85.0,189.0,8.0,1299.0,363.0
-204.0,-74.0,169.0,-12.0,1232.0,320.0
-193.0,-61.0,153.0,18.0,1200.0,231.0
-187.0,-51.0,142.0,44.0,1201.0,146.0
-175.0,-45.0,122.0,39.0,1199.0,70.0
-173.0,-44.0,111.0,-8.0,1204.0,-11.0
-158.0,-45.0,109.0,-72.0,1210.0,-89.0
-156.0,-40.0,107.0,-120.0,1207.0,-177.0
-170.0,-31.0,110.0,-155.0,1180.0,-270.0
-168.0,-25.0,111.0,-179.0,1126.0,-352.0
-165.0,-25.0,119.0,-195.0,1072.0,-423.0
-156.0,-29.0,120.0,-183.0,1017.0,-470.0
-158.0,-37.0,124.0,-165.0,966.0,-504.0
-169.0,-51.0,133.0,-152.0,928.0,-520.0
-163.0,-68.0,142.0,-146.0,903.0,-514.0
-150.0,-87.0,149.0,-139.0,871.0,-499.0
-149.0,-102.0,149.0,-121.0,830.0,-481.0
-147.0,-115.0,152.0,-89.0,775.0,-459.0
-154.0,-120.0,148.0,-38.0,717.0,-432.0
-145.0,-122.0,152.0,15.0,656.0,-396.0
-159.0,-127.0,157.0,72.0,610.0,-365.0
-172.0,-122.0,156.0,138.0,560.0,-332.0
-187.0,-112.0,149.0,203.0,522.0,-292.0
-203.0,-104.0,143.0,262.0,495.0,-258.0
-226.0,-98.0,142.0,296.0,460.0,-221.0
-244.0,-87.0,145.0,308.0,421.0,-182.0
-252.0,-80.0,147.0,301.0,388.0,-145.0
-250.0,-73.0,140.0,287.0,358.0,-114.0
-240.0,-69.0,142.0,273.0,344.0,-89.0
-248.0,-75.0,139.0,250.0,334.0,-70.0
-253.0,-74.0,139.0,216.0,324.0,-39.0
-260.0,-74.0,139.0,172.0,296.0,-11.0
-258.0,-72.0,138.0,129.0,263.0,14.0
-256.0,-74.0,129.0,90.0,228.0,34.0
-250.0,-71.0,126.0,55.0,200.0,44.0
-241.0,-70.0,124.0,24.0,183.0,51.0
-240.0,-68.0,127.0,-4.0,161.0,51.0
-233.0,-59.0,128.0,-21.0,139.0,47.0
-227.0,-58.0,127.0,-32.0,114.0,49.0
-230.0,-53.0,130.0,-45.0,102.0,57.0
-229.0,-49.0,136.0,-61.0,87.0,67.0
-233.0,-49.0,141.0,-75.0,61.0,77.0
-228.0,-55.0,143.0,-88.0,38.0,90.0
-226.0,-55.0,149.0,-94.0,14.0,103.0
-221.0,-57.0,157.0,-93.0,-14.0,116.0
-218.0,-54.0,158.0,-88.0,-37.0,127.0
-212.0,-54.0,164.0,-76.0,-51.0,133.0
-211.0,-55.0,169.0,-59.0,-63.0,137.0
-206.0,-51.0,171.0,-36.0,-74.0,138.0
-198.0,-53.0,172.0,-12.0,-82.0,138.0
-199.0,-49.0,175.0,12.0,-85.0,137.0
-201.0,-43.0,176.0,27.0,-93.0,136.0
-194.0,-41.0,177.0,38.0,-101.0,138.0
-189.0,-37.0,172.0,42.0,-113.0,140.0
-185.0,-38.0,176.0,43.0,-124.0,138.0
-187.0,-36.0,176.0,45.0,-136.0,139.0
-184.0,-35.0,176.0,51.0,-154.0,138.0
-177.0,-31.0,172.0,56.0,-177.0,139.0
-176.0,-32.0,172.0,64.0,-193.0,133.0
-170.0,-23.0,170.0,73.0,-210.0,129.0
-170.0,-22.0,170.0,84.0,-228.0,125.0
-170.0,-21.0,166.0,94.0,-248.0,118.0
-169.0,-14.0,166.0,100.0,-271.0,113.0
-171.0,-12.0,170.0,101.0,-290.0,106.0
-168.0,-11.0,172.0,103.0,-312.0,97.0
-169.0,-5.0,173.0,102.0,-336.0,85.0
-167.0,-6.0,173.0,95.0,-353.0,76.0
-165.0,-8.0,174.0,83.0,-362.0,68.0
-165.0,-3.0,179.0,69.0,-367.0,62.0
-167.0,-6.0,181.0,58.0,-377.0,61.0
-165.0,-3.0,183.0,51.0,-384.0,61.0
-160.0,-8.0,186.0,48.0,-389.0,61.0
-159.0,-11.0,191.0,50.0,-393.0,58.0
-155.0,-8.0,195.0,56.0,-394.0,63.0
-153.0,-10.0,200.0,59.0,-389.0,65.0
-155.0,-9.0,203.0,63.0,-381.0,70.0
-150.0,-8.0,205.0,70.0,-371.0,71.0
-152.0,-12.0,208.0,78.0,-369.0,77.0
-136.0,-9.0,203.0,89.0,-369.0,77.0
-139.0,-5.0,208.0,83.0,-346.0,71.0
-135.0,-5.0,209.0,73.0,-318.0,63.0
-132.0,-7.0,211.0,61.0,-289.0,50.0
-129.0,-8.0,216.0,52.0,-264.0,43.0
-132.0,-4.0,215.0,47.0,-243.0,38.0
-130.0,-3.0,212.0,40.0,-222.0,33.0
-132.0,-8.0,218.0,33.0,-200.0,27.0
-127.0,-5.0,214.0,28.0,-179.0,22.0
-129.0,-5.0,214.0,23.0,-157.0,17.0
-126.0,-11.0,212.0,21.0,-133.0,14.0
-124.0,-8.0,214.0,19.0,-113.0,11.0
-122.0,-12.0,206.0,11.0,-91.0,5.0
-124.0,-10.0,212.0,3.0,-64.0,-3.0
-125.0,-9.0,212.0,-2.0,-40.0,-12.0
-123.0,-11.0,213.0,-6.0,-19.0,-19.0
-122.0,-12.0,213.0,-9.0,-3.0,-25.0
-127.0,-14.0,207.0,-12.0,10.0,-32.0
-128.0,-13.0,210.0,-15.0,21.0,-36.0
-126.0,-14.0,209.0,-17.0,30.0,-40.0
-131.0,-14.0,209.0,-22.0,39.0,-42.0
-130.0,-14.0,207.0,-27.0,47.0,-47.0
-132.0,-17.0,201.0,-33.0,56.0,-46.0
-135.0,-13.0,206.0,-36.0,65.0,-48.0
-131.0,-18.0,203.0,-41.0,75.0,-48.0
-136.0,-19.0,199.0,-44.0,86.0,-48.0
-135.0,-22.0,202.0,-48.0,97.0,-47.0
-136.0,-23.0,203.0,-52.0,106.0,-45.0
-137.0,-25.0,200.0,-56.0,113.0,-47.0
-137.0,-26.0,200.0,-62.0,123.0,-46.0
-136.0,-28.0,199.0,-64.0,130.0,-44.0
-141.0,-27.0,198.0,-67.0,137.0,-44.0
-139.0,-29.0,198.0,-67.0,144.0,-44.0
-143.0,-30.0,196.0,-67.0,150.0,-41.0
-146.0,-30.0,197.0,-66.0,154.0,-42.0
-146.0,-30.0,193.0,-65.0,158.0,-41.0
-147.0,-29.0,193.0,-63.0,164.0,-40.0
-147.0,-35.0,192.0,-59.0,171.0,-38.0
-151.0,-32.0,194.0,-55.0,175.0,-36.0
-149.0,-36.0,192.0,-53.0,180.0,-36.0
-152.0,-35.0,197.0,-50.0,187.0,-36.0
-154.0,-36.0,192.0,-48.0,191.0,-35.0
-153.0,-35.0,191.0,-48.0,195.0,-34.0
-155.0,-37.0,187.0,-47.0,197.0,-34.0
-155.0,-39.0,187.0,-49.0,202.0,-34.0
-153.0,-38.0,187.0,-52.0,205.0,-31.0
-159.0,-37.0,184.0,-54.0,210.0,-28.0
-161.0,-39.0,186.0,-55.0,213.0,-30.0
-160.0,-37.0,185.0,-56.0,216.0,-29.0
-160.0,-42.0,186.0,-56.0,217.0,-30.0
-161.0,-41.0,187.0,-55.0,216.0,-32.0
-164.0,-41.0,187.0,-56.0,213.0,-33.0
-162.0,-44.0,184.0,-55.0,211.0,-34.0
-163.0,-41.0,183.0,-53.0,206.0,-34.0
-164.0,-40.0,183.0,-50.0,198.0,-34.0
-165.0,-42.0,189.0,-45.0,192.0,-34.0
-165.0,-40.0,183.0,-39.0,186.0,-33.0
-169.0,-40.0,184.0,-36.0,179.0,-33.0
-168.0,-41.0,182.0,-30.0,172.0,-31.0
-170.0,-37.0,180.0,-26.0,165.0,-30.0
-171.0,-41.0,177.0,-22.0,161.0,-29.0
-169.0,-42.0,180.0,-18.0,156.0,-25.0
-174.0,-40.0,179.0,-15.0,150.0,-20.0
-174.0,-38.0,177.0,-12.0,146.0,-18.0
-174.0,-39.0,178.0,-10.0,140.0,-13.0
-173.0,-39.0,180.0,-7.0,132.0,-10.0
-167.0,-39.0,182.0,-5.0,124.0,-5.0
-173.0,-39.0,180.0,-2.0,118.0,-2.0
-170.0,-36.0,182.0,-1.0,110.0,1.0
-175.0,-37.0,182.0,1.0,103.0,3.0
-171.0,-39.0,180.0,4.0,93.0,6.0
-171.0,-37.0,179.0,5.0,85.0,9.0
-173.0,-38.0,182.0,7.0,77.0,11.0
-170.0,-34.0,181.0,7.0,68.0,14.0
-173.0,-29.0,180.0,7.0,61.0,15.0
-171.0,-32.0,178.0,7.0,55.0,16.0
-169.0,-34.0,178.0,6.0,50.0,17.0
-169.0,-32.0,181.0,6.0,47.0,18.0
-167.0,-34.0,182.0,5.0,41.0,18.0
-164.0,-31.0,182.0,4.0,37.0,19.0
-163.0,-32.0,184.0,4.0,32.0,17.0
-166.0,-31.0,182.0,5.0,27.0,17.0
-167.0,-30.0,183.0,5.0,22.0,18.0
