-57.0,-227.0,-13.0,-11.0,-359.0,17.0
-54.0,-236.0,-9.0,-12.0,-358.0,7.0
-49.0,-246.0,-12.0,-15.0,-348.0,-4.0
-42.0,-255.0,-12.0,-22.0,-335.0,-10.0
-33.0,-260.0,-10.0,-31.0,-310.0,-14.0
-23.0,-267.0,-14.0,-46.0,-283.0,-7.0
-17.0,-278.0,-19.0,-64.0,-250.0,2.0
-12.0,-277.0,-19.0,-77.0,-212.0,18.0
-11.0,-282.0,-26.0,-90.0,-173.0,33.0
-9.0,-280.0,-30.0,-98.0,-137.0,51.0
-5.0,-281.0,-35.0,-96.0,-109.0,69.0
-2.0,-278.0,-38.0,-93.0,-83.0,83.0
-7.0,-270.0,-41.0,-92.0,-62.0,92.0
-11.0,-264.0,-46.0,-90.0,-47.0,101.0
-18.0,-257.0,-48.0,-92.0,-36.0,109.0
-21.0,-253.0,-52.0,-102.0,-27.0,115.0
-30.0,-243.0,-51.0,-111.0,-26.0,114.0
-41.0,-238.0,-49.0,-115.0,-26.0,113.0
-40.0,-242.0,-47.0,-121.0,-32.0,105.0
-46.0,-234.0,-45.0,-126.0,-41.0,93.0
-49.0,-234.0,-41.0,-125.0,-51.0,81.0
-51.0,-230.0,-41.0,-125.0,-62.0,66.0
-52.0,-232.0,-32.0,-123.0,-73.0,53.0
-50.0,-230.0,-32.0,-130.0,-86.0,40.0
-47.0,-234.0,-35.0,-141.0,-105.0,28.0
-43.0,-234.0,-37.0,-163.0,-126.0,22.0
-41.0,-240.0,-38.0,-185.0,-144.0,19.0
-39.0,-240.0,-38.0,-202.0,-154.0,20.0
-39.0,-248.0,-35.0,-216.0,-159.0,22.0
-36.0,-251.0,-35.0,-224.0,-159.0,29.0
-33.0,-256.0,-34.0,-230.0,-155.0,36.0
-38.0,-258.0,-36.0,-229.0,-148.0,42.0
-38.0,-261.0,-36.0,-221.0,-139.0,50.0
-38.0,-263.0,-32.0,-206.0,-133.0,57.0
-38.0,-267.0,-27.0,-188.0,-129.0,60.0
-35.0,-267.0,-23.0,-173.0,-126.0,61.0
-39.0,-263.0,-23.0,-160.0,-127.0,58.0
-39.0,-263.0,-24.0,-155.0,-129.0,51.0
-37.0,-260.0,-26.0,-154.0,-131.0,43.0
-33.0,-260.0,-26.0,-155.0,-131.0,34.0
-33.0,-260.0,-23.0,-162.0,-133.0,28.0
-27.0,-261.0,-23.0,-174.0,-135.0,19.0
-22.0,-263.0,-27.0,-190.0,-142.0,13.0
-19.0,-267.0,-29.0,-207.0,-149.0,4.0
-13.0,-267.0,-28.0,-223.0,-157.0,-1.0
-12.0,-267.0,-29.0,-231.0,-164.0,-5.0
-11.0,-271.0,-28.0,-231.0,-161.0,-3.0
-5.0,-270.0,-21.0,-218.0,-153.0,0.0
1.0,-275.0,-22.0,-198.0,-133.0,4.0
8.0,-278.0,-18.0,-173.0,-112.0,9.0
14.0,-277.0,-17.0,-151.0,-89.0,15.0
24.0,-279.0,-22.0,-134.0,-69.0,21.0
24.0,-275.0,-19.0,-125.0,-52.0,27.0
25.0,-270.0,-30.0,-119.0,-38.0,32.0
22.0,-264.0,-26.0,-118.0,-26.0,41.0
14.0,-260.0,-28.0,-118.0,-15.0,47.0
8.0,-258.0,-29.0,-108.0,-1.0,53.0
2.0,-257.0,-31.0,-104.0,11.0,58.0
-2.0,-255.0,-26.0,-106.0,20.0,63.0
-9.0,-252.0,-28.0,-110.0,25.0,63.0
-12.0,-252.0,-33.0,-117.0,25.0,62.0
-19.0,-245.0,-35.0,-127.0,23.0,55.0
-19.0,-244.0,-36.0,-141.0,21.0,51.0
-25.0,-242.0,-39.0,-156.0,16.0,46.0
-29.0,-248.0,-39.0,-172.0,10.0,48.0
-28.0,-244.0,-42.0,-188.0,0.0,48.0
-35.0,-238.0,-45.0,-210.0,-14.0,51.0
-36.0,-238.0,-47.0,-224.0,-28.0,53.0
-30.0,-236.0,-48.0,-237.0,-41.0,59.0
-31.0,-235.0,-47.0,-249.0,-54.0,64.0
-29.0,-235.0,-46.0,-256.0,-62.0,72.0
-26.0,-234.0,-43.0,-261.0,-69.0,80.0
-19.0,-232.0,-53.0,-266.0,-72.0,90.0
-12.0,-233.0,-54.0,-275.0,-73.0,95.0
-8.0,-233.0,-54.0,-283.0,-68.0,102.0
-7.0,-231.0,-55.0,-293.0,-62.0,103.0
-3.0,-234.0,-54.0,-305.0,-57.0,110.0
1.0,-236.0,-51.0,-322.0,-53.0,112.0
4.0,-242.0,-46.0,-339.0,-49.0,118.0
8.0,-247.0,-50.0,-351.0,-45.0,115.0
9.0,-249.0,-45.0,-359.0,-40.0,114.0
8.0,-250.0,-45.0,-364.0,-33.0,106.0
10.0,-253.0,-48.0,-363.0,-27.0,104.0
13.0,-258.0,-45.0,-359.0,-19.0,93.0
11.0,-261.0,-41.0,-356.0,-11.0,89.0
9.0,-262.0,-43.0,-352.0,3.0,80.0
8.0,-265.0,-43.0,-350.0,23.0,79.0
7.0,-262.0,-48.0,-346.0,42.0,79.0
5.0,-259.0,-51.0,-343.0,64.0,83.0
9.0,-260.0,-54.0,-338.0,85.0,83.0
6.0,-255.0,-52.0,-335.0,106.0,91.0
15.0,-248.0,-53.0,-330.0,132.0,95.0
16.0,-246.0,-51.0,-319.0,159.0,104.0
21.0,-241.0,-51.0,-301.0,187.0,108.0
23.0,-234.0,-41.0,-278.0,215.0,118.0
25.0,-229.0,-35.0,-252.0,242.0,127.0
28.0,-226.0,-23.0,-225.0,263.0,138.0
25.0,-221.0,-20.0,-190.0,277.0,142.0
23.0,-222.0,-11.0,-170.0,281.0,151.0
22.0,-228.0,-3.0,-170.0,279.0,155.0
20.0,-228.0,2.0,-184.0,277.0,157.0
21.0,-232.0,11.0,-194.0,271.0,154.0
24.0,-233.0,18.0,-195.0,264.0,150.0
25.0,-233.0,24.0,-194.0,252.0,135.0
19.0,-238.0,29.0,-191.0,237.0,123.0
16.0,-244.0,30.0,-182.0,220.0,107.0
14.0,-247.0,40.0,-170.0,198.0,96.0
9.0,-255.0,37.0,-148.0,168.0,84.0
4.0,-259.0,38.0,-135.0,137.0,80.0
2.0,-258.0,33.0,-131.0,109.0,75.0
-4.0,-260.0,23.0,-132.0,84.0,78.0
0.0,-260.0,18.0,-136.0,64.0,81.0
2.0,-259.0,14.0,-138.0,47.0,90.0
4.0,-255.0,8.0,-138.0,34.0,98.0
8.0,-253.0,5.0,-133.0,22.0,114.0
11.0,-252.0,0.0,-126.0,12.0,125.0
14.0,-251.0,0.0,-110.0,6.0,142.0
14.0,-249.0,-1.0,-89.0,2.0,152.0
16.0,-251.0,1.0,-60.0,1.0,164.0
11.0,-250.0,-1.0,-37.0,1.0,168.0
7.0,-253.0,-1.0,-21.0,1.0,175.0
4.0,-255.0,-3.0,-9.0,4.0,173.0
4.0,-249.0,-5.0,4.0,6.0,174.0
-1.0,-241.0,-5.0,27.0,9.0,168.0
3.0,-239.0,-6.0,51.0,5.0,165.0
-4.0,-233.0,-5.0,72.0,-2.0,159.0
-8.0,-228.0,-1.0,89.0,-13.0,154.0
-12.0,-219.0,-2.0,105.0,-26.0,144.0
-18.0,-214.0,-3.0,126.0,-40.0,139.0
-21.0,-212.0,-2.0,139.0,-57.0,124.0
-23.0,-210.0,-5.0,147.0,-72.0,113.0
-21.0,-213.0,-4.0,143.0,-87.0,95.0
-22.0,-212.0,-6.0,129.0,-89.0,82.0
-21.0,-218.0,-8.0,111.0,-86.0,64.0
-13.0,-223.0,-11.0,91.0,-75.0,50.0
-10.0,-230.0,-7.0,68.0,-57.0,35.0
-1.0,-245.0,-12.0,44.0,-39.0,31.0
5.0,-253.0,-8.0,20.0,-13.0,31.0
8.0,-258.0,-9.0,-10.0,8.0,41.0
12.0,-262.0,-10.0,-26.0,27.0,52.0
10.0,-267.0,-5.0,-27.0,43.0,74.0
12.0,-268.0,1.0,-12.0,57.0,96.0
5.0,-270.0,5.0,20.0,68.0,124.0
1.0,-264.0,9.0,62.0,79.0,143.0
-9.0,-260.0,5.0,112.0,90.0,162.0
-12.0,-254.0,8.0,161.0,98.0,171.0
-21.0,-250.0,6.0,197.0,103.0,176.0
-27.0,-244.0,7.0,221.0,104.0,172.0
-34.0,-238.0,1.0,240.0,97.0,165.0
-36.0,-227.0,4.0,246.0,86.0,150.0
-42.0,-223.0,5.0,247.0,76.0,138.0
-50.0,-218.0,9.0,247.0,67.0,120.0
-54.0,-219.0,13.0,248.0,56.0,108.0
-54.0,-218.0,15.0,249.0,47.0,94.0
-61.0,-211.0,17.0,247.0,37.0,86.0
-59.0,-210.0,15.0,242.0,27.0,78.0
-58.0,-206.0,12.0,237.0,17.0,80.0
-56.0,-206.0,12.0,227.0,5.0,86.0
-53.0,-204.0,13.0,212.0,-15.0,100.0
-49.0,-205.0,13.0,191.0,-37.0,112.0
-45.0,-204.0,17.0,171.0,-59.0,130.0
-42.0,-203.0,14.0,153.0,-81.0,147.0
-37.0,-204.0,12.0,139.0,-101.0,165.0
-35.0,-210.0,14.0,129.0,-113.0,180.0
-36.0,-204.0,14.0,118.0,-124.0,192.0
-33.0,-207.0,21.0,116.0,-132.0,196.0
-35.0,-206.0,23.0,119.0,-141.0,198.0
-36.0,-211.0,22.0,129.0,-150.0,195.0
-37.0,-211.0,22.0,137.0,-162.0,187.0
-39.0,-210.0,26.0,149.0,-177.0,175.0
-40.0,-209.0,28.0,156.0,-198.0,163.0
-41.0,-211.0,26.0,161.0,-224.0,149.0
-41.0,-211.0,24.0,167.0,-249.0,140.0
-43.0,-206.0,24.0,177.0,-271.0,132.0
-43.0,-206.0,21.0,191.0,-289.0,133.0
-39.0,-211.0,22.0,201.0,-305.0,133.0
-43.0,-206.0,27.0,211.0,-318.0,137.0
-36.0,-208.0,26.0,216.0,-335.0,140.0
-37.0,-205.0,24.0,218.0,-355.0,145.0
-33.0,-200.0,24.0,210.0,-374.0,147.0
-33.0,-199.0,14.0,191.0,-390.0,150.0
-32.0,-196.0,11.0,164.0,-399.0,147.0
-32.0,-195.0,10.0,137.0,-405.0,147.0
-31.0,-194.0,8.0,111.0,-412.0,141.0
-29.0,-192.0,16.0,87.0,-420.0,137.0
-31.0,-188.0,8.0,77.0,-430.0,136.0
-29.0,-191.0,9.0,65.0,-437.0,139.0
-26.0,-188.0,6.0,52.0,-443.0,140.0
-25.0,-190.0,9.0,40.0,-452.0,146.0
-18.0,-192.0,11.0,24.0,-467.0,145.0
-17.0,-180.0,13.0,18.0,-480.0,148.0
-15.0,-180.0,3.0,17.0,-494.0,155.0
-20.0,-176.0,0.0,0.0,-499.0,165.0
-19.0,-171.0,8.0,-29.0,-497.0,171.0
-19.0,-176.0,10.0,-64.0,-491.0,178.0
-21.0,-181.0,19.0,-110.0,-481.0,176.0
-21.0,-173.0,24.0,-143.0,-474.0,176.0
-18.0,-162.0,24.0,-154.0,-467.0,183.0
-16.0,-163.0,14.0,-149.0,-464.0,192.0
-14.0,-163.0,12.0,-157.0,-470.0,197.0
-12.0,-160.0,7.0,-181.0,-482.0,201.0
-10.0,-159.0,-4.0,-215.0,-492.0,201.0
-10.0,-164.0,-9.0,-261.0,-491.0,206.0
-9.0,-179.0,-9.0,-348.0,-481.0,197.0
0.0,-150.0,8.0,-409.0,-466.0,188.0
1.0,-147.0,11.0,-396.0,-460.0,214.0
-2.0,-151.0,9.0,-376.0,-460.0,246.0
1.0,-152.0,9.0,-379.0,-461.0,272.0
3.0,-147.0,4.0,-400.0,-466.0,284.0
3.0,-145.0,8.0,-428.0,-474.0,294.0
4.0,-143.0,17.0,-464.0,-481.0,299.0
6.0,-142.0,28.0,-496.0,-491.0,304.0
6.0,-142.0,29.0,-524.0,-506.0,308.0
3.0,-142.0,22.0,-550.0,-521.0,307.0
3.0,-146.0,20.0,-577.0,-535.0,310.0
-5.0,-149.0,10.0,-619.0,-543.0,307.0
-3.0,-140.0,17.0,-676.0,-548.0,293.0
-7.0,-139.0,10.0,-709.0,-555.0,289.0
-10.0,-136.0,10.0,-713.0,-562.0,308.0
-12.0,-139.0,9.0,-715.0,-567.0,324.0
-20.0,-135.0,10.0,-725.0,-568.0,334.0
-19.0,-135.0,8.0,-744.0,-569.0,344.0
-17.0,-133.0,9.0,-790.0,-564.0,345.0
-8.0,-112.0,10.0,-833.0,-556.0,346.0
4.0,-100.0,4.0,-844.0,-555.0,370.0
-2.0,-103.0,-1.0,-849.0,-548.0,394.0
3.0,-96.0,-4.0,-872.0,-530.0,413.0
-3.0,-98.0,-24.0,-911.0,-507.0,419.0
-5.0,-81.0,-24.0,-990.0,-491.0,402.0
9.0,-60.0,-23.0,-1042.0,-486.0,403.0
15.0,-52.0,-24.0,-1028.0,-487.0,426.0
20.0,-46.0,-43.0,-1008.0,-486.0,444.0
15.0,-50.0,-33.0,-1018.0,-471.0,436.0
10.0,-48.0,-38.0,-1038.0,-462.0,433.0
5.0,-49.0,-35.0,-1067.0,-461.0,438.0
-5.0,-57.0,-53.0,-1081.0,-481.0,459.0
-25.0,-66.0,-40.0,-1117.0,-484.0,476.0
-37.0,-85.0,-49.0,-1144.0,-491.0,492.0
-53.0,-116.0,-53.0,-1192.0,-497.0,518.0
-69.0,-138.0,-66.0,-1278.0,-510.0,536.0
-71.0,-163.0,-64.0,-1405.0,-534.0,565.0
-70.0,-209.0,-59.0,-1514.0,-559.0,581.0
-59.0,-249.0,-41.0,-1645.0,-586.0,578.0
-45.0,-272.0,-11.0,-1755.0,-622.0,561.0
-30.0,-315.0,21.0,-1818.0,-684.0,526.0
-10.0,-369.0,104.0,-1861.0,-791.0,450.0
19.0,-435.0,197.0,-1863.0,-980.0,308.0
6.0,-498.0,196.0,-1758.0,-1245.0,129.0
-55.0,-560.0,98.0,-1616.0,-1417.0,-20.0
-217.0,-658.0,-58.0,-1677.0,-1313.0,-133.0
-366.0,-768.0,-139.0,-1967.0,-976.0,-103.0
-347.0,-861.0,-186.0,-2170.0,-712.0,58.0
-294.0,-813.0,-131.0,-2246.0,-491.0,264.0
-248.0,-619.0,-181.0,-1982.0,-344.0,518.0
-188.0,-422.0,-296.0,-1653.0,-174.0,807.0
-149.0,-286.0,-325.0,-1573.0,35.0,1062.0
-88.0,-116.0,-291.0,-1680.0,158.0,1258.0
-23.0,35.0,-213.0,-1854.0,156.0,1376.0
15.0,136.0,-152.0,-2039.0,98.0,1382.0
44.0,180.0,-158.0,-2233.0,49.0,1302.0
92.0,213.0,-187.0,-2480.0,85.0,1237.0
180.0,246.0,-252.0,-2627.0,197.0,1244.0
267.0,244.0,-337.0,-2794.0,387.0,1289.0
339.0,254.0,-304.0,-3085.0,599.0,1312.0
393.0,219.0,-220.0,-3200.0,690.0,1270.0
348.0,113.0,-208.0,-3013.0,637.0,1059.0
228.0,-35.0,-178.0,-2903.0,630.0,802.0
125.0,-147.0,-138.0,-2926.0,734.0,691.0
7.0,-211.0,-142.0,-2896.0,814.0,650.0
-100.0,-252.0,-170.0,-2805.0,843.0,690.0
-203.0,-279.0,-171.0,-2658.0,879.0,828.0
-277.0,-302.0,-161.0,-2504.0,878.0,968.0
-364.0,-326.0,-126.0,-2361.0,831.0,1084.0
-440.0,-325.0,-88.0,-2206.0,760.0,1195.0
-486.0,-308.0,-65.0,-2061.0,672.0,1306.0
-490.0,-272.0,-57.0,-1934.0,528.0,1416.0
-444.0,-211.0,-58.0,-1809.0,343.0,1491.0
-385.0,-147.0,-62.0,-1735.0,153.0,1535.0
-311.0,-94.0,-59.0,-1724.0,-20.0,1559.0
-259.0,-55.0,-56.0,-1764.0,-157.0,1556.0
-181.0,-17.0,-51.0,-1845.0,-295.0,1523.0
-104.0,6.0,-50.0,-1946.0,-353.0,1482.0
-11.0,23.0,-48.0,-2058.0,-331.0,1412.0
63.0,46.0,-51.0,-2218.0,-231.0,1333.0
117.0,37.0,-58.0,-2406.0,-78.0,1276.0
126.0,19.0,-61.0,-2564.0,62.0,1248.0
114.0,-6.0,-65.0,-2631.0,141.0,1235.0
81.0,-29.0,-73.0,-2622.0,199.0,1234.0
54.0,-43.0,-75.0,-2565.0,283.0,1264.0
37.0,-47.0,-93.0,-2486.0,392.0,1325.0
28.0,-30.0,-112.0,-2416.0,534.0,1416.0
7.0,2.0,-119.0,-2344.0,638.0,1497.0
-19.0,41.0,-119.0,-2273.0,726.0,1578.0
-77.0,45.0,-127.0,-2194.0,822.0,1641.0
-76.0,21.0,-119.0,-2197.0,920.0,1698.0
-122.0,10.0,-168.0,-2260.0,1016.0,1716.0
-138.0,-56.0,-195.0,-2511.0,1108.0,1727.0
-160.0,-99.0,-226.0,-3022.0,1069.0,1703.0
-394.0,-17.0,-3059.0,-3602.0,1101.0,1680.0
-402.0,-265.0,-623.0,-7267.0,2295.0,1781.0
-525.0,122.0,-919.0,-8145.0,3224.0,2046.0
-900.0,379.0,-2196.0,-6774.0,2275.0,2163.0
-2198.0,-580.0,-681.0,-5526.0,2146.0,1568.0
-243.0,105.0,-1152.0,-3545.0,750.0,208.0
167.0,-62.0,-437.0,-2867.0,1247.0,-882.0
-139.0,445.0,-954.0,-3511.0,3751.0,-277.0
-662.0,1104.0,-1102.0,-5064.0,3946.0,1166.0
-907.0,506.0,-1586.0,-5502.0,3226.0,1780.0
-651.0,148.0,-1294.0,-4304.0,3877.0,1458.0
-125.0,75.0,-903.0,-3077.0,4399.0,963.0
-119.0,-134.0,-772.0,-2207.0,3512.0,462.0
-227.0,-62.0,-637.0,-1489.0,2019.0,238.0
-64.0,53.0,-453.0,-1463.0,1281.0,229.0
-42.0,25.0,-387.0,-1343.0,792.0,289.0
-90.0,-28.0,-408.0,-1159.0,359.0,269.0
-92.0,-19.0,-398.0,-1082.0,63.0,304.0
-110.0,-8.0,-369.0,-1130.0,-114.0,366.0
-115.0,-4.0,-343.0,-1234.0,-230.0,418.0
-107.0,-85.0,-350.0,-1326.0,-311.0,521.0
-76.0,-92.0,-382.0,-1472.0,-413.0,711.0
-148.0,-91.0,-366.0,-1702.0,-552.0,1026.0
-161.0,-73.0,-365.0,-1993.0,-692.0,1275.0
-97.0,-127.0,-357.0,-2227.0,-738.0,1455.0
-120.0,-55.0,-339.0,-2361.0,-785.0,1665.0
-105.0,-94.0,-320.0,-2299.0,-778.0,1783.0
-127.0,-59.0,-309.0,-2105.0,-725.0,1818.0
21.0,-245.0,-303.0,-1814.0,-597.0,1789.0
-60.0,-318.0,25.0,-1268.0,-234.0,1803.0
212.0,-462.0,-349.0,-597.0,199.0,1869.0
159.0,-355.0,-390.0,-436.0,735.0,1157.0
-68.0,-171.0,-299.0,-632.0,1090.0,184.0
-15.0,-130.0,-290.0,-560.0,1210.0,-123.0
-88.0,-18.0,-258.0,-441.0,1328.0,-300.0
-70.0,-53.0,-211.0,-458.0,1386.0,-326.0
-113.0,44.0,-189.0,-429.0,1323.0,-321.0
-118.0,129.0,-201.0,-381.0,1184.0,-323.0
-118.0,214.0,-217.0,-545.0,1109.0,-240.0
-136.0,256.0,-176.0,-777.0,1020.0,-175.0
-150.0,312.0,-210.0,-872.0,937.0,8.0
-178.0,387.0,-192.0,-1101.0,826.0,116.0
-136.0,314.0,-111.0,-1371.0,747.0,132.0
-160.0,243.0,-79.0,-1255.0,750.0,355.0
-160.0,194.0,-104.0,-771.0,637.0,704.0
-154.0,268.0,-195.0,-562.0,469.0,958.0
-135.0,316.0,-218.0,-744.0,323.0,905.0
-92.0,267.0,-177.0,-1064.0,216.0,752.0
-431.0,99.0,-171.0,-1214.0,156.0,640.0
-62.0,135.0,-143.0,-1159.0,14.0,602.0
-52.0,95.0,-157.0,-1007.0,-187.0,594.0
-60.0,61.0,-145.0,-900.0,-281.0,616.0
-50.0,90.0,-175.0,-855.0,-317.0,651.0
-59.0,91.0,-152.0,-779.0,-369.0,698.0
-31.0,103.0,-170.0,-633.0,-405.0,713.0
-33.0,136.0,-182.0,-521.0,-406.0,702.0
-23.0,135.0,-176.0,-403.0,-391.0,687.0
-18.0,146.0,-188.0,-267.0,-379.0,679.0
-16.0,151.0,-199.0,-141.0,-362.0,665.0
-12.0,152.0,-190.0,-37.0,-340.0,654.0
0.0,113.0,-195.0,1.0,-251.0,636.0
-1.0,121.0,-180.0,-36.0,-135.0,628.0
31.0,73.0,-181.0,-17.0,-40.0,614.0
34.0,23.0,-164.0,-6.0,97.0,572.0
4.0,27.0,-174.0,-43.0,197.0,512.0
-41.0,55.0,-192.0,-72.0,200.0,456.0
-69.0,113.0,-218.0,-130.0,137.0,429.0
-85.0,139.0,-218.0,-149.0,57.0,404.0
-70.0,132.0,-237.0,-95.0,0.0,366.0
-58.0,96.0,-209.0,-47.0,-45.0,314.0
-49.0,117.0,-248.0,-6.0,-40.0,313.0
-62.0,129.0,-253.0,133.0,18.0,330.0
-70.0,137.0,-259.0,313.0,44.0,316.0
-60.0,115.0,-235.0,415.0,10.0,255.0
-66.0,103.0,-220.0,509.0,-7.0,206.0
-48.0,77.0,-231.0,649.0,6.0,181.0
-36.0,74.0,-243.0,764.0,43.0,172.0
-60.0,57.0,-243.0,809.0,104.0,163.0
-30.0,85.0,-275.0,811.0,121.0,144.0
-43.0,68.0,-267.0,759.0,132.0,85.0
-53.0,62.0,-250.0,661.0,169.0,42.0
-59.0,74.0,-249.0,578.0,223.0,28.0
-64.0,97.0,-251.0,510.0,274.0,29.0
-49.0,75.0,-215.0,485.0,313.0,45.0
-41.0,53.0,-214.0,546.0,385.0,45.0
-34.0,31.0,-205.0,619.0,410.0,44.0
-20.0,25.0,-212.0,668.0,424.0,34.0
-50.0,50.0,-195.0,683.0,424.0,12.0
-53.0,116.0,-273.0,717.0,394.0,-4.0
-49.0,62.0,-237.0,731.0,364.0,-28.0
-45.0,94.0,-241.0,749.0,392.0,-35.0
-57.0,92.0,-236.0,827.0,421.0,-38.0
-28.0,-7.0,-251.0,954.0,431.0,-39.0
-54.0,98.0,-265.0,918.0,455.0,-64.0
-59.0,109.0,-265.0,872.0,490.0,-77.0
-53.0,107.0,-258.0,894.0,531.0,-75.0
-86.0,79.0,-260.0,956.0,566.0,-64.0
-65.0,53.0,-268.0,1025.0,572.0,-52.0
-55.0,52.0,-240.0,1004.0,529.0,-61.0
-18.0,50.0,-264.0,925.0,447.0,-90.0
-72.0,181.0,-328.0,879.0,369.0,-131.0
-122.0,200.0,-343.0,904.0,261.0,-112.0
-17.0,101.0,-455.0,967.0,245.0,-52.0
-3.0,109.0,-380.0,789.0,223.0,-154.0
-108.0,194.0,-489.0,650.0,46.0,-230.0
-84.0,-1.0,-320.0,421.0,-179.0,-250.0
-3.0,104.0,-275.0,173.0,-380.0,-229.0
-14.0,-29.0,-212.0,158.0,-348.0,-193.0
-84.0,-305.0,-147.0,227.0,-165.0,-128.0
-12.0,-227.0,-197.0,273.0,-88.0,-63.0
-87.0,-146.0,-276.0,273.0,-78.0,-84.0
-112.0,-41.0,-258.0,227.0,-66.0,-150.0
-146.0,-3.0,-243.0,216.0,-22.0,-179.0
-130.0,15.0,-243.0,241.0,-28.0,-156.0
-175.0,69.0,-268.0,278.0,-21.0,-84.0
-135.0,67.0,-251.0,231.0,-103.0,-68.0
-86.0,99.0,-264.0,257.0,-197.0,-76.0
-25.0,122.0,-284.0,215.0,-269.0,-98.0
-46.0,97.0,-228.0,164.0,-309.0,-107.0
-13.0,131.0,-241.0,142.0,-403.0,-170.0
29.0,144.0,-246.0,121.0,-482.0,-238.0
47.0,128.0,-243.0,121.0,-445.0,-234.0
38.0,101.0,-230.0,104.0,-422.0,-300.0
43.0,91.0,-232.0,73.0,-428.0,-395.0
37.0,47.0,-226.0,70.0,-369.0,-485.0
45.0,33.0,-227.0,88.0,-273.0,-517.0
9.0,23.0,-234.0,101.0,-179.0,-512.0
-25.0,24.0,-228.0,123.0,-81.0,-468.0
-34.0,34.0,-244.0,143.0,2.0,-421.0
-35.0,27.0,-238.0,158.0,72.0,-328.0
-44.0,36.0,-243.0,166.0,123.0,-257.0
-61.0,60.0,-242.0,178.0,146.0,-212.0
-48.0,60.0,-236.0,197.0,161.0,-223.0
-57.0,52.0,-254.0,214.0,165.0,-270.0
-53.0,53.0,-275.0,236.0,170.0,-319.0
-70.0,44.0,-307.0,259.0,174.0,-321.0
-75.0,59.0,-282.0,250.0,157.0,-309.0
-41.0,49.0,-266.0,220.0,161.0,-285.0
-55.0,41.0,-273.0,180.0,172.0,-245.0
-47.0,56.0,-278.0,156.0,182.0,-199.0
-22.0,17.0,-270.0,127.0,180.0,-173.0
-40.0,3.0,-285.0,129.0,167.0,-301.0
-28.0,15.0,-283.0,80.0,120.0,-423.0
-43.0,-4.0,-342.0,18.0,85.0,-510.0
-19.0,-10.0,-353.0,-90.0,-23.0,-496.0
3.0,-26.0,-249.0,-309.0,-207.0,-462.0
-54.0,-12.0,-240.0,-364.0,-369.0,-532.0
-79.0,7.0,-206.0,-320.0,-481.0,-530.0
-87.0,32.0,-243.0,-274.0,-495.0,-467.0
-61.0,32.0,-255.0,-251.0,-462.0,-383.0
-56.0,-4.0,-216.0,-232.0,-421.0,-345.0
-68.0,7.0,-218.0,-171.0,-361.0,-326.0
-94.0,15.0,-209.0,-124.0,-304.0,-276.0
-129.0,3.0,-213.0,-84.0,-235.0,-198.0
-124.0,-3.0,-212.0,-23.0,-211.0,-92.0
-100.0,25.0,-247.0,44.0,-190.0,-5.0
-72.0,44.0,-249.0,57.0,-145.0,31.0
-64.0,42.0,-243.0,43.0,-103.0,44.0
-73.0,46.0,-258.0,29.0,-84.0,45.0
-65.0,45.0,-262.0,7.0,-64.0,43.0
-65.0,31.0,-255.0,-12.0,-35.0,38.0
-68.0,38.0,-270.0,-31.0,1.0,33.0
-62.0,15.0,-258.0,-49.0,35.0,31.0
-85.0,32.0,-259.0,-53.0,57.0,27.0
-80.0,34.0,-254.0,-70.0,72.0,34.0
-75.0,34.0,-250.0,-78.0,83.0,39.0
-68.0,21.0,-239.0,-75.0,100.0,42.0
-73.0,31.0,-251.0,-66.0,124.0,43.0
-65.0,16.0,-233.0,-62.0,157.0,47.0
-67.0,18.0,-242.0,-51.0,198.0,43.0
-62.0,38.0,-253.0,-40.0,247.0,44.0
-69.0,42.0,-253.0,-31.0,301.0,43.0
-59.0,45.0,-262.0,-19.0,355.0,43.0
-61.0,54.0,-270.0,-15.0,402.0,35.0
-46.0,42.0,-261.0,-19.0,437.0,28.0
-64.0,42.0,-271.0,-20.0,447.0,20.0
-62.0,33.0,-273.0,-23.0,447.0,19.0
-61.0,34.0,-266.0,-30.0,440.0,20.0
-58.0,33.0,-240.0,-36.0,420.0,26.0
-59.0,36.0,-259.0,-33.0,400.0,30.0
-57.0,37.0,-260.0,-30.0,381.0,35.0
-55.0,33.0,-263.0,-24.0,357.0,35.0
-53.0,35.0,-256.0,-19.0,339.0,38.0
-51.0,35.0,-271.0,-15.0,320.0,36.0
-47.0,32.0,-254.0,-9.0,303.0,34.0
-51.0,35.0,-253.0,-3.0,291.0,30.0
-49.0,40.0,-261.0,-3.0,287.0,29.0
-51.0,43.0,-259.0,-7.0,290.0,27.0
-56.0,33.0,-257.0,-15.0,294.0,30.0
-49.0,34.0,-248.0,-28.0,296.0,28.0
-56.0,33.0,-259.0,-39.0,293.0,33.0
-50.0,34.0,-262.0,-46.0,289.0,33.0
-47.0,30.0,-257.0,-51.0,281.0,36.0
-52.0,29.0,-259.0,-59.0,275.0,36.0
-50.0,29.0,-256.0,-70.0,269.0,41.0
-54.0,29.0,-268.0,-74.0,253.0,41.0
-46.0,35.0,-266.0,-81.0,242.0,42.0
-48.0,43.0,-272.0,-94.0,229.0,45.0
-46.0,44.0,-276.0,-100.0,210.0,46.0
-63.0,33.0,-264.0,-104.0,192.0,43.0
-49.0,30.0,-262.0,-109.0,185.0,44.0
-58.0,42.0,-270.0,-111.0,166.0,43.0
-48.0,43.0,-273.0,-108.0,143.0,48.0
-44.0,53.0,-269.0,-103.0,123.0,48.0
-48.0,36.0,-250.0,-101.0,112.0,51.0
-51.0,40.0,-262.0,-99.0,109.0,51.0
-44.0,43.0,-263.0,-88.0,98.0,51.0
-57.0,42.0,-259.0,-76.0,84.0,42.0
-41.0,38.0,-260.0,-63.0,77.0,33.0
-46.0,39.0,-255.0,-27.0,99.0,0.0
-45.0,34.0,-260.0,-13.0,105.0,0.0
-52.0,44.0,-253.0,-6.0,112.0,-5.0
-50.0,41.0,-259.0,2.0,111.0,-5.0
-46.0,39.0,-254.0,13.0,106.0,-5.0
-49.0,35.0,-222.0,20.0,103.0,-1.0
-47.0,37.0,-251.0,24.0,102.0,-4.0
-49.0,41.0,-253.0,29.0,99.0,-1.0
-46.0,38.0,-253.0,34.0,93.0,-4.0
-47.0,38.0,-255.0,38.0,89.0,-1.0
-50.0,37.0,-253.0,41.0,82.0,-2.0
-46.0,38.0,-250.0,44.0,76.0,0.0
-47.0,39.0,-257.0,49.0,70.0,-4.0
-45.0,34.0,-251.0,55.0,62.0,-3.0
-49.0,37.0,-255.0,58.0,57.0,-8.0
-50.0,35.0,-251.0,63.0,53.0,-8.0
-47.0,33.0,-257.0,67.0,49.0,-12.0
-49.0,35.0,-258.0,67.0,45.0,-12.0
-50.0,35.0,-254.0,65.0,41.0,-17.0
-51.0,34.0,-256.0,64.0,37.0,-15.0
-51.0,33.0,-260.0,64.0,35.0,-18.0
-48.0,32.0,-259.0,63.0,30.0,-18.0
-50.0,34.0,-263.0,60.0,29.0,-20.0
-53.0,32.0,-255.0,55.0,23.0,-17.0
-50.0,32.0,-263.0,54.0,21.0,-19.0
-51.0,32.0,-260.0,49.0,19.0,-16.0
-50.0,33.0,-261.0,43.0,19.0,-17.0
-48.0,34.0,-263.0,38.0,21.0,-13.0
-51.0,35.0,-260.0,30.0,20.0,-15.0
-44.0,28.0,-257.0,23.0,19.0,-12.0
-49.0,33.0,-263.0,18.0,21.0,-13.0
-51.0,33.0,-257.0,14.0,23.0,-11.0
-55.0,31.0,-257.0,10.0,23.0,-12.0
-50.0,31.0,-257.0,9.0,27.0,-10.0
-55.0,34.0,-257.0,8.0,30.0,-11.0
-52.0,32.0,-256.0,4.0,35.0,-7.0
-52.0,32.0,-260.0,1.0,39.0,-9.0
-53.0,36.0,-260.0,-1.0,45.0,-5.0
-58.0,36.0,-264.0,-1.0,51.0,-6.0
-54.0,35.0,-258.0,-1.0,55.0,-3.0
-54.0,34.0,-259.0,-2.0,61.0,-5.0
-53.0,32.0,-256.0,-4.0,66.0,-3.0
-52.0,33.0,-255.0,-4.0,71.0,-6.0
-48.0,35.0,-254.0,-5.0,77.0,-2.0
-51.0,35.0,-258.0,-9.0,80.0,-6.0
-50.0,32.0,-252.0,-13.0,86.0,-2.0
-51.0,35.0,-253.0,-19.0,88.0,-3.0
-51.0,34.0,-254.0,-22.0,92.0,-1.0
-55.0,35.0,-274.0,-23.0,94.0,-4.0
-51.0,34.0,-263.0,-22.0,96.0,-2.0
-50.0,34.0,-259.0,-21.0,99.0,-4.0
-53.0,33.0,-258.0,-22.0,100.0,-1.0
-52.0,34.0,-257.0,-25.0,100.0,-2.0
-49.0,33.0,-259.0,-29.0,104.0,0.0
-47.0,31.0,-257.0,-34.0,105.0,-2.0
-51.0,35.0,-259.0,-37.0,108.0,0.0
-51.0,33.0,-258.0,-42.0,109.0,-4.0
-50.0,38.0,-255.0,-43.0,106.0,0.0
-53.0,34.0,-257.0,-42.0,106.0,-2.0
-51.0,33.0,-258.0,-40.0,107.0,1.0
-52.0,34.0,-258.0,-37.0,109.0,0.0
-50.0,34.0,-256.0,-34.0,107.0,2.0
-51.0,35.0,-261.0,-32.0,105.0,1.0
-49.0,37.0,-256.0,-31.0,104.0,3.0
-49.0,35.0,-258.0,-30.0,103.0,-1.0
-50.0,36.0,-261.0,-30.0,101.0,3.0
-50.0,37.0,-260.0,-31.0,100.0,1.0
-48.0,37.0,-255.0,-30.0,100.0,4.0
-46.0,33.0,-257.0,-30.0,97.0,2.0
-47.0,34.0,-255.0,-30.0,94.0,4.0
-49.0,35.0,-257.0,-28.0,94.0,1.0
-48.0,37.0,-256.0,-27.0,91.0,2.0
-46.0,35.0,-259.0,-24.0,92.0,1.0
-48.0,36.0,-254.0,-21.0,91.0,1.0
-47.0,33.0,-261.0,-19.0,92.0,-1.0
-48.0,36.0,-255.0,-18.0,93.0,1.0
-48.0,44.0,-259.0,-15.0,93.0,-1.0
-49.0,35.0,-255.0,-14.0,93.0,0.0
-47.0,34.0,-259.0,-13.0,92.0,-3.0
-48.0,34.0,-257.0,-10.0,92.0,-2.0
-46.0,33.0,-258.0,-9.0,92.0,-5.0
-64.0,33.0,-263.0,-8.0,89.0,-3.0
-51.0,33.0,-259.0,-7.0,89.0,-5.0
-49.0,37.0,-261.0,-7.0,87.0,-3.0
-47.0,35.0,-257.0,-6.0,86.0,-5.0
-46.0,34.0,-254.0,-6.0,84.0,-4.0
-50.0,34.0,-259.0,-7.0,82.0,-7.0
-43.0,32.0,-259.0,-7.0,80.0,-5.0
-48.0,33.0,-257.0,-4.0,79.0,-6.0
-49.0,32.0,-259.0,-1.0,78.0,-4.0
-45.0,34.0,-263.0,-1.0,76.0,-6.0
-45.0,33.0,-265.0,0.0,74.0,-6.0
-49.0,32.0,-261.0,-1.0,69.0,-6.0
-50.0,32.0,-258.0,-1.0,66.0,-4.0
