52.0,-237.0,-52.0,30.0,-38.0,-248.0
54.0,-231.0,-51.0,59.0,-37.0,-229.0
54.0,-234.0,-59.0,86.0,-39.0,-212.0
61.0,-230.0,-52.0,105.0,-39.0,-194.0
60.0,-229.0,-56.0,120.0,-38.0,-183.0
60.0,-228.0,-57.0,133.0,-35.0,-169.0
64.0,-224.0,-56.0,138.0,-32.0,-159.0
63.0,-223.0,-53.0,139.0,-30.0,-150.0
62.0,-217.0,-55.0,133.0,-27.0,-142.0
64.0,-213.0,-57.0,120.0,-20.0,-133.0
60.0,-207.0,-55.0,100.0,-8.0,-126.0
57.0,-205.0,-55.0,75.0,6.0,-120.0
57.0,-203.0,-52.0,47.0,19.0,-113.0
57.0,-202.0,-51.0,21.0,35.0,-111.0
56.0,-202.0,-52.0,-7.0,53.0,-108.0
60.0,-210.0,-52.0,-34.0,77.0,-109.0
61.0,-210.0,-51.0,-58.0,102.0,-107.0
62.0,-213.0,-46.0,-77.0,133.0,-107.0
64.0,-217.0,-41.0,-89.0,161.0,-107.0
60.0,-221.0,-43.0,-98.0,189.0,-105.0
61.0,-227.0,-42.0,-104.0,212.0,-98.0
63.0,-231.0,-40.0,-108.0,235.0,-93.0
62.0,-236.0,-41.0,-113.0,253.0,-89.0
62.0,-238.0,-40.0,-119.0,267.0,-83.0
54.0,-237.0,-38.0,-123.0,277.0,-74.0
55.0,-235.0,-36.0,-123.0,282.0,-62.0
51.0,-234.0,-31.0,-121.0,285.0,-48.0
50.0,-234.0,-32.0,-118.0,286.0,-32.0
48.0,-234.0,-31.0,-117.0,284.0,-16.0
43.0,-237.0,-26.0,-115.0,283.0,1.0
44.0,-240.0,-23.0,-116.0,278.0,16.0
44.0,-241.0,-24.0,-119.0,272.0,32.0
43.0,-245.0,-13.0,-125.0,262.0,47.0
34.0,-238.0,-29.0,-134.0,252.0,62.0
36.0,-244.0,-25.0,-146.0,245.0,75.0
34.0,-249.0,-21.0,-158.0,238.0,86.0
31.0,-248.0,-22.0,-165.0,237.0,98.0
34.0,-252.0,-24.0,-167.0,237.0,107.0
35.0,-253.0,-22.0,-163.0,240.0,112.0
35.0,-255.0,-23.0,-158.0,246.0,116.0
34.0,-258.0,-23.0,-151.0,252.0,118.0
34.0,-255.0,-20.0,-142.0,255.0,119.0
36.0,-255.0,-23.0,-131.0,257.0,121.0
38.0,-255.0,-20.0,-120.0,256.0,122.0
35.0,-253.0,-20.0,-109.0,256.0,125.0
36.0,-256.0,-20.0,-99.0,260.0,129.0
33.0,-251.0,-19.0,-86.0,263.0,135.0
36.0,-252.0,-13.0,-74.0,264.0,139.0
39.0,-256.0,-15.0,-62.0,265.0,146.0
36.0,-246.0,-16.0,-49.0,266.0,153.0
41.0,-251.0,-18.0,-38.0,265.0,163.0
38.0,-246.0,-14.0,-29.0,267.0,172.0
42.0,-247.0,-11.0,-21.0,271.0,180.0
45.0,-247.0,-13.0,-16.0,279.0,190.0
49.0,-244.0,-8.0,-11.0,287.0,198.0
51.0,-246.0,-14.0,-4.0,294.0,209.0
55.0,-242.0,-11.0,2.0,298.0,224.0
55.0,-245.0,-13.0,7.0,304.0,238.0
55.0,-236.0,-11.0,11.0,310.0,251.0
56.0,-240.0,-14.0,13.0,316.0,268.0
52.0,-234.0,-11.0,13.0,322.0,283.0
52.0,-232.0,-9.0,12.0,323.0,298.0
46.0,-228.0,-14.0,7.0,319.0,318.0
44.0,-222.0,-8.0,2.0,310.0,336.0
38.0,-221.0,-8.0,-7.0,295.0,356.0
29.0,-225.0,-8.0,-17.0,274.0,375.0
26.0,-222.0,-5.0,-26.0,239.0,393.0
20.0,-225.0,-2.0,-36.0,202.0,407.0
13.0,-227.0,7.0,-42.0,161.0,420.0
7.0,-233.0,6.0,-44.0,114.0,432.0
3.0,-233.0,8.0,-45.0,65.0,442.0
-2.0,-237.0,7.0,-39.0,14.0,449.0
-9.0,-238.0,6.0,-33.0,-36.0,451.0
-13.0,-233.0,11.0,-26.0,-86.0,456.0
-18.0,-235.0,13.0,-22.0,-131.0,460.0
-19.0,-233.0,13.0,-16.0,-176.0,462.0
-21.0,-229.0,8.0,-7.0,-216.0,468.0
-19.0,-227.0,10.0,4.0,-249.0,475.0
-18.0,-224.0,6.0,13.0,-275.0,484.0
-13.0,-223.0,6.0,23.0,-298.0,489.0
-9.0,-226.0,6.0,30.0,-319.0,491.0
-2.0,-228.0,7.0,36.0,-340.0,488.0
-1.0,-232.0,2.0,42.0,-359.0,479.0
0.0,-231.0,1.0,44.0,-377.0,468.0
2.0,-238.0,0.0,45.0,-391.0,454.0
1.0,-233.0,1.0,46.0,-403.0,439.0
4.0,-238.0,2.0,45.0,-419.0,420.0
1.0,-237.0,0.0,42.0,-436.0,403.0
-4.0,-235.0,0.0,39.0,-457.0,385.0
-6.0,-233.0,1.0,38.0,-477.0,368.0
-11.0,-230.0,-1.0,39.0,-492.0,350.0
-12.0,-228.0,-1.0,43.0,-502.0,331.0
-11.0,-225.0,-5.0,42.0,-507.0,312.0
-12.0,-220.0,-5.0,38.0,-506.0,292.0
-12.0,-213.0,-10.0,33.0,-500.0,274.0
-12.0,-207.0,-12.0,25.0,-489.0,257.0
-2.0,-209.0,-14.0,16.0,-470.0,238.0
2.0,-205.0,-18.0,1.0,-446.0,217.0
12.0,-205.0,-22.0,-23.0,-420.0,195.0
22.0,-209.0,-30.0,-46.0,-390.0,173.0
28.0,-206.0,-29.0,-74.0,-358.0,150.0
39.0,-211.0,-33.0,-104.0,-322.0,130.0
46.0,-212.0,-39.0,-142.0,-283.0,109.0
52.0,-214.0,-47.0,-181.0,-250.0,91.0
57.0,-221.0,-55.0,-224.0,-220.0,71.0
60.0,-226.0,-63.0,-273.0,-196.0,54.0
58.0,-227.0,-71.0,-320.0,-173.0,40.0
59.0,-229.0,-81.0,-365.0,-151.0,23.0
58.0,-238.0,-83.0,-406.0,-129.0,11.0
54.0,-244.0,-91.0,-438.0,-105.0,-2.0
51.0,-248.0,-100.0,-463.0,-76.0,-17.0
48.0,-258.0,-104.0,-479.0,-46.0,-30.0
41.0,-267.0,-109.0,-483.0,-17.0,-46.0
35.0,-274.0,-115.0,-474.0,11.0,-62.0
29.0,-279.0,-117.0,-453.0,43.0,-84.0
27.0,-289.0,-123.0,-432.0,76.0,-105.0
23.0,-300.0,-124.0,-406.0,110.0,-125.0
17.0,-306.0,-126.0,-372.0,146.0,-145.0
12.0,-309.0,-126.0,-342.0,178.0,-164.0
3.0,-315.0,-131.0,-308.0,211.0,-183.0
-2.0,-319.0,-130.0,-279.0,239.0,-200.0
-1.0,-323.0,-130.0,-254.0,269.0,-215.0
-7.0,-323.0,-132.0,-229.0,302.0,-226.0
-11.0,-323.0,-133.0,-210.0,339.0,-239.0
-14.0,-322.0,-131.0,-196.0,386.0,-253.0
-12.0,-319.0,-136.0,-174.0,433.0,-272.0
-15.0,-315.0,-132.0,-153.0,484.0,-289.0
0.0,-314.0,-126.0,-131.0,532.0,-304.0
17.0,-313.0,-126.0,-109.0,591.0,-315.0
22.0,-306.0,-119.0,-83.0,649.0,-325.0
25.0,-298.0,-118.0,-53.0,697.0,-324.0
41.0,-297.0,-112.0,-44.0,736.0,-313.0
45.0,-292.0,-108.0,-43.0,770.0,-291.0
48.0,-279.0,-106.0,-42.0,795.0,-269.0
53.0,-275.0,-103.0,-39.0,814.0,-245.0
51.0,-274.0,-98.0,-39.0,831.0,-216.0
52.0,-272.0,-90.0,-43.0,846.0,-180.0
38.0,-270.0,-83.0,-45.0,852.0,-144.0
40.0,-264.0,-87.0,-34.0,843.0,-115.0
32.0,-262.0,-71.0,-13.0,842.0,-78.0
24.0,-261.0,-65.0,3.0,847.0,-41.0
16.0,-258.0,-65.0,20.0,850.0,-9.0
2.0,-255.0,-61.0,28.0,845.0,19.0
-9.0,-249.0,-60.0,27.0,831.0,48.0
-13.0,-240.0,-60.0,19.0,801.0,71.0
-16.0,-236.0,-56.0,9.0,764.0,89.0
-7.0,-224.0,-60.0,0.0,733.0,101.0
-3.0,-217.0,-57.0,-4.0,715.0,102.0
4.0,-210.0,-58.0,-2.0,702.0,102.0
15.0,-205.0,-56.0,-1.0,697.0,95.0
27.0,-205.0,-53.0,3.0,702.0,81.0
34.0,-202.0,-52.0,10.0,723.0,59.0
37.0,-201.0,-51.0,18.0,759.0,35.0
48.0,-195.0,-46.0,24.0,807.0,9.0
52.0,-196.0,-50.0,27.0,876.0,-24.0
51.0,-199.0,-48.0,25.0,954.0,-49.0
50.0,-202.0,-48.0,15.0,1034.0,-71.0
54.0,-205.0,-51.0,2.0,1118.0,-94.0
46.0,-204.0,-55.0,-11.0,1199.0,-107.0
44.0,-214.0,-43.0,-27.0,1275.0,-117.0
38.0,-209.0,-54.0,-44.0,1359.0,-123.0
40.0,-205.0,-56.0,-55.0,1422.0,-129.0
32.0,-210.0,-57.0,-63.0,1480.0,-134.0
35.0,-211.0,-56.0,-67.0,1531.0,-136.0
34.0,-210.0,-57.0,-70.0,1577.0,-135.0
33.0,-210.0,-54.0,-68.0,1614.0,-132.0
29.0,-207.0,-53.0,-68.0,1644.0,-129.0
22.0,-204.0,-56.0,-66.0,1666.0,-124.0
23.0,-202.0,-58.0,-61.0,1683.0,-119.0
20.0,-202.0,-56.0,-55.0,1696.0,-110.0
21.0,-205.0,-54.0,-48.0,1706.0,-102.0
16.0,-198.0,-54.0,-42.0,1716.0,-95.0
15.0,-197.0,-62.0,-40.0,1734.0,-88.0
30.0,-199.0,-55.0,-42.0,1756.0,-84.0
16.0,-196.0,-61.0,-49.0,1778.0,-82.0
17.0,-198.0,-63.0,-61.0,1805.0,-83.0
16.0,-195.0,-62.0,-72.0,1831.0,-88.0
19.0,-199.0,-63.0,-83.0,1855.0,-97.0
23.0,-199.0,-63.0,-92.0,1882.0,-108.0
25.0,-200.0,-66.0,-99.0,1916.0,-124.0
27.0,-199.0,-68.0,-108.0,1960.0,-140.0
28.0,-204.0,-68.0,-118.0,2009.0,-158.0
32.0,-204.0,-67.0,-128.0,2057.0,-180.0
29.0,-205.0,-65.0,-133.0,2103.0,-200.0
28.0,-204.0,-66.0,-134.0,2144.0,-220.0
27.0,-206.0,-65.0,-130.0,2182.0,-237.0
25.0,-207.0,-67.0,-124.0,2212.0,-251.0
22.0,-210.0,-61.0,-115.0,2237.0,-263.0
18.0,-209.0,-63.0,-102.0,2256.0,-274.0
18.0,-211.0,-62.0,-88.0,2276.0,-278.0
18.0,-208.0,-63.0,-76.0,2295.0,-282.0
13.0,-205.0,-64.0,-70.0,2317.0,-286.0
10.0,-204.0,-59.0,-69.0,2340.0,-290.0
9.0,-203.0,-58.0,-72.0,2357.0,-295.0
6.0,-197.0,-56.0,-79.0,2366.0,-295.0
3.0,-197.0,-52.0,-85.0,2366.0,-294.0
0.0,-196.0,-51.0,-87.0,2362.0,-291.0
-2.0,-195.0,-54.0,-88.0,2357.0,-290.0
-2.0,-195.0,-52.0,-87.0,2350.0,-290.0
0.0,-195.0,-54.0,-86.0,2342.0,-293.0
-1.0,-196.0,-53.0,-88.0,2336.0,-297.0
1.0,-190.0,-55.0,-92.0,2333.0,-307.0
2.0,-191.0,-56.0,-103.0,2330.0,-321.0
5.0,-194.0,-58.0,-112.0,2325.0,-340.0
6.0,-192.0,-57.0,-120.0,2314.0,-365.0
2.0,-191.0,-58.0,-125.0,2302.0,-392.0
5.0,-190.0,-60.0,-127.0,2292.0,-417.0
1.0,-188.0,-57.0,-129.0,2282.0,-439.0
0.0,-185.0,-60.0,-129.0,2273.0,-461.0
-2.0,-182.0,-60.0,-128.0,2262.0,-482.0
-1.0,-182.0,-57.0,-128.0,2250.0,-499.0
-13.0,-177.0,-57.0,-125.0,2232.0,-515.0
-13.0,-176.0,-58.0,-120.0,2210.0,-526.0
-17.0,-175.0,-54.0,-113.0,2188.0,-529.0
-17.0,-171.0,-56.0,-102.0,2164.0,-531.0
-22.0,-169.0,-55.0,-95.0,2140.0,-530.0
-22.0,-172.0,-57.0,-91.0,2112.0,-531.0
-24.0,-165.0,-59.0,-88.0,2087.0,-536.0
-21.0,-162.0,-58.0,-89.0,2060.0,-545.0
-18.0,-164.0,-61.0,-89.0,2031.0,-562.0
-17.0,-165.0,-61.0,-89.0,2000.0,-576.0
-23.0,-162.0,-60.0,-94.0,1967.0,-599.0
-20.0,-162.0,-56.0,-96.0,1934.0,-623.0
-16.0,-165.0,-55.0,-93.0,1906.0,-641.0
-16.0,-165.0,-56.0,-87.0,1884.0,-659.0
-19.0,-166.0,-53.0,-81.0,1871.0,-675.0
-16.0,-166.0,-53.0,-76.0,1857.0,-695.0
-17.0,-163.0,-52.0,-72.0,1846.0,-716.0
-10.0,-165.0,-50.0,-65.0,1834.0,-735.0
-15.0,-166.0,-46.0,-57.0,1825.0,-755.0
-17.0,-164.0,-42.0,-49.0,1815.0,-774.0
-18.0,-164.0,-39.0,-40.0,1799.0,-794.0
-22.0,-161.0,-36.0,-29.0,1781.0,-812.0
-23.0,-164.0,-35.0,-16.0,1758.0,-828.0
-22.0,-164.0,-33.0,-2.0,1736.0,-839.0
-26.0,-163.0,-33.0,12.0,1710.0,-849.0
-29.0,-159.0,-36.0,26.0,1682.0,-858.0
-28.0,-159.0,-34.0,39.0,1658.0,-868.0
-30.0,-155.0,-38.0,47.0,1642.0,-878.0
-31.0,-151.0,-38.0,54.0,1636.0,-886.0
-22.0,-147.0,-34.0,61.0,1635.0,-891.0
-21.0,-140.0,-31.0,66.0,1640.0,-891.0
-19.0,-135.0,-36.0,68.0,1643.0,-889.0
-21.0,-128.0,-38.0,59.0,1648.0,-885.0
-17.0,-126.0,-35.0,43.0,1652.0,-879.0
-9.0,-117.0,-40.0,21.0,1655.0,-878.0
-6.0,-110.0,-37.0,-3.0,1663.0,-873.0
0.0,-107.0,-36.0,-30.0,1674.0,-859.0
3.0,-102.0,-41.0,-59.0,1685.0,-844.0
4.0,-95.0,-40.0,-91.0,1699.0,-828.0
8.0,-92.0,-42.0,-126.0,1719.0,-815.0
8.0,-86.0,-40.0,-163.0,1743.0,-794.0
11.0,-86.0,-49.0,-195.0,1765.0,-776.0
16.0,-84.0,-50.0,-225.0,1790.0,-759.0
15.0,-84.0,-58.0,-256.0,1817.0,-748.0
17.0,-87.0,-63.0,-284.0,1838.0,-741.0
16.0,-93.0,-55.0,-311.0,1852.0,-738.0
14.0,-96.0,-57.0,-327.0,1854.0,-743.0
11.0,-96.0,-56.0,-328.0,1843.0,-756.0
4.0,-97.0,-62.0,-319.0,1822.0,-770.0
-5.0,-93.0,-61.0,-308.0,1794.0,-793.0
-7.0,-90.0,-63.0,-297.0,1768.0,-824.0
-15.0,-86.0,-65.0,-287.0,1747.0,-861.0
-22.0,-81.0,-64.0,-283.0,1722.0,-902.0
-20.0,-73.0,-66.0,-285.0,1692.0,-943.0
-19.0,-70.0,-65.0,-294.0,1656.0,-981.0
-21.0,-68.0,-63.0,-303.0,1618.0,-1024.0
-16.0,-66.0,-65.0,-310.0,1576.0,-1069.0
-5.0,-63.0,-62.0,-316.0,1536.0,-1123.0
0.0,-60.0,-59.0,-318.0,1505.0,-1182.0
11.0,-61.0,-57.0,-320.0,1485.0,-1245.0
26.0,-61.0,-48.0,-328.0,1481.0,-1299.0
39.0,-58.0,-41.0,-336.0,1481.0,-1353.0
48.0,-63.0,-32.0,-338.0,1481.0,-1403.0
61.0,-62.0,-27.0,-338.0,1473.0,-1453.0
77.0,-55.0,-23.0,-336.0,1454.0,-1498.0
83.0,-54.0,-22.0,-320.0,1429.0,-1537.0
92.0,-52.0,-18.0,-303.0,1399.0,-1569.0
100.0,-53.0,-15.0,-270.0,1374.0,-1607.0
119.0,-54.0,-8.0,-216.0,1364.0,-1639.0
139.0,-54.0,1.0,-141.0,1377.0,-1680.0
156.0,-60.0,7.0,-49.0,1429.0,-1737.0
162.0,-51.0,25.0,52.0,1522.0,-1802.0
170.0,-46.0,44.0,135.0,1618.0,-1860.0
188.0,-35.0,58.0,200.0,1704.0,-1912.0
189.0,-16.0,72.0,178.0,1786.0,-1946.0
202.0,-5.0,78.0,62.0,1854.0,-1955.0
201.0,0.0,86.0,-117.0,1926.0,-1961.0
237.0,-1.0,82.0,-365.0,2000.0,-1960.0
243.0,-50.0,118.0,-639.0,2122.0,-1973.0
282.0,-107.0,126.0,-770.0,2271.0,-1999.0
400.0,-182.0,102.0,-759.0,2508.0,-2115.0
521.0,-285.0,149.0,-632.0,2899.0,-2392.0
672.0,-404.0,190.0,-345.0,3362.0,-2782.0
838.0,-477.0,187.0,44.0,3792.0,-3230.0
918.0,-527.0,189.0,415.0,4158.0,-3638.0
1085.0,-645.0,245.0,699.0,4441.0,-3933.0
1130.0,-818.0,397.0,888.0,4744.0,-4145.0
1438.0,-1042.0,528.0,1223.0,4988.0,-4352.0
1621.0,-1191.0,645.0,1758.0,5388.0,-4647.0
1622.0,-1241.0,700.0,2210.0,5678.0,-4895.0
1377.0,-1117.0,669.0,2250.0,5535.0,-4967.0
1099.0,-961.0,648.0,2036.0,5024.0,-4882.0
612.0,-869.0,675.0,1817.0,4328.0,-4467.0
122.0,-810.0,640.0,1839.0,3311.0,-3881.0
12.0,-693.0,574.0,2131.0,2130.0,-3454.0
1.0,-484.0,458.0,2657.0,1235.0,-3232.0
-66.0,-229.0,409.0,3047.0,777.0,-3214.0
-73.0,6.0,346.0,3052.0,785.0,-3421.0
-41.0,189.0,257.0,2790.0,1051.0,-3731.0
34.0,294.0,223.0,2389.0,1306.0,-3993.0
190.0,341.0,176.0,2013.0,1484.0,-4122.0
285.0,304.0,164.0,1771.0,1562.0,-4125.0
406.0,185.0,134.0,1595.0,1504.0,-3931.0
480.0,47.0,112.0,1499.0,1383.0,-3694.0
497.0,-40.0,112.0,1440.0,1211.0,-3446.0
488.0,-131.0,141.0,1374.0,912.0,-3198.0
459.0,-176.0,170.0,1356.0,618.0,-2933.0
395.0,-164.0,184.0,1383.0,407.0,-2686.0
355.0,-129.0,202.0,1449.0,239.0,-2506.0
357.0,-92.0,210.0,1517.0,87.0,-2389.0
278.0,-61.0,268.0,1574.0,52.0,-2305.0
257.0,-7.0,252.0,1620.0,50.0,-2253.0
155.0,57.0,247.0,1517.0,32.0,-2217.0
36.0,105.0,229.0,1285.0,-107.0,-2151.0
-6.0,138.0,196.0,1038.0,-307.0,-2134.0
-16.0,124.0,169.0,919.0,-308.0,-2073.0
53.0,78.0,164.0,771.0,-282.0,-2005.0
41.0,52.0,166.0,707.0,-280.0,-1968.0
51.0,39.0,153.0,738.0,-328.0,-1916.0
24.0,22.0,162.0,782.0,-410.0,-1847.0
77.0,20.0,171.0,815.0,-533.0,-1745.0
122.0,28.0,179.0,803.0,-566.0,-1615.0
157.0,66.0,162.0,769.0,-551.0,-1496.0
193.0,88.0,141.0,726.0,-488.0,-1394.0
197.0,114.0,130.0,672.0,-391.0,-1318.0
218.0,126.0,101.0,636.0,-302.0,-1237.0
234.0,128.0,96.0,596.0,-202.0,-1157.0
249.0,125.0,78.0,601.0,-115.0,-1077.0
238.0,120.0,78.0,631.0,-5.0,-1007.0
232.0,128.0,68.0,688.0,109.0,-926.0
251.0,131.0,63.0,746.0,210.0,-852.0
256.0,130.0,60.0,793.0,320.0,-767.0
246.0,132.0,62.0,825.0,413.0,-673.0
232.0,133.0,66.0,842.0,482.0,-574.0
223.0,130.0,72.0,834.0,514.0,-470.0
206.0,130.0,87.0,817.0,534.0,-360.0
178.0,116.0,94.0,804.0,556.0,-244.0
157.0,115.0,93.0,781.0,545.0,-144.0
142.0,109.0,96.0,754.0,532.0,-63.0
120.0,106.0,90.0,746.0,521.0,-2.0
109.0,105.0,83.0,749.0,519.0,61.0
97.0,115.0,80.0,739.0,526.0,112.0
83.0,125.0,71.0,719.0,541.0,158.0
91.0,131.0,62.0,695.0,578.0,191.0
90.0,138.0,56.0,659.0,623.0,205.0
90.0,142.0,61.0,602.0,687.0,220.0
112.0,141.0,68.0,543.0,764.0,247.0
108.0,140.0,79.0,493.0,848.0,267.0
119.0,137.0,95.0,443.0,914.0,293.0
130.0,126.0,109.0,398.0,970.0,327.0
134.0,116.0,115.0,366.0,1020.0,376.0
151.0,110.0,114.0,346.0,1066.0,424.0
147.0,106.0,123.0,329.0,1106.0,471.0
152.0,104.0,130.0,314.0,1125.0,518.0
165.0,120.0,134.0,307.0,1105.0,553.0
161.0,131.0,133.0,294.0,1053.0,608.0
141.0,139.0,133.0,282.0,1009.0,674.0
169.0,146.0,127.0,255.0,981.0,738.0
137.0,144.0,101.0,202.0,938.0,772.0
121.0,160.0,112.0,145.0,942.0,779.0
111.0,169.0,94.0,79.0,924.0,799.0
104.0,162.0,91.0,35.0,939.0,834.0
102.0,157.0,88.0,28.0,1003.0,856.0
80.0,162.0,98.0,27.0,1028.0,846.0
66.0,154.0,95.0,-1.0,1020.0,864.0
95.0,154.0,112.0,-53.0,1063.0,874.0
103.0,140.0,118.0,-91.0,1111.0,913.0
117.0,141.0,135.0,-130.0,1127.0,907.0
72.0,129.0,139.0,-177.0,1119.0,894.0
101.0,155.0,142.0,-216.0,1157.0,817.0
151.0,150.0,172.0,-246.0,1211.0,890.0
201.0,131.0,189.0,-281.0,1250.0,922.0
181.0,135.0,197.0,-309.0,1281.0,890.0
171.0,134.0,208.0,-342.0,1313.0,891.0
168.0,117.0,231.0,-391.0,1370.0,850.0
200.0,148.0,236.0,-394.0,1378.0,811.0
273.0,140.0,246.0,-418.0,1287.0,811.0
191.0,142.0,263.0,-406.0,1122.0,757.0
177.0,137.0,246.0,-383.0,960.0,760.0
98.0,124.0,253.0,-396.0,890.0,708.0
189.0,126.0,262.0,-428.0,878.0,669.0
173.0,117.0,269.0,-492.0,813.0,685.0
163.0,110.0,262.0,-514.0,690.0,635.0
144.0,90.0,264.0,-519.0,550.0,611.0
140.0,68.0,267.0,-509.0,481.0,580.0
154.0,52.0,282.0,-488.0,465.0,507.0
156.0,49.0,286.0,-445.0,447.0,409.0
164.0,50.0,290.0,-397.0,418.0,319.0
173.0,40.0,301.0,-339.0,387.0,230.0
183.0,29.0,319.0,-276.0,371.0,158.0
147.0,23.0,314.0,-204.0,345.0,68.0
158.0,28.0,312.0,-136.0,329.0,51.0
154.0,24.0,317.0,-48.0,287.0,77.0
129.0,19.0,320.0,21.0,225.0,81.0
125.0,11.0,326.0,68.0,156.0,75.0
131.0,13.0,324.0,95.0,84.0,82.0
130.0,11.0,324.0,122.0,8.0,81.0
113.0,2.0,318.0,145.0,-66.0,47.0
157.0,22.0,317.0,180.0,-151.0,33.0
144.0,-5.0,297.0,223.0,-256.0,101.0
148.0,-6.0,288.0,236.0,-332.0,104.0
163.0,-10.0,288.0,247.0,-395.0,81.0
159.0,-16.0,270.0,270.0,-454.0,52.0
148.0,-7.0,252.0,301.0,-496.0,36.0
144.0,-2.0,249.0,323.0,-535.0,32.0
122.0,13.0,222.0,340.0,-562.0,32.0
127.0,9.0,219.0,338.0,-571.0,33.0
149.0,17.0,211.0,333.0,-566.0,16.0
129.0,30.0,194.0,347.0,-557.0,43.0
116.0,27.0,179.0,331.0,-544.0,77.0
104.0,21.0,182.0,286.0,-520.0,99.0
121.0,28.0,175.0,245.0,-505.0,119.0
111.0,23.0,174.0,212.0,-488.0,141.0
108.0,20.0,173.0,181.0,-476.0,159.0
103.0,16.0,169.0,168.0,-466.0,175.0
105.0,9.0,169.0,157.0,-439.0,150.0
136.0,25.0,172.0,187.0,-420.0,150.0
139.0,22.0,164.0,221.0,-441.0,206.0
128.0,19.0,170.0,192.0,-457.0,250.0
126.0,22.0,178.0,147.0,-468.0,274.0
127.0,24.0,178.0,122.0,-488.0,301.0
127.0,27.0,175.0,113.0,-523.0,334.0
100.0,11.0,161.0,110.0,-559.0,356.0
154.0,43.0,177.0,119.0,-569.0,346.0
151.0,34.0,166.0,153.0,-628.0,449.0
139.0,22.0,165.0,131.0,-689.0,509.0
140.0,20.0,164.0,91.0,-722.0,530.0
120.0,-7.0,160.0,76.0,-743.0,538.0
154.0,4.0,174.0,74.0,-736.0,505.0
174.0,13.0,173.0,131.0,-778.0,551.0
165.0,3.0,163.0,195.0,-834.0,611.0
161.0,0.0,164.0,217.0,-858.0,639.0
163.0,3.0,170.0,237.0,-859.0,656.0
169.0,3.0,173.0,258.0,-852.0,675.0
147.0,-20.0,164.0,281.0,-829.0,673.0
196.0,9.0,191.0,321.0,-777.0,642.0
196.0,24.0,186.0,398.0,-791.0,716.0
197.0,18.0,178.0,415.0,-814.0,783.0
181.0,23.0,183.0,396.0,-807.0,810.0
191.0,20.0,178.0,384.0,-802.0,833.0
163.0,6.0,171.0,378.0,-797.0,840.0
182.0,10.0,170.0,386.0,-768.0,815.0
200.0,17.0,164.0,432.0,-784.0,854.0
202.0,9.0,146.0,460.0,-802.0,906.0
216.0,5.0,140.0,466.0,-791.0,929.0
214.0,2.0,131.0,475.0,-754.0,929.0
194.0,5.0,123.0,476.0,-704.0,923.0
211.0,6.0,119.0,479.0,-674.0,915.0
215.0,4.0,117.0,488.0,-649.0,904.0
226.0,1.0,112.0,488.0,-615.0,907.0
225.0,-15.0,105.0,471.0,-560.0,876.0
290.0,-2.0,113.0,471.0,-510.0,871.0
282.0,-14.0,105.0,422.0,-488.0,886.0
267.0,-24.0,107.0,323.0,-427.0,849.0
262.0,-34.0,110.0,249.0,-349.0,812.0
273.0,-48.0,114.0,192.0,-282.0,794.0
279.0,-56.0,119.0,144.0,-227.0,786.0
285.0,-64.0,125.0,110.0,-178.0,780.0
284.0,-53.0,131.0,102.0,-133.0,768.0
259.0,-43.0,130.0,109.0,-84.0,760.0
252.0,-24.0,127.0,115.0,-46.0,745.0
275.0,-6.0,125.0,129.0,-10.0,719.0
261.0,13.0,116.0,166.0,54.0,683.0
277.0,32.0,105.0,179.0,143.0,654.0
298.0,40.0,89.0,157.0,251.0,619.0
352.0,42.0,85.0,112.0,373.0,580.0
383.0,45.0,73.0,42.0,525.0,533.0
436.0,44.0,53.0,-36.0,746.0,499.0
387.0,43.0,65.0,-120.0,1088.0,483.0
392.0,40.0,56.0,-257.0,1273.0,436.0
356.0,31.0,48.0,-457.0,1368.0,383.0
315.0,2.0,62.0,-614.0,1479.0,354.0
266.0,-29.0,75.0,-674.0,1564.0,327.0
217.0,-46.0,85.0,-711.0,1567.0,279.0
200.0,-60.0,99.0,-696.0,1587.0,240.0
176.0,-64.0,121.0,-632.0,1575.0,204.0
162.0,-61.0,126.0,-551.0,1517.0,167.0
166.0,-59.0,137.0,-472.0,1454.0,126.0
172.0,-61.0,145.0,-397.0,1385.0,86.0
184.0,-56.0,158.0,-328.0,1305.0,44.0
192.0,-52.0,164.0,-249.0,1217.0,-7.0
194.0,-45.0,168.0,-179.0,1122.0,-72.0
196.0,-41.0,175.0,-116.0,1034.0,-126.0
200.0,-40.0,172.0,-67.0,963.0,-171.0
197.0,-45.0,182.0,-34.0,899.0,-210.0
191.0,-45.0,183.0,-15.0,842.0,-235.0
183.0,-45.0,188.0,-3.0,787.0,-247.0
171.0,-31.0,192.0,1.0,740.0,-244.0
161.0,-38.0,195.0,-1.0,702.0,-232.0
154.0,-39.0,204.0,-6.0,674.0,-208.0
146.0,-38.0,206.0,-12.0,656.0,-178.0
142.0,-34.0,204.0,-18.0,648.0,-150.0
143.0,-32.0,205.0,-35.0,655.0,-121.0
142.0,-30.0,206.0,-64.0,675.0,-96.0
147.0,-30.0,210.0,-94.0,710.0,-71.0
145.0,-29.0,209.0,-122.0,749.0,-54.0
147.0,-28.0,208.0,-146.0,782.0,-40.0
157.0,-21.0,202.0,-166.0,812.0,-26.0
143.0,-30.0,199.0,-184.0,837.0,-18.0
153.0,-28.0,196.0,-203.0,858.0,-11.0
148.0,-30.0,195.0,-214.0,889.0,0.0
137.0,-28.0,199.0,-222.0,906.0,0.0
138.0,-25.0,200.0,-223.0,879.0,-9.0
141.0,-21.0,201.0,-222.0,821.0,-18.0
143.0,-27.0,207.0,-206.0,774.0,-22.0
143.0,-28.0,209.0,-183.0,736.0,-22.0
142.0,-24.0,206.0,-169.0,708.0,-22.0
147.0,-29.0,213.0,-159.0,684.0,-24.0
144.0,-25.0,213.0,-152.0,667.0,-27.0
146.0,-27.0,210.0,-148.0,657.0,-25.0
145.0,-24.0,211.0,-142.0,655.0,-21.0
143.0,-24.0,212.0,-140.0,652.0,-13.0
140.0,-25.0,209.0,-136.0,649.0,-4.0
139.0,-20.0,208.0,-135.0,642.0,13.0
138.0,-22.0,210.0,-135.0,635.0,35.0
139.0,-19.0,205.0,-134.0,625.0,53.0
137.0,-21.0,204.0,-137.0,619.0,71.0
139.0,-21.0,203.0,-136.0,621.0,88.0
139.0,-17.0,204.0,-139.0,616.0,98.0
130.0,-19.0,201.0,-150.0,610.0,105.0
129.0,-23.0,205.0,-163.0,598.0,110.0
126.0,-23.0,202.0,-174.0,583.0,111.0
125.0,-27.0,203.0,-182.0,568.0,108.0
117.0,-28.0,205.0,-177.0,547.0,106.0
114.0,-36.0,209.0,-168.0,523.0,106.0
117.0,-37.0,213.0,-155.0,497.0,100.0
110.0,-40.0,213.0,-135.0,467.0,94.0
112.0,-42.0,219.0,-111.0,440.0,84.0
109.0,-40.0,224.0,-85.0,413.0,69.0
114.0,-42.0,226.0,-57.0,380.0,50.0
114.0,-39.0,227.0,-27.0,348.0,30.0
116.0,-39.0,233.0,4.0,317.0,14.0
117.0,-40.0,233.0,31.0,285.0,-3.0
119.0,-37.0,235.0,58.0,254.0,-19.0
121.0,-37.0,233.0,81.0,227.0,-34.0
122.0,-39.0,235.0,105.0,201.0,-49.0
125.0,-38.0,232.0,125.0,179.0,-62.0
126.0,-39.0,231.0,139.0,162.0,-74.0
121.0,-34.0,227.0,146.0,146.0,-83.0
129.0,-31.0,232.0,145.0,136.0,-89.0
130.0,-31.0,230.0,147.0,118.0,-102.0
129.0,-26.0,213.0,145.0,102.0,-107.0
129.0,-29.0,221.0,131.0,93.0,-108.0
129.0,-29.0,220.0,113.0,83.0,-110.0
131.0,-28.0,217.0,91.0,74.0,-108.0
131.0,-24.0,217.0,67.0,64.0,-105.0
130.0,-25.0,218.0,43.0,53.0,-101.0
131.0,-28.0,214.0,13.0,44.0,-92.0
130.0,-31.0,214.0,-16.0,33.0,-85.0
133.0,-30.0,210.0,-42.0,21.0,-73.0
129.0,-33.0,211.0,-60.0,9.0,-66.0
127.0,-33.0,210.0,-70.0,-1.0,-55.0
129.0,-36.0,206.0,-82.0,-4.0,-46.0
130.0,-40.0,205.0,-92.0,-6.0,-38.0
130.0,-34.0,203.0,-94.0,-6.0,-31.0
132.0,-37.0,200.0,-92.0,-5.0,-24.0
130.0,-42.0,200.0,-88.0,0.0,-17.0
130.0,-37.0,201.0,-81.0,7.0,-10.0
134.0,-34.0,199.0,-77.0,13.0,-4.0
133.0,-39.0,201.0,-71.0,22.0,5.0
127.0,-41.0,204.0,-65.0,28.0,7.0
129.0,-41.0,205.0,-54.0,24.0,8.0
131.0,-37.0,202.0,-37.0,15.0,7.0
131.0,-40.0,207.0,-16.0,11.0,5.0
130.0,-39.0,206.0,1.0,2.0,4.0
131.0,-41.0,208.0,15.0,-8.0,2.0
133.0,-39.0,210.0,28.0,-20.0,-3.0
130.0,-36.0,211.0,43.0,-33.0,-5.0
132.0,-38.0,216.0,56.0,-45.0,-5.0
133.0,-36.0,213.0,70.0,-56.0,-6.0
134.0,-36.0,216.0,80.0,-65.0,-8.0
135.0,-35.0,215.0,94.0,-74.0,-12.0
137.0,-34.0,214.0,105.0,-79.0,-15.0
141.0,-34.0,218.0,116.0,-81.0,-18.0
139.0,-34.0,218.0,122.0,-85.0,-21.0
142.0,-31.0,215.0,127.0,-88.0,-26.0
144.0,-29.0,215.0,131.0,-90.0,-29.0
147.0,-26.0,215.0,133.0,-93.0,-30.0
147.0,-23.0,210.0,133.0,-96.0,-30.0
153.0,-27.0,214.0,131.0,-99.0,-32.0
151.0,-25.0,210.0,129.0,-101.0,-33.0
149.0,-27.0,210.0,124.0,-104.0,-35.0
152.0,-23.0,208.0,119.0,-104.0,-35.0
154.0,-23.0,205.0,114.0,-101.0,-32.0
153.0,-21.0,206.0,106.0,-99.0,-30.0
156.0,-19.0,202.0,98.0,-95.0,-30.0
151.0,-21.0,207.0,91.0,-90.0,-27.0
158.0,-18.0,201.0,84.0,-84.0,-23.0
157.0,-19.0,196.0,78.0,-76.0,-19.0
155.0,-18.0,199.0,72.0,-68.0,-17.0
