50.0,-234.0,-37.0,-183.0,-386.0,-96.0
40.0,-241.0,-37.0,-162.0,-403.0,-86.0
32.0,-248.0,-39.0,-132.0,-424.0,-72.0
37.0,-256.0,-40.0,-94.0,-440.0,-56.0
39.0,-259.0,-48.0,-54.0,-453.0,-36.0
42.0,-259.0,-50.0,-15.0,-456.0,-22.0
42.0,-265.0,-50.0,17.0,-450.0,-7.0
40.0,-266.0,-54.0,38.0,-446.0,2.0
44.0,-269.0,-48.0,49.0,-445.0,8.0
45.0,-270.0,-42.0,60.0,-450.0,11.0
52.0,-274.0,-43.0,75.0,-456.0,14.0
52.0,-275.0,-36.0,91.0,-462.0,14.0
56.0,-273.0,-43.0,110.0,-462.0,15.0
63.0,-273.0,-39.0,125.0,-462.0,13.0
65.0,-276.0,-36.0,138.0,-459.0,5.0
67.0,-275.0,-29.0,153.0,-452.0,-4.0
69.0,-275.0,-30.0,170.0,-445.0,-16.0
78.0,-275.0,-21.0,181.0,-440.0,-26.0
82.0,-277.0,-13.0,194.0,-437.0,-39.0
87.0,-279.0,-2.0,207.0,-434.0,-48.0
80.0,-281.0,-6.0,221.0,-433.0,-55.0
93.0,-272.0,2.0,244.0,-424.0,-76.0
90.0,-272.0,6.0,255.0,-425.0,-62.0
96.0,-270.0,0.0,261.0,-432.0,-51.0
98.0,-274.0,-21.0,267.0,-438.0,-50.0
97.0,-278.0,-35.0,265.0,-445.0,-72.0
94.0,-279.0,-61.0,252.0,-451.0,-108.0
103.0,-281.0,-78.0,226.0,-460.0,-158.0
119.0,-288.0,-96.0,184.0,-459.0,-215.0
128.0,-296.0,-120.0,130.0,-443.0,-272.0
131.0,-302.0,-128.0,71.0,-411.0,-324.0
131.0,-312.0,-137.0,11.0,-367.0,-374.0
130.0,-317.0,-139.0,-47.0,-318.0,-397.0
142.0,-317.0,-139.0,-100.0,-249.0,-407.0
147.0,-314.0,-133.0,-134.0,-179.0,-414.0
145.0,-311.0,-133.0,-154.0,-104.0,-425.0
139.0,-296.0,-129.0,-152.0,-38.0,-442.0
126.0,-286.0,-119.0,-138.0,8.0,-454.0
105.0,-275.0,-111.0,-113.0,24.0,-455.0
94.0,-263.0,-100.0,-73.0,16.0,-436.0
75.0,-249.0,-102.0,-10.0,-7.0,-408.0
55.0,-226.0,-106.0,65.0,-28.0,-369.0
35.0,-205.0,-112.0,135.0,-50.0,-327.0
18.0,-192.0,-123.0,194.0,-69.0,-283.0
-8.0,-178.0,-122.0,236.0,-90.0,-243.0
-33.0,-154.0,-148.0,252.0,-121.0,-203.0
-39.0,-149.0,-134.0,243.0,-154.0,-160.0
-54.0,-124.0,-150.0,225.0,-176.0,-121.0
-49.0,-128.0,-140.0,199.0,-191.0,-82.0
-44.0,-131.0,-132.0,169.0,-207.0,-53.0
-27.0,-132.0,-137.0,132.0,-219.0,-32.0
-11.0,-150.0,-144.0,83.0,-230.0,-20.0
-15.0,-152.0,-123.0,19.0,-241.0,-8.0
-1.0,-172.0,-118.0,-40.0,-252.0,2.0
3.0,-189.0,-107.0,-85.0,-267.0,20.0
15.0,-200.0,-94.0,-106.0,-274.0,48.0
27.0,-211.0,-84.0,-107.0,-269.0,87.0
44.0,-216.0,-81.0,-95.0,-250.0,134.0
54.0,-231.0,-97.0,-80.0,-222.0,183.0
70.0,-229.0,-88.0,-74.0,-182.0,230.0
84.0,-236.0,-87.0,-80.0,-140.0,272.0
94.0,-243.0,-86.0,-85.0,-93.0,310.0
105.0,-245.0,-88.0,-80.0,-46.0,344.0
112.0,-243.0,-88.0,-70.0,9.0,377.0
117.0,-237.0,-89.0,-64.0,68.0,414.0
115.0,-237.0,-89.0,-61.0,129.0,452.0
115.0,-233.0,-83.0,-55.0,186.0,490.0
103.0,-234.0,-87.0,-47.0,243.0,525.0
96.0,-232.0,-84.0,-47.0,285.0,554.0
92.0,-228.0,-81.0,-40.0,322.0,576.0
84.0,-224.0,-83.0,-29.0,350.0,601.0
69.0,-220.0,-88.0,-21.0,375.0,626.0
62.0,-214.0,-83.0,-27.0,394.0,647.0
52.0,-204.0,-80.0,-22.0,419.0,665.0
51.0,-199.0,-82.0,-1.0,451.0,678.0
43.0,-188.0,-84.0,6.0,479.0,675.0
35.0,-183.0,-85.0,8.0,503.0,669.0
30.0,-182.0,-87.0,0.0,523.0,656.0
24.0,-187.0,-89.0,-21.0,530.0,635.0
20.0,-189.0,-90.0,-68.0,531.0,615.0
15.0,-197.0,-88.0,-111.0,527.0,595.0
9.0,-202.0,-81.0,-143.0,524.0,574.0
6.0,-208.0,-81.0,-153.0,526.0,560.0
1.0,-208.0,-72.0,-146.0,532.0,550.0
0.0,-212.0,-80.0,-117.0,543.0,544.0
0.0,-208.0,-75.0,-101.0,545.0,534.0
-3.0,-212.0,-75.0,-98.0,546.0,523.0
-13.0,-213.0,-69.0,-98.0,550.0,513.0
-11.0,-214.0,-70.0,-107.0,547.0,501.0
-10.0,-213.0,-64.0,-128.0,533.0,487.0
-11.0,-212.0,-62.0,-149.0,519.0,476.0
-9.0,-214.0,-63.0,-169.0,512.0,461.0
-6.0,-218.0,-55.0,-187.0,514.0,445.0
-7.0,-223.0,-47.0,-195.0,526.0,429.0
-4.0,-227.0,-39.0,-184.0,545.0,410.0
-5.0,-228.0,-34.0,-160.0,567.0,391.0
-6.0,-229.0,-33.0,-122.0,592.0,371.0
0.0,-227.0,-27.0,-80.0,614.0,351.0
2.0,-227.0,-36.0,-37.0,636.0,330.0
7.0,-224.0,-37.0,-8.0,656.0,306.0
10.0,-223.0,-35.0,15.0,682.0,290.0
11.0,-226.0,-35.0,34.0,708.0,275.0
9.0,-235.0,-24.0,56.0,733.0,260.0
11.0,-240.0,-20.0,93.0,755.0,250.0
10.0,-248.0,-15.0,138.0,783.0,241.0
19.0,-258.0,-8.0,184.0,812.0,229.0
29.0,-264.0,0.0,234.0,842.0,220.0
38.0,-265.0,0.0,290.0,879.0,211.0
43.0,-273.0,5.0,347.0,914.0,199.0
42.0,-268.0,7.0,395.0,941.0,186.0
44.0,-268.0,2.0,436.0,956.0,172.0
38.0,-268.0,-3.0,467.0,963.0,158.0
41.0,-268.0,-17.0,479.0,959.0,141.0
37.0,-264.0,-26.0,470.0,945.0,117.0
35.0,-261.0,-40.0,458.0,926.0,84.0
31.0,-256.0,-46.0,443.0,899.0,42.0
30.0,-249.0,-54.0,416.0,865.0,-6.0
22.0,-236.0,-61.0,388.0,834.0,-64.0
12.0,-225.0,-68.0,358.0,810.0,-109.0
0.0,-226.0,-74.0,316.0,783.0,-149.0
-14.0,-221.0,-71.0,250.0,763.0,-182.0
-29.0,-227.0,-68.0,169.0,758.0,-203.0
-44.0,-228.0,-67.0,117.0,762.0,-216.0
-63.0,-228.0,-85.0,76.0,762.0,-217.0
-63.0,-221.0,-117.0,24.0,742.0,-181.0
-49.0,-219.0,-137.0,-53.0,720.0,-134.0
-19.0,-214.0,-154.0,-147.0,710.0,-87.0
-16.0,-226.0,-164.0,-238.0,725.0,-27.0
-8.0,-240.0,-176.0,-328.0,730.0,44.0
-4.0,-255.0,-185.0,-422.0,698.0,123.0
11.0,-272.0,-189.0,-523.0,626.0,219.0
35.0,-287.0,-198.0,-627.0,514.0,332.0
60.0,-285.0,-194.0,-724.0,384.0,455.0
72.0,-276.0,-186.0,-802.0,262.0,585.0
74.0,-262.0,-161.0,-857.0,154.0,703.0
81.0,-249.0,-117.0,-884.0,55.0,799.0
83.0,-244.0,-118.0,-847.0,-33.0,867.0
88.0,-233.0,-94.0,-790.0,-118.0,913.0
79.0,-217.0,-95.0,-701.0,-191.0,942.0
110.0,-204.0,-68.0,-606.0,-235.0,939.0
123.0,-199.0,-62.0,-526.0,-273.0,896.0
120.0,-181.0,-60.0,-419.0,-300.0,811.0
106.0,-180.0,-78.0,-302.0,-326.0,716.0
95.0,-184.0,-88.0,-230.0,-357.0,615.0
82.0,-198.0,-98.0,-214.0,-406.0,499.0
71.0,-224.0,-98.0,-234.0,-483.0,370.0
67.0,-251.0,-100.0,-245.0,-570.0,230.0
54.0,-276.0,-97.0,-238.0,-656.0,77.0
26.0,-304.0,-105.0,-206.0,-727.0,-69.0
6.0,-319.0,-108.0,-166.0,-781.0,-196.0
0.0,-325.0,-108.0,-122.0,-818.0,-301.0
-2.0,-326.0,-113.0,-61.0,-841.0,-381.0
1.0,-314.0,-121.0,13.0,-844.0,-419.0
6.0,-282.0,-132.0,90.0,-832.0,-419.0
8.0,-238.0,-129.0,185.0,-807.0,-401.0
16.0,-197.0,-144.0,291.0,-773.0,-398.0
54.0,-146.0,-166.0,310.0,-775.0,-440.0
81.0,-106.0,-169.0,220.0,-806.0,-528.0
92.0,-89.0,-168.0,73.0,-854.0,-633.0
95.0,-78.0,-168.0,-88.0,-917.0,-743.0
100.0,-68.0,-152.0,-237.0,-984.0,-862.0
100.0,-63.0,-141.0,-378.0,-1070.0,-944.0
76.0,-68.0,-130.0,-508.0,-1199.0,-1004.0
53.0,-88.0,-115.0,-620.0,-1321.0,-1038.0
40.0,-102.0,-103.0,-704.0,-1442.0,-1045.0
17.0,-125.0,-76.0,-724.0,-1564.0,-1036.0
-9.0,-143.0,-67.0,-667.0,-1700.0,-1018.0
-26.0,-168.0,-71.0,-578.0,-1850.0,-1002.0
-38.0,-178.0,-67.0,-501.0,-1997.0,-992.0
-48.0,-201.0,-62.0,-413.0,-2148.0,-984.0
-60.0,-219.0,-64.0,-290.0,-2299.0,-979.0
-61.0,-236.0,-59.0,-148.0,-2444.0,-971.0
-64.0,-246.0,-46.0,24.0,-2582.0,-961.0
-73.0,-253.0,-41.0,232.0,-2726.0,-950.0
-87.0,-256.0,-33.0,434.0,-2876.0,-938.0
-89.0,-266.0,-35.0,620.0,-3029.0,-917.0
-89.0,-263.0,-35.0,791.0,-3171.0,-891.0
-87.0,-257.0,-36.0,945.0,-3306.0,-851.0
-82.0,-250.0,-35.0,1071.0,-3425.0,-807.0
-85.0,-239.0,-22.0,1206.0,-3522.0,-764.0
-93.0,-231.0,-51.0,1343.0,-3614.0,-724.0
-86.0,-211.0,-70.0,1416.0,-3698.0,-695.0
-73.0,-197.0,-115.0,1413.0,-3760.0,-672.0
-48.0,-181.0,-137.0,1263.0,-3785.0,-668.0
-5.0,-169.0,-122.0,1043.0,-3787.0,-697.0
27.0,-137.0,-113.0,891.0,-3764.0,-759.0
45.0,-120.0,-122.0,797.0,-3724.0,-819.0
74.0,-88.0,-100.0,712.0,-3662.0,-860.0
107.0,-67.0,-97.0,650.0,-3595.0,-894.0
122.0,-57.0,-103.0,547.0,-3524.0,-925.0
135.0,-45.0,-82.0,400.0,-3432.0,-933.0
148.0,-54.0,-77.0,259.0,-3332.0,-924.0
173.0,-62.0,-58.0,140.0,-3254.0,-924.0
179.0,-61.0,-33.0,111.0,-3175.0,-941.0
183.0,-72.0,-24.0,146.0,-3115.0,-919.0
172.0,-91.0,-29.0,154.0,-3075.0,-875.0
164.0,-122.0,-27.0,134.0,-3011.0,-828.0
169.0,-154.0,-11.0,117.0,-2916.0,-777.0
165.0,-177.0,6.0,118.0,-2805.0,-731.0
179.0,-210.0,5.0,128.0,-2683.0,-708.0
169.0,-232.0,7.0,130.0,-2537.0,-701.0
157.0,-253.0,12.0,163.0,-2345.0,-697.0
155.0,-257.0,-3.0,189.0,-2141.0,-690.0
134.0,-253.0,-16.0,201.0,-1920.0,-705.0
120.0,-248.0,-32.0,218.0,-1714.0,-714.0
102.0,-232.0,-49.0,202.0,-1526.0,-743.0
72.0,-217.0,-52.0,169.0,-1394.0,-757.0
42.0,-235.0,-50.0,148.0,-1282.0,-755.0
29.0,-211.0,-52.0,96.0,-1199.0,-747.0
10.0,-213.0,-45.0,53.0,-1145.0,-732.0
-20.0,-208.0,-30.0,65.0,-1120.0,-714.0
-25.0,-207.0,-27.0,120.0,-1126.0,-684.0
-11.0,-192.0,-26.0,191.0,-1154.0,-679.0
-12.0,-191.0,-25.0,288.0,-1183.0,-676.0
-22.0,-174.0,-40.0,388.0,-1213.0,-678.0
-11.0,-162.0,-54.0,467.0,-1248.0,-674.0
-1.0,-133.0,-75.0,510.0,-1280.0,-666.0
-5.0,-104.0,-110.0,496.0,-1327.0,-659.0
-27.0,-91.0,-135.0,413.0,-1393.0,-660.0
-33.0,-94.0,-157.0,249.0,-1474.0,-658.0
-28.0,-116.0,-149.0,36.0,-1563.0,-669.0
7.0,-137.0,-123.0,-163.0,-1641.0,-688.0
30.0,-148.0,-93.0,-279.0,-1666.0,-705.0
48.0,-146.0,-59.0,-295.0,-1640.0,-710.0
59.0,-129.0,-48.0,-256.0,-1609.0,-700.0
75.0,-121.0,-48.0,-207.0,-1601.0,-689.0
94.0,-104.0,-62.0,-169.0,-1613.0,-680.0
100.0,-98.0,-83.0,-133.0,-1619.0,-668.0
100.0,-84.0,-113.0,-106.0,-1612.0,-653.0
99.0,-66.0,-139.0,-95.0,-1578.0,-630.0
95.0,-43.0,-160.0,-115.0,-1539.0,-605.0
103.0,-25.0,-184.0,-183.0,-1500.0,-577.0
100.0,-19.0,-202.0,-300.0,-1446.0,-548.0
93.0,-11.0,-199.0,-459.0,-1374.0,-514.0
111.0,-15.0,-179.0,-627.0,-1300.0,-480.0
122.0,-20.0,-168.0,-776.0,-1229.0,-456.0
125.0,-22.0,-164.0,-891.0,-1161.0,-446.0
129.0,-24.0,-149.0,-969.0,-1112.0,-439.0
129.0,-27.0,-146.0,-1020.0,-1090.0,-433.0
145.0,-39.0,-137.0,-1049.0,-1080.0,-419.0
150.0,-44.0,-124.0,-1076.0,-1068.0,-398.0
154.0,-51.0,-111.0,-1090.0,-1040.0,-376.0
157.0,-62.0,-96.0,-1057.0,-997.0,-349.0
142.0,-67.0,-100.0,-978.0,-957.0,-307.0
136.0,-76.0,-105.0,-896.0,-943.0,-213.0
135.0,-83.0,-108.0,-828.0,-964.0,-114.0
131.0,-93.0,-114.0,-777.0,-1023.0,-14.0
118.0,-98.0,-120.0,-733.0,-1079.0,74.0
108.0,-91.0,-137.0,-692.0,-1145.0,135.0
106.0,-89.0,-146.0,-685.0,-1225.0,168.0
83.0,-76.0,-164.0,-699.0,-1308.0,176.0
59.0,-78.0,-184.0,-745.0,-1407.0,155.0
35.0,-78.0,-188.0,-842.0,-1520.0,111.0
6.0,-95.0,-167.0,-966.0,-1639.0,47.0
-22.0,-108.0,-136.0,-1084.0,-1775.0,-24.0
-61.0,-142.0,-91.0,-1166.0,-1923.0,-86.0
-101.0,-172.0,-37.0,-1174.0,-2072.0,-139.0
-128.0,-192.0,-6.0,-1106.0,-2226.0,-177.0
-129.0,-199.0,2.0,-971.0,-2362.0,-205.0
-122.0,-211.0,15.0,-792.0,-2459.0,-217.0
-116.0,-220.0,16.0,-601.0,-2517.0,-215.0
-113.0,-222.0,20.0,-408.0,-2530.0,-184.0
-105.0,-211.0,4.0,-229.0,-2516.0,-121.0
-96.0,-198.0,-8.0,-96.0,-2500.0,-46.0
-92.0,-182.0,-23.0,-10.0,-2483.0,46.0
-83.0,-160.0,-48.0,37.0,-2472.0,145.0
-81.0,-129.0,-69.0,53.0,-2462.0,246.0
-71.0,-106.0,-84.0,18.0,-2456.0,354.0
-62.0,-74.0,-104.0,-57.0,-2456.0,463.0
-45.0,-38.0,-155.0,-147.0,-2446.0,561.0
-24.0,0.0,-225.0,-293.0,-2436.0,631.0
-24.0,10.0,-283.0,-481.0,-2414.0,677.0
-12.0,2.0,-343.0,-670.0,-2402.0,716.0
-2.0,-27.0,-366.0,-823.0,-2403.0,765.0
19.0,-102.0,-333.0,-938.0,-2433.0,834.0
10.0,-203.0,-279.0,-998.0,-2499.0,902.0
-21.0,-329.0,-210.0,-940.0,-2592.0,989.0
-100.0,-554.0,-112.0,-651.0,-2725.0,1065.0
-174.0,-695.0,-39.0,-19.0,-2835.0,1081.0
-245.0,-689.0,-38.0,921.0,-2819.0,1147.0
-320.0,-616.0,-61.0,1877.0,-2720.0,1313.0
-376.0,-398.0,-119.0,2559.0,-2592.0,1612.0
-369.0,-212.0,-128.0,2793.0,-2449.0,2027.0
-335.0,-112.0,-123.0,2644.0,-2318.0,2411.0
-287.0,-93.0,-50.0,2317.0,-2213.0,2717.0
-235.0,-95.0,0.0,1985.0,-2159.0,2814.0
-179.0,-140.0,43.0,1858.0,-2124.0,2798.0
-125.0,-210.0,22.0,1857.0,-2123.0,2737.0
-95.0,-253.0,-19.0,1712.0,-2176.0,2651.0
-67.0,-270.0,-67.0,1470.0,-2311.0,2565.0
-28.0,-290.0,-101.0,1261.0,-2453.0,2506.0
-30.0,-356.0,-124.0,1170.0,-2530.0,2530.0
-57.0,-447.0,-109.0,1201.0,-2501.0,2661.0
-82.0,-544.0,-90.0,1399.0,-2388.0,2841.0
-133.0,-590.0,-66.0,1737.0,-2223.0,3018.0
-235.0,-607.0,-35.0,2170.0,-2035.0,3227.0
-387.0,-599.0,-56.0,2581.0,-1866.0,3489.0
-531.0,-589.0,-88.0,2851.0,-1733.0,3803.0
-635.0,-536.0,-107.0,2943.0,-1699.0,4100.0
-763.0,-511.0,-139.0,2822.0,-1772.0,4399.0
-796.0,-501.0,-201.0,2520.0,-1866.0,4579.0
-939.0,-435.0,-258.0,1994.0,-1871.0,4675.0
-920.0,-408.0,-240.0,1325.0,-1828.0,4857.0
-823.0,-415.0,-204.0,645.0,-1693.0,5050.0
-811.0,-433.0,-105.0,11.0,-1482.0,5175.0
-657.0,-453.0,-2.0,-594.0,-1367.0,5261.0
-308.0,-475.0,42.0,-1213.0,-1309.0,5174.0
-476.0,-383.0,57.0,-1865.0,-1144.0,4844.0
-283.0,-333.0,145.0,-2518.0,-1035.0,4623.0
-255.0,-301.0,100.0,-3158.0,-979.0,4284.0
-276.0,-269.0,100.0,-3659.0,-859.0,4050.0
-120.0,-289.0,52.0,-3883.0,-872.0,3880.0
-172.0,-312.0,59.0,-3839.0,-859.0,3752.0
-155.0,-355.0,98.0,-3646.0,-919.0,3670.0
-124.0,-383.0,142.0,-3299.0,-1042.0,3629.0
-90.0,-414.0,145.0,-2761.0,-1164.0,3623.0
-63.0,-420.0,129.0,-2065.0,-1240.0,3630.0
-59.0,-395.0,123.0,-1259.0,-1257.0,3603.0
-104.0,-339.0,109.0,-421.0,-1285.0,3569.0
-164.0,-274.0,75.0,372.0,-1334.0,3562.0
-196.0,-201.0,22.0,999.0,-1358.0,3552.0
-214.0,-138.0,-30.0,1369.0,-1350.0,3504.0
-225.0,-63.0,-109.0,1450.0,-1261.0,3428.0
-253.0,-4.0,-165.0,1281.0,-1071.0,3288.0
-273.0,14.0,-207.0,935.0,-788.0,3067.0
-231.0,46.0,-204.0,499.0,-388.0,2848.0
-151.0,95.0,-217.0,-80.0,74.0,2538.0
-171.0,203.0,-188.0,-722.0,604.0,2269.0
-195.0,262.0,-130.0,-1511.0,1077.0,2009.0
-281.0,273.0,-123.0,-2288.0,1213.0,1728.0
-333.0,268.0,-143.0,-3114.0,1265.0,1484.0
-343.0,223.0,-132.0,-3675.0,1337.0,1348.0
-349.0,181.0,-110.0,-4016.0,1414.0,1274.0
-343.0,139.0,-80.0,-4167.0,1451.0,1251.0
-347.0,103.0,-43.0,-4192.0,1441.0,1249.0
-347.0,34.0,-30.0,-4084.0,1433.0,1253.0
-318.0,-16.0,-26.0,-3914.0,1463.0,1246.0
-286.0,-69.0,-4.0,-3661.0,1558.0,1276.0
-258.0,-108.0,0.0,-3299.0,1644.0,1310.0
-266.0,-128.0,14.0,-2860.0,1669.0,1331.0
-270.0,-130.0,29.0,-2371.0,1630.0,1334.0
-174.0,-88.0,23.0,-1882.0,1533.0,1321.0
-198.0,-76.0,11.0,-1411.0,1464.0,1340.0
-187.0,-58.0,4.0,-972.0,1428.0,1360.0
-188.0,-26.0,7.0,-602.0,1366.0,1366.0
-236.0,7.0,-15.0,-378.0,1275.0,1323.0
-250.0,38.0,-15.0,-351.0,1201.0,1225.0
-248.0,70.0,-20.0,-451.0,1146.0,1112.0
-250.0,71.0,-28.0,-597.0,1096.0,1052.0
-241.0,63.0,-29.0,-764.0,1048.0,1025.0
-216.0,49.0,-41.0,-914.0,1029.0,1012.0
-203.0,27.0,-28.0,-1024.0,1036.0,1004.0
-195.0,17.0,-14.0,-1093.0,1040.0,978.0
-196.0,19.0,-15.0,-1122.0,1051.0,941.0
-220.0,14.0,2.0,-1128.0,1094.0,911.0
-212.0,6.0,11.0,-1128.0,1137.0,871.0
-197.0,5.0,10.0,-1097.0,1215.0,829.0
-203.0,11.0,4.0,-1039.0,1338.0,823.0
-173.0,7.0,2.0,-967.0,1460.0,846.0
-196.0,0.0,-8.0,-898.0,1570.0,864.0
-209.0,-15.0,-20.0,-840.0,1659.0,846.0
-203.0,-10.0,-20.0,-773.0,1712.0,812.0
-190.0,-14.0,-25.0,-691.0,1755.0,784.0
-176.0,-14.0,-31.0,-584.0,1809.0,780.0
-174.0,-12.0,-35.0,-450.0,1847.0,778.0
-160.0,-3.0,-52.0,-307.0,1871.0,775.0
-177.0,-1.0,-58.0,-184.0,1906.0,766.0
-189.0,1.0,-60.0,-79.0,1938.0,750.0
-216.0,6.0,-57.0,27.0,1966.0,737.0
-191.0,36.0,-65.0,147.0,1966.0,739.0
-192.0,53.0,-66.0,278.0,2000.0,762.0
-211.0,62.0,-65.0,408.0,2032.0,783.0
-202.0,75.0,-70.0,543.0,2034.0,791.0
-219.0,97.0,-74.0,643.0,2027.0,774.0
-232.0,122.0,-65.0,699.0,2001.0,738.0
-234.0,133.0,-66.0,761.0,1976.0,739.0
-259.0,140.0,-72.0,876.0,1970.0,769.0
-268.0,138.0,-68.0,1006.0,1949.0,817.0
-258.0,132.0,-84.0,1103.0,1902.0,853.0
-257.0,125.0,-96.0,1155.0,1889.0,843.0
-242.0,117.0,-101.0,1192.0,1934.0,822.0
-238.0,124.0,-103.0,1260.0,2013.0,821.0
-215.0,119.0,-101.0,1327.0,2080.0,867.0
-199.0,103.0,-80.0,1388.0,2122.0,919.0
-198.0,124.0,-96.0,1460.0,2114.0,942.0
-185.0,128.0,-80.0,1478.0,2121.0,977.0
-183.0,150.0,-62.0,1469.0,2139.0,996.0
-168.0,158.0,-69.0,1419.0,2145.0,1009.0
-178.0,157.0,-56.0,1390.0,2162.0,1026.0
-195.0,158.0,-41.0,1374.0,2144.0,1065.0
-190.0,161.0,-48.0,1396.0,2109.0,1120.0
-188.0,170.0,-63.0,1402.0,2064.0,1145.0
-190.0,165.0,-59.0,1364.0,1994.0,1147.0
-198.0,187.0,-76.0,1316.0,1900.0,1142.0
-213.0,181.0,-45.0,1237.0,1787.0,1182.0
-215.0,171.0,-60.0,1246.0,1682.0,1234.0
-241.0,197.0,-75.0,1316.0,1605.0,1270.0
-234.0,227.0,-84.0,1421.0,1565.0,1354.0
-207.0,223.0,-51.0,1542.0,1555.0,1465.0
-215.0,208.0,-59.0,1692.0,1499.0,1514.0
-202.0,213.0,-142.0,1709.0,1346.0,1481.0
-185.0,217.0,-173.0,1592.0,1265.0,1436.0
-228.0,188.0,-155.0,1407.0,1224.0,1363.0
-223.0,197.0,-187.0,1206.0,1109.0,1266.0
-212.0,195.0,-202.0,992.0,1007.0,1177.0
-215.0,193.0,-208.0,753.0,920.0,1070.0
-210.0,190.0,-206.0,503.0,845.0,977.0
-205.0,179.0,-209.0,301.0,791.0,912.0
-198.0,163.0,-208.0,142.0,750.0,869.0
-194.0,153.0,-205.0,9.0,704.0,828.0
-189.0,137.0,-197.0,-95.0,664.0,799.0
-185.0,115.0,-191.0,-173.0,616.0,768.0
-182.0,96.0,-194.0,-217.0,585.0,737.0
-175.0,84.0,-188.0,-216.0,563.0,696.0
-171.0,78.0,-195.0,-183.0,548.0,654.0
-165.0,80.0,-192.0,-143.0,538.0,617.0
-163.0,81.0,-194.0,-83.0,544.0,592.0
-155.0,90.0,-197.0,11.0,554.0,570.0
-149.0,97.0,-209.0,128.0,567.0,550.0
-146.0,96.0,-215.0,257.0,589.0,523.0
-150.0,110.0,-224.0,366.0,611.0,494.0
-140.0,114.0,-230.0,467.0,636.0,470.0
-142.0,123.0,-239.0,556.0,654.0,443.0
-129.0,129.0,-246.0,616.0,673.0,431.0
-122.0,129.0,-255.0,646.0,681.0,409.0
-113.0,129.0,-261.0,653.0,680.0,367.0
-102.0,130.0,-266.0,638.0,681.0,322.0
-95.0,128.0,-272.0,606.0,685.0,280.0
-91.0,119.0,-269.0,561.0,687.0,237.0
-91.0,116.0,-265.0,510.0,683.0,189.0
-86.0,95.0,-262.0,457.0,664.0,148.0
-86.0,86.0,-259.0,417.0,645.0,119.0
-97.0,99.0,-254.0,393.0,619.0,103.0
-81.0,94.0,-269.0,375.0,599.0,94.0
-84.0,91.0,-257.0,364.0,588.0,90.0
-74.0,92.0,-245.0,358.0,586.0,89.0
-90.0,92.0,-251.0,360.0,587.0,91.0
-76.0,92.0,-275.0,360.0,587.0,89.0
-91.0,83.0,-252.0,360.0,592.0,87.0
-85.0,80.0,-256.0,365.0,590.0,79.0
-76.0,99.0,-279.0,371.0,586.0,71.0
-74.0,89.0,-269.0,374.0,575.0,59.0
-70.0,76.0,-259.0,374.0,563.0,48.0
-82.0,60.0,-254.0,363.0,545.0,37.0
-83.0,63.0,-253.0,346.0,525.0,24.0
-88.0,62.0,-259.0,323.0,505.0,16.0
-78.0,71.0,-242.0,300.0,482.0,12.0
-69.0,57.0,-244.0,283.0,458.0,9.0
-61.0,41.0,-256.0,270.0,439.0,11.0
-74.0,50.0,-238.0,259.0,419.0,16.0
-47.0,26.0,-220.0,247.0,398.0,14.0
-58.0,47.0,-241.0,234.0,378.0,12.0
-63.0,38.0,-238.0,231.0,365.0,8.0
-82.0,38.0,-241.0,228.0,344.0,1.0
-92.0,45.0,-222.0,248.0,321.0,9.0
-92.0,48.0,-233.0,268.0,283.0,21.0
-93.0,53.0,-234.0,269.0,238.0,20.0
-87.0,56.0,-242.0,223.0,199.0,1.0
-93.0,53.0,-237.0,166.0,175.0,-18.0
-96.0,50.0,-232.0,134.0,148.0,-33.0
-98.0,46.0,-234.0,121.0,113.0,-41.0
-94.0,48.0,-233.0,113.0,78.0,-43.0
-83.0,46.0,-232.0,104.0,43.0,-43.0
-96.0,47.0,-226.0,92.0,19.0,-45.0
-87.0,47.0,-209.0,45.0,-12.0,-42.0
-86.0,41.0,-238.0,-25.0,-41.0,-53.0
-78.0,45.0,-239.0,-29.0,-56.0,-61.0
-93.0,27.0,-221.0,-4.0,-74.0,-59.0
-99.0,38.0,-224.0,26.0,-95.0,-53.0
-97.0,51.0,-229.0,37.0,-115.0,-49.0
-87.0,49.0,-226.0,38.0,-133.0,-50.0
-104.0,54.0,-225.0,37.0,-150.0,-58.0
-90.0,53.0,-237.0,34.0,-165.0,-68.0
-110.0,54.0,-235.0,27.0,-183.0,-80.0
-99.0,64.0,-233.0,32.0,-203.0,-88.0
-87.0,84.0,-265.0,19.0,-222.0,-91.0
-92.0,61.0,-234.0,-11.0,-247.0,-97.0
-81.0,45.0,-235.0,-23.0,-262.0,-120.0
-103.0,41.0,-227.0,15.0,-278.0,-134.0
-106.0,48.0,-224.0,40.0,-297.0,-133.0
-118.0,52.0,-229.0,44.0,-312.0,-131.0
-105.0,56.0,-217.0,39.0,-319.0,-129.0
-99.0,79.0,-223.0,20.0,-323.0,-127.0
-110.0,56.0,-235.0,-26.0,-325.0,-119.0
-108.0,29.0,-214.0,-22.0,-329.0,-138.0
-121.0,32.0,-222.0,-4.0,-332.0,-144.0
-110.0,49.0,-229.0,11.0,-337.0,-143.0
-125.0,69.0,-225.0,20.0,-338.0,-142.0
-116.0,44.0,-220.0,5.0,-331.0,-130.0
-124.0,43.0,-218.0,14.0,-323.0,-137.0
-123.0,50.0,-215.0,39.0,-314.0,-139.0
-118.0,54.0,-217.0,52.0,-308.0,-131.0
-117.0,63.0,-220.0,54.0,-295.0,-128.0
-116.0,88.0,-216.0,43.0,-280.0,-104.0
-104.0,36.0,-198.0,-26.0,-266.0,-99.0
-125.0,47.0,-215.0,-11.0,-253.0,-119.0
-97.0,37.0,-225.0,-12.0,-242.0,-119.0
-129.0,49.0,-209.0,-4.0,-233.0,-120.0
-129.0,76.0,-230.0,0.0,-225.0,-118.0
-114.0,47.0,-207.0,-20.0,-214.0,-105.0
-125.0,52.0,-212.0,-15.0,-199.0,-107.0
-129.0,60.0,-213.0,-15.0,-183.0,-103.0
-126.0,47.0,-204.0,-29.0,-167.0,-93.0
-139.0,51.0,-226.0,-29.0,-150.0,-92.0
-131.0,49.0,-200.0,-30.0,-133.0,-88.0
-108.0,52.0,-215.0,-41.0,-120.0,-78.0
-126.0,49.0,-189.0,-40.0,-101.0,-80.0
-112.0,27.0,-178.0,-38.0,-84.0,-77.0
-118.0,61.0,-208.0,-34.0,-70.0,-71.0
-110.0,29.0,-171.0,-40.0,-58.0,-65.0
-121.0,46.0,-215.0,-37.0,-48.0,-69.0
-120.0,46.0,-195.0,-24.0,-38.0,-70.0
-123.0,43.0,-208.0,-9.0,-28.0,-65.0
-121.0,34.0,-194.0,7.0,-16.0,-58.0
-116.0,53.0,-218.0,20.0,-3.0,-55.0
-123.0,40.0,-195.0,37.0,11.0,-50.0
-127.0,55.0,-233.0,55.0,23.0,-40.0
-118.0,48.0,-198.0,59.0,35.0,-35.0
-112.0,38.0,-202.0,61.0,43.0,-29.0
-112.0,42.0,-200.0,64.0,52.0,-23.0
-117.0,46.0,-208.0,60.0,60.0,-19.0
-118.0,49.0,-205.0,55.0,67.0,-14.0
-116.0,49.0,-203.0,53.0,72.0,-9.0
-113.0,52.0,-204.0,50.0,78.0,-6.0
-113.0,47.0,-201.0,48.0,82.0,-4.0
-122.0,52.0,-207.0,46.0,86.0,-2.0
-126.0,48.0,-204.0,43.0,92.0,0.0
-122.0,55.0,-208.0,42.0,97.0,5.0
-114.0,49.0,-212.0,41.0,101.0,8.0
-115.0,52.0,-216.0,39.0,105.0,12.0
-112.0,36.0,-217.0,38.0,108.0,16.0
-119.0,49.0,-212.0,35.0,111.0,20.0
-120.0,65.0,-214.0,30.0,113.0,23.0
-111.0,47.0,-213.0,26.0,113.0,24.0
-113.0,81.0,-231.0,22.0,113.0,27.0
-113.0,61.0,-215.0,20.0,113.0,29.0
-110.0,70.0,-251.0,16.0,114.0,31.0
-121.0,44.0,-210.0,14.0,115.0,35.0
-115.0,45.0,-211.0,11.0,116.0,36.0
-122.0,56.0,-228.0,8.0,115.0,37.0
-122.0,51.0,-219.0,7.0,111.0,36.0
-107.0,46.0,-219.0,4.0,111.0,37.0
-114.0,52.0,-218.0,0.0,107.0,38.0
-117.0,49.0,-188.0,-1.0,105.0,38.0
-120.0,54.0,-223.0,-5.0,100.0,38.0
-98.0,41.0,-224.0,-7.0,94.0,39.0
-118.0,45.0,-217.0,-8.0,89.0,39.0
-119.0,51.0,-214.0,-11.0,83.0,39.0
-122.0,58.0,-224.0,-13.0,81.0,39.0
-116.0,58.0,-225.0,-13.0,77.0,38.0
-109.0,64.0,-216.0,-14.0,73.0,37.0
-115.0,52.0,-226.0,-13.0,69.0,37.0
-113.0,56.0,-218.0,-12.0,63.0,35.0
-116.0,56.0,-222.0,-13.0,57.0,32.0
-115.0,59.0,-221.0,-12.0,53.0,33.0
-115.0,56.0,-216.0,-11.0,48.0,32.0
-114.0,65.0,-228.0,-11.0,43.0,29.0
-133.0,35.0,-182.0,-11.0,40.0,26.0
-113.0,48.0,-212.0,-10.0,36.0,23.0
-127.0,68.0,-236.0,-8.0,34.0,21.0
-110.0,77.0,-220.0,-6.0,33.0,21.0
-114.0,56.0,-218.0,-5.0,30.0,20.0
-105.0,61.0,-214.0,-2.0,27.0,18.0
-112.0,63.0,-214.0,1.0,27.0,15.0
-121.0,52.0,-212.0,5.0,25.0,14.0
-118.0,57.0,-211.0,8.0,24.0,11.0
-105.0,66.0,-233.0,10.0,24.0,10.0
-110.0,39.0,-206.0,11.0,26.0,9.0
-112.0,76.0,-233.0,12.0,25.0,6.0
-120.0,55.0,-206.0,14.0,25.0,6.0
-107.0,50.0,-206.0,17.0,25.0,4.0
-105.0,59.0,-231.0,19.0,26.0,2.0
-112.0,64.0,-219.0,20.0,28.0,1.0
-122.0,56.0,-228.0,22.0,29.0,2.0
-105.0,64.0,-220.0,26.0,30.0,2.0
-123.0,34.0,-185.0,29.0,31.0,1.0
-116.0,67.0,-215.0,30.0,31.0,0.0
-125.0,51.0,-201.0,33.0,32.0,0.0
-116.0,53.0,-208.0,35.0,34.0,2.0
-111.0,54.0,-211.0,36.0,36.0,2.0
-105.0,59.0,-212.0,38.0,39.0,4.0
-104.0,56.0,-212.0,36.0,42.0,7.0
-114.0,43.0,-191.0,37.0,43.0,5.0
-114.0,57.0,-204.0,37.0,41.0,3.0
-110.0,58.0,-211.0,38.0,41.0,1.0
-111.0,57.0,-212.0,38.0,41.0,0.0
-111.0,57.0,-213.0,39.0,40.0,-1.0
-111.0,55.0,-215.0,38.0,41.0,-1.0
-109.0,58.0,-214.0,41.0,41.0,-1.0
-96.0,67.0,-229.0,44.0,43.0,-2.0
-117.0,59.0,-225.0,41.0,44.0,-1.0
-115.0,61.0,-215.0,41.0,42.0,0.0
-105.0,52.0,-217.0,43.0,43.0,2.0
-108.0,57.0,-214.0,43.0,43.0,3.0
-111.0,52.0,-227.0,42.0,42.0,5.0
-109.0,57.0,-214.0,42.0,44.0,2.0
-118.0,74.0,-240.0,40.0,41.0,0.0
-111.0,60.0,-217.0,39.0,38.0,0.0
-104.0,62.0,-217.0,40.0,35.0,-2.0
-118.0,44.0,-210.0,41.0,33.0,-1.0
-111.0,40.0,-217.0,42.0,31.0,-2.0
