15.0,-205.0,93.0,133.0,82.0,212.0
14.0,-209.0,91.0,104.0,62.0,220.0
12.0,-212.0,96.0,74.0,39.0,230.0
11.0,-214.0,91.0,49.0,19.0,240.0
7.0,-214.0,95.0,28.0,-2.0,254.0
4.0,-218.0,96.0,9.0,-22.0,267.0
4.0,-218.0,94.0,-8.0,-42.0,284.0
5.0,-222.0,94.0,-22.0,-61.0,295.0
3.0,-222.0,98.0,-37.0,-80.0,306.0
6.0,-232.0,97.0,-51.0,-100.0,314.0
6.0,-234.0,97.0,-67.0,-122.0,319.0
4.0,-241.0,92.0,-88.0,-150.0,322.0
0.0,-243.0,94.0,-110.0,-183.0,320.0
-1.0,-251.0,85.0,-133.0,-221.0,318.0
-12.0,-261.0,85.0,-157.0,-268.0,315.0
-14.0,-270.0,78.0,-177.0,-321.0,306.0
-25.0,-282.0,70.0,-195.0,-381.0,295.0
-34.0,-296.0,63.0,-210.0,-444.0,286.0
-42.0,-309.0,50.0,-222.0,-504.0,273.0
-47.0,-325.0,30.0,-226.0,-550.0,253.0
-50.0,-335.0,17.0,-223.0,-585.0,225.0
-52.0,-347.0,-1.0,-217.0,-600.0,186.0
-55.0,-351.0,-27.0,-210.0,-587.0,135.0
-45.0,-354.0,-45.0,-203.0,-546.0,72.0
-38.0,-350.0,-56.0,-188.0,-472.0,1.0
-19.0,-333.0,-73.0,-178.0,-373.0,-73.0
-8.0,-316.0,-82.0,-175.0,-269.0,-145.0
9.0,-295.0,-76.0,-164.0,-177.0,-200.0
21.0,-278.0,-74.0,-135.0,-112.0,-234.0
25.0,-260.0,-68.0,-94.0,-75.0,-237.0
33.0,-247.0,-60.0,-57.0,-66.0,-215.0
31.0,-234.0,-47.0,-21.0,-79.0,-176.0
31.0,-227.0,-32.0,23.0,-108.0,-128.0
48.0,-220.0,-27.0,70.0,-148.0,-77.0
26.0,-223.0,-11.0,110.0,-196.0,-33.0
27.0,-232.0,-11.0,149.0,-247.0,7.0
27.0,-242.0,-4.0,185.0,-303.0,35.0
31.0,-249.0,-2.0,216.0,-365.0,57.0
30.0,-258.0,-1.0,235.0,-425.0,69.0
32.0,-266.0,-1.0,236.0,-483.0,70.0
36.0,-278.0,-1.0,226.0,-532.0,65.0
32.0,-292.0,0.0,211.0,-565.0,55.0
32.0,-307.0,0.0,200.0,-583.0,43.0
32.0,-327.0,13.0,199.0,-578.0,32.0
19.0,-320.0,7.0,213.0,-555.0,25.0
8.0,-325.0,14.0,238.0,-515.0,24.0
2.0,-323.0,13.0,276.0,-465.0,26.0
-6.0,-320.0,16.0,314.0,-406.0,33.0
-13.0,-308.0,17.0,345.0,-334.0,46.0
-15.0,-308.0,20.0,367.0,-249.0,59.0
-18.0,-295.0,20.0,379.0,-156.0,68.0
-14.0,-287.0,25.0,380.0,-57.0,76.0
-9.0,-277.0,19.0,364.0,38.0,79.0
-4.0,-262.0,21.0,339.0,120.0,77.0
0.0,-261.0,23.0,301.0,187.0,70.0
5.0,-253.0,18.0,256.0,235.0,62.0
14.0,-247.0,19.0,211.0,265.0,51.0
20.0,-247.0,23.0,167.0,276.0,38.0
29.0,-247.0,23.0,139.0,268.0,22.0
30.0,-246.0,20.0,129.0,252.0,4.0
32.0,-243.0,24.0,138.0,221.0,-14.0
31.0,-242.0,18.0,146.0,190.0,-30.0
29.0,-236.0,23.0,149.0,160.0,-35.0
20.0,-238.0,22.0,147.0,132.0,-35.0
11.0,-235.0,17.0,139.0,100.0,-24.0
2.0,-237.0,12.0,103.0,59.0,-2.0
-2.0,-242.0,16.0,61.0,24.0,30.0
-14.0,-246.0,13.0,20.0,-9.0,69.0
-32.0,-245.0,12.0,-19.0,-40.0,103.0
-37.0,-247.0,10.0,-57.0,-92.0,135.0
-38.0,-243.0,13.0,-83.0,-115.0,154.0
-34.0,-246.0,22.0,-122.0,-110.0,167.0
-29.0,-255.0,26.0,-129.0,-122.0,174.0
-28.0,-255.0,19.0,-89.0,-144.0,173.0
-32.0,-240.0,-1.0,-59.0,-188.0,168.0
-32.0,-232.0,-11.0,-90.0,-241.0,164.0
-23.0,-224.0,-19.0,-113.0,-281.0,144.0
-26.0,-213.0,-26.0,-114.0,-306.0,111.0
-29.0,-212.0,-26.0,-120.0,-298.0,87.0
-26.0,-217.0,-7.0,-133.0,-248.0,77.0
-19.0,-218.0,11.0,-141.0,-156.0,69.0
-10.0,-219.0,37.0,-153.0,-23.0,60.0
-4.0,-224.0,57.0,-170.0,132.0,55.0
-7.0,-228.0,58.0,-181.0,280.0,50.0
-5.0,-226.0,63.0,-192.0,399.0,40.0
3.0,-229.0,66.0,-199.0,483.0,15.0
8.0,-232.0,59.0,-200.0,546.0,-18.0
14.0,-234.0,54.0,-204.0,589.0,-61.0
25.0,-234.0,46.0,-214.0,612.0,-98.0
33.0,-243.0,40.0,-227.0,627.0,-131.0
35.0,-243.0,37.0,-248.0,638.0,-159.0
37.0,-244.0,37.0,-277.0,641.0,-177.0
35.0,-247.0,36.0,-299.0,637.0,-191.0
31.0,-245.0,40.0,-299.0,622.0,-205.0
25.0,-249.0,38.0,-284.0,600.0,-211.0
6.0,-244.0,37.0,-261.0,574.0,-210.0
1.0,-243.0,34.0,-232.0,539.0,-207.0
2.0,-241.0,24.0,-203.0,523.0,-213.0
-4.0,-244.0,39.0,-184.0,525.0,-217.0
-9.0,-245.0,41.0,-161.0,534.0,-223.0
-11.0,-243.0,42.0,-124.0,543.0,-229.0
-14.0,-244.0,44.0,-82.0,566.0,-241.0
-11.0,-244.0,47.0,-41.0,593.0,-246.0
-14.0,-242.0,48.0,-11.0,620.0,-249.0
-18.0,-240.0,46.0,15.0,651.0,-254.0
-15.0,-234.0,44.0,31.0,676.0,-262.0
-20.0,-227.0,42.0,32.0,697.0,-268.0
-17.0,-225.0,46.0,21.0,713.0,-275.0
-14.0,-225.0,46.0,10.0,723.0,-287.0
-9.0,-223.0,45.0,-3.0,739.0,-307.0
0.0,-232.0,50.0,-15.0,767.0,-331.0
1.0,-237.0,50.0,-22.0,802.0,-363.0
7.0,-240.0,53.0,-27.0,843.0,-397.0
19.0,-244.0,59.0,-30.0,882.0,-435.0
29.0,-253.0,51.0,-29.0,919.0,-477.0
34.0,-259.0,57.0,-32.0,962.0,-507.0
43.0,-259.0,51.0,-49.0,1010.0,-523.0
51.0,-257.0,53.0,-84.0,1055.0,-540.0
57.0,-257.0,39.0,-134.0,1091.0,-547.0
59.0,-256.0,34.0,-193.0,1128.0,-545.0
60.0,-247.0,9.0,-252.0,1162.0,-534.0
59.0,-238.0,0.0,-312.0,1179.0,-519.0
57.0,-228.0,-7.0,-365.0,1187.0,-496.0
51.0,-214.0,-16.0,-404.0,1187.0,-471.0
47.0,-210.0,-24.0,-423.0,1183.0,-449.0
37.0,-200.0,-31.0,-426.0,1184.0,-426.0
29.0,-196.0,-31.0,-419.0,1183.0,-407.0
22.0,-193.0,-27.0,-413.0,1184.0,-391.0
15.0,-192.0,-27.0,-417.0,1187.0,-378.0
11.0,-196.0,-28.0,-427.0,1192.0,-374.0
9.0,-206.0,-26.0,-443.0,1200.0,-374.0
10.0,-218.0,-18.0,-463.0,1204.0,-378.0
11.0,-229.0,-19.0,-475.0,1206.0,-382.0
15.0,-243.0,-9.0,-472.0,1203.0,-380.0
16.0,-253.0,-5.0,-459.0,1194.0,-379.0
23.0,-263.0,-1.0,-443.0,1175.0,-376.0
29.0,-270.0,0.0,-421.0,1149.0,-375.0
31.0,-272.0,2.0,-397.0,1117.0,-374.0
38.0,-278.0,5.0,-376.0,1081.0,-373.0
32.0,-275.0,3.0,-353.0,1043.0,-366.0
38.0,-274.0,10.0,-332.0,1002.0,-359.0
36.0,-275.0,11.0,-312.0,964.0,-351.0
33.0,-269.0,8.0,-295.0,925.0,-340.0
32.0,-264.0,18.0,-278.0,883.0,-328.0
30.0,-268.0,24.0,-259.0,843.0,-314.0
27.0,-261.0,23.0,-236.0,801.0,-303.0
26.0,-266.0,28.0,-210.0,765.0,-291.0
25.0,-267.0,34.0,-184.0,730.0,-283.0
21.0,-269.0,34.0,-159.0,700.0,-282.0
17.0,-265.0,38.0,-139.0,673.0,-280.0
17.0,-263.0,38.0,-127.0,651.0,-282.0
12.0,-262.0,37.0,-119.0,632.0,-284.0
13.0,-260.0,32.0,-120.0,617.0,-286.0
10.0,-258.0,29.0,-129.0,608.0,-284.0
11.0,-253.0,33.0,-138.0,601.0,-283.0
14.0,-252.0,31.0,-147.0,596.0,-282.0
16.0,-249.0,30.0,-151.0,596.0,-274.0
21.0,-244.0,26.0,-152.0,598.0,-271.0
20.0,-240.0,26.0,-146.0,604.0,-266.0
27.0,-235.0,25.0,-139.0,610.0,-261.0
32.0,-228.0,27.0,-126.0,618.0,-261.0
36.0,-226.0,29.0,-110.0,628.0,-261.0
44.0,-222.0,22.0,-94.0,644.0,-259.0
46.0,-219.0,24.0,-79.0,662.0,-255.0
54.0,-215.0,29.0,-64.0,682.0,-253.0
54.0,-208.0,32.0,-50.0,698.0,-248.0
56.0,-202.0,25.0,-37.0,715.0,-247.0
58.0,-197.0,27.0,-27.0,730.0,-244.0
57.0,-196.0,22.0,-21.0,746.0,-243.0
60.0,-190.0,21.0,-22.0,767.0,-238.0
57.0,-185.0,20.0,-29.0,791.0,-234.0
57.0,-185.0,23.0,-38.0,823.0,-229.0
56.0,-186.0,23.0,-49.0,860.0,-225.0
52.0,-183.0,26.0,-58.0,908.0,-218.0
46.0,-179.0,27.0,-70.0,959.0,-212.0
46.0,-183.0,30.0,-78.0,1015.0,-203.0
41.0,-183.0,31.0,-87.0,1073.0,-198.0
38.0,-181.0,39.0,-93.0,1131.0,-193.0
30.0,-185.0,33.0,-99.0,1183.0,-190.0
27.0,-192.0,35.0,-105.0,1229.0,-191.0
22.0,-197.0,37.0,-110.0,1269.0,-195.0
21.0,-201.0,36.0,-119.0,1307.0,-204.0
13.0,-197.0,31.0,-131.0,1342.0,-216.0
15.0,-203.0,30.0,-144.0,1377.0,-231.0
11.0,-199.0,25.0,-158.0,1415.0,-249.0
11.0,-195.0,21.0,-174.0,1456.0,-268.0
16.0,-189.0,12.0,-185.0,1504.0,-288.0
16.0,-181.0,6.0,-198.0,1555.0,-305.0
21.0,-174.0,0.0,-207.0,1604.0,-322.0
27.0,-163.0,0.0,-210.0,1652.0,-335.0
32.0,-162.0,0.0,-208.0,1697.0,-347.0
33.0,-159.0,-1.0,-206.0,1736.0,-362.0
36.0,-155.0,-3.0,-205.0,1769.0,-376.0
30.0,-157.0,-1.0,-209.0,1800.0,-391.0
22.0,-154.0,0.0,-216.0,1827.0,-408.0
23.0,-161.0,0.0,-224.0,1857.0,-422.0
17.0,-166.0,0.0,-234.0,1888.0,-433.0
13.0,-167.0,0.0,-247.0,1918.0,-444.0
4.0,-169.0,0.0,-259.0,1950.0,-452.0
-2.0,-169.0,-4.0,-271.0,1982.0,-453.0
-1.0,-170.0,-6.0,-281.0,2009.0,-449.0
-5.0,-170.0,-10.0,-289.0,2030.0,-447.0
-11.0,-173.0,-9.0,-288.0,2047.0,-439.0
-14.0,-173.0,-11.0,-274.0,2058.0,-431.0
-17.0,-175.0,-13.0,-255.0,2062.0,-424.0
-20.0,-175.0,-16.0,-234.0,2058.0,-421.0
-26.0,-176.0,-11.0,-206.0,2050.0,-420.0
-29.0,-174.0,-10.0,-175.0,2037.0,-422.0
-29.0,-174.0,-9.0,-146.0,2021.0,-424.0
-29.0,-173.0,-1.0,-117.0,2003.0,-432.0
-31.0,-170.0,0.0,-84.0,1979.0,-437.0
-31.0,-166.0,1.0,-50.0,1956.0,-444.0
-31.0,-164.0,3.0,-11.0,1934.0,-449.0
-27.0,-162.0,4.0,30.0,1914.0,-457.0
-29.0,-165.0,11.0,67.0,1896.0,-470.0
-32.0,-162.0,13.0,108.0,1880.0,-484.0
-36.0,-153.0,16.0,146.0,1867.0,-501.0
-35.0,-157.0,24.0,175.0,1854.0,-517.0
-35.0,-154.0,25.0,202.0,1843.0,-537.0
-39.0,-147.0,25.0,228.0,1834.0,-555.0
-39.0,-149.0,29.0,252.0,1825.0,-574.0
-34.0,-151.0,30.0,266.0,1821.0,-593.0
-31.0,-145.0,35.0,274.0,1820.0,-610.0
-29.0,-142.0,34.0,282.0,1825.0,-631.0
-25.0,-139.0,29.0,280.0,1840.0,-649.0
-18.0,-138.0,31.0,256.0,1857.0,-664.0
-18.0,-137.0,34.0,236.0,1877.0,-677.0
-15.0,-140.0,35.0,216.0,1895.0,-689.0
-9.0,-142.0,36.0,200.0,1910.0,-703.0
-7.0,-144.0,35.0,186.0,1920.0,-716.0
-10.0,-141.0,35.0,172.0,1926.0,-728.0
-9.0,-140.0,36.0,169.0,1928.0,-738.0
-16.0,-140.0,34.0,171.0,1926.0,-750.0
-23.0,-138.0,30.0,170.0,1924.0,-757.0
-25.0,-132.0,30.0,175.0,1916.0,-763.0
-26.0,-133.0,30.0,186.0,1903.0,-767.0
-27.0,-130.0,24.0,202.0,1888.0,-771.0
-31.0,-127.0,23.0,217.0,1875.0,-771.0
-36.0,-122.0,21.0,230.0,1858.0,-773.0
-42.0,-114.0,20.0,228.0,1844.0,-778.0
-43.0,-113.0,22.0,218.0,1828.0,-780.0
-47.0,-109.0,22.0,205.0,1812.0,-787.0
-49.0,-108.0,25.0,191.0,1797.0,-798.0
-50.0,-105.0,20.0,169.0,1785.0,-815.0
-52.0,-108.0,18.0,145.0,1781.0,-840.0
-50.0,-104.0,22.0,117.0,1780.0,-869.0
-48.0,-107.0,13.0,89.0,1782.0,-897.0
-47.0,-103.0,11.0,61.0,1785.0,-926.0
-44.0,-104.0,10.0,30.0,1789.0,-953.0
-40.0,-102.0,2.0,5.0,1793.0,-982.0
-35.0,-99.0,-1.0,-17.0,1806.0,-1010.0
-32.0,-88.0,-3.0,-48.0,1820.0,-1034.0
-28.0,-85.0,-8.0,-78.0,1834.0,-1058.0
-20.0,-76.0,-8.0,-105.0,1852.0,-1081.0
-15.0,-68.0,-12.0,-136.0,1868.0,-1101.0
-13.0,-57.0,-20.0,-179.0,1878.0,-1121.0
-1.0,-52.0,-24.0,-230.0,1887.0,-1147.0
1.0,-49.0,-21.0,-280.0,1904.0,-1180.0
1.0,-48.0,-22.0,-328.0,1915.0,-1215.0
2.0,-53.0,-19.0,-382.0,1911.0,-1252.0
11.0,-69.0,-19.0,-429.0,1896.0,-1290.0
11.0,-69.0,-16.0,-461.0,1867.0,-1338.0
9.0,-83.0,-13.0,-463.0,1827.0,-1389.0
5.0,-91.0,-20.0,-445.0,1765.0,-1442.0
-5.0,-109.0,-16.0,-421.0,1674.0,-1498.0
-23.0,-121.0,-21.0,-379.0,1562.0,-1562.0
-57.0,-137.0,-33.0,-322.0,1429.0,-1625.0
-73.0,-152.0,-51.0,-269.0,1290.0,-1687.0
-92.0,-157.0,-66.0,-267.0,1153.0,-1736.0
-98.0,-170.0,-85.0,-308.0,1036.0,-1778.0
-93.0,-180.0,-108.0,-393.0,926.0,-1825.0
-79.0,-191.0,-128.0,-487.0,820.0,-1883.0
-56.0,-199.0,-140.0,-583.0,705.0,-1945.0
-34.0,-214.0,-151.0,-642.0,592.0,-2026.0
11.0,-225.0,-171.0,-661.0,501.0,-2132.0
62.0,-244.0,-168.0,-659.0,458.0,-2263.0
132.0,-264.0,-161.0,-630.0,488.0,-2422.0
189.0,-278.0,-127.0,-597.0,586.0,-2605.0
243.0,-288.0,-100.0,-562.0,738.0,-2795.0
334.0,-287.0,-61.0,-529.0,920.0,-3007.0
403.0,-276.0,-11.0,-505.0,1156.0,-3236.0
481.0,-254.0,44.0,-468.0,1436.0,-3480.0
526.0,-205.0,93.0,-342.0,1732.0,-3705.0
546.0,-177.0,125.0,-151.0,1991.0,-3873.0
534.0,-137.0,171.0,15.0,2162.0,-4032.0
498.0,-102.0,189.0,107.0,2226.0,-4184.0
438.0,-84.0,201.0,175.0,2220.0,-4312.0
384.0,-79.0,202.0,280.0,2173.0,-4394.0
318.0,-84.0,191.0,334.0,2082.0,-4452.0
280.0,-102.0,175.0,195.0,1966.0,-4494.0
285.0,-163.0,157.0,-114.0,1884.0,-4533.0
333.0,-263.0,158.0,-522.0,1863.0,-4566.0
378.0,-355.0,170.0,-981.0,1896.0,-4656.0
458.0,-472.0,204.0,-1272.0,1962.0,-4788.0
575.0,-578.0,232.0,-1309.0,2028.0,-4953.0
779.0,-675.0,292.0,-1087.0,2119.0,-5157.0
939.0,-765.0,374.0,-695.0,2230.0,-5460.0
1001.0,-812.0,458.0,-271.0,2288.0,-5833.0
1092.0,-906.0,566.0,160.0,2265.0,-6172.0
1165.0,-871.0,612.0,709.0,2270.0,-6458.0
1087.0,-765.0,636.0,1212.0,2225.0,-6572.0
896.0,-630.0,614.0,1579.0,1881.0,-6519.0
643.0,-554.0,588.0,1765.0,1248.0,-6199.0
407.0,-486.0,521.0,1825.0,497.0,-5580.0
69.0,-376.0,444.0,1731.0,-146.0,-5072.0
-92.0,-242.0,359.0,1794.0,-482.0,-4973.0
-80.0,-36.0,202.0,2049.0,-647.0,-5022.0
70.0,80.0,154.0,2002.0,-679.0,-4994.0
259.0,171.0,104.0,1713.0,-572.0,-4898.0
356.0,163.0,67.0,1334.0,-422.0,-4844.0
378.0,125.0,30.0,1093.0,-211.0,-4790.0
395.0,101.0,79.0,978.0,-22.0,-4752.0
447.0,98.0,124.0,966.0,53.0,-4701.0
517.0,95.0,157.0,1013.0,-4.0,-4610.0
489.0,88.0,174.0,1053.0,-142.0,-4472.0
453.0,100.0,159.0,1058.0,-399.0,-4230.0
440.0,90.0,123.0,1072.0,-577.0,-3953.0
431.0,97.0,71.0,1068.0,-742.0,-3644.0
374.0,165.0,14.0,1024.0,-1127.0,-3343.0
293.0,232.0,-2.0,935.0,-1562.0,-3005.0
268.0,287.0,11.0,704.0,-1924.0,-2539.0
254.0,298.0,20.0,305.0,-2210.0,-1921.0
264.0,256.0,48.0,-195.0,-2440.0,-1141.0
354.0,218.0,83.0,-745.0,-2643.0,-321.0
430.0,192.0,110.0,-1169.0,-2789.0,354.0
443.0,201.0,117.0,-1293.0,-2892.0,710.0
411.0,215.0,117.0,-1129.0,-2959.0,742.0
380.0,216.0,65.0,-716.0,-3006.0,527.0
326.0,189.0,5.0,-182.0,-3037.0,180.0
266.0,115.0,-31.0,351.0,-3055.0,-118.0
215.0,78.0,-96.0,832.0,-3095.0,-310.0
161.0,52.0,-98.0,1157.0,-3016.0,-349.0
112.0,43.0,-68.0,1304.0,-2827.0,-288.0
68.0,44.0,-6.0,1272.0,-2627.0,-184.0
60.0,55.0,28.0,1142.0,-2455.0,-93.0
53.0,60.0,41.0,987.0,-2255.0,-29.0
44.0,89.0,36.0,858.0,-2027.0,-32.0
45.0,131.0,17.0,747.0,-1823.0,-49.0
51.0,181.0,11.0,642.0,-1684.0,-73.0
72.0,205.0,2.0,527.0,-1621.0,-104.0
81.0,192.0,1.0,403.0,-1596.0,-151.0
94.0,173.0,1.0,273.0,-1574.0,-224.0
118.0,132.0,-5.0,145.0,-1528.0,-297.0
147.0,104.0,-7.0,23.0,-1444.0,-362.0
174.0,73.0,-2.0,-99.0,-1323.0,-419.0
191.0,36.0,3.0,-228.0,-1160.0,-458.0
211.0,4.0,14.0,-352.0,-957.0,-477.0
238.0,-14.0,30.0,-402.0,-735.0,-487.0
243.0,-31.0,43.0,-395.0,-512.0,-480.0
246.0,-31.0,52.0,-356.0,-336.0,-459.0
249.0,-24.0,64.0,-310.0,-234.0,-422.0
254.0,-14.0,65.0,-257.0,-172.0,-367.0
257.0,-7.0,64.0,-183.0,-134.0,-287.0
258.0,2.0,58.0,-75.0,-124.0,-195.0
262.0,9.0,53.0,63.0,-151.0,-98.0
259.0,14.0,51.0,208.0,-198.0,-3.0
252.0,24.0,53.0,350.0,-265.0,95.0
230.0,31.0,47.0,486.0,-358.0,189.0
216.0,44.0,39.0,612.0,-456.0,268.0
205.0,67.0,28.0,709.0,-552.0,331.0
207.0,87.0,21.0,765.0,-629.0,373.0
212.0,122.0,21.0,773.0,-654.0,387.0
223.0,145.0,13.0,728.0,-631.0,379.0
235.0,168.0,5.0,630.0,-573.0,337.0
236.0,178.0,-6.0,510.0,-483.0,292.0
235.0,187.0,-14.0,388.0,-396.0,249.0
236.0,197.0,-23.0,247.0,-350.0,227.0
243.0,196.0,-23.0,88.0,-342.0,223.0
253.0,195.0,-26.0,-66.0,-359.0,218.0
268.0,180.0,-27.0,-195.0,-393.0,220.0
264.0,163.0,-30.0,-285.0,-423.0,228.0
278.0,139.0,-24.0,-355.0,-421.0,256.0
292.0,123.0,-19.0,-384.0,-404.0,284.0
304.0,110.0,-11.0,-370.0,-370.0,314.0
316.0,112.0,-13.0,-330.0,-334.0,323.0
323.0,124.0,-15.0,-285.0,-338.0,332.0
325.0,130.0,-13.0,-231.0,-373.0,310.0
327.0,146.0,-4.0,-159.0,-377.0,276.0
303.0,139.0,-8.0,-100.0,-404.0,292.0
311.0,129.0,-10.0,-75.0,-444.0,323.0
312.0,122.0,-16.0,-71.0,-476.0,374.0
311.0,119.0,-16.0,-70.0,-494.0,418.0
313.0,112.0,-20.0,-63.0,-494.0,442.0
317.0,112.0,-17.0,-53.0,-481.0,445.0
310.0,107.0,-6.0,-40.0,-459.0,417.0
312.0,110.0,-8.0,-13.0,-446.0,349.0
317.0,110.0,-13.0,33.0,-463.0,304.0
300.0,107.0,-21.0,72.0,-492.0,258.0
305.0,110.0,-27.0,101.0,-507.0,188.0
302.0,118.0,-38.0,131.0,-501.0,137.0
294.0,122.0,-49.0,137.0,-511.0,105.0
290.0,119.0,-55.0,130.0,-529.0,77.0
271.0,112.0,-60.0,137.0,-516.0,70.0
261.0,95.0,-60.0,129.0,-521.0,80.0
256.0,88.0,-54.0,143.0,-525.0,85.0
265.0,77.0,-54.0,204.0,-465.0,106.0
254.0,83.0,-56.0,261.0,-421.0,121.0
244.0,95.0,-67.0,290.0,-420.0,118.0
241.0,97.0,-63.0,293.0,-447.0,119.0
257.0,89.0,-61.0,284.0,-477.0,137.0
278.0,75.0,-38.0,292.0,-478.0,193.0
303.0,60.0,-24.0,321.0,-449.0,253.0
305.0,51.0,-14.0,368.0,-411.0,299.0
297.0,56.0,-16.0,392.0,-417.0,339.0
280.0,53.0,-14.0,378.0,-446.0,389.0
254.0,55.0,-17.0,353.0,-483.0,423.0
219.0,62.0,-27.0,325.0,-572.0,420.0
192.0,60.0,-38.0,293.0,-693.0,402.0
170.0,44.0,-44.0,284.0,-801.0,388.0
170.0,29.0,-46.0,322.0,-855.0,377.0
179.0,17.0,-37.0,381.0,-832.0,375.0
184.0,20.0,-43.0,423.0,-766.0,368.0
192.0,24.0,-43.0,441.0,-681.0,357.0
203.0,17.0,-39.0,459.0,-570.0,346.0
214.0,16.0,-45.0,488.0,-435.0,331.0
217.0,13.0,-54.0,504.0,-286.0,315.0
221.0,15.0,-60.0,499.0,-154.0,306.0
222.0,11.0,-66.0,485.0,-58.0,305.0
227.0,12.0,-73.0,466.0,-13.0,304.0
232.0,19.0,-78.0,437.0,-4.0,317.0
239.0,24.0,-73.0,384.0,-12.0,336.0
242.0,31.0,-73.0,306.0,-28.0,361.0
250.0,34.0,-73.0,208.0,-48.0,388.0
257.0,31.0,-66.0,117.0,-60.0,416.0
260.0,21.0,-63.0,39.0,-63.0,442.0
262.0,13.0,-58.0,-26.0,-62.0,467.0
266.0,-2.0,-58.0,-75.0,-75.0,482.0
264.0,-6.0,-58.0,-99.0,-110.0,479.0
266.0,-9.0,-59.0,-106.0,-169.0,463.0
260.0,-18.0,-65.0,-91.0,-234.0,439.0
252.0,-17.0,-68.0,-62.0,-295.0,398.0
247.0,-16.0,-76.0,-23.0,-332.0,353.0
247.0,-7.0,-78.0,-2.0,-352.0,324.0
239.0,-12.0,-80.0,2.0,-355.0,303.0
243.0,-16.0,-86.0,-4.0,-336.0,290.0
245.0,-23.0,-87.0,-16.0,-302.0,293.0
251.0,-23.0,-91.0,-16.0,-261.0,286.0
255.0,-22.0,-87.0,-14.0,-223.0,280.0
254.0,-22.0,-91.0,-13.0,-197.0,275.0
269.0,-27.0,-95.0,0.0,-169.0,258.0
273.0,-27.0,-96.0,17.0,-141.0,245.0
277.0,-28.0,-100.0,15.0,-131.0,241.0
274.0,-36.0,-114.0,-10.0,-145.0,234.0
292.0,-29.0,-99.0,-46.0,-168.0,227.0
291.0,-29.0,-95.0,-59.0,-171.0,215.0
283.0,-43.0,-99.0,-44.0,-170.0,191.0
285.0,-43.0,-99.0,-30.0,-180.0,181.0
286.0,-45.0,-101.0,-28.0,-205.0,184.0
286.0,-45.0,-101.0,-26.0,-204.0,172.0
293.0,-36.0,-92.0,-21.0,-174.0,160.0
276.0,-40.0,-94.0,-11.0,-144.0,128.0
281.0,-36.0,-98.0,3.0,-133.0,118.0
278.0,-35.0,-95.0,4.0,-124.0,106.0
277.0,-27.0,-94.0,1.0,-95.0,88.0
275.0,-19.0,-87.0,-12.0,-53.0,70.0
271.0,-17.0,-86.0,-17.0,-16.0,54.0
266.0,-14.0,-86.0,-20.0,9.0,40.0
263.0,-13.0,-82.0,-30.0,29.0,29.0
255.0,-7.0,-80.0,-44.0,44.0,16.0
253.0,-9.0,-85.0,-56.0,62.0,2.0
247.0,-4.0,-79.0,-67.0,83.0,-6.0
246.0,-7.0,-71.0,-86.0,104.0,-12.0
240.0,-10.0,-70.0,-100.0,124.0,-14.0
240.0,-7.0,-67.0,-108.0,135.0,-8.0
241.0,-6.0,-67.0,-125.0,142.0,-1.0
243.0,-7.0,-63.0,-137.0,145.0,3.0
243.0,-10.0,-60.0,-145.0,152.0,-4.0
242.0,-6.0,-60.0,-143.0,159.0,-12.0
241.0,-4.0,-58.0,-133.0,165.0,-25.0
239.0,-4.0,-57.0,-129.0,161.0,-33.0
237.0,-3.0,-59.0,-126.0,159.0,-42.0
232.0,-1.0,-53.0,-117.0,157.0,-49.0
238.0,0.0,-56.0,-104.0,153.0,-53.0
236.0,1.0,-58.0,-93.0,149.0,-55.0
237.0,0.0,-59.0,-89.0,147.0,-57.0
243.0,-2.0,-61.0,-85.0,149.0,-56.0
248.0,3.0,-62.0,-83.0,153.0,-55.0
248.0,4.0,-63.0,-83.0,153.0,-54.0
252.0,5.0,-60.0,-86.0,147.0,-53.0
254.0,4.0,-61.0,-86.0,142.0,-54.0
253.0,9.0,-62.0,-82.0,133.0,-53.0
254.0,6.0,-57.0,-81.0,125.0,-51.0
254.0,8.0,-58.0,-82.0,116.0,-46.0
255.0,8.0,-60.0,-81.0,108.0,-40.0
255.0,6.0,-58.0,-81.0,100.0,-34.0
258.0,7.0,-61.0,-83.0,90.0,-26.0
259.0,12.0,-67.0,-88.0,78.0,-16.0
255.0,9.0,-61.0,-87.0,67.0,-5.0
259.0,6.0,-61.0,-78.0,56.0,7.0
261.0,4.0,-66.0,-65.0,41.0,16.0
262.0,4.0,-63.0,-46.0,33.0,18.0
260.0,1.0,-63.0,-27.0,28.0,18.0
258.0,4.0,-59.0,-13.0,18.0,19.0
257.0,1.0,-63.0,0.0,9.0,25.0
257.0,4.0,-63.0,9.0,-1.0,27.0
257.0,5.0,-63.0,18.0,-5.0,29.0
256.0,5.0,-62.0,31.0,-4.0,32.0
258.0,5.0,-64.0,43.0,0.0,35.0
255.0,4.0,-65.0,52.0,1.0,39.0
254.0,3.0,-63.0,59.0,3.0,39.0
255.0,5.0,-62.0,66.0,7.0,40.0
255.0,3.0,-64.0,73.0,14.0,44.0
251.0,3.0,-59.0,78.0,18.0,43.0
249.0,2.0,-60.0,78.0,16.0,46.0
250.0,3.0,-61.0,78.0,16.0,48.0
251.0,1.0,-58.0,80.0,17.0,50.0
254.0,4.0,-63.0,82.0,18.0,50.0
251.0,0.0,-60.0,84.0,17.0,50.0
250.0,1.0,-63.0,84.0,15.0,49.0
251.0,3.0,-62.0,80.0,8.0,50.0
252.0,1.0,-59.0,78.0,4.0,53.0
252.0,1.0,-64.0,76.0,-1.0,57.0
251.0,-2.0,-62.0,71.0,-8.0,61.0
249.0,1.0,-64.0,74.0,-7.0,59.0
260.0,6.0,-64.0,72.0,-5.0,59.0
246.0,-4.0,-70.0,65.0,-2.0,53.0
249.0,-4.0,-65.0,70.0,-6.0,51.0
248.0,-5.0,-68.0,66.0,-1.0,47.0
250.0,-6.0,-66.0,58.0,2.0,45.0
248.0,-4.0,-65.0,47.0,9.0,44.0
254.0,-9.0,-65.0,42.0,18.0,41.0
254.0,-6.0,-63.0,44.0,23.0,38.0
252.0,-4.0,-70.0,43.0,25.0,32.0
252.0,-4.0,-64.0,34.0,22.0,31.0
254.0,-5.0,-68.0,22.0,19.0,29.0
253.0,-5.0,-66.0,15.0,19.0,27.0
254.0,-4.0,-62.0,9.0,18.0,23.0
256.0,-5.0,-66.0,2.0,18.0,19.0
256.0,-8.0,-62.0,1.0,14.0,16.0
256.0,-5.0,-67.0,0.0,11.0,12.0
252.0,-7.0,-64.0,-12.0,1.0,9.0
256.0,-9.0,-62.0,-12.0,0.0,7.0
256.0,-7.0,-62.0,-5.0,1.0,5.0
259.0,-10.0,-64.0,6.0,5.0,-3.0
256.0,-8.0,-63.0,15.0,4.0,-7.0
257.0,-4.0,-69.0,20.0,2.0,-11.0
258.0,-5.0,-65.0,24.0,-2.0,-12.0
258.0,-5.0,-64.0,27.0,-6.0,-13.0
255.0,-6.0,-64.0,31.0,-13.0,-11.0
256.0,-4.0,-64.0,35.0,-18.0,-12.0
256.0,-3.0,-63.0,35.0,-22.0,-12.0
255.0,-3.0,-63.0,32.0,-26.0,-14.0
253.0,-3.0,-64.0,29.0,-27.0,-16.0
255.0,-2.0,-64.0,24.0,-31.0,-17.0
253.0,-3.0,-62.0,18.0,-33.0,-17.0
253.0,-3.0,-64.0,14.0,-38.0,-18.0
254.0,-2.0,-62.0,11.0,-41.0,-20.0
255.0,-4.0,-64.0,11.0,-43.0,-19.0
253.0,-4.0,-67.0,12.0,-45.0,-19.0
256.0,-2.0,-66.0,14.0,-46.0,-18.0
251.0,0.0,-63.0,16.0,-47.0,-17.0
250.0,-1.0,-60.0,17.0,-48.0,-18.0
252.0,0.0,-67.0,17.0,-50.0,-16.0
255.0,-2.0,-65.0,19.0,-49.0,-16.0
254.0,-2.0,-64.0,20.0,-48.0,-16.0
256.0,-1.0,-65.0,22.0,-48.0,-14.0
252.0,1.0,-64.0,24.0,-47.0,-14.0
252.0,1.0,-67.0,28.0,-47.0,-15.0
251.0,-3.0,-62.0,31.0,-46.0,-14.0
253.0,0.0,-65.0,32.0,-44.0,-13.0
253.0,-2.0,-64.0,35.0,-42.0,-15.0
250.0,-2.0,-65.0,36.0,-39.0,-14.0
249.0,-1.0,-65.0,36.0,-36.0,-13.0
250.0,0.0,-67.0,38.0,-33.0,-11.0
251.0,-1.0,-65.0,41.0,-31.0,-11.0
251.0,2.0,-65.0,44.0,-26.0,-11.0
253.0,-3.0,-69.0,47.0,-23.0,-11.0
251.0,0.0,-70.0,48.0,-19.0,-10.0
254.0,0.0,-67.0,53.0,-14.0,-11.0
251.0,-2.0,-66.0,56.0,-11.0,-9.0
250.0,-2.0,-69.0,57.0,-5.0,-6.0
251.0,-1.0,-64.0,57.0,0.0,-7.0
253.0,0.0,-67.0,57.0,3.0,-5.0
260.0,3.0,-66.0,57.0,6.0,-3.0
253.0,-2.0,-69.0,59.0,6.0,-3.0
253.0,-1.0,-67.0,60.0,7.0,-1.0
254.0,-3.0,-66.0,62.0,8.0,-2.0
253.0,-1.0,-70.0,62.0,9.0,-2.0
252.0,1.0,-64.0,60.0,8.0,-2.0
253.0,-2.0,-68.0,57.0,10.0,0.0
254.0,-4.0,-66.0,52.0,9.0,1.0
253.0,-1.0,-69.0,52.0,7.0,2.0
254.0,-4.0,-66.0,52.0,8.0,3.0
251.0,-1.0,-67.0,57.0,9.0,2.0
253.0,-5.0,-69.0,60.0,10.0,4.0
253.0,-3.0,-68.0,65.0,12.0,3.0
253.0,-3.0,-68.0,70.0,17.0,0.0
253.0,-2.0,-68.0,71.0,24.0,-4.0
255.0,-1.0,-70.0,67.0,29.0,-7.0
253.0,-2.0,-68.0,63.0,37.0,-5.0
255.0,-3.0,-68.0,60.0,38.0,-4.0
256.0,-4.0,-66.0,57.0,38.0,-2.0
255.0,-6.0,-68.0,55.0,39.0,-2.0
255.0,-4.0,-68.0,55.0,36.0,-1.0
250.0,-2.0,-67.0,55.0,35.0,-4.0
252.0,-5.0,-67.0,54.0,33.0,-4.0
255.0,-4.0,-64.0,52.0,31.0,-8.0
251.0,-3.0,-65.0,47.0,32.0,-12.0
252.0,-4.0,-61.0,43.0,31.0,-14.0
253.0,-4.0,-62.0,41.0,28.0,-15.0
252.0,-3.0,-63.0,41.0,24.0,-15.0
