65.0,-285.0,-279.0,659.0,93.0,-372.0
62.0,-278.0,-288.0,554.0,153.0,-336.0
60.0,-274.0,-296.0,419.0,202.0,-291.0
43.0,-273.0,-297.0,280.0,239.0,-238.0
24.0,-275.0,-288.0,159.0,265.0,-178.0
9.0,-277.0,-279.0,92.0,274.0,-109.0
10.0,-282.0,-272.0,74.0,281.0,-34.0
12.0,-287.0,-259.0,91.0,296.0,44.0
15.0,-286.0,-260.0,123.0,339.0,109.0
35.0,-288.0,-254.0,151.0,403.0,166.0
52.0,-278.0,-254.0,158.0,482.0,205.0
69.0,-255.0,-263.0,137.0,557.0,232.0
75.0,-231.0,-267.0,97.0,620.0,248.0
76.0,-206.0,-275.0,55.0,653.0,267.0
67.0,-185.0,-279.0,27.0,649.0,291.0
58.0,-172.0,-272.0,24.0,611.0,313.0
52.0,-162.0,-266.0,49.0,556.0,326.0
20.0,-148.0,-255.0,101.0,485.0,329.0
-3.0,-140.0,-250.0,174.0,398.0,334.0
-27.0,-124.0,-250.0,264.0,301.0,343.0
-41.0,-114.0,-244.0,357.0,209.0,357.0
-61.0,-102.0,-238.0,444.0,133.0,366.0
-76.0,-96.0,-235.0,517.0,80.0,376.0
-92.0,-84.0,-237.0,567.0,54.0,377.0
-107.0,-76.0,-234.0,590.0,45.0,373.0
-109.0,-78.0,-232.0,590.0,44.0,359.0
-109.0,-87.0,-222.0,567.0,55.0,340.0
-114.0,-99.0,-204.0,547.0,78.0,318.0
-102.0,-112.0,-189.0,542.0,115.0,290.0
-92.0,-123.0,-185.0,560.0,160.0,252.0
-79.0,-128.0,-181.0,563.0,213.0,196.0
-64.0,-139.0,-180.0,539.0,263.0,138.0
-49.0,-145.0,-183.0,487.0,306.0,89.0
-36.0,-152.0,-180.0,413.0,344.0,50.0
-29.0,-153.0,-184.0,325.0,372.0,26.0
-16.0,-160.0,-194.0,219.0,387.0,8.0
-9.0,-166.0,-192.0,94.0,392.0,-4.0
-8.0,-169.0,-207.0,-35.0,387.0,3.0
0.0,-178.0,-219.0,-160.0,373.0,17.0
0.0,-177.0,-225.0,-274.0,351.0,37.0
0.0,-186.0,-229.0,-371.0,326.0,65.0
-1.0,-191.0,-243.0,-438.0,301.0,101.0
-1.0,-193.0,-240.0,-472.0,278.0,138.0
-2.0,-201.0,-241.0,-476.0,252.0,175.0
-4.0,-197.0,-234.0,-447.0,218.0,209.0
-4.0,-199.0,-224.0,-384.0,180.0,235.0
-3.0,-194.0,-218.0,-298.0,141.0,251.0
2.0,-198.0,-214.0,-201.0,107.0,254.0
-2.0,-194.0,-212.0,-114.0,79.0,248.0
-1.0,-187.0,-205.0,-41.0,60.0,228.0
-4.0,-193.0,-201.0,15.0,48.0,197.0
-14.0,-189.0,-191.0,58.0,37.0,159.0
-17.0,-187.0,-175.0,98.0,33.0,121.0
-17.0,-180.0,-166.0,144.0,29.0,88.0
-23.0,-177.0,-159.0,198.0,22.0,58.0
-29.0,-169.0,-153.0,271.0,16.0,31.0
-31.0,-160.0,-141.0,355.0,13.0,7.0
-38.0,-153.0,-140.0,446.0,15.0,-11.0
-35.0,-153.0,-132.0,539.0,22.0,-28.0
-40.0,-148.0,-132.0,613.0,32.0,-34.0
-40.0,-148.0,-128.0,671.0,44.0,-27.0
-45.0,-142.0,-127.0,706.0,58.0,-14.0
-43.0,-134.0,-130.0,725.0,70.0,-1.0
-42.0,-128.0,-134.0,702.0,71.0,21.0
-37.0,-124.0,-133.0,641.0,69.0,56.0
-35.0,-115.0,-131.0,563.0,64.0,94.0
-26.0,-115.0,-132.0,468.0,58.0,141.0
-23.0,-115.0,-132.0,374.0,51.0,178.0
-18.0,-111.0,-134.0,291.0,39.0,194.0
-13.0,-115.0,-130.0,210.0,25.0,197.0
-13.0,-115.0,-136.0,136.0,10.0,194.0
-15.0,-112.0,-137.0,59.0,-3.0,193.0
-12.0,-111.0,-136.0,-17.0,-14.0,194.0
-13.0,-103.0,-135.0,-91.0,-22.0,196.0
-9.0,-107.0,-134.0,-188.0,-25.0,203.0
-13.0,-113.0,-124.0,-246.0,-23.0,204.0
-12.0,-108.0,-122.0,-276.0,-17.0,193.0
-17.0,-108.0,-117.0,-298.0,-14.0,188.0
-15.0,-112.0,-113.0,-310.0,-8.0,181.0
-14.0,-112.0,-105.0,-314.0,0.0,176.0
-14.0,-110.0,-97.0,-308.0,8.0,166.0
-17.0,-112.0,-96.0,-295.0,25.0,155.0
-13.0,-115.0,-86.0,-284.0,43.0,143.0
-13.0,-113.0,-82.0,-272.0,69.0,132.0
-16.0,-112.0,-82.0,-256.0,95.0,115.0
-11.0,-111.0,-78.0,-234.0,124.0,95.0
-13.0,-116.0,-78.0,-214.0,152.0,80.0
-12.0,-114.0,-75.0,-187.0,183.0,57.0
-11.0,-116.0,-75.0,-164.0,214.0,38.0
-13.0,-115.0,-72.0,-142.0,242.0,19.0
-12.0,-113.0,-70.0,-118.0,268.0,7.0
-16.0,-113.0,-65.0,-85.0,293.0,1.0
-19.0,-115.0,-72.0,-48.0,315.0,2.0
-20.0,-114.0,-63.0,-9.0,334.0,11.0
-22.0,-115.0,-69.0,28.0,353.0,28.0
-23.0,-110.0,-72.0,59.0,371.0,48.0
-26.0,-115.0,-78.0,75.0,389.0,74.0
-24.0,-111.0,-90.0,75.0,407.0,108.0
-19.0,-116.0,-97.0,53.0,421.0,141.0
-12.0,-117.0,-112.0,12.0,433.0,173.0
-11.0,-115.0,-120.0,-44.0,438.0,204.0
-2.0,-117.0,-129.0,-117.0,435.0,231.0
-1.0,-118.0,-145.0,-202.0,426.0,255.0
5.0,-126.0,-155.0,-295.0,414.0,277.0
13.0,-131.0,-153.0,-397.0,404.0,296.0
16.0,-137.0,-162.0,-496.0,393.0,314.0
22.0,-151.0,-164.0,-589.0,377.0,329.0
22.0,-167.0,-164.0,-674.0,357.0,341.0
25.0,-174.0,-169.0,-752.0,329.0,340.0
21.0,-209.0,-162.0,-835.0,297.0,361.0
14.0,-217.0,-166.0,-863.0,254.0,336.0
3.0,-233.0,-168.0,-884.0,197.0,302.0
-9.0,-254.0,-160.0,-904.0,134.0,286.0
-30.0,-277.0,-156.0,-908.0,61.0,280.0
-49.0,-290.0,-152.0,-888.0,-19.0,282.0
-67.0,-299.0,-153.0,-835.0,-105.0,294.0
-88.0,-310.0,-155.0,-752.0,-195.0,308.0
-104.0,-317.0,-152.0,-645.0,-279.0,329.0
-121.0,-325.0,-152.0,-526.0,-351.0,342.0
-128.0,-327.0,-147.0,-400.0,-407.0,355.0
-136.0,-327.0,-146.0,-273.0,-448.0,356.0
-136.0,-326.0,-135.0,-140.0,-473.0,348.0
-137.0,-320.0,-132.0,9.0,-488.0,331.0
-130.0,-312.0,-129.0,162.0,-487.0,304.0
-122.0,-309.0,-129.0,299.0,-471.0,269.0
-101.0,-304.0,-137.0,414.0,-450.0,230.0
-79.0,-300.0,-149.0,500.0,-432.0,184.0
-51.0,-289.0,-175.0,544.0,-428.0,134.0
-24.0,-273.0,-205.0,545.0,-444.0,78.0
-11.0,-245.0,-235.0,490.0,-475.0,2.0
-3.0,-214.0,-265.0,392.0,-508.0,-65.0
-4.0,-183.0,-302.0,273.0,-533.0,-137.0
-14.0,-159.0,-317.0,144.0,-548.0,-223.0
-29.0,-143.0,-335.0,32.0,-547.0,-308.0
-48.0,-138.0,-341.0,-37.0,-538.0,-373.0
-78.0,-143.0,-362.0,-91.0,-519.0,-410.0
-87.0,-167.0,-372.0,-185.0,-490.0,-389.0
-88.0,-179.0,-389.0,-343.0,-471.0,-362.0
-90.0,-183.0,-398.0,-543.0,-481.0,-344.0
-103.0,-173.0,-424.0,-750.0,-519.0,-339.0
-120.0,-160.0,-442.0,-962.0,-582.0,-326.0
-123.0,-154.0,-444.0,-1155.0,-653.0,-313.0
-118.0,-147.0,-432.0,-1284.0,-724.0,-302.0
-117.0,-139.0,-416.0,-1337.0,-762.0,-271.0
-107.0,-131.0,-385.0,-1305.0,-774.0,-217.0
-94.0,-135.0,-359.0,-1166.0,-764.0,-140.0
-55.0,-133.0,-334.0,-972.0,-739.0,-70.0
-27.0,-127.0,-303.0,-749.0,-707.0,-12.0
-4.0,-120.0,-288.0,-507.0,-674.0,32.0
17.0,-119.0,-275.0,-277.0,-654.0,74.0
34.0,-120.0,-264.0,-65.0,-639.0,105.0
50.0,-117.0,-256.0,123.0,-614.0,133.0
60.0,-115.0,-244.0,283.0,-569.0,157.0
69.0,-110.0,-245.0,407.0,-503.0,169.0
76.0,-112.0,-230.0,500.0,-419.0,169.0
77.0,-106.0,-221.0,582.0,-335.0,162.0
83.0,-111.0,-217.0,649.0,-252.0,155.0
79.0,-122.0,-219.0,693.0,-171.0,147.0
78.0,-130.0,-215.0,721.0,-93.0,135.0
68.0,-137.0,-211.0,740.0,-26.0,115.0
58.0,-152.0,-206.0,754.0,26.0,92.0
43.0,-163.0,-202.0,768.0,57.0,63.0
24.0,-173.0,-198.0,782.0,78.0,29.0
2.0,-171.0,-203.0,793.0,87.0,-4.0
-18.0,-170.0,-207.0,789.0,104.0,-22.0
-34.0,-163.0,-218.0,760.0,142.0,-27.0
-39.0,-164.0,-221.0,697.0,208.0,-38.0
-43.0,-162.0,-211.0,617.0,291.0,-61.0
-46.0,-168.0,-203.0,546.0,372.0,-96.0
-51.0,-163.0,-192.0,497.0,438.0,-133.0
-48.0,-167.0,-182.0,479.0,480.0,-162.0
-52.0,-167.0,-176.0,480.0,500.0,-184.0
-51.0,-168.0,-172.0,478.0,498.0,-195.0
-51.0,-162.0,-166.0,466.0,486.0,-195.0
-44.0,-161.0,-163.0,443.0,467.0,-188.0
-39.0,-155.0,-159.0,413.0,450.0,-172.0
-33.0,-149.0,-150.0,388.0,429.0,-153.0
-29.0,-142.0,-146.0,372.0,407.0,-133.0
-22.0,-142.0,-138.0,363.0,390.0,-114.0
-20.0,-137.0,-135.0,358.0,371.0,-95.0
-14.0,-133.0,-127.0,360.0,353.0,-83.0
-8.0,-132.0,-121.0,371.0,339.0,-73.0
-6.0,-128.0,-121.0,390.0,327.0,-67.0
2.0,-129.0,-108.0,413.0,321.0,-66.0
8.0,-130.0,-107.0,443.0,318.0,-69.0
14.0,-132.0,-104.0,479.0,317.0,-76.0
23.0,-131.0,-101.0,525.0,318.0,-86.0
26.0,-136.0,-102.0,570.0,318.0,-93.0
33.0,-135.0,-97.0,613.0,317.0,-106.0
35.0,-134.0,-101.0,647.0,318.0,-121.0
39.0,-138.0,-95.0,671.0,324.0,-142.0
43.0,-139.0,-96.0,681.0,333.0,-163.0
42.0,-144.0,-96.0,680.0,345.0,-192.0
39.0,-149.0,-96.0,668.0,363.0,-214.0
33.0,-156.0,-92.0,644.0,389.0,-239.0
26.0,-160.0,-95.0,611.0,409.0,-262.0
18.0,-166.0,-89.0,569.0,423.0,-285.0
1.0,-177.0,-83.0,527.0,422.0,-303.0
-13.0,-180.0,-84.0,500.0,405.0,-315.0
-19.0,-188.0,-76.0,486.0,376.0,-320.0
-34.0,-195.0,-71.0,488.0,338.0,-322.0
-46.0,-196.0,-62.0,505.0,298.0,-314.0
-52.0,-198.0,-53.0,544.0,262.0,-298.0
-57.0,-202.0,-45.0,610.0,233.0,-273.0
-53.0,-204.0,-39.0,699.0,210.0,-243.0
-50.0,-199.0,-33.0,807.0,200.0,-205.0
-33.0,-197.0,-34.0,921.0,202.0,-171.0
-21.0,-190.0,-30.0,1031.0,220.0,-141.0
-10.0,-176.0,-30.0,1136.0,255.0,-108.0
-2.0,-162.0,-40.0,1233.0,301.0,-84.0
7.0,-149.0,-40.0,1323.0,347.0,-64.0
18.0,-139.0,-50.0,1403.0,401.0,-45.0
16.0,-121.0,-64.0,1465.0,439.0,-26.0
20.0,-105.0,-77.0,1515.0,466.0,-1.0
23.0,-93.0,-85.0,1548.0,486.0,26.0
30.0,-80.0,-95.0,1551.0,502.0,50.0
42.0,-71.0,-111.0,1535.0,515.0,72.0
43.0,-65.0,-112.0,1503.0,529.0,92.0
53.0,-66.0,-109.0,1460.0,536.0,108.0
57.0,-68.0,-116.0,1415.0,547.0,122.0
69.0,-76.0,-100.0,1368.0,571.0,129.0
69.0,-83.0,-95.0,1322.0,617.0,127.0
68.0,-96.0,-88.0,1279.0,674.0,113.0
67.0,-111.0,-76.0,1243.0,736.0,97.0
64.0,-117.0,-76.0,1218.0,806.0,82.0
57.0,-129.0,-68.0,1198.0,883.0,67.0
47.0,-140.0,-72.0,1179.0,966.0,49.0
31.0,-145.0,-83.0,1152.0,1042.0,28.0
11.0,-152.0,-96.0,1110.0,1107.0,10.0
-4.0,-155.0,-99.0,1059.0,1156.0,5.0
-25.0,-152.0,-105.0,1010.0,1194.0,14.0
-40.0,-158.0,-112.0,967.0,1220.0,39.0
-53.0,-147.0,-109.0,931.0,1237.0,84.0
-64.0,-151.0,-105.0,884.0,1260.0,121.0
-69.0,-154.0,-100.0,845.0,1280.0,169.0
-72.0,-153.0,-81.0,811.0,1299.0,220.0
-71.0,-147.0,-72.0,792.0,1312.0,271.0
-70.0,-140.0,-60.0,786.0,1315.0,316.0
-64.0,-134.0,-60.0,783.0,1312.0,344.0
-57.0,-126.0,-59.0,788.0,1311.0,371.0
-43.0,-121.0,-64.0,800.0,1313.0,405.0
-28.0,-112.0,-68.0,809.0,1328.0,439.0
-10.0,-107.0,-69.0,811.0,1359.0,470.0
3.0,-95.0,-81.0,810.0,1411.0,500.0
32.0,-101.0,-80.0,795.0,1488.0,516.0
45.0,-90.0,-78.0,782.0,1591.0,525.0
64.0,-87.0,-87.0,770.0,1702.0,529.0
82.0,-87.0,-92.0,757.0,1811.0,535.0
97.0,-86.0,-102.0,710.0,1914.0,528.0
100.0,-103.0,-93.0,624.0,2008.0,485.0
112.0,-110.0,-92.0,593.0,2051.0,493.0
121.0,-112.0,-111.0,572.0,2060.0,522.0
116.0,-115.0,-109.0,526.0,2074.0,519.0
107.0,-106.0,-117.0,465.0,2107.0,489.0
95.0,-116.0,-121.0,430.0,2154.0,472.0
81.0,-120.0,-122.0,421.0,2214.0,488.0
65.0,-112.0,-134.0,414.0,2284.0,504.0
58.0,-113.0,-137.0,393.0,2359.0,509.0
45.0,-107.0,-149.0,367.0,2424.0,520.0
20.0,-104.0,-155.0,302.0,2492.0,522.0
5.0,-106.0,-157.0,219.0,2566.0,525.0
-7.0,-104.0,-154.0,136.0,2633.0,529.0
-24.0,-115.0,-143.0,56.0,2688.0,525.0
-34.0,-113.0,-136.0,27.0,2714.0,538.0
-41.0,-106.0,-132.0,4.0,2725.0,550.0
-43.0,-96.0,-129.0,-27.0,2720.0,538.0
-43.0,-90.0,-116.0,-62.0,2697.0,527.0
-57.0,-77.0,-110.0,-113.0,2670.0,527.0
-57.0,-75.0,-92.0,-191.0,2623.0,519.0
-51.0,-79.0,-73.0,-230.0,2544.0,508.0
-46.0,-77.0,-73.0,-228.0,2437.0,500.0
-49.0,-76.0,-65.0,-255.0,2331.0,480.0
-55.0,-72.0,-57.0,-314.0,2238.0,484.0
-55.0,-83.0,-37.0,-393.0,2167.0,540.0
-67.0,-117.0,-24.0,-422.0,2107.0,663.0
-62.0,-116.0,-41.0,-374.0,2011.0,677.0
-59.0,-106.0,-61.0,-339.0,1955.0,642.0
-61.0,-108.0,-68.0,-354.0,1937.0,624.0
-59.0,-104.0,-89.0,-382.0,1930.0,608.0
-58.0,-102.0,-116.0,-426.0,1915.0,582.0
-56.0,-100.0,-117.0,-492.0,1895.0,542.0
-52.0,-103.0,-117.0,-561.0,1862.0,494.0
-45.0,-105.0,-121.0,-609.0,1826.0,456.0
-31.0,-91.0,-141.0,-648.0,1804.0,420.0
-25.0,-72.0,-161.0,-737.0,1802.0,371.0
-22.0,-61.0,-188.0,-835.0,1796.0,325.0
-36.0,-56.0,-249.0,-973.0,1772.0,296.0
-50.0,-53.0,-347.0,-1192.0,1711.0,289.0
-93.0,-51.0,-453.0,-1574.0,1610.0,297.0
-155.0,-59.0,-541.0,-2107.0,1427.0,323.0
-190.0,-88.0,-585.0,-2737.0,1166.0,372.0
-252.0,-152.0,-650.0,-3414.0,870.0,423.0
-319.0,-251.0,-727.0,-4104.0,567.0,477.0
-397.0,-346.0,-816.0,-4767.0,339.0,549.0
-461.0,-419.0,-878.0,-5406.0,242.0,665.0
-518.0,-484.0,-907.0,-6005.0,187.0,811.0
-491.0,-542.0,-954.0,-6401.0,-27.0,892.0
-359.0,-544.0,-962.0,-6665.0,-306.0,752.0
-200.0,-503.0,-929.0,-6876.0,-497.0,447.0
-45.0,-556.0,-905.0,-7003.0,-434.0,89.0
75.0,-657.0,-855.0,-7054.0,34.0,-469.0
154.0,-508.0,-708.0,-6867.0,945.0,-1033.0
283.0,-121.0,-442.0,-6490.0,1950.0,-1103.0
421.0,-56.0,-284.0,-5794.0,2789.0,-1040.0
600.0,-61.0,-179.0,-4896.0,3289.0,-941.0
721.0,-49.0,-100.0,-3991.0,3586.0,-903.0
811.0,12.0,-45.0,-3193.0,3683.0,-896.0
860.0,62.0,-55.0,-2655.0,3577.0,-876.0
815.0,72.0,-98.0,-2464.0,3397.0,-780.0
666.0,51.0,-88.0,-2605.0,3219.0,-562.0
466.0,-37.0,-117.0,-2801.0,3039.0,-164.0
320.0,-126.0,-162.0,-3016.0,2876.0,250.0
226.0,-194.0,-202.0,-3398.0,2803.0,628.0
146.0,-239.0,-211.0,-3916.0,2821.0,914.0
93.0,-250.0,-219.0,-4379.0,2861.0,1078.0
34.0,-263.0,-221.0,-4740.0,2884.0,1111.0
-10.0,-261.0,-218.0,-5020.0,2880.0,1029.0
-46.0,-268.0,-206.0,-5206.0,2868.0,890.0
-68.0,-257.0,-181.0,-5276.0,2856.0,689.0
-70.0,-258.0,-172.0,-5204.0,2843.0,422.0
-67.0,-240.0,-163.0,-4976.0,2836.0,102.0
-67.0,-242.0,-151.0,-4599.0,2833.0,-233.0
-55.0,-235.0,-140.0,-4127.0,2832.0,-585.0
-39.0,-230.0,-139.0,-3611.0,2827.0,-949.0
-20.0,-226.0,-138.0,-3102.0,2807.0,-1277.0
-9.0,-230.0,-139.0,-2639.0,2763.0,-1553.0
-2.0,-224.0,-133.0,-2211.0,2695.0,-1771.0
1.0,-219.0,-120.0,-1836.0,2623.0,-1935.0
13.0,-215.0,-116.0,-1498.0,2554.0,-2043.0
16.0,-207.0,-97.0,-1193.0,2492.0,-2097.0
40.0,-205.0,-77.0,-914.0,2449.0,-2101.0
51.0,-196.0,-60.0,-642.0,2417.0,-2069.0
62.0,-186.0,-49.0,-377.0,2388.0,-2011.0
78.0,-175.0,-44.0,-128.0,2367.0,-1929.0
97.0,-160.0,-35.0,99.0,2370.0,-1829.0
121.0,-148.0,-43.0,302.0,2391.0,-1735.0
139.0,-145.0,-50.0,472.0,2411.0,-1652.0
166.0,-133.0,-58.0,599.0,2419.0,-1590.0
178.0,-127.0,-57.0,664.0,2428.0,-1554.0
200.0,-116.0,-67.0,697.0,2419.0,-1538.0
208.0,-103.0,-69.0,704.0,2387.0,-1525.0
217.0,-90.0,-67.0,698.0,2348.0,-1514.0
226.0,-84.0,-67.0,707.0,2303.0,-1510.0
230.0,-79.0,-71.0,749.0,2273.0,-1496.0
260.0,-90.0,-77.0,845.0,2271.0,-1465.0
278.0,-100.0,-114.0,998.0,2307.0,-1397.0
268.0,-91.0,-141.0,1149.0,2342.0,-1304.0
245.0,-73.0,-149.0,1331.0,2463.0,-1299.0
238.0,-54.0,-145.0,1630.0,2655.0,-1374.0
248.0,-65.0,-159.0,2032.0,2902.0,-1465.0
232.0,-59.0,-184.0,2504.0,3218.0,-1546.0
235.0,-45.0,-202.0,2791.0,3530.0,-1623.0
196.0,-80.0,-218.0,2824.0,3726.0,-1696.0
286.0,-42.0,-247.0,2779.0,3774.0,-1749.0
275.0,-1.0,-249.0,2448.0,3855.0,-1928.0
361.0,57.0,-272.0,1891.0,3683.0,-1995.0
133.0,164.0,-275.0,1184.0,3338.0,-2145.0
47.0,79.0,-287.0,456.0,2654.0,-1969.0
712.0,408.0,-135.0,-368.0,2487.0,-2166.0
703.0,493.0,-200.0,-996.0,2530.0,-2759.0
781.0,495.0,-90.0,-1960.0,2849.0,-2726.0
634.0,484.0,-194.0,-2350.0,2743.0,-3084.0
681.0,546.0,-210.0,-2713.0,2428.0,-3289.0
264.0,196.0,-85.0,-2903.0,2118.0,-2922.0
240.0,-10.0,-114.0,-2548.0,1855.0,-2419.0
516.0,107.0,-187.0,-2330.0,2001.0,-2413.0
591.0,190.0,-153.0,-2354.0,2336.0,-2726.0
730.0,255.0,-174.0,-2267.0,2503.0,-2859.0
842.0,318.0,-297.0,-2031.0,2542.0,-2818.0
819.0,283.0,-359.0,-2022.0,2580.0,-2729.0
761.0,304.0,-305.0,-2179.0,2683.0,-2613.0
748.0,383.0,-261.0,-2427.0,2767.0,-2469.0
649.0,304.0,-148.0,-2675.0,2709.0,-2229.0
593.0,198.0,-82.0,-2464.0,2331.0,-1868.0
526.0,148.0,-60.0,-1808.0,1826.0,-1551.0
448.0,154.0,-64.0,-1019.0,1335.0,-1366.0
385.0,163.0,-56.0,-306.0,833.0,-1278.0
325.0,163.0,-37.0,308.0,342.0,-1175.0
244.0,165.0,-5.0,787.0,-88.0,-1047.0
216.0,128.0,44.0,1098.0,-498.0,-885.0
193.0,116.0,49.0,1422.0,-852.0,-723.0
227.0,100.0,65.0,1658.0,-1129.0,-555.0
236.0,80.0,69.0,1879.0,-1313.0,-307.0
202.0,109.0,49.0,1964.0,-1508.0,-176.0
173.0,77.0,45.0,1820.0,-1785.0,-226.0
128.0,89.0,43.0,1813.0,-1948.0,-296.0
52.0,103.0,33.0,1749.0,-2106.0,-347.0
-13.0,80.0,38.0,1514.0,-2287.0,-314.0
-45.0,39.0,40.0,1245.0,-2466.0,-238.0
-73.0,34.0,39.0,1036.0,-2576.0,-242.0
-73.0,32.0,47.0,765.0,-2635.0,-301.0
-47.0,40.0,44.0,526.0,-2646.0,-327.0
-28.0,58.0,29.0,277.0,-2611.0,-393.0
-20.0,69.0,26.0,-21.0,-2561.0,-487.0
4.0,55.0,25.0,-283.0,-2488.0,-584.0
4.0,63.0,2.0,-366.0,-2362.0,-754.0
27.0,81.0,-13.0,-329.0,-2229.0,-898.0
47.0,85.0,-35.0,-209.0,-2109.0,-998.0
74.0,111.0,-60.0,-34.0,-1971.0,-1080.0
124.0,134.0,-77.0,86.0,-1833.0,-1100.0
194.0,165.0,-75.0,119.0,-1721.0,-1071.0
262.0,183.0,-86.0,180.0,-1675.0,-1044.0
272.0,185.0,-91.0,260.0,-1674.0,-1069.0
277.0,188.0,-87.0,288.0,-1661.0,-1099.0
298.0,183.0,-76.0,269.0,-1629.0,-1104.0
318.0,189.0,-70.0,196.0,-1572.0,-1084.0
339.0,196.0,-70.0,100.0,-1498.0,-1057.0
330.0,196.0,-54.0,-46.0,-1370.0,-1015.0
324.0,188.0,-49.0,-212.0,-1241.0,-926.0
291.0,193.0,-55.0,-407.0,-1127.0,-818.0
256.0,210.0,-65.0,-628.0,-1015.0,-717.0
199.0,179.0,-63.0,-824.0,-948.0,-647.0
185.0,182.0,-86.0,-877.0,-934.0,-591.0
174.0,174.0,-101.0,-796.0,-821.0,-525.0
182.0,155.0,-97.0,-709.0,-684.0,-452.0
184.0,166.0,-100.0,-637.0,-562.0,-389.0
187.0,179.0,-95.0,-584.0,-463.0,-334.0
192.0,181.0,-82.0,-562.0,-387.0,-286.0
208.0,187.0,-78.0,-580.0,-334.0,-244.0
209.0,179.0,-71.0,-632.0,-307.0,-245.0
210.0,188.0,-67.0,-684.0,-301.0,-286.0
215.0,163.0,-60.0,-750.0,-300.0,-365.0
228.0,170.0,-72.0,-704.0,-291.0,-398.0
214.0,154.0,-86.0,-564.0,-309.0,-456.0
214.0,154.0,-116.0,-410.0,-368.0,-496.0
223.0,171.0,-135.0,-253.0,-385.0,-474.0
216.0,192.0,-168.0,-83.0,-479.0,-563.0
193.0,192.0,-169.0,26.0,-548.0,-599.0
186.0,191.0,-164.0,60.0,-590.0,-603.0
182.0,201.0,-152.0,67.0,-611.0,-599.0
210.0,192.0,-144.0,97.0,-611.0,-589.0
211.0,199.0,-133.0,165.0,-610.0,-582.0
216.0,195.0,-138.0,243.0,-642.0,-569.0
218.0,199.0,-133.0,331.0,-687.0,-570.0
209.0,206.0,-134.0,437.0,-760.0,-583.0
192.0,199.0,-128.0,601.0,-825.0,-596.0
171.0,185.0,-129.0,819.0,-863.0,-603.0
165.0,172.0,-138.0,1071.0,-863.0,-594.0
160.0,155.0,-141.0,1320.0,-826.0,-570.0
169.0,144.0,-164.0,1536.0,-760.0,-526.0
149.0,118.0,-168.0,1697.0,-675.0,-470.0
142.0,101.0,-177.0,1774.0,-602.0,-426.0
142.0,95.0,-185.0,1781.0,-548.0,-396.0
133.0,100.0,-189.0,1721.0,-520.0,-386.0
133.0,106.0,-197.0,1598.0,-517.0,-386.0
141.0,117.0,-194.0,1428.0,-534.0,-395.0
144.0,128.0,-202.0,1243.0,-557.0,-405.0
153.0,130.0,-182.0,1081.0,-574.0,-410.0
158.0,133.0,-177.0,959.0,-592.0,-419.0
156.0,127.0,-171.0,890.0,-613.0,-436.0
151.0,133.0,-167.0,869.0,-635.0,-451.0
156.0,134.0,-164.0,868.0,-648.0,-461.0
145.0,139.0,-164.0,885.0,-656.0,-475.0
136.0,125.0,-167.0,915.0,-654.0,-471.0
136.0,125.0,-169.0,940.0,-643.0,-467.0
126.0,115.0,-174.0,965.0,-629.0,-458.0
129.0,119.0,-184.0,968.0,-609.0,-443.0
122.0,119.0,-188.0,956.0,-593.0,-437.0
117.0,96.0,-195.0,952.0,-580.0,-436.0
122.0,107.0,-187.0,893.0,-534.0,-397.0
130.0,123.0,-186.0,839.0,-508.0,-375.0
129.0,126.0,-178.0,799.0,-491.0,-377.0
117.0,98.0,-187.0,755.0,-451.0,-360.0
114.0,110.0,-188.0,670.0,-396.0,-331.0
113.0,115.0,-190.0,609.0,-395.0,-307.0
107.0,111.0,-200.0,557.0,-399.0,-293.0
102.0,111.0,-196.0,502.0,-393.0,-268.0
105.0,115.0,-201.0,443.0,-386.0,-247.0
98.0,118.0,-207.0,374.0,-389.0,-234.0
99.0,124.0,-211.0,305.0,-381.0,-214.0
102.0,126.0,-222.0,234.0,-370.0,-184.0
106.0,126.0,-226.0,160.0,-344.0,-155.0
108.0,128.0,-224.0,92.0,-312.0,-124.0
107.0,133.0,-231.0,35.0,-274.0,-99.0
112.0,132.0,-233.0,-13.0,-232.0,-79.0
110.0,139.0,-227.0,-56.0,-190.0,-59.0
116.0,139.0,-224.0,-91.0,-145.0,-36.0
113.0,143.0,-222.0,-119.0,-102.0,-11.0
116.0,139.0,-219.0,-137.0,-61.0,15.0
119.0,145.0,-213.0,-155.0,-22.0,37.0
116.0,149.0,-211.0,-170.0,14.0,63.0
123.0,133.0,-212.0,-178.0,49.0,85.0
120.0,131.0,-207.0,-198.0,76.0,103.0
122.0,128.0,-207.0,-217.0,101.0,117.0
125.0,122.0,-203.0,-235.0,126.0,131.0
127.0,127.0,-198.0,-251.0,148.0,141.0
134.0,124.0,-195.0,-258.0,172.0,153.0
134.0,124.0,-190.0,-261.0,195.0,158.0
136.0,127.0,-192.0,-262.0,211.0,159.0
149.0,134.0,-185.0,-261.0,222.0,158.0
141.0,125.0,-180.0,-250.0,232.0,158.0
142.0,128.0,-187.0,-246.0,233.0,145.0
141.0,130.0,-183.0,-246.0,225.0,134.0
145.0,126.0,-183.0,-244.0,218.0,119.0
146.0,127.0,-180.0,-238.0,205.0,103.0
147.0,125.0,-182.0,-240.0,192.0,89.0
150.0,137.0,-182.0,-242.0,178.0,74.0
146.0,127.0,-183.0,-239.0,169.0,59.0
146.0,128.0,-192.0,-253.0,157.0,43.0
146.0,131.0,-193.0,-271.0,145.0,26.0
146.0,127.0,-190.0,-291.0,137.0,13.0
136.0,133.0,-198.0,-309.0,132.0,1.0
141.0,133.0,-194.0,-329.0,130.0,-10.0
142.0,133.0,-191.0,-349.0,132.0,-21.0
141.0,133.0,-185.0,-369.0,129.0,-30.0
140.0,137.0,-183.0,-386.0,127.0,-39.0
142.0,133.0,-183.0,-397.0,125.0,-45.0
142.0,136.0,-177.0,-396.0,124.0,-47.0
140.0,135.0,-171.0,-382.0,121.0,-53.0
140.0,135.0,-172.0,-360.0,117.0,-59.0
139.0,135.0,-169.0,-333.0,111.0,-64.0
145.0,134.0,-171.0,-295.0,105.0,-71.0
138.0,136.0,-169.0,-261.0,97.0,-81.0
141.0,134.0,-165.0,-233.0,84.0,-87.0
141.0,136.0,-168.0,-204.0,68.0,-92.0
141.0,133.0,-167.0,-179.0,50.0,-98.0
139.0,133.0,-163.0,-159.0,31.0,-104.0
138.0,130.0,-166.0,-138.0,14.0,-113.0
139.0,130.0,-168.0,-116.0,4.0,-121.0
133.0,129.0,-167.0,-96.0,-15.0,-128.0
137.0,128.0,-163.0,-79.0,-34.0,-133.0
133.0,129.0,-167.0,-63.0,-51.0,-138.0
134.0,134.0,-165.0,-48.0,-68.0,-142.0
135.0,127.0,-170.0,-39.0,-82.0,-149.0
135.0,130.0,-164.0,-31.0,-96.0,-151.0
133.0,130.0,-165.0,-24.0,-114.0,-154.0
133.0,129.0,-167.0,-15.0,-129.0,-152.0
127.0,132.0,-169.0,-6.0,-143.0,-155.0
128.0,135.0,-167.0,3.0,-159.0,-156.0
132.0,135.0,-169.0,12.0,-171.0,-155.0
130.0,133.0,-173.0,24.0,-183.0,-154.0
129.0,137.0,-171.0,35.0,-194.0,-154.0
128.0,134.0,-174.0,39.0,-206.0,-154.0
125.0,136.0,-169.0,48.0,-216.0,-154.0
125.0,137.0,-170.0,58.0,-223.0,-152.0
124.0,137.0,-172.0,67.0,-230.0,-151.0
126.0,140.0,-170.0,76.0,-236.0,-154.0
127.0,135.0,-171.0,83.0,-244.0,-155.0
128.0,136.0,-176.0,90.0,-250.0,-153.0
127.0,139.0,-176.0,94.0,-255.0,-155.0
128.0,139.0,-173.0,102.0,-262.0,-157.0
127.0,139.0,-176.0,109.0,-267.0,-161.0
129.0,141.0,-176.0,112.0,-269.0,-162.0
126.0,139.0,-181.0,115.0,-274.0,-167.0
123.0,142.0,-182.0,117.0,-275.0,-165.0
124.0,139.0,-185.0,116.0,-275.0,-163.0
124.0,140.0,-184.0,114.0,-274.0,-163.0
122.0,143.0,-186.0,111.0,-269.0,-161.0
123.0,146.0,-190.0,112.0,-260.0,-155.0
122.0,141.0,-194.0,120.0,-246.0,-141.0
122.0,145.0,-194.0,116.0,-233.0,-138.0
118.0,149.0,-189.0,112.0,-219.0,-132.0
117.0,147.0,-193.0,111.0,-202.0,-123.0
119.0,147.0,-193.0,112.0,-182.0,-113.0
120.0,151.0,-197.0,111.0,-160.0,-101.0
121.0,149.0,-194.0,106.0,-143.0,-92.0
123.0,148.0,-198.0,100.0,-124.0,-83.0
122.0,149.0,-195.0,92.0,-106.0,-75.0
125.0,141.0,-198.0,89.0,-89.0,-64.0
122.0,147.0,-199.0,82.0,-73.0,-61.0
124.0,142.0,-193.0,62.0,-68.0,-63.0
124.0,145.0,-196.0,50.0,-58.0,-63.0
124.0,145.0,-197.0,39.0,-49.0,-59.0
122.0,145.0,-195.0,31.0,-38.0,-55.0
122.0,143.0,-194.0,23.0,-29.0,-51.0
122.0,143.0,-190.0,18.0,-18.0,-46.0
123.0,141.0,-197.0,16.0,-7.0,-43.0
120.0,141.0,-190.0,13.0,1.0,-39.0
121.0,143.0,-189.0,7.0,11.0,-36.0
121.0,138.0,-184.0,2.0,21.0,-31.0
121.0,140.0,-190.0,-5.0,28.0,-27.0
118.0,138.0,-190.0,-9.0,36.0,-23.0
121.0,141.0,-187.0,-13.0,44.0,-16.0
120.0,137.0,-182.0,-14.0,51.0,-10.0
118.0,137.0,-180.0,-18.0,61.0,-6.0
120.0,137.0,-180.0,-20.0,70.0,-1.0
117.0,139.0,-183.0,-20.0,79.0,4.0
116.0,138.0,-184.0,-21.0,85.0,8.0
119.0,140.0,-183.0,-19.0,92.0,11.0
118.0,141.0,-181.0,-17.0,96.0,15.0
121.0,138.0,-181.0,-14.0,99.0,17.0
119.0,142.0,-179.0,-14.0,103.0,19.0
120.0,143.0,-184.0,-13.0,105.0,21.0
121.0,141.0,-183.0,-11.0,106.0,26.0
121.0,139.0,-179.0,-7.0,107.0,29.0
121.0,141.0,-182.0,-4.0,107.0,33.0
120.0,142.0,-182.0,-2.0,105.0,36.0
123.0,143.0,-178.0,0.0,103.0,37.0
122.0,141.0,-174.0,6.0,101.0,40.0
121.0,143.0,-174.0,12.0,95.0,41.0
123.0,140.0,-184.0,17.0,91.0,43.0
121.0,140.0,-177.0,21.0,85.0,42.0
124.0,143.0,-179.0,26.0,78.0,39.0
125.0,139.0,-179.0,31.0,72.0,38.0
124.0,140.0,-180.0,36.0,66.0,38.0
126.0,141.0,-177.0,42.0,60.0,34.0
123.0,145.0,-180.0,47.0,54.0,31.0
125.0,144.0,-179.0,51.0,50.0,31.0
126.0,139.0,-175.0,54.0,44.0,28.0
124.0,142.0,-179.0,57.0,39.0,24.0
128.0,141.0,-179.0,59.0,35.0,21.0
