91.0,-239.0,-79.0,369.0,-846.0,233.0
80.0,-238.0,-99.0,281.0,-902.0,174.0
82.0,-242.0,-98.0,187.0,-957.0,115.0
75.0,-248.0,-87.0,119.0,-981.0,53.0
61.0,-249.0,-82.0,98.0,-963.0,-12.0
45.0,-242.0,-73.0,98.0,-924.0,-74.0
30.0,-233.0,-62.0,109.0,-879.0,-125.0
9.0,-212.0,-60.0,134.0,-835.0,-160.0
-13.0,-205.0,-63.0,176.0,-791.0,-176.0
-26.0,-203.0,-68.0,202.0,-758.0,-171.0
-31.0,-191.0,-77.0,209.0,-743.0,-174.0
-37.0,-179.0,-85.0,187.0,-751.0,-177.0
-27.0,-170.0,-96.0,143.0,-778.0,-173.0
-18.0,-167.0,-92.0,79.0,-817.0,-165.0
-2.0,-172.0,-90.0,2.0,-864.0,-157.0
11.0,-175.0,-83.0,-87.0,-910.0,-156.0
23.0,-182.0,-83.0,-172.0,-950.0,-162.0
32.0,-187.0,-77.0,-245.0,-981.0,-175.0
43.0,-194.0,-77.0,-303.0,-990.0,-190.0
52.0,-214.0,-67.0,-349.0,-957.0,-204.0
60.0,-227.0,-66.0,-380.0,-887.0,-219.0
71.0,-238.0,-72.0,-400.0,-805.0,-236.0
76.0,-253.0,-81.0,-422.0,-721.0,-255.0
84.0,-254.0,-87.0,-442.0,-633.0,-275.0
92.0,-267.0,-86.0,-453.0,-526.0,-289.0
95.0,-278.0,-76.0,-441.0,-406.0,-298.0
95.0,-291.0,-69.0,-415.0,-285.0,-309.0
94.0,-307.0,-72.0,-363.0,-178.0,-315.0
90.0,-317.0,-82.0,-289.0,-81.0,-311.0
87.0,-317.0,-90.0,-205.0,13.0,-290.0
72.0,-322.0,-87.0,-133.0,123.0,-269.0
61.0,-321.0,-77.0,-59.0,236.0,-234.0
55.0,-321.0,-77.0,38.0,346.0,-193.0
41.0,-314.0,-67.0,118.0,470.0,-170.0
31.0,-310.0,-62.0,168.0,599.0,-153.0
22.0,-291.0,-63.0,198.0,703.0,-141.0
9.0,-278.0,-56.0,213.0,789.0,-136.0
-1.0,-266.0,-45.0,219.0,838.0,-133.0
-11.0,-244.0,-46.0,211.0,857.0,-126.0
-21.0,-228.0,-51.0,185.0,840.0,-118.0
-26.0,-214.0,-68.0,130.0,797.0,-112.0
-26.0,-199.0,-82.0,37.0,753.0,-110.0
-35.0,-187.0,-85.0,-85.0,727.0,-110.0
-36.0,-180.0,-81.0,-206.0,713.0,-111.0
-39.0,-175.0,-79.0,-318.0,708.0,-117.0
-29.0,-180.0,-74.0,-431.0,712.0,-127.0
-25.0,-188.0,-70.0,-544.0,726.0,-130.0
-23.0,-203.0,-58.0,-644.0,759.0,-132.0
-18.0,-212.0,-52.0,-708.0,800.0,-136.0
-1.0,-225.0,-37.0,-746.0,848.0,-127.0
2.0,-243.0,-35.0,-759.0,917.0,-109.0
18.0,-256.0,-29.0,-770.0,967.0,-96.0
24.0,-261.0,-19.0,-776.0,1004.0,-90.0
25.0,-265.0,-8.0,-773.0,1042.0,-85.0
30.0,-269.0,2.0,-763.0,1073.0,-75.0
27.0,-271.0,7.0,-745.0,1114.0,-60.0
31.0,-272.0,6.0,-733.0,1145.0,-33.0
26.0,-267.0,-4.0,-729.0,1160.0,-4.0
32.0,-268.0,-19.0,-732.0,1159.0,19.0
37.0,-261.0,-29.0,-729.0,1162.0,47.0
35.0,-251.0,-50.0,-743.0,1164.0,64.0
31.0,-243.0,-64.0,-777.0,1170.0,69.0
22.0,-234.0,-66.0,-825.0,1177.0,65.0
9.0,-227.0,-60.0,-874.0,1203.0,51.0
2.0,-235.0,-60.0,-921.0,1232.0,18.0
-29.0,-238.0,-66.0,-951.0,1257.0,-44.0
-32.0,-211.0,-97.0,-991.0,1311.0,-135.0
-45.0,-194.0,-121.0,-1092.0,1407.0,-223.0
-38.0,-186.0,-144.0,-1264.0,1519.0,-271.0
-31.0,-191.0,-140.0,-1437.0,1598.0,-256.0
-29.0,-203.0,-149.0,-1545.0,1623.0,-201.0
-31.0,-224.0,-124.0,-1595.0,1544.0,-102.0
-46.0,-248.0,-80.0,-1532.0,1381.0,-15.0
-26.0,-260.0,-97.0,-1388.0,1180.0,29.0
-40.0,-242.0,-146.0,-1256.0,961.0,13.0
-56.0,-207.0,-174.0,-1210.0,807.0,-38.0
-86.0,-196.0,-124.0,-1246.0,746.0,-77.0
-111.0,-183.0,-34.0,-1229.0,709.0,-123.0
-86.0,-171.0,-33.0,-1114.0,733.0,-173.0
-51.0,-178.0,-78.0,-1122.0,715.0,-230.0
-52.0,-194.0,-98.0,-1330.0,592.0,-302.0
-101.0,-210.0,-81.0,-1623.0,397.0,-373.0
-129.0,-241.0,-59.0,-1828.0,161.0,-402.0
-124.0,-305.0,-25.0,-1895.0,13.0,-390.0
-110.0,-354.0,-12.0,-1814.0,-21.0,-357.0
-82.0,-373.0,-6.0,-1665.0,-23.0,-296.0
-47.0,-364.0,12.0,-1559.0,-40.0,-251.0
12.0,-363.0,24.0,-1521.0,-43.0,-234.0
62.0,-358.0,20.0,-1512.0,-18.0,-250.0
95.0,-347.0,24.0,-1473.0,-45.0,-293.0
111.0,-315.0,41.0,-1338.0,-138.0,-333.0
122.0,-283.0,64.0,-1124.0,-232.0,-342.0
115.0,-244.0,71.0,-904.0,-292.0,-342.0
111.0,-214.0,64.0,-758.0,-311.0,-322.0
107.0,-201.0,44.0,-723.0,-325.0,-300.0
95.0,-198.0,33.0,-759.0,-337.0,-278.0
82.0,-202.0,31.0,-802.0,-352.0,-253.0
62.0,-218.0,30.0,-808.0,-378.0,-228.0
43.0,-238.0,18.0,-790.0,-424.0,-213.0
36.0,-259.0,8.0,-778.0,-469.0,-203.0
36.0,-282.0,-3.0,-763.0,-507.0,-201.0
32.0,-303.0,-5.0,-723.0,-557.0,-206.0
40.0,-305.0,-10.0,-660.0,-626.0,-211.0
45.0,-298.0,-20.0,-622.0,-689.0,-214.0
45.0,-287.0,-17.0,-648.0,-722.0,-211.0
46.0,-282.0,-5.0,-713.0,-748.0,-206.0
41.0,-280.0,8.0,-788.0,-776.0,-198.0
39.0,-286.0,13.0,-864.0,-784.0,-192.0
39.0,-296.0,26.0,-955.0,-786.0,-175.0
40.0,-312.0,30.0,-1052.0,-813.0,-169.0
38.0,-336.0,26.0,-1124.0,-845.0,-187.0
29.0,-357.0,6.0,-1140.0,-848.0,-221.0
20.0,-382.0,-21.0,-1085.0,-848.0,-256.0
11.0,-407.0,-68.0,-937.0,-868.0,-293.0
3.0,-403.0,-110.0,-716.0,-915.0,-335.0
8.0,-384.0,-147.0,-477.0,-978.0,-380.0
26.0,-353.0,-152.0,-301.0,-998.0,-426.0
46.0,-331.0,-139.0,-207.0,-952.0,-473.0
54.0,-323.0,-112.0,-139.0,-872.0,-507.0
58.0,-315.0,-102.0,-38.0,-807.0,-526.0
63.0,-306.0,-110.0,101.0,-778.0,-533.0
68.0,-293.0,-123.0,250.0,-774.0,-546.0
71.0,-272.0,-127.0,385.0,-777.0,-571.0
67.0,-255.0,-127.0,505.0,-766.0,-610.0
54.0,-241.0,-128.0,613.0,-747.0,-659.0
32.0,-225.0,-126.0,692.0,-717.0,-714.0
15.0,-210.0,-119.0,755.0,-671.0,-765.0
6.0,-200.0,-111.0,796.0,-623.0,-810.0
1.0,-186.0,-91.0,802.0,-584.0,-851.0
-12.0,-176.0,-77.0,781.0,-554.0,-887.0
-22.0,-176.0,-52.0,763.0,-531.0,-917.0
-32.0,-163.0,-48.0,763.0,-514.0,-941.0
-51.0,-140.0,-38.0,759.0,-510.0,-957.0
-76.0,-113.0,-27.0,743.0,-524.0,-955.0
-105.0,-93.0,-15.0,705.0,-574.0,-923.0
-133.0,-75.0,-4.0,662.0,-638.0,-860.0
-158.0,-62.0,-15.0,632.0,-706.0,-790.0
-177.0,-51.0,-44.0,609.0,-796.0,-682.0
-191.0,-30.0,-96.0,576.0,-914.0,-558.0
-186.0,-27.0,-143.0,500.0,-1043.0,-431.0
-154.0,-48.0,-162.0,398.0,-1143.0,-319.0
-107.0,-91.0,-170.0,319.0,-1184.0,-228.0
-56.0,-141.0,-175.0,265.0,-1195.0,-165.0
-15.0,-201.0,-172.0,239.0,-1192.0,-136.0
21.0,-269.0,-168.0,285.0,-1154.0,-134.0
51.0,-324.0,-146.0,393.0,-1081.0,-156.0
70.0,-372.0,-105.0,510.0,-997.0,-212.0
78.0,-405.0,-79.0,604.0,-932.0,-295.0
85.0,-407.0,-74.0,665.0,-873.0,-392.0
85.0,-377.0,-77.0,680.0,-817.0,-478.0
72.0,-331.0,-84.0,677.0,-737.0,-532.0
51.0,-288.0,-76.0,699.0,-628.0,-535.0
18.0,-220.0,-88.0,743.0,-498.0,-490.0
1.0,-180.0,-83.0,765.0,-351.0,-413.0
-5.0,-155.0,-83.0,744.0,-190.0,-315.0
-8.0,-147.0,-87.0,671.0,-38.0,-211.0
-16.0,-153.0,-85.0,584.0,94.0,-104.0
-24.0,-160.0,-86.0,520.0,186.0,7.0
-21.0,-171.0,-93.0,472.0,236.0,117.0
-17.0,-179.0,-101.0,417.0,267.0,216.0
-14.0,-190.0,-102.0,356.0,293.0,307.0
-20.0,-208.0,-91.0,311.0,320.0,384.0
-22.0,-222.0,-83.0,293.0,334.0,444.0
-20.0,-236.0,-73.0,288.0,336.0,480.0
-17.0,-242.0,-68.0,277.0,346.0,494.0
-22.0,-249.0,-56.0,254.0,355.0,497.0
-22.0,-269.0,-58.0,228.0,342.0,491.0
-28.0,-290.0,-55.0,226.0,300.0,475.0
-27.0,-304.0,-58.0,254.0,250.0,450.0
-16.0,-308.0,-62.0,282.0,218.0,421.0
-14.0,-299.0,-62.0,294.0,218.0,396.0
-8.0,-290.0,-53.0,301.0,229.0,386.0
-5.0,-279.0,-54.0,308.0,240.0,386.0
-1.0,-273.0,-53.0,317.0,235.0,393.0
-1.0,-262.0,-56.0,343.0,224.0,399.0
-5.0,-251.0,-54.0,383.0,217.0,409.0
-6.0,-238.0,-59.0,424.0,219.0,428.0
-11.0,-228.0,-56.0,452.0,232.0,447.0
-8.0,-221.0,-54.0,459.0,247.0,465.0
-5.0,-220.0,-55.0,448.0,262.0,483.0
-4.0,-221.0,-50.0,421.0,284.0,505.0
0.0,-230.0,-55.0,382.0,319.0,526.0
4.0,-241.0,-58.0,340.0,363.0,540.0
12.0,-245.0,-58.0,303.0,399.0,546.0
19.0,-251.0,-58.0,283.0,421.0,543.0
27.0,-255.0,-63.0,274.0,429.0,533.0
29.0,-260.0,-62.0,265.0,435.0,507.0
28.0,-273.0,-59.0,263.0,440.0,468.0
29.0,-285.0,-53.0,296.0,450.0,430.0
26.0,-290.0,-57.0,369.0,454.0,394.0
23.0,-282.0,-57.0,453.0,453.0,363.0
23.0,-270.0,-55.0,507.0,461.0,335.0
20.0,-259.0,-48.0,521.0,486.0,315.0
22.0,-259.0,-36.0,516.0,512.0,313.0
31.0,-272.0,-29.0,513.0,540.0,330.0
32.0,-270.0,-19.0,523.0,559.0,363.0
37.0,-270.0,-27.0,533.0,555.0,396.0
40.0,-270.0,-32.0,531.0,538.0,434.0
40.0,-266.0,-33.0,516.0,518.0,476.0
43.0,-265.0,-34.0,503.0,503.0,531.0
46.0,-261.0,-37.0,502.0,493.0,590.0
48.0,-262.0,-38.0,510.0,489.0,646.0
52.0,-259.0,-35.0,534.0,486.0,693.0
52.0,-257.0,-42.0,574.0,489.0,731.0
52.0,-255.0,-48.0,618.0,500.0,753.0
49.0,-248.0,-43.0,643.0,523.0,767.0
49.0,-247.0,-46.0,655.0,550.0,775.0
47.0,-242.0,-47.0,652.0,581.0,781.0
47.0,-239.0,-45.0,639.0,610.0,788.0
48.0,-241.0,-44.0,620.0,645.0,804.0
46.0,-244.0,-42.0,598.0,679.0,821.0
44.0,-252.0,-34.0,584.0,705.0,839.0
37.0,-256.0,-24.0,582.0,714.0,858.0
34.0,-264.0,-20.0,585.0,713.0,874.0
25.0,-270.0,-10.0,589.0,702.0,885.0
21.0,-275.0,-12.0,592.0,685.0,893.0
20.0,-273.0,-2.0,592.0,670.0,893.0
17.0,-277.0,-16.0,597.0,655.0,895.0
17.0,-268.0,-22.0,613.0,647.0,901.0
20.0,-258.0,-30.0,638.0,644.0,914.0
21.0,-250.0,-34.0,664.0,649.0,934.0
24.0,-244.0,-35.0,683.0,662.0,958.0
24.0,-240.0,-29.0,700.0,674.0,985.0
28.0,-237.0,-20.0,716.0,679.0,1015.0
29.0,-233.0,-19.0,736.0,680.0,1043.0
31.0,-226.0,-23.0,750.0,683.0,1071.0
29.0,-220.0,-23.0,747.0,697.0,1098.0
27.0,-213.0,-28.0,725.0,714.0,1122.0
34.0,-204.0,-28.0,689.0,723.0,1144.0
32.0,-197.0,-19.0,648.0,729.0,1159.0
32.0,-200.0,-19.0,612.0,729.0,1171.0
28.0,-200.0,-12.0,594.0,723.0,1179.0
26.0,-200.0,-7.0,594.0,715.0,1182.0
20.0,-196.0,-6.0,599.0,707.0,1180.0
12.0,-191.0,-5.0,603.0,693.0,1174.0
8.0,-184.0,-7.0,598.0,678.0,1164.0
3.0,-181.0,-11.0,577.0,651.0,1158.0
-2.0,-185.0,-15.0,542.0,620.0,1154.0
-3.0,-170.0,-14.0,499.0,590.0,1159.0
-10.0,-171.0,-12.0,459.0,561.0,1170.0
-17.0,-170.0,-9.0,420.0,537.0,1189.0
-17.0,-169.0,-5.0,389.0,508.0,1214.0
-13.0,-172.0,-5.0,360.0,476.0,1243.0
-15.0,-171.0,-1.0,321.0,442.0,1271.0
-12.0,-173.0,2.0,279.0,410.0,1300.0
-11.0,-177.0,0.0,235.0,384.0,1332.0
-11.0,-181.0,-2.0,204.0,364.0,1363.0
-5.0,-176.0,-1.0,182.0,342.0,1396.0
-4.0,-176.0,0.0,169.0,324.0,1429.0
-2.0,-173.0,4.0,164.0,306.0,1457.0
0.0,-175.0,3.0,166.0,288.0,1483.0
-1.0,-171.0,2.0,172.0,274.0,1504.0
-2.0,-168.0,-1.0,175.0,262.0,1519.0
-3.0,-160.0,-6.0,172.0,252.0,1526.0
-8.0,-149.0,-7.0,161.0,245.0,1530.0
-10.0,-141.0,-12.0,148.0,240.0,1532.0
-13.0,-132.0,-13.0,128.0,231.0,1530.0
-16.0,-127.0,-17.0,107.0,220.0,1525.0
-22.0,-121.0,-19.0,84.0,208.0,1525.0
-27.0,-125.0,-12.0,70.0,193.0,1529.0
-36.0,-122.0,-7.0,64.0,177.0,1537.0
-44.0,-127.0,-9.0,61.0,155.0,1548.0
-50.0,-134.0,-13.0,48.0,116.0,1558.0
-59.0,-135.0,-18.0,18.0,73.0,1568.0
-66.0,-144.0,-14.0,-17.0,40.0,1580.0
-68.0,-151.0,-12.0,-44.0,12.0,1599.0
-69.0,-154.0,-19.0,-59.0,-12.0,1629.0
-70.0,-155.0,-22.0,-70.0,-35.0,1657.0
-73.0,-149.0,-29.0,-91.0,-58.0,1687.0
-73.0,-146.0,-36.0,-126.0,-83.0,1715.0
-73.0,-143.0,-30.0,-163.0,-113.0,1746.0
-65.0,-139.0,-23.0,-184.0,-153.0,1779.0
-60.0,-135.0,-25.0,-189.0,-203.0,1813.0
-57.0,-132.0,-24.0,-183.0,-260.0,1847.0
-56.0,-128.0,-24.0,-168.0,-318.0,1883.0
-60.0,-124.0,-28.0,-150.0,-373.0,1919.0
-64.0,-121.0,-30.0,-139.0,-428.0,1950.0
-76.0,-117.0,-27.0,-126.0,-494.0,1979.0
-84.0,-114.0,-29.0,-112.0,-575.0,2015.0
-82.0,-112.0,-25.0,-103.0,-669.0,2044.0
-92.0,-111.0,-20.0,-102.0,-747.0,2065.0
-106.0,-110.0,-12.0,-93.0,-803.0,2097.0
-127.0,-120.0,-1.0,-58.0,-866.0,2136.0
-131.0,-128.0,5.0,5.0,-949.0,2176.0
-133.0,-140.0,10.0,87.0,-1016.0,2215.0
-136.0,-150.0,9.0,173.0,-1094.0,2257.0
-147.0,-153.0,13.0,248.0,-1186.0,2302.0
-166.0,-163.0,20.0,316.0,-1281.0,2345.0
-182.0,-167.0,20.0,380.0,-1395.0,2400.0
-194.0,-174.0,31.0,426.0,-1497.0,2463.0
-226.0,-173.0,49.0,482.0,-1569.0,2544.0
-267.0,-182.0,53.0,568.0,-1639.0,2658.0
-312.0,-209.0,68.0,673.0,-1733.0,2803.0
-366.0,-249.0,81.0,773.0,-1815.0,2953.0
-414.0,-303.0,116.0,870.0,-1882.0,3091.0
-504.0,-377.0,159.0,1004.0,-1921.0,3227.0
-654.0,-464.0,238.0,1242.0,-1944.0,3431.0
-854.0,-537.0,264.0,1569.0,-1990.0,3747.0
-1086.0,-554.0,165.0,1806.0,-1925.0,4183.0
-1383.0,-504.0,-177.0,1689.0,-1717.0,4526.0
-1727.0,-581.0,-495.0,998.0,-1381.0,4650.0
-1646.0,-679.0,-552.0,259.0,-1337.0,4642.0
-948.0,-593.0,-303.0,-94.0,-1430.0,4313.0
-357.0,-396.0,-80.0,-189.0,-1407.0,3894.0
-71.0,-267.0,109.0,-214.0,-1050.0,3725.0
53.0,-178.0,187.0,-40.0,-614.0,3716.0
98.0,-116.0,117.0,251.0,-321.0,3769.0
91.0,-28.0,0.0,324.0,-117.0,3849.0
42.0,39.0,0.0,57.0,166.0,3909.0
-92.0,71.0,125.0,-397.0,625.0,3947.0
-250.0,80.0,200.0,-772.0,1085.0,4000.0
-363.0,51.0,279.0,-1052.0,1277.0,4060.0
-491.0,-68.0,318.0,-1215.0,1191.0,4123.0
-553.0,-173.0,217.0,-994.0,764.0,4160.0
-561.0,-198.0,99.0,-553.0,137.0,4111.0
-519.0,-182.0,17.0,-132.0,-425.0,3979.0
-502.0,-166.0,24.0,78.0,-748.0,3811.0
-449.0,-151.0,46.0,208.0,-876.0,3697.0
-389.0,-131.0,56.0,241.0,-870.0,3605.0
-360.0,-115.0,75.0,153.0,-766.0,3562.0
-333.0,-98.0,88.0,47.0,-622.0,3588.0
-354.0,-80.0,84.0,-26.0,-499.0,3651.0
-355.0,-85.0,80.0,-102.0,-453.0,3754.0
-356.0,-82.0,80.0,-190.0,-427.0,3839.0
-340.0,-78.0,68.0,-235.0,-401.0,3902.0
-340.0,-66.0,62.0,-226.0,-430.0,3910.0
-233.0,-31.0,24.0,-209.0,-460.0,3855.0
-311.0,25.0,23.0,-223.0,-402.0,3698.0
-334.0,63.0,41.0,-145.0,-346.0,3558.0
-357.0,101.0,77.0,-165.0,11.0,3426.0
-329.0,120.0,157.0,-218.0,565.0,3353.0
-253.0,82.0,242.0,-147.0,1072.0,3299.0
-234.0,128.0,199.0,30.0,1101.0,3111.0
-137.0,191.0,57.0,67.0,855.0,2976.0
-38.0,292.0,-60.0,-70.0,629.0,2732.0
-87.0,321.0,-79.0,-228.0,573.0,2324.0
-115.0,336.0,-28.0,-196.0,875.0,1952.0
-193.0,355.0,64.0,-19.0,1602.0,1548.0
-297.0,349.0,123.0,48.0,2198.0,1051.0
-369.0,329.0,145.0,0.0,2374.0,501.0
-354.0,280.0,118.0,-70.0,2386.0,158.0
-280.0,202.0,88.0,-160.0,2379.0,82.0
-210.0,85.0,88.0,-279.0,2403.0,141.0
-168.0,1.0,89.0,-380.0,2472.0,222.0
-147.0,-56.0,74.0,-454.0,2554.0,307.0
-86.0,-95.0,42.0,-521.0,2568.0,408.0
-56.0,-124.0,18.0,-540.0,2552.0,528.0
-31.0,-122.0,-6.0,-463.0,2545.0,619.0
-9.0,-104.0,-22.0,-321.0,2537.0,659.0
-1.0,-68.0,-40.0,-164.0,2564.0,657.0
-34.0,-23.0,-46.0,-9.0,2628.0,639.0
-95.0,41.0,-51.0,132.0,2697.0,624.0
-143.0,116.0,-60.0,206.0,2739.0,638.0
-160.0,176.0,-56.0,169.0,2749.0,673.0
-175.0,220.0,-40.0,86.0,2717.0,706.0
-181.0,244.0,-24.0,-29.0,2660.0,713.0
-207.0,263.0,-28.0,-110.0,2590.0,701.0
-247.0,281.0,-42.0,-152.0,2534.0,685.0
-278.0,289.0,-43.0,-199.0,2461.0,666.0
-292.0,274.0,-64.0,-249.0,2358.0,636.0
-295.0,254.0,-76.0,-293.0,2252.0,584.0
-287.0,216.0,-75.0,-325.0,2161.0,537.0
-284.0,180.0,-71.0,-323.0,2072.0,487.0
-278.0,146.0,-58.0,-319.0,1971.0,441.0
-268.0,112.0,-41.0,-315.0,1844.0,396.0
-251.0,69.0,-28.0,-303.0,1695.0,351.0
-234.0,37.0,-18.0,-272.0,1541.0,309.0
-223.0,14.0,-15.0,-236.0,1388.0,254.0
-217.0,4.0,-5.0,-184.0,1253.0,198.0
-219.0,8.0,-4.0,-115.0,1125.0,141.0
-219.0,22.0,-4.0,-47.0,994.0,87.0
-224.0,44.0,-3.0,14.0,860.0,43.0
-220.0,64.0,-9.0,61.0,716.0,3.0
-217.0,83.0,-11.0,89.0,574.0,-37.0
-217.0,96.0,-7.0,102.0,443.0,-75.0
-215.0,106.0,-9.0,115.0,329.0,-108.0
-204.0,108.0,-7.0,133.0,236.0,-137.0
-200.0,115.0,-11.0,154.0,160.0,-162.0
-185.0,115.0,-7.0,180.0,97.0,-179.0
-172.0,114.0,-4.0,216.0,44.0,-201.0
-151.0,115.0,-7.0,255.0,3.0,-225.0
-120.0,107.0,-13.0,287.0,-29.0,-268.0
-97.0,95.0,-15.0,311.0,-50.0,-337.0
-86.0,91.0,-16.0,332.0,-55.0,-420.0
-74.0,83.0,-20.0,362.0,-48.0,-508.0
-74.0,82.0,-20.0,395.0,-36.0,-597.0
-74.0,81.0,-26.0,428.0,-23.0,-690.0
-86.0,78.0,-15.0,462.0,-13.0,-774.0
-108.0,87.0,-4.0,501.0,-14.0,-847.0
-127.0,84.0,-8.0,542.0,-22.0,-904.0
-146.0,82.0,-5.0,570.0,-35.0,-960.0
-163.0,77.0,-9.0,584.0,-41.0,-1010.0
-175.0,79.0,-7.0,578.0,-34.0,-1061.0
-184.0,76.0,-7.0,558.0,-25.0,-1112.0
-197.0,72.0,-9.0,538.0,-28.0,-1161.0
-211.0,69.0,-16.0,532.0,-25.0,-1201.0
-227.0,62.0,-20.0,532.0,-23.0,-1238.0
-248.0,65.0,-26.0,530.0,-19.0,-1271.0
-284.0,73.0,-34.0,522.0,-18.0,-1284.0
-300.0,79.0,-47.0,515.0,-15.0,-1270.0
-309.0,71.0,-62.0,486.0,-14.0,-1258.0
-321.0,67.0,-70.0,445.0,3.0,-1260.0
-342.0,61.0,-71.0,391.0,25.0,-1266.0
-365.0,63.0,-69.0,341.0,40.0,-1257.0
-385.0,64.0,-83.0,308.0,57.0,-1221.0
-397.0,58.0,-95.0,282.0,97.0,-1170.0
-401.0,57.0,-107.0,256.0,159.0,-1115.0
-414.0,59.0,-121.0,223.0,239.0,-1067.0
-419.0,66.0,-124.0,179.0,323.0,-1023.0
-422.0,68.0,-125.0,126.0,403.0,-979.0
-429.0,72.0,-134.0,66.0,466.0,-940.0
-426.0,77.0,-130.0,0.0,518.0,-902.0
-417.0,83.0,-131.0,-64.0,563.0,-861.0
-388.0,78.0,-119.0,-119.0,614.0,-827.0
-353.0,73.0,-113.0,-152.0,674.0,-807.0
-332.0,71.0,-103.0,-153.0,732.0,-805.0
-318.0,64.0,-92.0,-132.0,772.0,-812.0
-300.0,54.0,-85.0,-105.0,793.0,-826.0
-278.0,53.0,-76.0,-90.0,793.0,-843.0
-254.0,43.0,-67.0,-99.0,783.0,-860.0
-239.0,34.0,-56.0,-118.0,765.0,-867.0
-229.0,32.0,-53.0,-145.0,737.0,-872.0
-214.0,23.0,-51.0,-171.0,707.0,-877.0
-215.0,17.0,-51.0,-189.0,682.0,-884.0
-220.0,17.0,-56.0,-178.0,665.0,-863.0
-224.0,16.0,-63.0,-144.0,655.0,-820.0
-218.0,18.0,-72.0,-112.0,661.0,-769.0
-233.0,25.0,-78.0,-80.0,684.0,-714.0
-242.0,26.0,-103.0,-55.0,694.0,-658.0
-271.0,18.0,-129.0,-55.0,680.0,-615.0
-313.0,14.0,-146.0,-75.0,616.0,-577.0
-332.0,2.0,-156.0,-89.0,548.0,-549.0
-326.0,-25.0,-160.0,-102.0,514.0,-540.0
-322.0,-58.0,-143.0,-112.0,509.0,-556.0
-320.0,-91.0,-115.0,-88.0,523.0,-582.0
-295.0,-101.0,-99.0,9.0,570.0,-592.0
-252.0,-96.0,-85.0,110.0,651.0,-586.0
-207.0,-74.0,-85.0,180.0,718.0,-602.0
-183.0,-48.0,-73.0,199.0,803.0,-626.0
-182.0,-22.0,-71.0,192.0,868.0,-626.0
-199.0,-1.0,-66.0,159.0,873.0,-611.0
-221.0,28.0,-86.0,97.0,795.0,-596.0
-234.0,48.0,-113.0,-16.0,681.0,-593.0
-238.0,69.0,-134.0,-213.0,531.0,-628.0
-237.0,61.0,-123.0,-481.0,360.0,-669.0
-251.0,8.0,-89.0,-668.0,224.0,-700.0
-249.0,-25.0,-85.0,-620.0,117.0,-710.0
-245.0,-45.0,-86.0,-480.0,44.0,-660.0
-242.0,-52.0,-87.0,-376.0,3.0,-585.0
-231.0,-70.0,-88.0,-335.0,-7.0,-498.0
-205.0,-70.0,-100.0,-339.0,6.0,-425.0
-192.0,-77.0,-100.0,-368.0,38.0,-358.0
-180.0,-85.0,-94.0,-404.0,51.0,-303.0
-175.0,-85.0,-90.0,-437.0,76.0,-233.0
-185.0,-91.0,-90.0,-478.0,104.0,-167.0
-194.0,-102.0,-87.0,-506.0,93.0,-105.0
-195.0,-106.0,-83.0,-496.0,64.0,-45.0
-189.0,-114.0,-78.0,-449.0,36.0,15.0
-169.0,-116.0,-84.0,-385.0,33.0,68.0
-165.0,-112.0,-86.0,-324.0,69.0,115.0
-166.0,-101.0,-87.0,-270.0,130.0,161.0
-168.0,-83.0,-102.0,-228.0,201.0,199.0
-184.0,-55.0,-106.0,-200.0,269.0,225.0
-200.0,-35.0,-108.0,-188.0,305.0,241.0
-209.0,-16.0,-119.0,-190.0,313.0,244.0
-218.0,-9.0,-129.0,-207.0,299.0,231.0
-228.0,4.0,-134.0,-237.0,273.0,211.0
-237.0,-1.0,-149.0,-274.0,247.0,179.0
-248.0,-4.0,-142.0,-313.0,226.0,147.0
-256.0,-7.0,-134.0,-347.0,210.0,115.0
-259.0,-14.0,-135.0,-368.0,195.0,93.0
-270.0,-20.0,-137.0,-377.0,179.0,75.0
-277.0,-26.0,-131.0,-379.0,162.0,61.0
-287.0,-27.0,-129.0,-378.0,141.0,56.0
-295.0,-27.0,-122.0,-367.0,117.0,54.0
-297.0,-27.0,-123.0,-357.0,92.0,56.0
-293.0,-25.0,-125.0,-344.0,72.0,64.0
-289.0,-22.0,-122.0,-325.0,56.0,73.0
-283.0,-19.0,-124.0,-309.0,36.0,81.0
-282.0,-12.0,-127.0,-306.0,19.0,84.0
-280.0,-12.0,-129.0,-316.0,1.0,91.0
-273.0,-12.0,-130.0,-327.0,-29.0,93.0
-266.0,-15.0,-123.0,-335.0,-62.0,90.0
-261.0,-14.0,-127.0,-335.0,-87.0,83.0
-261.0,-20.0,-121.0,-320.0,-110.0,76.0
-264.0,-22.0,-117.0,-298.0,-126.0,72.0
-257.0,-17.0,-108.0,-275.0,-132.0,68.0
-248.0,-22.0,-104.0,-257.0,-134.0,62.0
-244.0,-23.0,-91.0,-240.0,-128.0,53.0
-239.0,-24.0,-84.0,-208.0,-116.0,48.0
-238.0,-23.0,-82.0,-168.0,-97.0,48.0
-231.0,-23.0,-81.0,-129.0,-72.0,52.0
-235.0,-21.0,-82.0,-101.0,-39.0,57.0
-228.0,-17.0,-78.0,-79.0,-9.0,67.0
-228.0,-12.0,-79.0,-62.0,22.0,77.0
-231.0,-5.0,-80.0,-44.0,45.0,86.0
-234.0,-1.0,-91.0,-34.0,57.0,104.0
-231.0,5.0,-83.0,-31.0,62.0,117.0
-227.0,4.0,-81.0,-36.0,61.0,130.0
-228.0,11.0,-83.0,-38.0,59.0,143.0
-233.0,13.0,-81.0,-41.0,54.0,157.0
-235.0,21.0,-81.0,-41.0,52.0,167.0
-231.0,18.0,-84.0,-42.0,43.0,176.0
-227.0,16.0,-86.0,-41.0,42.0,180.0
-229.0,20.0,-82.0,-39.0,45.0,179.0
-230.0,19.0,-86.0,-39.0,55.0,175.0
-230.0,21.0,-86.0,-41.0,67.0,169.0
-231.0,16.0,-85.0,-40.0,80.0,162.0
-230.0,16.0,-89.0,-41.0,96.0,152.0
-234.0,14.0,-91.0,-42.0,112.0,137.0
-229.0,13.0,-90.0,-42.0,132.0,123.0
-237.0,11.0,-95.0,-41.0,147.0,107.0
-238.0,11.0,-95.0,-30.0,153.0,89.0
-240.0,10.0,-95.0,-17.0,154.0,70.0
-242.0,10.0,-100.0,2.0,147.0,55.0
-245.0,13.0,-102.0,16.0,144.0,42.0
-244.0,15.0,-104.0,26.0,144.0,32.0
-239.0,17.0,-106.0,31.0,143.0,22.0
-249.0,18.0,-106.0,34.0,143.0,11.0
-247.0,18.0,-106.0,34.0,140.0,1.0
-251.0,13.0,-111.0,31.0,140.0,-10.0
-250.0,13.0,-105.0,30.0,137.0,-23.0
-253.0,13.0,-109.0,30.0,134.0,-35.0
-253.0,10.0,-110.0,32.0,133.0,-46.0
-255.0,11.0,-106.0,33.0,131.0,-57.0
-255.0,8.0,-109.0,34.0,130.0,-67.0
-251.0,8.0,-107.0,37.0,133.0,-72.0
-248.0,8.0,-110.0,43.0,135.0,-80.0
-247.0,7.0,-107.0,44.0,139.0,-85.0
-243.0,6.0,-105.0,47.0,142.0,-88.0
-242.0,6.0,-104.0,47.0,143.0,-93.0
-243.0,8.0,-102.0,48.0,142.0,-96.0
-241.0,8.0,-99.0,46.0,139.0,-101.0
-242.0,6.0,-102.0,42.0,135.0,-107.0
-238.0,3.0,-98.0,37.0,127.0,-109.0
-241.0,4.0,-99.0,34.0,122.0,-110.0
-239.0,3.0,-102.0,29.0,115.0,-107.0
-240.0,0.0,-99.0,27.0,106.0,-105.0
-240.0,-1.0,-97.0,25.0,100.0,-104.0
-252.0,-18.0,-90.0,23.0,97.0,-98.0
-236.0,-6.0,-96.0,19.0,95.0,-93.0
-241.0,-4.0,-99.0,16.0,93.0,-89.0
-240.0,-3.0,-100.0,11.0,90.0,-86.0
-238.0,-6.0,-100.0,11.0,89.0,-84.0
-238.0,-7.0,-102.0,12.0,92.0,-80.0
-238.0,-8.0,-101.0,14.0,93.0,-76.0
-238.0,-10.0,-102.0,11.0,93.0,-74.0
-238.0,-7.0,-98.0,7.0,95.0,-69.0
-235.0,-6.0,-96.0,7.0,95.0,-65.0
-239.0,-6.0,-98.0,7.0,97.0,-62.0
-237.0,-10.0,-96.0,6.0,95.0,-59.0
-237.0,-6.0,-98.0,6.0,96.0,-57.0
-237.0,-11.0,-104.0,4.0,96.0,-54.0
-238.0,-2.0,-102.0,4.0,98.0,-51.0
-239.0,-6.0,-103.0,-1.0,97.0,-48.0
-239.0,-5.0,-102.0,-3.0,99.0,-45.0
-239.0,-8.0,-103.0,-4.0,101.0,-42.0
-240.0,-7.0,-106.0,-8.0,104.0,-39.0
-239.0,-12.0,-110.0,-13.0,104.0,-36.0
-242.0,-9.0,-105.0,-17.0,107.0,-31.0
-240.0,-10.0,-108.0,-19.0,110.0,-26.0
-235.0,-12.0,-106.0,-23.0,111.0,-21.0
-242.0,-12.0,-107.0,-26.0,109.0,-16.0
-242.0,-9.0,-111.0,-30.0,109.0,-12.0
-244.0,-3.0,-105.0,-31.0,104.0,-8.0
-243.0,-7.0,-111.0,-34.0,101.0,-3.0
-243.0,-8.0,-109.0,-37.0,98.0,0.0
-241.0,-6.0,-109.0,-41.0,93.0,3.0
-242.0,-6.0,-110.0,-43.0,89.0,4.0
-244.0,-4.0,-107.0,-46.0,84.0,8.0
-245.0,-4.0,-107.0,-49.0,80.0,12.0
-240.0,-5.0,-104.0,-50.0,78.0,15.0
-243.0,-2.0,-104.0,-54.0,77.0,18.0
-237.0,-7.0,-105.0,-55.0,76.0,21.0
-242.0,-3.0,-99.0,-55.0,73.0,25.0
-238.0,-6.0,-101.0,-54.0,72.0,26.0
-239.0,-5.0,-102.0,-55.0,69.0,28.0
-243.0,-5.0,-105.0,-55.0,67.0,33.0
-240.0,-3.0,-101.0,-55.0,67.0,33.0
-238.0,-1.0,-104.0,-54.0,67.0,35.0
-241.0,-2.0,-100.0,-53.0,67.0,37.0
-240.0,-2.0,-97.0,-52.0,66.0,39.0
-240.0,-1.0,-100.0,-51.0,67.0,38.0
-240.0,2.0,-97.0,-50.0,69.0,38.0
-240.0,-1.0,-99.0,-48.0,69.0,38.0
-240.0,1.0,-97.0,-47.0,69.0,35.0
-239.0,2.0,-102.0,-45.0,69.0,36.0
-237.0,2.0,-97.0,-44.0,68.0,33.0
-237.0,-1.0,-103.0,-43.0,68.0,32.0
-239.0,-2.0,-99.0,-38.0,70.0,29.0
-241.0,0.0,-99.0,-37.0,71.0,27.0
-238.0,3.0,-103.0,-33.0,74.0,26.0
-241.0,3.0,-102.0,-30.0,74.0,23.0
-240.0,4.0,-98.0,-29.0,77.0,21.0
-238.0,3.0,-103.0,-27.0,80.0,18.0
-238.0,2.0,-103.0,-25.0,81.0,16.0
-241.0,3.0,-102.0,-24.0,83.0,13.0
-240.0,3.0,-104.0,-21.0,86.0,9.0
-241.0,1.0,-104.0,-20.0,87.0,6.0
-239.0,2.0,-105.0,-20.0,91.0,2.0
-241.0,0.0,-106.0,-21.0,92.0,-1.0
