-18.0,-221.0,-157.0,-389.0,502.0,136.0
-16.0,-222.0,-157.0,-387.0,455.0,152.0
-18.0,-222.0,-153.0,-384.0,416.0,167.0
-16.0,-222.0,-159.0,-375.0,379.0,175.0
-13.0,-221.0,-159.0,-363.0,346.0,179.0
-13.0,-221.0,-159.0,-343.0,321.0,178.0
-12.0,-221.0,-158.0,-325.0,309.0,175.0
-8.0,-221.0,-162.0,-311.0,306.0,167.0
0.0,-220.0,-165.0,-309.0,310.0,159.0
4.0,-222.0,-162.0,-323.0,318.0,149.0
8.0,-225.0,-162.0,-339.0,328.0,133.0
8.0,-228.0,-160.0,-349.0,331.0,116.0
11.0,-230.0,-163.0,-353.0,328.0,99.0
12.0,-229.0,-163.0,-352.0,322.0,82.0
16.0,-227.0,-162.0,-349.0,313.0,65.0
17.0,-228.0,-160.0,-342.0,303.0,45.0
22.0,-228.0,-164.0,-326.0,291.0,27.0
16.0,-225.0,-166.0,-306.0,286.0,8.0
15.0,-224.0,-168.0,-293.0,286.0,-5.0
12.0,-221.0,-169.0,-284.0,290.0,-16.0
14.0,-219.0,-171.0,-281.0,297.0,-25.0
13.0,-217.0,-173.0,-283.0,305.0,-33.0
12.0,-212.0,-173.0,-287.0,313.0,-38.0
8.0,-211.0,-169.0,-295.0,323.0,-43.0
14.0,-209.0,-169.0,-301.0,331.0,-47.0
12.0,-209.0,-168.0,-309.0,339.0,-50.0
14.0,-205.0,-165.0,-315.0,348.0,-50.0
12.0,-203.0,-169.0,-321.0,357.0,-48.0
12.0,-204.0,-167.0,-327.0,362.0,-44.0
11.0,-201.0,-164.0,-332.0,361.0,-43.0
13.0,-198.0,-169.0,-336.0,359.0,-42.0
12.0,-199.0,-172.0,-335.0,356.0,-40.0
12.0,-196.0,-175.0,-334.0,357.0,-36.0
16.0,-195.0,-171.0,-337.0,359.0,-33.0
17.0,-196.0,-170.0,-343.0,357.0,-30.0
19.0,-191.0,-171.0,-345.0,351.0,-34.0
19.0,-190.0,-164.0,-346.0,344.0,-41.0
20.0,-194.0,-162.0,-345.0,332.0,-52.0
19.0,-197.0,-165.0,-338.0,326.0,-68.0
21.0,-197.0,-165.0,-335.0,329.0,-82.0
21.0,-201.0,-162.0,-336.0,339.0,-95.0
21.0,-203.0,-166.0,-343.0,360.0,-106.0
28.0,-206.0,-171.0,-352.0,386.0,-114.0
32.0,-209.0,-180.0,-365.0,418.0,-119.0
37.0,-209.0,-175.0,-380.0,452.0,-122.0
41.0,-210.0,-175.0,-395.0,485.0,-117.0
43.0,-208.0,-177.0,-409.0,514.0,-110.0
40.0,-211.0,-176.0,-418.0,539.0,-106.0
34.0,-212.0,-180.0,-424.0,559.0,-106.0
34.0,-212.0,-173.0,-426.0,571.0,-115.0
31.0,-216.0,-165.0,-422.0,576.0,-133.0
27.0,-219.0,-167.0,-416.0,584.0,-159.0
27.0,-228.0,-161.0,-414.0,598.0,-192.0
21.0,-229.0,-162.0,-420.0,620.0,-230.0
13.0,-228.0,-166.0,-436.0,653.0,-272.0
15.0,-232.0,-177.0,-465.0,692.0,-308.0
8.0,-227.0,-182.0,-520.0,738.0,-335.0
6.0,-225.0,-183.0,-595.0,790.0,-346.0
5.0,-224.0,-185.0,-673.0,834.0,-343.0
5.0,-224.0,-187.0,-733.0,855.0,-327.0
6.0,-223.0,-191.0,-761.0,855.0,-284.0
5.0,-229.0,-188.0,-752.0,835.0,-233.0
6.0,-233.0,-190.0,-694.0,774.0,-184.0
5.0,-230.0,-193.0,-596.0,662.0,-146.0
11.0,-228.0,-196.0,-471.0,523.0,-106.0
13.0,-222.0,-205.0,-333.0,374.0,-65.0
15.0,-212.0,-210.0,-194.0,197.0,-34.0
16.0,-202.0,-212.0,-78.0,83.0,-6.0
15.0,-189.0,-207.0,11.0,-2.0,18.0
15.0,-183.0,-204.0,76.0,-61.0,38.0
16.0,-174.0,-199.0,113.0,-98.0,51.0
17.0,-164.0,-191.0,125.0,-116.0,58.0
20.0,-166.0,-186.0,116.0,-118.0,60.0
22.0,-166.0,-179.0,94.0,-106.0,58.0
26.0,-169.0,-181.0,60.0,-84.0,51.0
29.0,-169.0,-177.0,18.0,-58.0,38.0
31.0,-171.0,-177.0,-29.0,-32.0,19.0
35.0,-174.0,-176.0,-80.0,-5.0,-5.0
38.0,-178.0,-173.0,-128.0,21.0,-31.0
37.0,-182.0,-174.0,-175.0,50.0,-58.0
41.0,-190.0,-173.0,-214.0,81.0,-84.0
36.0,-196.0,-174.0,-241.0,108.0,-107.0
40.0,-204.0,-169.0,-262.0,133.0,-125.0
42.0,-215.0,-168.0,-273.0,154.0,-140.0
39.0,-218.0,-171.0,-275.0,170.0,-153.0
38.0,-223.0,-173.0,-273.0,185.0,-165.0
35.0,-228.0,-174.0,-263.0,193.0,-178.0
30.0,-226.0,-179.0,-243.0,194.0,-189.0
29.0,-227.0,-180.0,-217.0,196.0,-201.0
28.0,-224.0,-186.0,-189.0,196.0,-212.0
29.0,-220.0,-185.0,-154.0,201.0,-224.0
26.0,-216.0,-191.0,-118.0,207.0,-235.0
24.0,-212.0,-188.0,-82.0,218.0,-244.0
21.0,-209.0,-191.0,-51.0,230.0,-252.0
26.0,-211.0,-189.0,-20.0,242.0,-258.0
21.0,-207.0,-194.0,2.0,257.0,-263.0
24.0,-208.0,-192.0,16.0,270.0,-268.0
26.0,-208.0,-191.0,24.0,280.0,-273.0
23.0,-200.0,-190.0,30.0,285.0,-278.0
23.0,-201.0,-189.0,32.0,290.0,-286.0
24.0,-211.0,-178.0,28.0,295.0,-294.0
23.0,-196.0,-187.0,24.0,299.0,-299.0
29.0,-197.0,-182.0,19.0,301.0,-304.0
26.0,-197.0,-185.0,11.0,300.0,-306.0
24.0,-196.0,-180.0,5.0,297.0,-304.0
20.0,-195.0,-180.0,1.0,286.0,-300.0
20.0,-195.0,-175.0,1.0,272.0,-292.0
23.0,-193.0,-172.0,3.0,254.0,-284.0
24.0,-192.0,-169.0,2.0,236.0,-275.0
23.0,-192.0,-172.0,3.0,215.0,-262.0
21.0,-190.0,-170.0,-1.0,192.0,-247.0
11.0,-195.0,-162.0,-8.0,173.0,-231.0
26.0,-186.0,-169.0,-19.0,156.0,-212.0
25.0,-186.0,-170.0,-31.0,144.0,-196.0
25.0,-185.0,-170.0,-44.0,135.0,-176.0
28.0,-186.0,-170.0,-62.0,130.0,-158.0
28.0,-185.0,-167.0,-82.0,129.0,-140.0
29.0,-191.0,-172.0,-105.0,134.0,-126.0
27.0,-190.0,-173.0,-124.0,148.0,-116.0
26.0,-188.0,-176.0,-145.0,164.0,-106.0
33.0,-188.0,-180.0,-165.0,186.0,-101.0
32.0,-186.0,-176.0,-184.0,210.0,-96.0
36.0,-180.0,-201.0,-207.0,234.0,-89.0
35.0,-183.0,-187.0,-233.0,262.0,-82.0
39.0,-183.0,-190.0,-257.0,291.0,-72.0
41.0,-186.0,-188.0,-279.0,318.0,-64.0
40.0,-186.0,-185.0,-291.0,343.0,-56.0
42.0,-191.0,-182.0,-299.0,360.0,-49.0
43.0,-197.0,-180.0,-304.0,375.0,-38.0
43.0,-199.0,-182.0,-303.0,382.0,-29.0
43.0,-203.0,-182.0,-295.0,384.0,-19.0
42.0,-205.0,-178.0,-283.0,384.0,-11.0
55.0,-204.0,-178.0,-265.0,380.0,1.0
47.0,-208.0,-184.0,-248.0,376.0,16.0
48.0,-208.0,-185.0,-226.0,374.0,32.0
48.0,-206.0,-184.0,-203.0,374.0,50.0
51.0,-205.0,-185.0,-186.0,379.0,70.0
52.0,-203.0,-185.0,-169.0,389.0,91.0
54.0,-200.0,-188.0,-153.0,402.0,113.0
54.0,-196.0,-184.0,-136.0,420.0,135.0
53.0,-191.0,-183.0,-121.0,436.0,154.0
59.0,-191.0,-179.0,-103.0,453.0,172.0
56.0,-189.0,-178.0,-87.0,471.0,180.0
40.0,-187.0,-182.0,-70.0,489.0,190.0
55.0,-186.0,-178.0,-61.0,505.0,193.0
55.0,-184.0,-176.0,-51.0,522.0,196.0
51.0,-184.0,-174.0,-42.0,536.0,199.0
51.0,-183.0,-179.0,-36.0,554.0,199.0
51.0,-181.0,-180.0,-32.0,575.0,201.0
54.0,-181.0,-182.0,-31.0,601.0,202.0
53.0,-179.0,-179.0,-35.0,629.0,211.0
55.0,-176.0,-183.0,-38.0,659.0,223.0
55.0,-175.0,-180.0,-44.0,684.0,235.0
55.0,-176.0,-183.0,-50.0,706.0,249.0
61.0,-175.0,-185.0,-58.0,729.0,261.0
53.0,-172.0,-180.0,-68.0,750.0,274.0
53.0,-171.0,-179.0,-82.0,770.0,282.0
53.0,-172.0,-181.0,-98.0,783.0,285.0
51.0,-168.0,-176.0,-115.0,789.0,287.0
53.0,-169.0,-168.0,-127.0,788.0,283.0
50.0,-166.0,-164.0,-140.0,780.0,274.0
49.0,-169.0,-162.0,-155.0,769.0,265.0
58.0,-164.0,-169.0,-163.0,758.0,255.0
59.0,-158.0,-170.0,-175.0,744.0,247.0
60.0,-147.0,-185.0,-194.0,724.0,247.0
72.0,-137.0,-190.0,-231.0,699.0,251.0
61.0,-122.0,-197.0,-292.0,667.0,263.0
59.0,-115.0,-200.0,-368.0,633.0,282.0
56.0,-108.0,-201.0,-445.0,606.0,307.0
50.0,-97.0,-192.0,-515.0,583.0,332.0
49.0,-100.0,-189.0,-567.0,562.0,353.0
49.0,-102.0,-191.0,-592.0,548.0,367.0
48.0,-101.0,-190.0,-612.0,532.0,372.0
45.0,-106.0,-189.0,-617.0,522.0,377.0
45.0,-108.0,-189.0,-620.0,512.0,380.0
45.0,-112.0,-192.0,-622.0,505.0,392.0
50.0,-115.0,-187.0,-634.0,499.0,412.0
58.0,-120.0,-191.0,-646.0,502.0,447.0
61.0,-125.0,-186.0,-664.0,514.0,480.0
64.0,-129.0,-179.0,-681.0,521.0,513.0
68.0,-136.0,-173.0,-690.0,523.0,547.0
72.0,-144.0,-170.0,-687.0,517.0,576.0
72.0,-149.0,-163.0,-669.0,499.0,591.0
69.0,-154.0,-164.0,-642.0,470.0,591.0
64.0,-153.0,-167.0,-598.0,436.0,576.0
53.0,-151.0,-165.0,-567.0,400.0,556.0
48.0,-148.0,-166.0,-543.0,361.0,538.0
44.0,-139.0,-170.0,-509.0,318.0,516.0
35.0,-127.0,-176.0,-494.0,279.0,488.0
43.0,-121.0,-178.0,-497.0,246.0,455.0
35.0,-109.0,-177.0,-525.0,221.0,412.0
36.0,-103.0,-169.0,-554.0,199.0,362.0
35.0,-97.0,-169.0,-556.0,186.0,308.0
39.0,-102.0,-169.0,-533.0,196.0,245.0
44.0,-100.0,-177.0,-477.0,240.0,182.0
45.0,-96.0,-178.0,-406.0,314.0,130.0
49.0,-98.0,-183.0,-334.0,407.0,80.0
57.0,-99.0,-181.0,-256.0,501.0,54.0
65.0,-106.0,-173.0,-190.0,581.0,47.0
87.0,-109.0,-165.0,-139.0,643.0,44.0
105.0,-115.0,-161.0,-111.0,693.0,31.0
117.0,-122.0,-158.0,-104.0,741.0,16.0
130.0,-131.0,-154.0,-98.0,777.0,-9.0
140.0,-134.0,-155.0,-99.0,806.0,-40.0
145.0,-136.0,-155.0,-101.0,823.0,-55.0
143.0,-134.0,-157.0,-114.0,822.0,-64.0
140.0,-124.0,-163.0,-141.0,803.0,-63.0
128.0,-117.0,-164.0,-177.0,761.0,-52.0
118.0,-106.0,-163.0,-203.0,714.0,-34.0
110.0,-100.0,-155.0,-215.0,666.0,-7.0
94.0,-92.0,-152.0,-214.0,622.0,21.0
79.0,-86.0,-143.0,-204.0,581.0,45.0
65.0,-80.0,-146.0,-188.0,545.0,61.0
56.0,-81.0,-142.0,-182.0,520.0,72.0
52.0,-76.0,-143.0,-187.0,509.0,81.0
53.0,-77.0,-143.0,-206.0,520.0,77.0
50.0,-84.0,-144.0,-233.0,551.0,65.0
42.0,-90.0,-141.0,-253.0,595.0,43.0
39.0,-98.0,-150.0,-252.0,638.0,15.0
47.0,-107.0,-142.0,-244.0,670.0,-18.0
42.0,-119.0,-133.0,-234.0,687.0,-48.0
32.0,-131.0,-127.0,-207.0,680.0,-74.0
23.0,-143.0,-129.0,-164.0,659.0,-97.0
21.0,-152.0,-129.0,-121.0,627.0,-118.0
9.0,-161.0,-129.0,-102.0,578.0,-132.0
-3.0,-163.0,-131.0,-98.0,504.0,-137.0
-13.0,-162.0,-133.0,-94.0,410.0,-135.0
-22.0,-154.0,-137.0,-85.0,310.0,-119.0
-34.0,-148.0,-137.0,-82.0,219.0,-101.0
-43.0,-140.0,-137.0,-80.0,134.0,-83.0
-52.0,-139.0,-137.0,-66.0,53.0,-63.0
-55.0,-137.0,-136.0,-19.0,-25.0,-48.0
-59.0,-129.0,-141.0,32.0,-91.0,-36.0
-58.0,-127.0,-143.0,84.0,-146.0,-28.0
-62.0,-126.0,-156.0,129.0,-183.0,-38.0
-53.0,-121.0,-163.0,165.0,-207.0,-47.0
-48.0,-125.0,-166.0,176.0,-216.0,-62.0
-33.0,-127.0,-174.0,177.0,-215.0,-88.0
-30.0,-129.0,-174.0,154.0,-191.0,-115.0
-17.0,-133.0,-177.0,135.0,-156.0,-140.0
-1.0,-143.0,-171.0,139.0,-129.0,-169.0
7.0,-149.0,-168.0,170.0,-122.0,-215.0
15.0,-151.0,-175.0,214.0,-135.0,-264.0
32.0,-155.0,-175.0,252.0,-155.0,-299.0
41.0,-159.0,-179.0,293.0,-179.0,-324.0
47.0,-160.0,-176.0,338.0,-219.0,-351.0
49.0,-163.0,-183.0,394.0,-270.0,-384.0
48.0,-161.0,-187.0,451.0,-325.0,-421.0
45.0,-146.0,-203.0,506.0,-385.0,-457.0
46.0,-136.0,-208.0,551.0,-442.0,-487.0
45.0,-131.0,-210.0,610.0,-494.0,-509.0
48.0,-112.0,-218.0,688.0,-526.0,-541.0
54.0,-90.0,-226.0,757.0,-520.0,-586.0
54.0,-76.0,-233.0,794.0,-485.0,-622.0
48.0,-60.0,-245.0,812.0,-447.0,-658.0
37.0,-54.0,-270.0,800.0,-418.0,-687.0
30.0,-43.0,-300.0,753.0,-394.0,-705.0
12.0,-37.0,-335.0,643.0,-343.0,-734.0
6.0,-41.0,-367.0,509.0,-261.0,-757.0
9.0,-54.0,-379.0,359.0,-148.0,-797.0
23.0,-72.0,-393.0,223.0,-32.0,-849.0
49.0,-104.0,-378.0,119.0,98.0,-900.0
97.0,-145.0,-353.0,73.0,283.0,-961.0
140.0,-187.0,-311.0,107.0,530.0,-1034.0
194.0,-233.0,-270.0,204.0,817.0,-1126.0
233.0,-274.0,-239.0,344.0,1115.0,-1231.0
267.0,-295.0,-207.0,490.0,1384.0,-1343.0
289.0,-309.0,-175.0,646.0,1649.0,-1415.0
305.0,-300.0,-154.0,804.0,1879.0,-1464.0
313.0,-282.0,-131.0,934.0,2073.0,-1452.0
316.0,-250.0,-113.0,1028.0,2214.0,-1374.0
297.0,-195.0,-109.0,1068.0,2269.0,-1288.0
274.0,-146.0,-116.0,1027.0,2256.0,-1205.0
259.0,-90.0,-128.0,885.0,2229.0,-1086.0
188.0,-69.0,-106.0,630.0,2194.0,-980.0
129.0,-60.0,-129.0,458.0,2030.0,-1038.0
77.0,-33.0,-131.0,281.0,1878.0,-1149.0
61.0,-54.0,-133.0,142.0,1797.0,-1168.0
52.0,-99.0,-137.0,77.0,1760.0,-1140.0
49.0,-152.0,-138.0,74.0,1755.0,-1165.0
92.0,-212.0,-146.0,201.0,1736.0,-1205.0
140.0,-254.0,-143.0,383.0,1739.0,-1256.0
188.0,-283.0,-134.0,550.0,1760.0,-1312.0
262.0,-296.0,-131.0,692.0,1814.0,-1336.0
274.0,-317.0,-121.0,803.0,1916.0,-1357.0
299.0,-314.0,-122.0,928.0,2029.0,-1358.0
334.0,-289.0,-118.0,1031.0,2151.0,-1314.0
357.0,-256.0,-119.0,1096.0,2291.0,-1241.0
425.0,-258.0,-142.0,1130.0,2504.0,-1212.0
459.0,-242.0,-156.0,1098.0,2720.0,-1283.0
496.0,-254.0,-181.0,1078.0,2999.0,-1340.0
489.0,-289.0,-192.0,1089.0,3285.0,-1413.0
486.0,-316.0,-203.0,1133.0,3535.0,-1499.0
515.0,-371.0,-218.0,1175.0,3762.0,-1520.0
526.0,-425.0,-238.0,1206.0,3968.0,-1479.0
609.0,-478.0,-262.0,1299.0,4189.0,-1484.0
650.0,-501.0,-267.0,1429.0,4400.0,-1595.0
676.0,-528.0,-259.0,1610.0,4529.0,-1743.0
750.0,-565.0,-227.0,1844.0,4589.0,-1953.0
817.0,-606.0,-177.0,2080.0,4580.0,-2221.0
799.0,-637.0,-118.0,2277.0,4439.0,-2473.0
739.0,-644.0,-81.0,2452.0,4167.0,-2661.0
694.0,-633.0,-73.0,2515.0,3792.0,-2689.0
550.0,-586.0,-56.0,2436.0,3411.0,-2594.0
451.0,-561.0,-29.0,2226.0,3095.0,-2267.0
326.0,-501.0,18.0,2093.0,2902.0,-1837.0
191.0,-397.0,62.0,2079.0,2750.0,-1516.0
131.0,-261.0,72.0,1976.0,2536.0,-1336.0
43.0,-187.0,96.0,1696.0,2296.0,-1173.0
-20.0,-110.0,77.0,1336.0,1965.0,-1103.0
-8.0,-50.0,77.0,892.0,1662.0,-1133.0
18.0,-33.0,78.0,455.0,1432.0,-1181.0
38.0,-44.0,72.0,111.0,1279.0,-1224.0
64.0,-76.0,80.0,-102.0,1229.0,-1313.0
97.0,-125.0,65.0,-175.0,1255.0,-1384.0
98.0,-162.0,47.0,-144.0,1341.0,-1472.0
90.0,-177.0,21.0,-58.0,1438.0,-1554.0
109.0,-177.0,5.0,11.0,1513.0,-1587.0
122.0,-161.0,-14.0,49.0,1557.0,-1585.0
143.0,-137.0,-13.0,54.0,1564.0,-1567.0
158.0,-111.0,5.0,30.0,1554.0,-1535.0
156.0,-82.0,14.0,-3.0,1532.0,-1490.0
141.0,-58.0,15.0,-20.0,1493.0,-1465.0
144.0,-41.0,13.0,-21.0,1482.0,-1411.0
126.0,-33.0,14.0,-48.0,1522.0,-1303.0
105.0,-45.0,16.0,-77.0,1565.0,-1247.0
105.0,-58.0,14.0,-80.0,1624.0,-1240.0
87.0,-88.0,24.0,-48.0,1726.0,-1200.0
69.0,-126.0,42.0,40.0,1826.0,-1178.0
75.0,-172.0,46.0,199.0,1880.0,-1208.0
70.0,-196.0,38.0,403.0,1892.0,-1258.0
57.0,-209.0,35.0,583.0,1868.0,-1262.0
60.0,-210.0,42.0,736.0,1814.0,-1238.0
82.0,-199.0,40.0,870.0,1767.0,-1237.0
90.0,-173.0,36.0,989.0,1742.0,-1223.0
105.0,-136.0,42.0,1099.0,1695.0,-1243.0
111.0,-120.0,59.0,1216.0,1655.0,-1250.0
138.0,-109.0,71.0,1283.0,1617.0,-1226.0
161.0,-111.0,93.0,1300.0,1602.0,-1212.0
151.0,-109.0,105.0,1308.0,1592.0,-1231.0
120.0,-109.0,120.0,1320.0,1587.0,-1252.0
122.0,-116.0,137.0,1330.0,1576.0,-1262.0
154.0,-100.0,163.0,1363.0,1541.0,-1299.0
179.0,-80.0,166.0,1397.0,1487.0,-1334.0
205.0,-75.0,162.0,1366.0,1425.0,-1361.0
212.0,-71.0,148.0,1331.0,1375.0,-1411.0
195.0,-66.0,160.0,1348.0,1355.0,-1458.0
212.0,-59.0,181.0,1415.0,1350.0,-1521.0
193.0,-54.0,201.0,1460.0,1374.0,-1614.0
194.0,-52.0,205.0,1469.0,1388.0,-1683.0
217.0,-52.0,204.0,1460.0,1409.0,-1713.0
222.0,-42.0,199.0,1451.0,1444.0,-1745.0
223.0,-35.0,191.0,1447.0,1473.0,-1794.0
200.0,-29.0,202.0,1452.0,1510.0,-1853.0
216.0,-20.0,205.0,1458.0,1544.0,-1880.0
220.0,-11.0,208.0,1454.0,1567.0,-1911.0
224.0,-9.0,209.0,1443.0,1553.0,-1916.0
220.0,-8.0,206.0,1441.0,1470.0,-1896.0
227.0,0.0,193.0,1438.0,1338.0,-1843.0
226.0,14.0,190.0,1437.0,1204.0,-1788.0
233.0,35.0,193.0,1447.0,1104.0,-1711.0
231.0,61.0,197.0,1431.0,1042.0,-1621.0
226.0,76.0,211.0,1392.0,990.0,-1530.0
237.0,76.0,229.0,1356.0,914.0,-1447.0
238.0,87.0,237.0,1316.0,816.0,-1385.0
240.0,98.0,256.0,1249.0,693.0,-1306.0
250.0,98.0,271.0,1134.0,536.0,-1198.0
252.0,93.0,268.0,1006.0,340.0,-1066.0
247.0,76.0,235.0,885.0,167.0,-931.0
241.0,56.0,226.0,756.0,22.0,-817.0
228.0,42.0,205.0,642.0,-137.0,-718.0
212.0,11.0,203.0,558.0,-318.0,-621.0
179.0,6.0,175.0,538.0,-523.0,-529.0
162.0,-3.0,144.0,555.0,-693.0,-406.0
121.0,1.0,119.0,582.0,-805.0,-305.0
109.0,12.0,121.0,600.0,-864.0,-226.0
73.0,34.0,119.0,620.0,-909.0,-163.0
60.0,45.0,134.0,622.0,-974.0,-107.0
63.0,60.0,134.0,603.0,-1050.0,-57.0
94.0,77.0,136.0,535.0,-1121.0,-25.0
79.0,87.0,139.0,442.0,-1193.0,-37.0
94.0,83.0,158.0,340.0,-1293.0,-21.0
97.0,79.0,169.0,264.0,-1442.0,-19.0
126.0,67.0,188.0,210.0,-1617.0,-32.0
150.0,55.0,174.0,186.0,-1797.0,-85.0
176.0,47.0,143.0,177.0,-1935.0,-170.0
175.0,40.0,129.0,147.0,-1929.0,-216.0
182.0,18.0,102.0,102.0,-1852.0,-232.0
192.0,12.0,84.0,64.0,-1742.0,-285.0
161.0,20.0,71.0,67.0,-1598.0,-357.0
162.0,27.0,60.0,89.0,-1451.0,-404.0
140.0,45.0,55.0,123.0,-1307.0,-435.0
161.0,50.0,52.0,144.0,-1161.0,-436.0
168.0,71.0,67.0,159.0,-1034.0,-452.0
176.0,87.0,74.0,163.0,-941.0,-469.0
191.0,99.0,86.0,165.0,-867.0,-473.0
208.0,113.0,95.0,170.0,-806.0,-479.0
220.0,113.0,109.0,188.0,-757.0,-466.0
229.0,105.0,109.0,210.0,-725.0,-451.0
235.0,115.0,102.0,228.0,-704.0,-437.0
234.0,113.0,99.0,230.0,-697.0,-396.0
233.0,110.0,101.0,222.0,-706.0,-340.0
238.0,87.0,103.0,201.0,-745.0,-277.0
238.0,84.0,107.0,187.0,-801.0,-245.0
240.0,87.0,96.0,184.0,-853.0,-215.0
237.0,90.0,88.0,170.0,-896.0,-167.0
240.0,93.0,88.0,160.0,-931.0,-140.0
222.0,101.0,74.0,163.0,-956.0,-126.0
227.0,102.0,71.0,157.0,-955.0,-100.0
227.0,101.0,67.0,147.0,-936.0,-86.0
225.0,105.0,66.0,151.0,-908.0,-81.0
224.0,99.0,63.0,158.0,-881.0,-78.0
229.0,82.0,66.0,179.0,-857.0,-80.0
230.0,71.0,63.0,229.0,-841.0,-86.0
233.0,62.0,65.0,294.0,-837.0,-75.0
241.0,61.0,60.0,375.0,-850.0,-59.0
242.0,64.0,58.0,453.0,-873.0,-28.0
241.0,64.0,58.0,517.0,-896.0,4.0
241.0,71.0,58.0,569.0,-923.0,34.0
246.0,71.0,58.0,610.0,-951.0,57.0
243.0,76.0,62.0,640.0,-974.0,76.0
240.0,79.0,65.0,667.0,-1002.0,92.0
239.0,78.0,68.0,685.0,-1036.0,114.0
234.0,83.0,63.0,687.0,-1066.0,131.0
230.0,85.0,55.0,686.0,-1080.0,148.0
228.0,81.0,54.0,669.0,-1080.0,161.0
230.0,83.0,55.0,650.0,-1070.0,164.0
228.0,79.0,57.0,616.0,-1049.0,157.0
231.0,73.0,55.0,572.0,-1025.0,155.0
228.0,68.0,50.0,531.0,-1011.0,156.0
227.0,61.0,48.0,502.0,-1014.0,159.0
221.0,55.0,49.0,487.0,-1026.0,158.0
222.0,48.0,57.0,484.0,-1047.0,158.0
221.0,43.0,55.0,490.0,-1063.0,153.0
224.0,39.0,49.0,504.0,-1085.0,146.0
223.0,41.0,47.0,533.0,-1109.0,136.0
227.0,45.0,40.0,569.0,-1140.0,129.0
230.0,53.0,25.0,597.0,-1175.0,130.0
235.0,57.0,23.0,632.0,-1210.0,131.0
237.0,65.0,23.0,678.0,-1247.0,137.0
240.0,69.0,20.0,731.0,-1271.0,148.0
241.0,71.0,3.0,775.0,-1272.0,165.0
245.0,77.0,-9.0,767.0,-1261.0,182.0
260.0,92.0,-31.0,714.0,-1223.0,193.0
271.0,104.0,-54.0,621.0,-1147.0,196.0
285.0,117.0,-70.0,501.0,-1042.0,194.0
310.0,129.0,-89.0,357.0,-925.0,198.0
340.0,131.0,-93.0,206.0,-800.0,205.0
356.0,128.0,-112.0,66.0,-676.0,228.0
360.0,122.0,-122.0,-53.0,-561.0,268.0
366.0,111.0,-136.0,-154.0,-467.0,317.0
371.0,101.0,-148.0,-235.0,-371.0,373.0
371.0,89.0,-147.0,-295.0,-257.0,422.0
371.0,75.0,-135.0,-329.0,-133.0,449.0
357.0,66.0,-120.0,-324.0,-19.0,455.0
350.0,57.0,-103.0,-289.0,72.0,455.0
334.0,52.0,-88.0,-249.0,137.0,459.0
320.0,46.0,-73.0,-210.0,163.0,452.0
308.0,42.0,-55.0,-173.0,166.0,414.0
296.0,41.0,-40.0,-124.0,152.0,364.0
281.0,39.0,-31.0,-67.0,122.0,314.0
271.0,34.0,-17.0,-29.0,67.0,268.0
260.0,27.0,2.0,-7.0,0.0,223.0
258.0,13.0,8.0,9.0,-69.0,182.0
252.0,11.0,16.0,11.0,-130.0,144.0
243.0,7.0,22.0,-2.0,-176.0,118.0
244.0,2.0,31.0,-21.0,-208.0,104.0
250.0,-1.0,34.0,-37.0,-226.0,92.0
245.0,9.0,41.0,-59.0,-231.0,76.0
253.0,11.0,39.0,-91.0,-226.0,79.0
242.0,25.0,34.0,-133.0,-213.0,83.0
254.0,39.0,26.0,-179.0,-192.0,103.0
257.0,46.0,14.0,-237.0,-161.0,131.0
265.0,51.0,9.0,-296.0,-124.0,152.0
259.0,53.0,4.0,-350.0,-89.0,151.0
271.0,46.0,-3.0,-397.0,-62.0,147.0
282.0,42.0,-8.0,-426.0,-35.0,128.0
278.0,31.0,-12.0,-440.0,-35.0,106.0
297.0,23.0,-10.0,-442.0,-51.0,95.0
296.0,21.0,-11.0,-400.0,-34.0,89.0
264.0,19.0,-13.0,-345.0,-35.0,89.0
268.0,11.0,-16.0,-322.0,-76.0,114.0
267.0,16.0,-4.0,-312.0,-95.0,126.0
263.0,14.0,-1.0,-279.0,-83.0,121.0
246.0,18.0,1.0,-253.0,-92.0,102.0
236.0,18.0,6.0,-247.0,-117.0,101.0
241.0,23.0,8.0,-268.0,-134.0,113.0
239.0,28.0,15.0,-299.0,-140.0,105.0
221.0,30.0,17.0,-333.0,-146.0,95.0
222.0,31.0,10.0,-374.0,-160.0,121.0
245.0,31.0,11.0,-422.0,-146.0,146.0
242.0,32.0,9.0,-453.0,-114.0,146.0
246.0,35.0,0.0,-466.0,-79.0,164.0
266.0,27.0,0.0,-487.0,-37.0,208.0
282.0,20.0,-6.0,-499.0,9.0,248.0
285.0,13.0,1.0,-481.0,51.0,271.0
278.0,5.0,6.0,-434.0,69.0,286.0
266.0,-2.0,7.0,-370.0,48.0,298.0
264.0,-5.0,8.0,-314.0,11.0,312.0
247.0,1.0,6.0,-268.0,-27.0,313.0
262.0,4.0,8.0,-231.0,-58.0,325.0
245.0,21.0,8.0,-210.0,-69.0,348.0
245.0,27.0,9.0,-197.0,-88.0,383.0
242.0,30.0,8.0,-182.0,-119.0,395.0
244.0,33.0,1.0,-177.0,-153.0,383.0
245.0,35.0,-7.0,-188.0,-168.0,369.0
251.0,28.0,-7.0,-211.0,-174.0,365.0
259.0,19.0,-3.0,-223.0,-160.0,361.0
264.0,25.0,-8.0,-205.0,-139.0,355.0
264.0,27.0,-20.0,-185.0,-127.0,339.0
262.0,30.0,-19.0,-172.0,-116.0,310.0
255.0,24.0,-25.0,-170.0,-89.0,282.0
256.0,19.0,-25.0,-173.0,-50.0,274.0
259.0,12.0,-24.0,-183.0,-7.0,277.0
268.0,10.0,-24.0,-198.0,23.0,275.0
275.0,9.0,-25.0,-219.0,41.0,261.0
277.0,13.0,-28.0,-240.0,55.0,240.0
290.0,10.0,-20.0,-252.0,78.0,220.0
293.0,12.0,-21.0,-246.0,95.0,188.0
298.0,21.0,-27.0,-240.0,115.0,159.0
304.0,19.0,-30.0,-250.0,145.0,147.0
309.0,14.0,-28.0,-269.0,168.0,135.0
305.0,11.0,-23.0,-263.0,169.0,116.0
310.0,2.0,-16.0,-233.0,166.0,107.0
299.0,0.0,-17.0,-188.0,152.0,91.0
298.0,-9.0,-13.0,-147.0,138.0,95.0
280.0,-9.0,-12.0,-115.0,130.0,102.0
276.0,-10.0,-10.0,-97.0,127.0,100.0
262.0,-9.0,-6.0,-78.0,120.0,96.0
261.0,-6.0,-10.0,-66.0,110.0,89.0
249.0,0.0,-13.0,-69.0,115.0,86.0
249.0,0.0,-10.0,-81.0,122.0,85.0
243.0,2.0,-10.0,-74.0,136.0,69.0
244.0,-2.0,-7.0,-60.0,151.0,59.0
248.0,-4.0,0.0,-48.0,169.0,57.0
257.0,-5.0,1.0,-41.0,181.0,57.0
258.0,-2.0,-2.0,-28.0,193.0,50.0
259.0,-4.0,-3.0,-22.0,204.0,55.0
261.0,-8.0,-3.0,-31.0,215.0,66.0
261.0,-8.0,5.0,-36.0,223.0,71.0
260.0,-4.0,3.0,-26.0,218.0,71.0
260.0,0.0,5.0,-16.0,212.0,69.0
258.0,1.0,4.0,-12.0,204.0,67.0
258.0,2.0,6.0,-12.0,200.0,65.0
258.0,6.0,9.0,-9.0,190.0,60.0
260.0,6.0,8.0,-2.0,176.0,52.0
262.0,5.0,8.0,3.0,158.0,45.0
262.0,8.0,8.0,5.0,139.0,40.0
264.0,6.0,8.0,7.0,123.0,37.0
264.0,4.0,10.0,8.0,103.0,31.0
263.0,7.0,11.0,10.0,86.0,25.0
264.0,7.0,10.0,9.0,74.0,20.0
264.0,7.0,11.0,8.0,64.0,14.0
263.0,8.0,12.0,5.0,55.0,8.0
262.0,8.0,10.0,0.0,47.0,2.0
262.0,8.0,14.0,-7.0,37.0,-4.0
262.0,9.0,16.0,-18.0,28.0,-12.0
258.0,8.0,11.0,-29.0,19.0,-20.0
261.0,12.0,14.0,-37.0,8.0,-27.0
262.0,12.0,18.0,-45.0,-8.0,-35.0
261.0,10.0,14.0,-51.0,-29.0,-45.0
262.0,8.0,19.0,-57.0,-52.0,-54.0
260.0,9.0,16.0,-60.0,-77.0,-63.0
264.0,11.0,17.0,-58.0,-99.0,-73.0
261.0,8.0,10.0,-55.0,-117.0,-82.0
260.0,8.0,14.0,-53.0,-134.0,-91.0
257.0,8.0,10.0,-46.0,-144.0,-98.0
259.0,8.0,11.0,-34.0,-151.0,-106.0
260.0,9.0,11.0,-27.0,-155.0,-110.0
256.0,8.0,8.0,-22.0,-160.0,-115.0
252.0,8.0,6.0,-12.0,-162.0,-123.0
254.0,14.0,6.0,-3.0,-163.0,-127.0
257.0,13.0,10.0,3.0,-159.0,-121.0
255.0,17.0,8.0,6.0,-157.0,-116.0
257.0,17.0,5.0,7.0,-160.0,-112.0
256.0,18.0,3.0,3.0,-163.0,-110.0
257.0,23.0,8.0,2.0,-167.0,-108.0
250.0,18.0,8.0,3.0,-175.0,-114.0
259.0,26.0,8.0,16.0,-184.0,-137.0
259.0,26.0,5.0,14.0,-182.0,-124.0
261.0,30.0,7.0,12.0,-185.0,-107.0
256.0,31.0,5.0,6.0,-193.0,-94.0
263.0,28.0,-2.0,1.0,-200.0,-85.0
262.0,31.0,4.0,-5.0,-207.0,-78.0
263.0,29.0,4.0,-9.0,-216.0,-73.0
261.0,30.0,-3.0,-15.0,-226.0,-70.0
264.0,30.0,2.0,-21.0,-231.0,-70.0
267.0,29.0,-4.0,-32.0,-234.0,-69.0
268.0,27.0,-5.0,-42.0,-235.0,-66.0
272.0,25.0,-3.0,-55.0,-232.0,-65.0
271.0,26.0,-13.0,-68.0,-224.0,-66.0
268.0,23.0,-15.0,-75.0,-212.0,-65.0
269.0,22.0,-15.0,-77.0,-199.0,-65.0
271.0,18.0,-17.0,-68.0,-185.0,-64.0
269.0,17.0,-19.0,-51.0,-167.0,-63.0
271.0,21.0,-23.0,-27.0,-147.0,-59.0
271.0,17.0,-24.0,1.0,-126.0,-55.0
268.0,18.0,-26.0,28.0,-106.0,-52.0
272.0,21.0,-24.0,53.0,-89.0,-49.0
274.0,25.0,-25.0,74.0,-74.0,-46.0
278.0,31.0,-25.0,93.0,-60.0,-40.0
