62.0,-210.0,-87.0,-113.0,215.0,115.0
63.0,-215.0,-93.0,-144.0,242.0,141.0
63.0,-221.0,-99.0,-165.0,268.0,166.0
63.0,-227.0,-106.0,-184.0,297.0,188.0
63.0,-231.0,-106.0,-198.0,324.0,206.0
67.0,-238.0,-108.0,-206.0,355.0,224.0
69.0,-241.0,-111.0,-212.0,386.0,232.0
74.0,-246.0,-116.0,-221.0,411.0,235.0
73.0,-251.0,-115.0,-236.0,432.0,232.0
70.0,-253.0,-110.0,-255.0,448.0,223.0
66.0,-256.0,-108.0,-273.0,460.0,207.0
63.0,-261.0,-105.0,-289.0,464.0,185.0
59.0,-265.0,-104.0,-297.0,466.0,165.0
49.0,-267.0,-101.0,-299.0,462.0,142.0
40.0,-269.0,-103.0,-291.0,457.0,121.0
28.0,-272.0,-107.0,-279.0,451.0,103.0
20.0,-276.0,-109.0,-259.0,443.0,87.0
9.0,-274.0,-111.0,-230.0,439.0,74.0
2.0,-271.0,-113.0,-200.0,436.0,62.0
-4.0,-266.0,-113.0,-174.0,434.0,52.0
-14.0,-262.0,-115.0,-158.0,430.0,46.0
-18.0,-253.0,-125.0,-152.0,423.0,40.0
-15.0,-249.0,-123.0,-161.0,409.0,36.0
-10.0,-243.0,-127.0,-182.0,393.0,36.0
-8.0,-243.0,-129.0,-213.0,377.0,34.0
1.0,-236.0,-128.0,-249.0,360.0,37.0
10.0,-241.0,-124.0,-283.0,342.0,38.0
16.0,-244.0,-127.0,-317.0,322.0,40.0
28.0,-239.0,-121.0,-341.0,303.0,43.0
35.0,-249.0,-117.0,-361.0,284.0,44.0
43.0,-252.0,-115.0,-376.0,267.0,42.0
46.0,-255.0,-112.0,-385.0,253.0,36.0
48.0,-260.0,-109.0,-392.0,241.0,29.0
49.0,-264.0,-106.0,-398.0,227.0,20.0
47.0,-267.0,-109.0,-407.0,212.0,12.0
47.0,-270.0,-105.0,-417.0,200.0,2.0
46.0,-272.0,-105.0,-431.0,192.0,-7.0
43.0,-276.0,-106.0,-448.0,190.0,-13.0
40.0,-276.0,-105.0,-467.0,192.0,-19.0
40.0,-279.0,-113.0,-484.0,198.0,-22.0
42.0,-278.0,-104.0,-501.0,210.0,-24.0
42.0,-279.0,-102.0,-518.0,224.0,-23.0
47.0,-281.0,-102.0,-525.0,234.0,-22.0
46.0,-280.0,-104.0,-519.0,246.0,-20.0
50.0,-279.0,-107.0,-504.0,262.0,-17.0
50.0,-277.0,-111.0,-477.0,279.0,-14.0
55.0,-274.0,-115.0,-445.0,303.0,-11.0
59.0,-269.0,-119.0,-417.0,328.0,-12.0
55.0,-265.0,-125.0,-389.0,350.0,-16.0
59.0,-264.0,-120.0,-364.0,375.0,-19.0
60.0,-256.0,-121.0,-342.0,399.0,-23.0
60.0,-255.0,-127.0,-323.0,424.0,-27.0
60.0,-252.0,-127.0,-306.0,448.0,-34.0
58.0,-245.0,-126.0,-293.0,470.0,-39.0
56.0,-238.0,-131.0,-279.0,490.0,-44.0
52.0,-236.0,-124.0,-265.0,509.0,-46.0
50.0,-231.0,-124.0,-251.0,526.0,-48.0
49.0,-227.0,-118.0,-236.0,542.0,-43.0
48.0,-223.0,-122.0,-222.0,556.0,-38.0
40.0,-216.0,-118.0,-206.0,571.0,-29.0
31.0,-213.0,-112.0,-197.0,587.0,-14.0
37.0,-212.0,-111.0,-191.0,602.0,3.0
37.0,-210.0,-112.0,-190.0,617.0,24.0
35.0,-207.0,-110.0,-189.0,630.0,46.0
34.0,-210.0,-116.0,-188.0,643.0,68.0
35.0,-210.0,-116.0,-189.0,653.0,89.0
36.0,-213.0,-123.0,-190.0,660.0,109.0
37.0,-218.0,-124.0,-196.0,665.0,124.0
44.0,-224.0,-131.0,-201.0,670.0,136.0
44.0,-226.0,-133.0,-210.0,678.0,143.0
44.0,-228.0,-136.0,-216.0,687.0,145.0
45.0,-232.0,-134.0,-220.0,699.0,143.0
41.0,-234.0,-135.0,-225.0,711.0,136.0
44.0,-241.0,-137.0,-227.0,724.0,125.0
41.0,-244.0,-139.0,-225.0,739.0,115.0
40.0,-247.0,-144.0,-223.0,756.0,103.0
38.0,-249.0,-140.0,-218.0,775.0,90.0
36.0,-247.0,-141.0,-206.0,795.0,80.0
31.0,-244.0,-142.0,-194.0,814.0,72.0
29.0,-245.0,-140.0,-176.0,832.0,66.0
25.0,-241.0,-142.0,-162.0,845.0,60.0
23.0,-241.0,-141.0,-146.0,854.0,55.0
18.0,-236.0,-142.0,-131.0,854.0,50.0
17.0,-236.0,-143.0,-124.0,852.0,48.0
23.0,-233.0,-138.0,-118.0,850.0,48.0
21.0,-230.0,-134.0,-117.0,844.0,46.0
21.0,-228.0,-137.0,-119.0,838.0,48.0
19.0,-221.0,-137.0,-121.0,829.0,51.0
19.0,-221.0,-140.0,-131.0,821.0,56.0
20.0,-222.0,-134.0,-142.0,813.0,62.0
19.0,-220.0,-135.0,-155.0,806.0,65.0
19.0,-218.0,-131.0,-166.0,797.0,71.0
18.0,-222.0,-127.0,-177.0,785.0,76.0
23.0,-228.0,-128.0,-184.0,773.0,81.0
19.0,-216.0,-128.0,-197.0,760.0,85.0
17.0,-219.0,-129.0,-209.0,744.0,87.0
19.0,-218.0,-125.0,-223.0,728.0,91.0
16.0,-222.0,-125.0,-236.0,713.0,93.0
15.0,-223.0,-128.0,-250.0,697.0,95.0
15.0,-225.0,-126.0,-263.0,681.0,97.0
14.0,-226.0,-126.0,-274.0,666.0,100.0
7.0,-228.0,-127.0,-283.0,650.0,105.0
5.0,-228.0,-129.0,-289.0,633.0,112.0
2.0,-226.0,-132.0,-296.0,616.0,117.0
2.0,-232.0,-135.0,-301.0,599.0,123.0
3.0,-226.0,-130.0,-307.0,586.0,127.0
4.0,-224.0,-130.0,-314.0,574.0,128.0
1.0,-221.0,-129.0,-327.0,560.0,130.0
0.0,-217.0,-130.0,-341.0,547.0,129.0
3.0,-216.0,-132.0,-360.0,530.0,129.0
5.0,-219.0,-129.0,-378.0,511.0,124.0
5.0,-218.0,-136.0,-395.0,491.0,118.0
8.0,-223.0,-130.0,-409.0,467.0,112.0
9.0,-223.0,-133.0,-419.0,442.0,103.0
12.0,-224.0,-135.0,-430.0,424.0,93.0
13.0,-226.0,-147.0,-441.0,412.0,82.0
13.0,-228.0,-134.0,-457.0,404.0,69.0
16.0,-228.0,-135.0,-471.0,398.0,57.0
16.0,-232.0,-133.0,-489.0,392.0,43.0
21.0,-237.0,-134.0,-509.0,382.0,31.0
18.0,-234.0,-144.0,-529.0,370.0,19.0
20.0,-236.0,-150.0,-545.0,360.0,10.0
19.0,-234.0,-157.0,-561.0,352.0,2.0
23.0,-231.0,-162.0,-574.0,352.0,-5.0
24.0,-232.0,-168.0,-588.0,362.0,-9.0
21.0,-226.0,-173.0,-601.0,377.0,-10.0
23.0,-226.0,-174.0,-614.0,393.0,-11.0
25.0,-221.0,-175.0,-629.0,406.0,-13.0
23.0,-217.0,-178.0,-643.0,421.0,-14.0
24.0,-213.0,-174.0,-656.0,437.0,-15.0
26.0,-209.0,-170.0,-669.0,453.0,-14.0
28.0,-208.0,-165.0,-682.0,467.0,-13.0
33.0,-208.0,-165.0,-700.0,478.0,-13.0
34.0,-216.0,-160.0,-713.0,484.0,-13.0
36.0,-215.0,-168.0,-724.0,492.0,-17.0
42.0,-214.0,-170.0,-736.0,500.0,-19.0
42.0,-208.0,-176.0,-747.0,510.0,-22.0
41.0,-211.0,-186.0,-756.0,521.0,-26.0
43.0,-215.0,-185.0,-767.0,539.0,-27.0
43.0,-220.0,-187.0,-776.0,556.0,-29.0
42.0,-217.0,-191.0,-779.0,574.0,-28.0
39.0,-219.0,-191.0,-776.0,588.0,-26.0
36.0,-221.0,-192.0,-767.0,602.0,-22.0
38.0,-217.0,-190.0,-755.0,617.0,-21.0
32.0,-218.0,-193.0,-744.0,632.0,-20.0
29.0,-217.0,-189.0,-737.0,647.0,-19.0
34.0,-220.0,-183.0,-727.0,662.0,-23.0
35.0,-216.0,-181.0,-715.0,668.0,-26.0
33.0,-212.0,-169.0,-703.0,674.0,-34.0
38.0,-214.0,-178.0,-689.0,682.0,-45.0
39.0,-218.0,-182.0,-680.0,689.0,-59.0
40.0,-211.0,-177.0,-674.0,698.0,-70.0
42.0,-208.0,-186.0,-667.0,710.0,-82.0
40.0,-209.0,-189.0,-662.0,724.0,-93.0
40.0,-205.0,-189.0,-657.0,742.0,-102.0
36.0,-204.0,-182.0,-655.0,761.0,-109.0
37.0,-204.0,-179.0,-655.0,777.0,-112.0
33.0,-202.0,-184.0,-655.0,789.0,-114.0
34.0,-203.0,-175.0,-653.0,795.0,-113.0
39.0,-202.0,-176.0,-650.0,797.0,-109.0
37.0,-207.0,-181.0,-643.0,796.0,-104.0
35.0,-206.0,-177.0,-635.0,793.0,-97.0
39.0,-207.0,-174.0,-626.0,790.0,-88.0
41.0,-207.0,-176.0,-620.0,788.0,-81.0
46.0,-205.0,-176.0,-611.0,787.0,-74.0
45.0,-209.0,-181.0,-602.0,791.0,-66.0
50.0,-202.0,-183.0,-587.0,798.0,-62.0
54.0,-198.0,-183.0,-574.0,807.0,-61.0
55.0,-195.0,-184.0,-569.0,815.0,-61.0
57.0,-191.0,-183.0,-566.0,824.0,-62.0
61.0,-187.0,-182.0,-573.0,834.0,-66.0
62.0,-182.0,-186.0,-578.0,846.0,-70.0
63.0,-177.0,-177.0,-585.0,862.0,-74.0
64.0,-171.0,-175.0,-595.0,876.0,-77.0
64.0,-166.0,-169.0,-605.0,885.0,-79.0
64.0,-168.0,-164.0,-616.0,896.0,-80.0
64.0,-166.0,-169.0,-629.0,908.0,-77.0
64.0,-164.0,-161.0,-636.0,923.0,-71.0
64.0,-166.0,-164.0,-645.0,944.0,-64.0
60.0,-161.0,-168.0,-652.0,962.0,-56.0
55.0,-167.0,-163.0,-662.0,972.0,-49.0
56.0,-162.0,-160.0,-672.0,973.0,-39.0
54.0,-160.0,-154.0,-682.0,966.0,-32.0
51.0,-157.0,-154.0,-700.0,958.0,-26.0
50.0,-152.0,-159.0,-721.0,955.0,-19.0
50.0,-150.0,-162.0,-746.0,953.0,-14.0
51.0,-154.0,-160.0,-769.0,955.0,-9.0
48.0,-152.0,-152.0,-785.0,956.0,-6.0
47.0,-155.0,-143.0,-791.0,956.0,-6.0
53.0,-151.0,-133.0,-792.0,960.0,-7.0
55.0,-155.0,-129.0,-789.0,971.0,-8.0
57.0,-156.0,-125.0,-781.0,994.0,-6.0
56.0,-155.0,-127.0,-766.0,1017.0,-5.0
55.0,-155.0,-130.0,-752.0,1040.0,-3.0
59.0,-156.0,-136.0,-748.0,1064.0,-3.0
57.0,-152.0,-144.0,-754.0,1091.0,-1.0
56.0,-156.0,-146.0,-766.0,1117.0,2.0
59.0,-157.0,-144.0,-778.0,1147.0,3.0
58.0,-155.0,-152.0,-788.0,1177.0,8.0
57.0,-154.0,-149.0,-797.0,1206.0,13.0
61.0,-158.0,-146.0,-807.0,1232.0,15.0
65.0,-149.0,-142.0,-819.0,1254.0,17.0
66.0,-150.0,-147.0,-840.0,1268.0,17.0
64.0,-147.0,-150.0,-867.0,1275.0,18.0
65.0,-143.0,-153.0,-890.0,1279.0,20.0
65.0,-143.0,-161.0,-914.0,1271.0,19.0
65.0,-138.0,-167.0,-933.0,1261.0,16.0
66.0,-135.0,-173.0,-958.0,1256.0,11.0
64.0,-131.0,-174.0,-982.0,1258.0,1.0
65.0,-126.0,-174.0,-1008.0,1265.0,-10.0
64.0,-129.0,-173.0,-1031.0,1284.0,-20.0
62.0,-127.0,-166.0,-1054.0,1312.0,-26.0
59.0,-134.0,-165.0,-1074.0,1348.0,-34.0
44.0,-136.0,-158.0,-1086.0,1382.0,-38.0
39.0,-140.0,-153.0,-1094.0,1408.0,-34.0
38.0,-142.0,-155.0,-1096.0,1426.0,-23.0
33.0,-145.0,-157.0,-1094.0,1439.0,-3.0
38.0,-147.0,-162.0,-1093.0,1452.0,21.0
37.0,-148.0,-171.0,-1095.0,1472.0,55.0
34.0,-154.0,-181.0,-1104.0,1493.0,97.0
34.0,-161.0,-185.0,-1112.0,1504.0,141.0
38.0,-168.0,-196.0,-1114.0,1508.0,184.0
45.0,-172.0,-196.0,-1120.0,1509.0,223.0
51.0,-173.0,-199.0,-1133.0,1524.0,257.0
63.0,-169.0,-213.0,-1159.0,1558.0,282.0
67.0,-170.0,-211.0,-1189.0,1606.0,293.0
72.0,-173.0,-214.0,-1221.0,1650.0,293.0
73.0,-172.0,-214.0,-1245.0,1671.0,287.0
73.0,-175.0,-216.0,-1260.0,1669.0,275.0
73.0,-176.0,-216.0,-1268.0,1662.0,270.0
75.0,-175.0,-212.0,-1255.0,1670.0,267.0
67.0,-174.0,-209.0,-1227.0,1704.0,273.0
62.0,-168.0,-202.0,-1186.0,1761.0,283.0
54.0,-169.0,-204.0,-1133.0,1811.0,304.0
46.0,-157.0,-200.0,-1073.0,1844.0,330.0
39.0,-163.0,-200.0,-1015.0,1873.0,361.0
39.0,-160.0,-201.0,-967.0,1906.0,401.0
38.0,-166.0,-189.0,-931.0,1939.0,447.0
46.0,-168.0,-182.0,-901.0,1969.0,492.0
54.0,-175.0,-175.0,-868.0,1995.0,535.0
63.0,-185.0,-171.0,-840.0,2016.0,563.0
78.0,-195.0,-165.0,-815.0,2039.0,579.0
95.0,-201.0,-158.0,-782.0,2069.0,584.0
105.0,-205.0,-155.0,-745.0,2105.0,578.0
121.0,-207.0,-145.0,-692.0,2135.0,549.0
128.0,-202.0,-145.0,-632.0,2148.0,498.0
135.0,-197.0,-144.0,-571.0,2147.0,425.0
139.0,-191.0,-146.0,-514.0,2136.0,344.0
137.0,-177.0,-143.0,-465.0,2119.0,254.0
131.0,-167.0,-147.0,-431.0,2098.0,165.0
124.0,-153.0,-143.0,-407.0,2082.0,81.0
112.0,-142.0,-143.0,-389.0,2071.0,2.0
97.0,-133.0,-138.0,-377.0,2063.0,-63.0
85.0,-129.0,-145.0,-363.0,2056.0,-110.0
72.0,-125.0,-149.0,-346.0,2045.0,-143.0
57.0,-119.0,-152.0,-323.0,2021.0,-164.0
60.0,-118.0,-161.0,-296.0,1982.0,-172.0
50.0,-120.0,-167.0,-263.0,1925.0,-170.0
48.0,-120.0,-166.0,-224.0,1861.0,-165.0
53.0,-124.0,-159.0,-181.0,1795.0,-151.0
66.0,-127.0,-155.0,-139.0,1725.0,-130.0
78.0,-125.0,-160.0,-80.0,1667.0,-108.0
97.0,-132.0,-161.0,0.0,1635.0,-86.0
113.0,-132.0,-155.0,106.0,1628.0,-65.0
132.0,-134.0,-153.0,229.0,1623.0,-44.0
150.0,-131.0,-151.0,362.0,1607.0,-30.0
169.0,-124.0,-153.0,482.0,1579.0,-22.0
189.0,-125.0,-154.0,573.0,1559.0,-20.0
210.0,-115.0,-152.0,624.0,1566.0,-17.0
224.0,-112.0,-142.0,673.0,1609.0,-12.0
234.0,-108.0,-134.0,719.0,1670.0,-18.0
242.0,-103.0,-135.0,769.0,1717.0,-35.0
251.0,-101.0,-132.0,822.0,1773.0,-58.0
252.0,-99.0,-130.0,877.0,1828.0,-85.0
253.0,-97.0,-130.0,940.0,1887.0,-106.0
242.0,-98.0,-140.0,1016.0,1945.0,-128.0
236.0,-98.0,-146.0,1097.0,2004.0,-141.0
225.0,-96.0,-147.0,1173.0,2066.0,-157.0
218.0,-105.0,-150.0,1230.0,2136.0,-175.0
210.0,-114.0,-146.0,1254.0,2204.0,-190.0
212.0,-128.0,-140.0,1253.0,2261.0,-201.0
210.0,-140.0,-131.0,1252.0,2313.0,-223.0
207.0,-146.0,-133.0,1257.0,2353.0,-251.0
212.0,-155.0,-126.0,1249.0,2382.0,-279.0
222.0,-161.0,-132.0,1221.0,2396.0,-303.0
234.0,-182.0,-145.0,1188.0,2406.0,-329.0
250.0,-196.0,-158.0,1156.0,2413.0,-362.0
266.0,-218.0,-168.0,1152.0,2422.0,-397.0
285.0,-235.0,-182.0,1178.0,2453.0,-432.0
294.0,-257.0,-185.0,1225.0,2515.0,-467.0
317.0,-265.0,-204.0,1274.0,2582.0,-494.0
350.0,-287.0,-223.0,1325.0,2613.0,-523.0
403.0,-310.0,-246.0,1376.0,2616.0,-566.0
459.0,-337.0,-263.0,1440.0,2631.0,-625.0
538.0,-373.0,-283.0,1532.0,2699.0,-670.0
637.0,-424.0,-284.0,1672.0,2819.0,-697.0
760.0,-490.0,-277.0,1864.0,3003.0,-717.0
909.0,-584.0,-262.0,2101.0,3239.0,-725.0
1126.0,-734.0,-202.0,2369.0,3538.0,-808.0
1332.0,-835.0,-148.0,2680.0,3808.0,-1097.0
1472.0,-891.0,-132.0,2964.0,3760.0,-1622.0
1407.0,-873.0,-206.0,3090.0,3389.0,-2202.0
895.0,-756.0,-263.0,3047.0,3140.0,-2330.0
659.0,-735.0,-213.0,2811.0,3418.0,-1571.0
361.0,-698.0,-157.0,2419.0,3648.0,-889.0
72.0,-633.0,-106.0,2034.0,3734.0,-491.0
-156.0,-547.0,-34.0,1752.0,3530.0,-281.0
-292.0,-423.0,50.0,1602.0,2861.0,-192.0
-347.0,-260.0,122.0,1573.0,1911.0,-165.0
-356.0,-84.0,207.0,1628.0,1146.0,-255.0
-361.0,18.0,253.0,1702.0,750.0,-469.0
-336.0,48.0,208.0,1829.0,710.0,-786.0
-269.0,36.0,117.0,1956.0,902.0,-1118.0
-189.0,-7.0,30.0,1954.0,1104.0,-1343.0
-102.0,-82.0,2.0,1834.0,1243.0,-1450.0
-38.0,-166.0,15.0,1774.0,1329.0,-1464.0
15.0,-243.0,48.0,1926.0,1423.0,-1426.0
84.0,-277.0,79.0,2310.0,1530.0,-1351.0
149.0,-283.0,79.0,2836.0,1625.0,-1224.0
185.0,-260.0,54.0,3343.0,1772.0,-1104.0
224.0,-226.0,35.0,3707.0,1930.0,-997.0
262.0,-200.0,15.0,3911.0,2086.0,-935.0
299.0,-179.0,2.0,3977.0,2256.0,-904.0
288.0,-156.0,-3.0,3939.0,2453.0,-899.0
276.0,-127.0,-9.0,3843.0,2640.0,-883.0
235.0,-105.0,-19.0,3698.0,2797.0,-840.0
179.0,-81.0,-15.0,3539.0,2966.0,-820.0
121.0,-53.0,-24.0,3408.0,3062.0,-793.0
65.0,-32.0,-14.0,3299.0,3049.0,-750.0
7.0,-21.0,5.0,3242.0,2964.0,-741.0
-14.0,-18.0,28.0,3263.0,2790.0,-740.0
-10.0,-10.0,42.0,3323.0,2571.0,-742.0
39.0,-12.0,67.0,3384.0,2392.0,-777.0
70.0,-11.0,88.0,3421.0,2301.0,-836.0
122.0,-10.0,122.0,3431.0,2278.0,-878.0
177.0,-18.0,145.0,3431.0,2290.0,-904.0
240.0,-34.0,155.0,3439.0,2337.0,-926.0
283.0,-51.0,160.0,3474.0,2433.0,-969.0
298.0,-64.0,172.0,3544.0,2596.0,-1039.0
280.0,-77.0,193.0,3633.0,2739.0,-1122.0
261.0,-76.0,210.0,3734.0,2805.0,-1183.0
264.0,-73.0,224.0,3831.0,2772.0,-1255.0
263.0,-42.0,236.0,3904.0,2700.0,-1313.0
249.0,-3.0,212.0,3880.0,2632.0,-1362.0
242.0,47.0,228.0,3738.0,2582.0,-1402.0
235.0,103.0,234.0,3515.0,2519.0,-1417.0
210.0,170.0,248.0,3228.0,2454.0,-1422.0
194.0,219.0,253.0,2894.0,2388.0,-1375.0
173.0,256.0,254.0,2543.0,2320.0,-1282.0
145.0,281.0,253.0,2202.0,2270.0,-1156.0
110.0,293.0,246.0,1889.0,2228.0,-982.0
62.0,306.0,255.0,1626.0,2187.0,-792.0
53.0,308.0,256.0,1407.0,2094.0,-560.0
74.0,297.0,243.0,1214.0,1905.0,-253.0
89.0,290.0,235.0,1039.0,1719.0,52.0
103.0,276.0,243.0,907.0,1638.0,346.0
108.0,262.0,254.0,816.0,1601.0,629.0
93.0,257.0,273.0,749.0,1547.0,877.0
48.0,255.0,289.0,693.0,1493.0,1085.0
78.0,256.0,292.0,620.0,1391.0,1268.0
146.0,253.0,251.0,516.0,1174.0,1439.0
188.0,238.0,195.0,392.0,1048.0,1564.0
197.0,228.0,176.0,267.0,1112.0,1657.0
190.0,212.0,178.0,136.0,1270.0,1737.0
183.0,189.0,191.0,-7.0,1427.0,1795.0
168.0,158.0,173.0,-152.0,1528.0,1825.0
172.0,125.0,160.0,-281.0,1562.0,1837.0
158.0,84.0,110.0,-372.0,1623.0,1837.0
160.0,65.0,100.0,-377.0,1653.0,1829.0
151.0,60.0,87.0,-387.0,1748.0,1803.0
135.0,57.0,90.0,-438.0,1890.0,1780.0
109.0,48.0,105.0,-531.0,1998.0,1739.0
78.0,45.0,116.0,-637.0,2072.0,1673.0
58.0,39.0,126.0,-721.0,2130.0,1617.0
41.0,29.0,122.0,-762.0,2168.0,1572.0
27.0,34.0,107.0,-755.0,2148.0,1522.0
14.0,35.0,95.0,-717.0,2088.0,1459.0
1.0,32.0,93.0,-683.0,2026.0,1386.0
-21.0,31.0,111.0,-663.0,1960.0,1300.0
-45.0,30.0,131.0,-645.0,1866.0,1199.0
-66.0,38.0,141.0,-622.0,1722.0,1091.0
-82.0,44.0,150.0,-603.0,1533.0,983.0
-93.0,47.0,155.0,-601.0,1317.0,875.0
-95.0,51.0,155.0,-615.0,1099.0,768.0
-85.0,50.0,155.0,-650.0,875.0,660.0
-72.0,46.0,154.0,-696.0,661.0,528.0
-57.0,42.0,150.0,-761.0,478.0,432.0
-39.0,34.0,142.0,-823.0,351.0,346.0
-17.0,29.0,144.0,-866.0,259.0,278.0
12.0,24.0,150.0,-890.0,185.0,218.0
32.0,19.0,152.0,-915.0,139.0,167.0
34.0,19.0,157.0,-946.0,128.0,132.0
33.0,14.0,171.0,-977.0,134.0,111.0
28.0,3.0,191.0,-1002.0,114.0,106.0
31.0,-5.0,199.0,-1018.0,66.0,99.0
47.0,-16.0,221.0,-1020.0,-4.0,82.0
52.0,-26.0,231.0,-997.0,-78.0,49.0
58.0,-34.0,253.0,-967.0,-127.0,52.0
59.0,-39.0,268.0,-911.0,-138.0,63.0
62.0,-46.0,289.0,-828.0,-129.0,80.0
61.0,-53.0,297.0,-732.0,-123.0,91.0
50.0,-53.0,314.0,-624.0,-119.0,90.0
44.0,-49.0,319.0,-518.0,-120.0,90.0
34.0,-49.0,319.0,-415.0,-135.0,106.0
41.0,-47.0,314.0,-316.0,-166.0,128.0
47.0,-33.0,316.0,-243.0,-217.0,146.0
47.0,-25.0,305.0,-191.0,-259.0,154.0
43.0,-15.0,293.0,-149.0,-267.0,185.0
39.0,-6.0,286.0,-118.0,-242.0,216.0
28.0,2.0,276.0,-95.0,-216.0,233.0
31.0,8.0,275.0,-83.0,-210.0,257.0
17.0,16.0,264.0,-70.0,-232.0,283.0
6.0,20.0,256.0,-50.0,-234.0,301.0
-14.0,29.0,250.0,-28.0,-242.0,300.0
-20.0,39.0,246.0,-9.0,-272.0,293.0
-18.0,38.0,233.0,-10.0,-357.0,296.0
-22.0,39.0,222.0,-35.0,-454.0,291.0
-27.0,35.0,222.0,-73.0,-519.0,263.0
-31.0,31.0,217.0,-89.0,-558.0,225.0
-36.0,18.0,215.0,-97.0,-601.0,181.0
-35.0,8.0,206.0,-105.0,-648.0,133.0
-25.0,-8.0,202.0,-128.0,-698.0,86.0
-18.0,-24.0,203.0,-163.0,-739.0,44.0
-9.0,-37.0,207.0,-185.0,-757.0,1.0
1.0,-49.0,209.0,-174.0,-760.0,-42.0
8.0,-54.0,213.0,-125.0,-738.0,-75.0
11.0,-47.0,216.0,-41.0,-697.0,-98.0
19.0,-43.0,218.0,64.0,-647.0,-108.0
26.0,-34.0,217.0,175.0,-599.0,-102.0
27.0,-21.0,212.0,275.0,-557.0,-94.0
34.0,-19.0,205.0,351.0,-520.0,-75.0
50.0,-4.0,205.0,401.0,-488.0,-52.0
58.0,3.0,202.0,432.0,-446.0,-29.0
62.0,10.0,197.0,439.0,-392.0,-1.0
66.0,13.0,199.0,427.0,-333.0,27.0
76.0,11.0,194.0,400.0,-276.0,52.0
79.0,13.0,200.0,359.0,-221.0,67.0
88.0,10.0,194.0,316.0,-170.0,76.0
92.0,12.0,192.0,268.0,-118.0,79.0
93.0,7.0,196.0,225.0,-68.0,80.0
98.0,9.0,206.0,192.0,-22.0,81.0
90.0,12.0,200.0,169.0,19.0,81.0
91.0,13.0,197.0,158.0,54.0,85.0
91.0,15.0,198.0,152.0,77.0,95.0
89.0,24.0,200.0,144.0,84.0,105.0
92.0,22.0,198.0,128.0,82.0,113.0
94.0,24.0,195.0,101.0,70.0,121.0
94.0,24.0,199.0,71.0,56.0,125.0
96.0,25.0,201.0,38.0,37.0,127.0
99.0,21.0,204.0,5.0,18.0,124.0
96.0,21.0,198.0,-30.0,-1.0,115.0
98.0,15.0,200.0,-61.0,-15.0,97.0
103.0,4.0,206.0,-93.0,-26.0,80.0
103.0,3.0,207.0,-123.0,-33.0,60.0
104.0,-1.0,207.0,-147.0,-37.0,37.0
108.0,-6.0,205.0,-165.0,-37.0,14.0
109.0,-11.0,204.0,-179.0,-34.0,-7.0
105.0,-13.0,206.0,-186.0,-26.0,-26.0
106.0,-14.0,206.0,-187.0,-21.0,-41.0
112.0,-19.0,203.0,-181.0,-15.0,-51.0
113.0,-19.0,207.0,-169.0,-8.0,-54.0
114.0,-21.0,207.0,-156.0,-3.0,-58.0
113.0,-26.0,207.0,-138.0,2.0,-57.0
113.0,-21.0,200.0,-113.0,5.0,-55.0
114.0,-24.0,201.0,-92.0,4.0,-50.0
112.0,-24.0,200.0,-70.0,2.0,-43.0
114.0,-24.0,201.0,-53.0,-5.0,-38.0
115.0,-25.0,203.0,-37.0,-18.0,-33.0
113.0,-25.0,199.0,-25.0,-31.0,-32.0
114.0,-25.0,203.0,-23.0,-44.0,-31.0
110.0,-21.0,198.0,-32.0,-55.0,-32.0
109.0,-25.0,200.0,-46.0,-65.0,-33.0
109.0,-28.0,199.0,-63.0,-76.0,-32.0
110.0,-26.0,193.0,-91.0,-85.0,-33.0
107.0,-27.0,193.0,-120.0,-87.0,-30.0
104.0,-30.0,194.0,-151.0,-89.0,-29.0
102.0,-34.0,192.0,-180.0,-85.0,-28.0
102.0,-35.0,192.0,-209.0,-82.0,-26.0
97.0,-38.0,194.0,-231.0,-77.0,-27.0
93.0,-39.0,194.0,-246.0,-71.0,-25.0
94.0,-48.0,194.0,-256.0,-61.0,-24.0
91.0,-49.0,192.0,-257.0,-51.0,-22.0
90.0,-50.0,198.0,-248.0,-40.0,-20.0
90.0,-53.0,196.0,-232.0,-31.0,-15.0
88.0,-51.0,199.0,-211.0,-19.0,-13.0
87.0,-55.0,192.0,-187.0,-8.0,-11.0
85.0,-53.0,197.0,-160.0,4.0,-9.0
88.0,-51.0,193.0,-133.0,16.0,-5.0
88.0,-50.0,193.0,-110.0,26.0,-1.0
83.0,-53.0,192.0,-90.0,36.0,2.0
87.0,-51.0,195.0,-70.0,44.0,5.0
88.0,-50.0,196.0,-53.0,51.0,9.0
89.0,-49.0,196.0,-34.0,55.0,11.0
82.0,-45.0,199.0,-20.0,58.0,12.0
87.0,-51.0,189.0,-5.0,60.0,14.0
83.0,-42.0,196.0,8.0,64.0,15.0
90.0,-42.0,194.0,21.0,69.0,13.0
89.0,-39.0,200.0,31.0,75.0,14.0
91.0,-40.0,196.0,40.0,80.0,12.0
90.0,-37.0,197.0,47.0,87.0,10.0
90.0,-34.0,197.0,51.0,93.0,8.0
89.0,-35.0,198.0,53.0,99.0,3.0
90.0,-30.0,201.0,54.0,104.0,-2.0
94.0,-28.0,200.0,54.0,112.0,-7.0
96.0,-27.0,203.0,51.0,119.0,-14.0
95.0,-28.0,201.0,52.0,124.0,-20.0
93.0,-23.0,202.0,48.0,129.0,-25.0
97.0,-20.0,197.0,43.0,135.0,-30.0
100.0,-20.0,199.0,39.0,140.0,-33.0
98.0,-18.0,198.0,33.0,146.0,-36.0
94.0,-16.0,200.0,26.0,151.0,-38.0
95.0,-16.0,202.0,18.0,156.0,-39.0
93.0,-17.0,198.0,8.0,159.0,-41.0
93.0,-14.0,199.0,1.0,159.0,-40.0
94.0,-15.0,202.0,-8.0,159.0,-41.0
91.0,-14.0,201.0,-17.0,157.0,-39.0
87.0,-16.0,199.0,-21.0,153.0,-37.0
89.0,-15.0,202.0,-24.0,150.0,-36.0
84.0,-14.0,202.0,-28.0,147.0,-35.0
85.0,-17.0,204.0,-33.0,145.0,-33.0
81.0,-16.0,206.0,-34.0,142.0,-32.0
83.0,-16.0,207.0,-37.0,135.0,-31.0
80.0,-16.0,205.0,-38.0,134.0,-28.0
74.0,-16.0,203.0,-38.0,129.0,-27.0
76.0,-17.0,211.0,-38.0,126.0,-24.0
72.0,-18.0,207.0,-40.0,121.0,-22.0
72.0,-17.0,208.0,-42.0,117.0,-19.0
70.0,-15.0,214.0,-41.0,112.0,-16.0
72.0,-20.0,209.0,-43.0,106.0,-14.0
71.0,-17.0,208.0,-44.0,101.0,-11.0
69.0,-20.0,210.0,-46.0,95.0,-7.0
68.0,-20.0,207.0,-49.0,89.0,-6.0
70.0,-19.0,207.0,-52.0,80.0,-4.0
64.0,-22.0,210.0,-56.0,72.0,-3.0
68.0,-17.0,211.0,-54.0,65.0,0.0
64.0,-20.0,213.0,-57.0,56.0,1.0
64.0,-24.0,208.0,-58.0,46.0,2.0
68.0,-22.0,216.0,-60.0,40.0,3.0
67.0,-24.0,215.0,-63.0,34.0,3.0
65.0,-22.0,208.0,-68.0,28.0,4.0
63.0,-19.0,212.0,-70.0,24.0,3.0
66.0,-21.0,211.0,-76.0,19.0,4.0
65.0,-18.0,207.0,-79.0,15.0,4.0
67.0,-21.0,211.0,-84.0,15.0,4.0
69.0,-25.0,207.0,-83.0,14.0,6.0
68.0,-24.0,209.0,-86.0,14.0,6.0
69.0,-22.0,210.0,-89.0,12.0,7.0
71.0,-23.0,210.0,-88.0,12.0,4.0
72.0,-20.0,203.0,-89.0,11.0,3.0
69.0,-24.0,210.0,-87.0,10.0,3.0
74.0,-24.0,207.0,-85.0,8.0,4.0
77.0,-27.0,207.0,-81.0,4.0,4.0
78.0,-26.0,205.0,-80.0,2.0,4.0
78.0,-24.0,203.0,-76.0,0.0,2.0
76.0,-21.0,203.0,-74.0,-2.0,1.0
80.0,-28.0,201.0,-71.0,-3.0,1.0
80.0,-26.0,199.0,-71.0,-4.0,-2.0
77.0,-25.0,201.0,-68.0,-6.0,-11.0
78.0,-20.0,202.0,-66.0,-12.0,-6.0
79.0,-27.0,205.0,-66.0,-15.0,-4.0
85.0,-27.0,203.0,-65.0,-18.0,-5.0
80.0,-28.0,202.0,-63.0,-16.0,-11.0
85.0,-28.0,202.0,-59.0,-20.0,-12.0
83.0,-30.0,197.0,-60.0,-22.0,-10.0
88.0,-30.0,200.0,-59.0,-19.0,-8.0
85.0,-30.0,197.0,-57.0,-19.0,-8.0
88.0,-31.0,199.0,-56.0,-18.0,-9.0
85.0,-24.0,201.0,-56.0,-17.0,-8.0
85.0,-26.0,207.0,-56.0,-16.0,-9.0
87.0,-30.0,202.0,-57.0,-16.0,-9.0
88.0,-33.0,198.0,-58.0,-16.0,-9.0
85.0,-29.0,201.0,-60.0,-14.0,-10.0
90.0,-28.0,201.0,-58.0,-14.0,-10.0
87.0,-30.0,201.0,-60.0,-12.0,-12.0
88.0,-28.0,205.0,-59.0,-12.0,-10.0
85.0,-26.0,201.0,-59.0,-10.0,-9.0
86.0,-27.0,203.0,-57.0,-11.0,-8.0
87.0,-29.0,203.0,-58.0,-11.0,-10.0
84.0,-29.0,207.0,-57.0,-9.0,-10.0
84.0,-26.0,201.0,-54.0,-9.0,-9.0
88.0,-27.0,205.0,-52.0,-11.0,-9.0
88.0,-29.0,202.0,-53.0,-12.0,-8.0
86.0,-25.0,202.0,-51.0,-12.0,-9.0
85.0,-26.0,200.0,-52.0,-12.0,-11.0
85.0,-27.0,203.0,-49.0,-10.0,-10.0
87.0,-27.0,200.0,-49.0,-8.0,-10.0
86.0,-29.0,199.0,-50.0,-5.0,-11.0
85.0,-26.0,200.0,-48.0,-5.0,-10.0
87.0,-25.0,198.0,-48.0,-2.0,-11.0
83.0,-25.0,198.0,-51.0,-1.0,-11.0
84.0,-23.0,200.0,-52.0,2.0,-9.0
82.0,-25.0,197.0,-55.0,4.0,-10.0
78.0,-24.0,203.0,-55.0,5.0,-10.0
86.0,-29.0,206.0,-56.0,7.0,-11.0
86.0,-24.0,202.0,-54.0,9.0,-10.0
80.0,-20.0,204.0,-53.0,9.0,-10.0
85.0,-25.0,203.0,-52.0,9.0,-11.0
82.0,-22.0,207.0,-53.0,11.0,-12.0
84.0,-24.0,208.0,-54.0,12.0,-13.0
83.0,-25.0,201.0,-59.0,15.0,-13.0
84.0,-25.0,203.0,-61.0,15.0,-14.0
