-12.0,-251.0,-21.0,-147.0,430.0,146.0
-16.0,-250.0,-21.0,-136.0,427.0,136.0
-14.0,-250.0,-15.0,-117.0,418.0,121.0
-21.0,-247.0,-17.0,-95.0,410.0,111.0
-19.0,-246.0,-15.0,-71.0,402.0,101.0
-23.0,-243.0,-13.0,-47.0,395.0,96.0
-20.0,-242.0,-7.0,-28.0,391.0,88.0
-26.0,-247.0,-5.0,-9.0,391.0,86.0
-26.0,-245.0,-3.0,14.0,394.0,78.0
-28.0,-244.0,-1.0,43.0,395.0,74.0
-28.0,-247.0,5.0,81.0,396.0,64.0
-23.0,-249.0,5.0,121.0,401.0,61.0
-20.0,-259.0,4.0,161.0,399.0,49.0
-18.0,-261.0,-3.0,211.0,393.0,41.0
-16.0,-261.0,4.0,254.0,387.0,29.0
-12.0,-257.0,8.0,298.0,384.0,23.0
-13.0,-255.0,9.0,336.0,384.0,13.0
-11.0,-248.0,11.0,362.0,387.0,8.0
-4.0,-241.0,14.0,377.0,392.0,-1.0
-1.0,-239.0,11.0,373.0,394.0,-9.0
2.0,-230.0,8.0,354.0,395.0,-20.0
5.0,-226.0,-3.0,330.0,399.0,-30.0
9.0,-222.0,-7.0,302.0,399.0,-46.0
11.0,-211.0,-15.0,263.0,396.0,-58.0
9.0,-210.0,-18.0,224.0,394.0,-75.0
9.0,-209.0,-18.0,182.0,394.0,-83.0
6.0,-209.0,-21.0,138.0,398.0,-84.0
2.0,-219.0,-14.0,105.0,407.0,-77.0
-4.0,-226.0,-11.0,87.0,416.0,-71.0
-12.0,-232.0,-8.0,85.0,430.0,-62.0
-15.0,-243.0,-7.0,90.0,443.0,-54.0
-20.0,-247.0,-14.0,91.0,458.0,-44.0
-21.0,-252.0,-16.0,83.0,471.0,-33.0
-18.0,-258.0,-14.0,68.0,487.0,-22.0
-20.0,-265.0,-17.0,55.0,498.0,-22.0
-23.0,-272.0,-13.0,44.0,500.0,-24.0
-19.0,-272.0,-8.0,46.0,494.0,-28.0
-19.0,-275.0,-9.0,48.0,471.0,-38.0
-22.0,-276.0,-16.0,43.0,438.0,-48.0
-29.0,-271.0,-18.0,31.0,401.0,-54.0
-35.0,-273.0,-12.0,22.0,370.0,-61.0
-45.0,-268.0,-5.0,20.0,352.0,-59.0
-51.0,-269.0,8.0,26.0,344.0,-49.0
-52.0,-273.0,14.0,36.0,344.0,-39.0
-57.0,-278.0,25.0,44.0,342.0,-30.0
-52.0,-285.0,34.0,51.0,338.0,-17.0
-46.0,-291.0,38.0,59.0,332.0,-8.0
-38.0,-294.0,35.0,63.0,327.0,1.0
-29.0,-300.0,40.0,65.0,322.0,12.0
-24.0,-303.0,46.0,77.0,320.0,22.0
-17.0,-309.0,46.0,100.0,319.0,33.0
-12.0,-313.0,51.0,134.0,321.0,47.0
-13.0,-310.0,59.0,171.0,323.0,59.0
-16.0,-311.0,59.0,202.0,330.0,77.0
-20.0,-301.0,50.0,218.0,334.0,92.0
-25.0,-299.0,37.0,221.0,344.0,108.0
-29.0,-303.0,18.0,184.0,362.0,129.0
-23.0,-307.0,8.0,127.0,396.0,153.0
-20.0,-316.0,-1.0,85.0,455.0,175.0
-20.0,-318.0,-21.0,57.0,509.0,185.0
-36.0,-324.0,-9.0,40.0,530.0,192.0
-47.0,-332.0,15.0,80.0,506.0,211.0
-59.0,-332.0,27.0,176.0,451.0,246.0
-70.0,-328.0,25.0,259.0,387.0,283.0
-75.0,-313.0,15.0,299.0,315.0,293.0
-71.0,-300.0,-22.0,316.0,252.0,303.0
-71.0,-280.0,-36.0,319.0,185.0,303.0
-70.0,-260.0,-49.0,328.0,117.0,304.0
-73.0,-247.0,-48.0,335.0,61.0,309.0
-65.0,-239.0,-45.0,328.0,22.0,312.0
-64.0,-237.0,-51.0,295.0,-3.0,308.0
-62.0,-238.0,-55.0,238.0,-21.0,290.0
-61.0,-246.0,-54.0,181.0,-31.0,276.0
-62.0,-257.0,-44.0,133.0,-38.0,275.0
-60.0,-266.0,-32.0,112.0,-43.0,291.0
-59.0,-270.0,-21.0,117.0,-47.0,314.0
-54.0,-277.0,-21.0,128.0,-51.0,335.0
-45.0,-275.0,-22.0,137.0,-47.0,350.0
-33.0,-277.0,-28.0,141.0,-32.0,360.0
-11.0,-272.0,-37.0,141.0,-7.0,364.0
10.0,-266.0,-46.0,149.0,30.0,364.0
30.0,-256.0,-57.0,155.0,75.0,351.0
47.0,-243.0,-68.0,160.0,121.0,337.0
58.0,-233.0,-78.0,169.0,167.0,314.0
61.0,-215.0,-85.0,176.0,219.0,285.0
69.0,-204.0,-90.0,181.0,265.0,262.0
77.0,-199.0,-87.0,173.0,309.0,245.0
77.0,-193.0,-91.0,153.0,354.0,230.0
79.0,-192.0,-90.0,120.0,395.0,222.0
79.0,-188.0,-95.0,82.0,431.0,215.0
70.0,-186.0,-90.0,45.0,461.0,208.0
63.0,-194.0,-95.0,-1.0,478.0,200.0
53.0,-205.0,-96.0,-63.0,493.0,202.0
44.0,-219.0,-91.0,-146.0,501.0,204.0
34.0,-228.0,-92.0,-227.0,501.0,206.0
15.0,-232.0,-77.0,-280.0,483.0,210.0
-2.0,-236.0,-65.0,-282.0,456.0,218.0
-11.0,-237.0,-61.0,-278.0,418.0,219.0
-17.0,-239.0,-58.0,-273.0,369.0,216.0
-27.0,-247.0,-55.0,-262.0,315.0,213.0
-31.0,-252.0,-43.0,-257.0,269.0,201.0
-41.0,-258.0,-43.0,-257.0,230.0,183.0
-48.0,-263.0,-36.0,-268.0,194.0,162.0
-59.0,-263.0,-29.0,-276.0,157.0,135.0
-62.0,-264.0,-25.0,-282.0,122.0,97.0
-67.0,-269.0,-25.0,-285.0,75.0,64.0
-66.0,-272.0,-18.0,-293.0,38.0,30.0
-64.0,-275.0,-14.0,-300.0,4.0,-11.0
-61.0,-278.0,-7.0,-297.0,-27.0,-49.0
-48.0,-279.0,-7.0,-283.0,-61.0,-89.0
-40.0,-277.0,-3.0,-268.0,-96.0,-125.0
-35.0,-271.0,-10.0,-249.0,-138.0,-159.0
-28.0,-265.0,-18.0,-231.0,-182.0,-182.0
-24.0,-259.0,-29.0,-215.0,-222.0,-200.0
-15.0,-248.0,-35.0,-201.0,-252.0,-204.0
-12.0,-250.0,-40.0,-184.0,-277.0,-202.0
-8.0,-245.0,-38.0,-167.0,-289.0,-194.0
-9.0,-242.0,-40.0,-154.0,-294.0,-185.0
-4.0,-243.0,-39.0,-136.0,-297.0,-162.0
-5.0,-238.0,-31.0,-107.0,-302.0,-142.0
-5.0,-235.0,-27.0,-84.0,-302.0,-120.0
-1.0,-234.0,-24.0,-67.0,-307.0,-102.0
-5.0,-235.0,-21.0,-53.0,-315.0,-87.0
-4.0,-234.0,-12.0,-43.0,-327.0,-79.0
-6.0,-230.0,-12.0,-35.0,-337.0,-72.0
-2.0,-230.0,-11.0,-38.0,-349.0,-72.0
-1.0,-228.0,-12.0,-42.0,-357.0,-69.0
-8.0,-224.0,-12.0,-46.0,-366.0,-70.0
-5.0,-217.0,-14.0,-49.0,-375.0,-67.0
-11.0,-218.0,-17.0,-59.0,-383.0,-69.0
-9.0,-218.0,-22.0,-70.0,-388.0,-63.0
-9.0,-223.0,-20.0,-84.0,-395.0,-64.0
-11.0,-224.0,-19.0,-102.0,-403.0,-61.0
-12.0,-226.0,-21.0,-124.0,-410.0,-61.0
-13.0,-229.0,-29.0,-144.0,-415.0,-58.0
-12.0,-233.0,-37.0,-168.0,-413.0,-57.0
-7.0,-239.0,-43.0,-192.0,-406.0,-56.0
-8.0,-242.0,-40.0,-205.0,-396.0,-58.0
-6.0,-246.0,-37.0,-207.0,-386.0,-54.0
-3.0,-250.0,-38.0,-201.0,-380.0,-52.0
1.0,-253.0,-33.0,-191.0,-373.0,-48.0
-1.0,-256.0,-26.0,-178.0,-366.0,-43.0
-5.0,-254.0,-26.0,-158.0,-357.0,-29.0
-6.0,-251.0,-26.0,-134.0,-345.0,-14.0
-9.0,-248.0,-28.0,-111.0,-333.0,6.0
-6.0,-243.0,-26.0,-87.0,-326.0,22.0
-6.0,-236.0,-24.0,-68.0,-317.0,46.0
-6.0,-234.0,-17.0,-54.0,-310.0,60.0
-8.0,-234.0,-10.0,-46.0,-310.0,79.0
-12.0,-237.0,6.0,-35.0,-318.0,94.0
-23.0,-238.0,10.0,-25.0,-337.0,109.0
-37.0,-248.0,17.0,-18.0,-363.0,119.0
-52.0,-247.0,15.0,-14.0,-396.0,127.0
-60.0,-247.0,11.0,-15.0,-431.0,126.0
-65.0,-248.0,7.0,-26.0,-467.0,125.0
-70.0,-244.0,5.0,-47.0,-502.0,114.0
-66.0,-242.0,-4.0,-72.0,-538.0,97.0
-59.0,-243.0,-10.0,-103.0,-574.0,77.0
-47.0,-240.0,-24.0,-130.0,-594.0,62.0
-36.0,-239.0,-27.0,-152.0,-605.0,43.0
-25.0,-244.0,-31.0,-174.0,-609.0,35.0
-20.0,-241.0,-27.0,-181.0,-611.0,24.0
-10.0,-241.0,-25.0,-185.0,-609.0,25.0
-1.0,-239.0,-30.0,-186.0,-606.0,24.0
9.0,-239.0,-32.0,-181.0,-601.0,37.0
13.0,-236.0,-35.0,-169.0,-598.0,48.0
21.0,-230.0,-34.0,-154.0,-590.0,73.0
22.0,-223.0,-39.0,-132.0,-576.0,89.0
28.0,-220.0,-43.0,-119.0,-561.0,108.0
27.0,-218.0,-48.0,-114.0,-541.0,118.0
25.0,-218.0,-52.0,-113.0,-519.0,130.0
20.0,-218.0,-49.0,-121.0,-493.0,130.0
15.0,-208.0,-36.0,-152.0,-460.0,126.0
14.0,-216.0,-45.0,-143.0,-430.0,132.0
12.0,-220.0,-48.0,-148.0,-399.0,132.0
5.0,-222.0,-42.0,-159.0,-373.0,120.0
2.0,-227.0,-40.0,-173.0,-349.0,113.0
1.0,-231.0,-36.0,-186.0,-325.0,101.0
3.0,-240.0,-35.0,-193.0,-313.0,97.0
1.0,-243.0,-32.0,-194.0,-309.0,93.0
-5.0,-245.0,-27.0,-192.0,-311.0,99.0
-5.0,-248.0,-25.0,-185.0,-318.0,105.0
-10.0,-253.0,-30.0,-177.0,-324.0,120.0
-11.0,-256.0,-24.0,-184.0,-329.0,125.0
-22.0,-238.0,-23.0,-191.0,-339.0,134.0
-28.0,-239.0,-32.0,-157.0,-339.0,169.0
-27.0,-235.0,-35.0,-144.0,-341.0,199.0
-29.0,-237.0,-35.0,-143.0,-336.0,220.0
-30.0,-233.0,-38.0,-147.0,-332.0,236.0
-27.0,-229.0,-31.0,-151.0,-329.0,241.0
-27.0,-230.0,-24.0,-154.0,-332.0,243.0
-20.0,-231.0,-21.0,-157.0,-343.0,234.0
-18.0,-232.0,-14.0,-165.0,-350.0,226.0
-12.0,-232.0,-16.0,-177.0,-356.0,208.0
-8.0,-241.0,-24.0,-197.0,-353.0,195.0
-3.0,-230.0,-10.0,-243.0,-342.0,171.0
2.0,-222.0,-15.0,-256.0,-327.0,164.0
8.0,-224.0,-17.0,-251.0,-313.0,166.0
12.0,-229.0,-21.0,-260.0,-308.0,172.0
13.0,-233.0,-21.0,-271.0,-302.0,178.0
13.0,-240.0,-19.0,-278.0,-305.0,192.0
15.0,-243.0,-23.0,-283.0,-306.0,200.0
8.0,-239.0,-21.0,-295.0,-308.0,210.0
11.0,-240.0,-21.0,-294.0,-308.0,226.0
5.0,-240.0,-18.0,-303.0,-310.0,236.0
7.0,-244.0,-19.0,-324.0,-306.0,238.0
-3.0,-231.0,-16.0,-349.0,-293.0,237.0
-7.0,-216.0,-16.0,-354.0,-271.0,241.0
-8.0,-213.0,-17.0,-342.0,-239.0,253.0
-7.0,-213.0,-23.0,-347.0,-196.0,252.0
-5.0,-209.0,-22.0,-365.0,-146.0,244.0
2.0,-211.0,-21.0,-383.0,-97.0,224.0
7.0,-207.0,-17.0,-400.0,-54.0,205.0
15.0,-210.0,-8.0,-411.0,-13.0,177.0
19.0,-204.0,5.0,-416.0,20.0,147.0
14.0,-234.0,2.0,-419.0,44.0,113.0
11.0,-210.0,9.0,-435.0,10.0,59.0
49.0,-208.0,8.0,-396.0,-48.0,8.0
44.0,-221.0,10.0,-368.0,5.0,57.0
24.0,-233.0,8.0,-384.0,-5.0,88.0
13.0,-243.0,6.0,-392.0,-29.0,123.0
11.0,-244.0,-4.0,-403.0,-70.0,155.0
3.0,-236.0,-6.0,-420.0,-88.0,178.0
-9.0,-238.0,-12.0,-440.0,-112.0,186.0
-37.0,-241.0,-12.0,-467.0,-134.0,198.0
-72.0,-238.0,-28.0,-498.0,-174.0,209.0
-94.0,-241.0,-30.0,-528.0,-223.0,235.0
-112.0,-241.0,-31.0,-549.0,-229.0,271.0
-108.0,-239.0,-15.0,-566.0,-229.0,284.0
-112.0,-238.0,-10.0,-558.0,-233.0,273.0
-119.0,-245.0,1.0,-561.0,-262.0,262.0
-133.0,-245.0,2.0,-550.0,-305.0,238.0
-122.0,-246.0,-10.0,-530.0,-370.0,229.0
-124.0,-244.0,-23.0,-513.0,-442.0,216.0
-114.0,-222.0,-38.0,-513.0,-523.0,199.0
-112.0,-209.0,-52.0,-500.0,-573.0,192.0
-108.0,-195.0,-54.0,-509.0,-618.0,185.0
-103.0,-192.0,-69.0,-522.0,-658.0,185.0
-93.0,-185.0,-65.0,-559.0,-700.0,205.0
-84.0,-192.0,-64.0,-617.0,-763.0,227.0
-67.0,-191.0,-63.0,-670.0,-815.0,255.0
-55.0,-198.0,-61.0,-712.0,-856.0,282.0
-40.0,-197.0,-65.0,-745.0,-882.0,311.0
-42.0,-210.0,-68.0,-779.0,-905.0,341.0
-39.0,-223.0,-78.0,-811.0,-933.0,369.0
-41.0,-223.0,-82.0,-838.0,-956.0,381.0
-48.0,-224.0,-81.0,-849.0,-972.0,411.0
-57.0,-231.0,-81.0,-852.0,-984.0,440.0
-63.0,-230.0,-83.0,-862.0,-1004.0,469.0
-65.0,-230.0,-78.0,-883.0,-1039.0,493.0
-71.0,-225.0,-76.0,-899.0,-1068.0,520.0
-76.0,-214.0,-81.0,-924.0,-1115.0,530.0
-75.0,-206.0,-95.0,-968.0,-1172.0,527.0
-72.0,-196.0,-109.0,-1025.0,-1216.0,535.0
-74.0,-195.0,-123.0,-1080.0,-1268.0,545.0
-73.0,-193.0,-141.0,-1141.0,-1317.0,556.0
-76.0,-194.0,-148.0,-1210.0,-1365.0,573.0
-76.0,-196.0,-154.0,-1294.0,-1431.0,578.0
-64.0,-200.0,-143.0,-1367.0,-1499.0,583.0
-40.0,-203.0,-126.0,-1408.0,-1558.0,585.0
-7.0,-208.0,-106.0,-1397.0,-1617.0,572.0
21.0,-208.0,-88.0,-1338.0,-1635.0,542.0
19.0,-209.0,-74.0,-1240.0,-1630.0,534.0
11.0,-211.0,-74.0,-1152.0,-1637.0,532.0
2.0,-223.0,-70.0,-1101.0,-1655.0,540.0
-9.0,-237.0,-66.0,-1082.0,-1704.0,547.0
-18.0,-249.0,-66.0,-1074.0,-1774.0,544.0
-24.0,-258.0,-60.0,-1053.0,-1840.0,543.0
-29.0,-263.0,-58.0,-1024.0,-1899.0,539.0
-47.0,-261.0,-57.0,-993.0,-1938.0,546.0
-70.0,-254.0,-54.0,-958.0,-1955.0,562.0
-72.0,-248.0,-53.0,-932.0,-1960.0,587.0
-81.0,-236.0,-46.0,-894.0,-1958.0,624.0
-85.0,-217.0,-61.0,-863.0,-1967.0,640.0
-99.0,-203.0,-86.0,-853.0,-1962.0,652.0
-152.0,-196.0,-117.0,-864.0,-1956.0,683.0
-428.0,-229.0,102.0,-1219.0,-2970.0,800.0
-678.0,-277.0,-590.0,-1911.0,-5795.0,1048.0
-539.0,-955.0,-925.0,-1213.0,-6557.0,1183.0
-207.0,-164.0,34.0,4469.0,-4676.0,502.0
-108.0,-115.0,-67.0,5575.0,-3283.0,-99.0
122.0,-410.0,80.0,5457.0,-2742.0,-359.0
28.0,-23.0,35.0,5319.0,-2164.0,-698.0
-789.0,245.0,-187.0,5622.0,-2060.0,-1588.0
604.0,122.0,-939.0,6100.0,-1854.0,-2532.0
504.0,135.0,116.0,3494.0,-1346.0,-2109.0
-391.0,15.0,1497.0,1522.0,-606.0,-1684.0
-432.0,-922.0,256.0,3751.0,-1739.0,-718.0
689.0,124.0,-1351.0,5247.0,-2134.0,-1066.0
453.0,-414.0,7.0,2479.0,-602.0,-1167.0
182.0,-1982.0,205.0,1815.0,-552.0,163.0
660.0,-1351.0,-643.0,-1181.0,-4755.0,2239.0
-612.0,-471.0,56.0,3701.0,-2260.0,1421.0
-652.0,-429.0,-523.0,4354.0,-2707.0,-509.0
-195.0,23.0,-621.0,3030.0,-2722.0,-860.0
-384.0,-330.0,-514.0,115.0,-2990.0,186.0
703.0,377.0,-886.0,-2799.0,-3485.0,1090.0
559.0,308.0,-1256.0,-4962.0,-1380.0,547.0
367.0,234.0,-168.0,-7634.0,2520.0,725.0
-245.0,-463.0,267.0,-10583.0,5669.0,2639.0
-354.0,-706.0,64.0,-10655.0,5364.0,4198.0
-344.0,-632.0,61.0,-9524.0,5183.0,4823.0
-381.0,-426.0,-2.0,-6944.0,3372.0,3575.0
-432.0,-231.0,-79.0,-4066.0,1519.0,1580.0
-429.0,-60.0,-192.0,-1458.0,276.0,202.0
-319.0,-58.0,-175.0,234.0,-232.0,-96.0
-232.0,-112.0,-92.0,893.0,-182.0,98.0
-192.0,-176.0,-26.0,826.0,13.0,296.0
-186.0,-238.0,-16.0,415.0,154.0,341.0
-181.0,-262.0,-34.0,-21.0,273.0,356.0
-165.0,-273.0,-57.0,-306.0,351.0,439.0
-166.0,-271.0,-75.0,-412.0,372.0,506.0
-179.0,-269.0,-74.0,-397.0,338.0,519.0
-176.0,-275.0,-68.0,-321.0,302.0,521.0
-174.0,-272.0,-60.0,-212.0,253.0,529.0
-162.0,-264.0,-64.0,-96.0,177.0,541.0
-139.0,-253.0,-68.0,-11.0,105.0,548.0
-130.0,-239.0,-66.0,8.0,50.0,558.0
-125.0,-235.0,-64.0,-21.0,18.0,555.0
-124.0,-238.0,-70.0,-50.0,13.0,532.0
-122.0,-244.0,-81.0,-57.0,19.0,501.0
-120.0,-248.0,-100.0,-57.0,27.0,473.0
-117.0,-239.0,-109.0,-70.0,29.0,450.0
-113.0,-227.0,-113.0,-89.0,10.0,432.0
-114.0,-208.0,-113.0,-110.0,-18.0,424.0
-122.0,-190.0,-119.0,-141.0,-54.0,425.0
-135.0,-181.0,-130.0,-194.0,-87.0,438.0
-156.0,-166.0,-150.0,-272.0,-112.0,472.0
-171.0,-171.0,-152.0,-359.0,-126.0,512.0
-184.0,-187.0,-144.0,-405.0,-114.0,550.0
-194.0,-205.0,-136.0,-391.0,-114.0,569.0
-199.0,-220.0,-134.0,-350.0,-143.0,585.0
-216.0,-226.0,-139.0,-295.0,-200.0,595.0
-227.0,-232.0,-146.0,-277.0,-269.0,601.0
-235.0,-230.0,-150.0,-284.0,-352.0,589.0
-234.0,-224.0,-155.0,-301.0,-429.0,571.0
-228.0,-208.0,-165.0,-336.0,-482.0,544.0
-216.0,-200.0,-157.0,-384.0,-503.0,506.0
-204.0,-199.0,-147.0,-428.0,-507.0,460.0
-175.0,-206.0,-144.0,-460.0,-499.0,428.0
-142.0,-216.0,-134.0,-466.0,-483.0,397.0
-119.0,-218.0,-138.0,-419.0,-485.0,366.0
-85.0,-217.0,-147.0,-328.0,-518.0,336.0
-67.0,-213.0,-164.0,-197.0,-542.0,326.0
-59.0,-199.0,-175.0,-109.0,-556.0,325.0
-60.0,-183.0,-175.0,-58.0,-577.0,333.0
-51.0,-175.0,-159.0,-46.0,-577.0,343.0
-59.0,-171.0,-140.0,-37.0,-532.0,355.0
-71.0,-164.0,-122.0,-31.0,-483.0,368.0
-74.0,-170.0,-114.0,-54.0,-459.0,380.0
-75.0,-177.0,-104.0,-84.0,-461.0,379.0
-67.0,-185.0,-103.0,-98.0,-494.0,377.0
-60.0,-179.0,-116.0,-81.0,-538.0,374.0
-60.0,-159.0,-134.0,-41.0,-559.0,386.0
-58.0,-146.0,-142.0,-6.0,-556.0,402.0
-58.0,-126.0,-149.0,33.0,-528.0,436.0
-54.0,-114.0,-141.0,80.0,-489.0,483.0
-58.0,-109.0,-126.0,150.0,-453.0,557.0
-59.0,-104.0,-106.0,226.0,-446.0,620.0
-47.0,-102.0,-89.0,301.0,-453.0,672.0
-33.0,-108.0,-72.0,380.0,-447.0,727.0
-17.0,-115.0,-70.0,467.0,-425.0,795.0
-8.0,-116.0,-64.0,538.0,-402.0,858.0
9.0,-120.0,-57.0,578.0,-385.0,913.0
31.0,-128.0,-55.0,612.0,-363.0,945.0
43.0,-136.0,-59.0,647.0,-322.0,990.0
52.0,-138.0,-63.0,690.0,-270.0,1027.0
54.0,-129.0,-68.0,733.0,-218.0,1064.0
62.0,-123.0,-68.0,778.0,-157.0,1100.0
69.0,-111.0,-68.0,817.0,-86.0,1140.0
60.0,-94.0,-69.0,844.0,-8.0,1171.0
58.0,-86.0,-60.0,856.0,77.0,1217.0
58.0,-76.0,-59.0,835.0,161.0,1263.0
58.0,-63.0,-59.0,785.0,227.0,1316.0
66.0,-52.0,-69.0,708.0,266.0,1354.0
63.0,-31.0,-78.0,659.0,289.0,1395.0
56.0,-15.0,-88.0,633.0,314.0,1444.0
47.0,1.0,-91.0,606.0,356.0,1491.0
32.0,19.0,-88.0,556.0,408.0,1523.0
21.0,37.0,-77.0,479.0,456.0,1559.0
8.0,44.0,-76.0,395.0,489.0,1599.0
0.0,52.0,-67.0,320.0,510.0,1641.0
-8.0,55.0,-59.0,262.0,529.0,1679.0
-15.0,58.0,-53.0,231.0,556.0,1716.0
-23.0,60.0,-44.0,223.0,583.0,1741.0
-31.0,60.0,-44.0,224.0,596.0,1755.0
-39.0,62.0,-46.0,224.0,578.0,1759.0
-52.0,61.0,-43.0,222.0,519.0,1762.0
-64.0,62.0,-39.0,227.0,437.0,1752.0
-82.0,60.0,-17.0,248.0,348.0,1748.0
-110.0,55.0,-2.0,288.0,268.0,1753.0
-134.0,48.0,11.0,334.0,202.0,1774.0
-161.0,33.0,25.0,374.0,141.0,1801.0
-173.0,18.0,34.0,407.0,89.0,1839.0
-178.0,1.0,39.0,428.0,8.0,1868.0
-190.0,-2.0,31.0,444.0,-85.0,1884.0
-195.0,0.0,22.0,450.0,-189.0,1899.0
-190.0,6.0,16.0,427.0,-287.0,1907.0
-206.0,15.0,15.0,392.0,-369.0,1914.0
-221.0,17.0,13.0,355.0,-458.0,1961.0
-228.0,21.0,9.0,306.0,-562.0,2000.0
-248.0,26.0,11.0,250.0,-695.0,2042.0
-255.0,27.0,8.0,200.0,-856.0,2086.0
-266.0,25.0,10.0,145.0,-1015.0,2130.0
-295.0,18.0,26.0,100.0,-1156.0,2163.0
-340.0,4.0,45.0,67.0,-1334.0,2173.0
-397.0,-15.0,61.0,75.0,-1513.0,2212.0
-459.0,-44.0,89.0,110.0,-1718.0,2300.0
-508.0,-73.0,95.0,184.0,-1961.0,2389.0
-583.0,-96.0,84.0,258.0,-2271.0,2469.0
-704.0,-118.0,93.0,328.0,-2644.0,2577.0
-767.0,-147.0,102.0,446.0,-3084.0,2775.0
-943.0,-227.0,160.0,625.0,-3603.0,2950.0
-1178.0,-361.0,262.0,939.0,-4302.0,3143.0
-1529.0,-562.0,434.0,1547.0,-5258.0,3327.0
-2159.0,-760.0,756.0,2511.0,-6558.0,3694.0
-2744.0,-722.0,838.0,3568.0,-6636.0,4414.0
-2624.0,-528.0,385.0,3000.0,-4355.0,5392.0
-1430.0,-642.0,196.0,1189.0,-1720.0,5664.0
-872.0,-675.0,26.0,-519.0,-1820.0,4320.0
-393.0,-623.0,-246.0,-1202.0,-3038.0,2347.0
-88.0,-492.0,-357.0,-1405.0,-4297.0,440.0
73.0,-386.0,-304.0,-1378.0,-5223.0,-1146.0
112.0,-200.0,-92.0,-860.0,-5323.0,-1982.0
170.0,-22.0,168.0,194.0,-4808.0,-1708.0
238.0,156.0,289.0,1698.0,-3727.0,-370.0
176.0,258.0,293.0,2861.0,-2472.0,790.0
-7.0,379.0,159.0,2769.0,-2123.0,1637.0
-154.0,406.0,116.0,1999.0,-2340.0,2191.0
-329.0,355.0,66.0,1168.0,-2694.0,2471.0
-368.0,219.0,74.0,527.0,-3009.0,2626.0
-392.0,85.0,112.0,315.0,-3133.0,2644.0
-376.0,-1.0,139.0,500.0,-3093.0,2607.0
-395.0,-80.0,233.0,700.0,-2981.0,2534.0
-443.0,-134.0,270.0,816.0,-2879.0,2306.0
-502.0,-194.0,246.0,757.0,-2774.0,1877.0
-524.0,-244.0,167.0,548.0,-2535.0,1228.0
-484.0,-258.0,114.0,249.0,-2327.0,709.0
-398.0,-279.0,100.0,40.0,-2255.0,262.0
-308.0,-298.0,129.0,-67.0,-2244.0,-99.0
-253.0,-306.0,162.0,18.0,-2229.0,-294.0
-192.0,-294.0,152.0,230.0,-2278.0,-353.0
-141.0,-255.0,134.0,457.0,-2281.0,-342.0
-94.0,-205.0,135.0,614.0,-2165.0,-259.0
-61.0,-150.0,149.0,742.0,-1932.0,-201.0
-37.0,-90.0,140.0,868.0,-1637.0,-102.0
-30.0,-36.0,136.0,915.0,-1347.0,43.0
-3.0,19.0,166.0,831.0,-1052.0,178.0
2.0,78.0,174.0,787.0,-920.0,295.0
-29.0,143.0,153.0,790.0,-893.0,401.0
-34.0,183.0,146.0,782.0,-940.0,535.0
-60.0,215.0,148.0,762.0,-1052.0,701.0
-58.0,224.0,142.0,764.0,-1190.0,905.0
-75.0,185.0,123.0,784.0,-1287.0,1106.0
-86.0,128.0,133.0,820.0,-1252.0,1175.0
-95.0,82.0,144.0,887.0,-1155.0,1116.0
-79.0,61.0,142.0,966.0,-1045.0,986.0
-81.0,51.0,159.0,1007.0,-864.0,800.0
-108.0,42.0,168.0,1001.0,-618.0,631.0
-131.0,41.0,176.0,933.0,-427.0,495.0
-142.0,33.0,186.0,832.0,-421.0,414.0
-136.0,33.0,185.0,709.0,-554.0,381.0
-135.0,44.0,199.0,584.0,-694.0,362.0
-138.0,54.0,206.0,492.0,-804.0,383.0
-144.0,62.0,199.0,422.0,-931.0,433.0
-165.0,69.0,188.0,340.0,-1149.0,461.0
-188.0,82.0,156.0,272.0,-1423.0,454.0
-188.0,95.0,131.0,217.0,-1661.0,428.0
-196.0,107.0,119.0,192.0,-1749.0,361.0
-209.0,126.0,113.0,207.0,-1795.0,289.0
-215.0,132.0,129.0,241.0,-1858.0,222.0
-203.0,137.0,130.0,330.0,-1927.0,149.0
-193.0,152.0,135.0,436.0,-1983.0,64.0
-181.0,151.0,137.0,514.0,-2024.0,-18.0
-159.0,151.0,138.0,558.0,-2055.0,-89.0
-134.0,149.0,123.0,560.0,-2062.0,-125.0
-121.0,137.0,109.0,509.0,-2036.0,-139.0
-92.0,135.0,107.0,413.0,-1984.0,-165.0
-69.0,123.0,122.0,277.0,-1904.0,-181.0
-45.0,124.0,119.0,204.0,-1858.0,-146.0
-21.0,135.0,136.0,151.0,-1822.0,-104.0
-10.0,153.0,161.0,108.0,-1780.0,-59.0
-10.0,170.0,176.0,70.0,-1713.0,24.0
-14.0,189.0,182.0,3.0,-1616.0,105.0
-30.0,194.0,187.0,-90.0,-1490.0,149.0
-39.0,200.0,176.0,-192.0,-1354.0,168.0
-58.0,210.0,172.0,-310.0,-1219.0,162.0
-75.0,216.0,177.0,-444.0,-1099.0,135.0
-74.0,216.0,181.0,-631.0,-1001.0,77.0
-83.0,212.0,185.0,-796.0,-959.0,11.0
-80.0,198.0,190.0,-959.0,-942.0,-57.0
-85.0,180.0,184.0,-1101.0,-954.0,-121.0
-90.0,154.0,174.0,-1205.0,-991.0,-179.0
-97.0,129.0,153.0,-1261.0,-1049.0,-214.0
-94.0,111.0,142.0,-1280.0,-1111.0,-226.0
-83.0,87.0,139.0,-1263.0,-1175.0,-225.0
-78.0,75.0,139.0,-1207.0,-1237.0,-215.0
-73.0,61.0,138.0,-1131.0,-1295.0,-200.0
-71.0,50.0,144.0,-1064.0,-1346.0,-190.0
-67.0,37.0,165.0,-992.0,-1345.0,-171.0
-58.0,30.0,186.0,-920.0,-1292.0,-148.0
-77.0,29.0,223.0,-822.0,-1231.0,-114.0
-48.0,24.0,236.0,-713.0,-1214.0,-63.0
6.0,28.0,239.0,-654.0,-1152.0,-45.0
32.0,39.0,247.0,-649.0,-1024.0,-101.0
45.0,60.0,268.0,-664.0,-872.0,-198.0
16.0,81.0,272.0,-685.0,-735.0,-293.0
23.0,88.0,275.0,-778.0,-658.0,-346.0
30.0,92.0,272.0,-938.0,-640.0,-382.0
15.0,89.0,282.0,-1149.0,-687.0,-386.0
1.0,76.0,303.0,-1227.0,-752.0,-351.0
-74.0,79.0,314.0,-1146.0,-813.0,-274.0
-80.0,78.0,318.0,-927.0,-850.0,-157.0
-94.0,73.0,306.0,-632.0,-935.0,-126.0
-88.0,83.0,287.0,-323.0,-1024.0,-161.0
-39.0,90.0,275.0,-67.0,-1055.0,-189.0
4.0,92.0,249.0,115.0,-1023.0,-219.0
12.0,82.0,241.0,211.0,-877.0,-200.0
9.0,49.0,261.0,251.0,-647.0,-70.0
-11.0,25.0,269.0,286.0,-347.0,124.0
-13.0,-6.0,281.0,300.0,-160.0,362.0
-1.0,-45.0,291.0,286.0,-33.0,608.0
52.0,-92.0,313.0,253.0,63.0,823.0
62.0,-112.0,324.0,246.0,184.0,1000.0
122.0,-146.0,335.0,233.0,311.0,1207.0
173.0,-172.0,347.0,233.0,473.0,1359.0
215.0,-195.0,341.0,262.0,617.0,1399.0
226.0,-202.0,342.0,308.0,712.0,1344.0
222.0,-198.0,329.0,400.0,723.0,1180.0
109.0,-141.0,291.0,527.0,672.0,849.0
43.0,-93.0,261.0,651.0,666.0,666.0
-12.0,-50.0,249.0,702.0,651.0,543.0
-38.0,-5.0,248.0,714.0,602.0,440.0
-33.0,34.0,251.0,710.0,529.0,344.0
-47.0,65.0,256.0,693.0,436.0,249.0
-62.0,82.0,261.0,656.0,341.0,166.0
-76.0,97.0,255.0,599.0,258.0,91.0
-78.0,108.0,239.0,504.0,185.0,20.0
-56.0,115.0,213.0,349.0,141.0,-44.0
-38.0,113.0,191.0,122.0,148.0,-125.0
-24.0,104.0,170.0,-178.0,252.0,-177.0
-3.0,82.0,155.0,-415.0,397.0,-207.0
14.0,68.0,156.0,-612.0,549.0,-224.0
24.0,48.0,156.0,-731.0,688.0,-241.0
30.0,24.0,164.0,-757.0,808.0,-253.0
24.0,-1.0,179.0,-711.0,898.0,-254.0
22.0,-19.0,188.0,-623.0,960.0,-241.0
20.0,-33.0,199.0,-514.0,1006.0,-209.0
16.0,-48.0,209.0,-409.0,1043.0,-153.0
9.0,-64.0,217.0,-324.0,1075.0,-67.0
-6.0,-74.0,219.0,-255.0,1103.0,7.0
-22.0,-83.0,232.0,-215.0,1114.0,70.0
-46.0,-89.0,233.0,-198.0,1108.0,105.0
-70.0,-89.0,239.0,-198.0,1091.0,109.0
-95.0,-84.0,243.0,-194.0,1068.0,88.0
-116.0,-78.0,252.0,-170.0,1042.0,48.0
-130.0,-68.0,248.0,-130.0,1003.0,-1.0
-140.0,-58.0,249.0,-98.0,962.0,-64.0
-148.0,-49.0,238.0,-76.0,938.0,-127.0
-159.0,-32.0,235.0,-64.0,928.0,-188.0
-166.0,-16.0,230.0,-55.0,927.0,-245.0
-170.0,-4.0,218.0,-52.0,927.0,-280.0
-173.0,5.0,209.0,-60.0,930.0,-303.0
-171.0,9.0,206.0,-80.0,943.0,-325.0
-173.0,12.0,200.0,-105.0,957.0,-333.0
-171.0,12.0,196.0,-136.0,968.0,-331.0
-173.0,11.0,196.0,-173.0,973.0,-322.0
-169.0,2.0,189.0,-202.0,972.0,-316.0
-173.0,-4.0,192.0,-221.0,970.0,-301.0
-168.0,-16.0,191.0,-224.0,967.0,-289.0
-161.0,-31.0,192.0,-210.0,962.0,-281.0
-158.0,-37.0,194.0,-179.0,961.0,-282.0
-157.0,-48.0,199.0,-147.0,957.0,-282.0
-159.0,-54.0,197.0,-113.0,948.0,-286.0
-152.0,-56.0,196.0,-73.0,936.0,-286.0
-152.0,-61.0,198.0,-32.0,922.0,-289.0
-152.0,-61.0,198.0,14.0,911.0,-289.0
-152.0,-53.0,202.0,65.0,890.0,-289.0
-154.0,-46.0,194.0,116.0,865.0,-287.0
-158.0,-34.0,195.0,164.0,838.0,-289.0
-164.0,-22.0,190.0,196.0,816.0,-283.0
-165.0,-13.0,191.0,221.0,792.0,-278.0
-162.0,-4.0,187.0,223.0,776.0,-274.0
-164.0,4.0,186.0,210.0,767.0,-279.0
-168.0,14.0,188.0,192.0,762.0,-279.0
-168.0,20.0,194.0,165.0,754.0,-278.0
-159.0,21.0,197.0,133.0,750.0,-278.0
-162.0,17.0,199.0,96.0,755.0,-288.0
-162.0,15.0,193.0,64.0,755.0,-289.0
-160.0,12.0,196.0,29.0,744.0,-294.0
-163.0,8.0,192.0,-6.0,734.0,-285.0
-163.0,-1.0,191.0,-37.0,719.0,-272.0
-170.0,-4.0,192.0,-43.0,708.0,-255.0
-172.0,-7.0,187.0,-29.0,687.0,-251.0
-167.0,-14.0,185.0,4.0,676.0,-236.0
-166.0,-14.0,186.0,38.0,669.0,-216.0
-161.0,-14.0,187.0,71.0,663.0,-193.0
-159.0,-14.0,190.0,101.0,659.0,-187.0
-162.0,-9.0,184.0,118.0,650.0,-182.0
-163.0,-4.0,187.0,124.0,636.0,-178.0
-167.0,-3.0,191.0,118.0,612.0,-175.0
