-60.0,-218.0,-97.0,-22.0,444.0,212.0
-60.0,-219.0,-95.0,-20.0,450.0,202.0
-53.0,-223.0,-97.0,-12.0,454.0,189.0
-54.0,-219.0,-96.0,-4.0,457.0,181.0
-48.0,-230.0,-99.0,8.0,464.0,168.0
-55.0,-219.0,-94.0,22.0,470.0,160.0
-54.0,-215.0,-97.0,39.0,475.0,153.0
-57.0,-215.0,-94.0,58.0,480.0,149.0
-58.0,-210.0,-96.0,73.0,486.0,146.0
-55.0,-210.0,-95.0,84.0,488.0,144.0
-57.0,-212.0,-92.0,88.0,488.0,143.0
-56.0,-210.0,-94.0,91.0,492.0,141.0
-55.0,-213.0,-92.0,95.0,497.0,141.0
-58.0,-212.0,-88.0,98.0,498.0,139.0
-60.0,-216.0,-88.0,94.0,495.0,134.0
-57.0,-220.0,-89.0,89.0,491.0,127.0
-56.0,-221.0,-78.0,84.0,490.0,119.0
-60.0,-222.0,-84.0,82.0,493.0,109.0
-57.0,-225.0,-81.0,82.0,495.0,97.0
-57.0,-225.0,-78.0,83.0,495.0,80.0
-59.0,-225.0,-82.0,87.0,496.0,62.0
-58.0,-224.0,-84.0,90.0,493.0,41.0
-62.0,-223.0,-92.0,97.0,488.0,18.0
-62.0,-217.0,-95.0,107.0,480.0,1.0
-58.0,-215.0,-100.0,109.0,471.0,-7.0
-57.0,-214.0,-107.0,100.0,471.0,-11.0
-57.0,-214.0,-102.0,86.0,473.0,-14.0
-57.0,-215.0,-95.0,66.0,472.0,-13.0
-55.0,-212.0,-97.0,49.0,470.0,-14.0
-55.0,-215.0,-97.0,38.0,467.0,-17.0
-57.0,-214.0,-96.0,33.0,460.0,-20.0
-54.0,-215.0,-96.0,32.0,450.0,-24.0
-53.0,-216.0,-98.0,31.0,438.0,-29.0
-51.0,-218.0,-95.0,26.0,430.0,-34.0
-50.0,-217.0,-95.0,18.0,426.0,-35.0
-48.0,-220.0,-99.0,10.0,425.0,-40.0
-44.0,-221.0,-97.0,1.0,422.0,-47.0
-50.0,-219.0,-98.0,-4.0,419.0,-52.0
-46.0,-221.0,-99.0,-8.0,415.0,-57.0
-46.0,-221.0,-98.0,-12.0,411.0,-61.0
-44.0,-221.0,-93.0,-13.0,404.0,-67.0
-47.0,-225.0,-96.0,-10.0,400.0,-71.0
-50.0,-223.0,-97.0,-2.0,394.0,-72.0
-48.0,-221.0,-93.0,11.0,385.0,-73.0
-50.0,-219.0,-93.0,24.0,372.0,-80.0
-53.0,-220.0,-94.0,35.0,358.0,-90.0
-49.0,-216.0,-93.0,40.0,345.0,-101.0
-49.0,-216.0,-99.0,42.0,334.0,-108.0
-50.0,-216.0,-98.0,42.0,328.0,-116.0
-56.0,-217.0,-86.0,41.0,324.0,-121.0
-46.0,-212.0,-97.0,41.0,324.0,-126.0
-33.0,-208.0,-90.0,42.0,321.0,-132.0
-39.0,-207.0,-85.0,45.0,321.0,-137.0
-40.0,-204.0,-89.0,42.0,322.0,-142.0
-41.0,-200.0,-95.0,27.0,322.0,-141.0
-40.0,-202.0,-95.0,-1.0,316.0,-141.0
-40.0,-205.0,-97.0,-35.0,308.0,-134.0
-36.0,-212.0,-97.0,-71.0,299.0,-124.0
-37.0,-215.0,-94.0,-104.0,293.0,-115.0
-36.0,-219.0,-96.0,-129.0,286.0,-108.0
-40.0,-221.0,-95.0,-145.0,279.0,-100.0
-33.0,-227.0,-95.0,-152.0,272.0,-99.0
-28.0,-231.0,-93.0,-151.0,264.0,-99.0
-28.0,-231.0,-95.0,-144.0,257.0,-107.0
-27.0,-231.0,-99.0,-135.0,250.0,-119.0
-25.0,-231.0,-102.0,-123.0,246.0,-136.0
-28.0,-233.0,-102.0,-107.0,243.0,-155.0
-28.0,-233.0,-99.0,-90.0,238.0,-178.0
-29.0,-229.0,-99.0,-73.0,237.0,-199.0
-32.0,-227.0,-98.0,-58.0,233.0,-216.0
-43.0,-224.0,-111.0,-46.0,226.0,-225.0
-34.0,-219.0,-99.0,-41.0,220.0,-227.0
-32.0,-219.0,-98.0,-44.0,211.0,-227.0
-32.0,-218.0,-92.0,-51.0,201.0,-222.0
-33.0,-218.0,-88.0,-61.0,192.0,-215.0
-34.0,-214.0,-89.0,-74.0,184.0,-202.0
-34.0,-210.0,-87.0,-82.0,176.0,-190.0
-34.0,-210.0,-86.0,-89.0,169.0,-177.0
-26.0,-209.0,-92.0,-92.0,164.0,-163.0
-20.0,-210.0,-91.0,-93.0,158.0,-149.0
-11.0,-208.0,-93.0,-93.0,157.0,-136.0
-1.0,-211.0,-90.0,-94.0,161.0,-126.0
1.0,-209.0,-85.0,-95.0,173.0,-123.0
3.0,-210.0,-83.0,-101.0,187.0,-124.0
1.0,-216.0,-80.0,-109.0,199.0,-132.0
1.0,-216.0,-80.0,-118.0,213.0,-145.0
1.0,-218.0,-76.0,-121.0,223.0,-164.0
0.0,-218.0,-78.0,-120.0,241.0,-183.0
0.0,-217.0,-71.0,-114.0,260.0,-200.0
1.0,-220.0,-77.0,-107.0,278.0,-215.0
0.0,-216.0,-80.0,-96.0,298.0,-227.0
-2.0,-216.0,-82.0,-84.0,320.0,-236.0
-3.0,-214.0,-83.0,-74.0,341.0,-242.0
-3.0,-217.0,-86.0,-66.0,360.0,-245.0
0.0,-213.0,-86.0,-55.0,383.0,-246.0
0.0,-208.0,-86.0,-46.0,409.0,-240.0
1.0,-206.0,-84.0,-33.0,434.0,-233.0
-1.0,-199.0,-84.0,-22.0,456.0,-218.0
2.0,-200.0,-76.0,-5.0,478.0,-201.0
1.0,-198.0,-69.0,15.0,502.0,-179.0
6.0,-192.0,-66.0,37.0,526.0,-155.0
13.0,-187.0,-66.0,55.0,547.0,-135.0
16.0,-185.0,-62.0,66.0,567.0,-120.0
18.0,-176.0,-64.0,66.0,585.0,-113.0
22.0,-173.0,-60.0,58.0,604.0,-114.0
19.0,-169.0,-60.0,41.0,618.0,-122.0
19.0,-176.0,-67.0,21.0,632.0,-142.0
16.0,-177.0,-71.0,-4.0,647.0,-168.0
14.0,-185.0,-70.0,-28.0,664.0,-199.0
2.0,-184.0,-68.0,-51.0,677.0,-238.0
-2.0,-190.0,-66.0,-71.0,690.0,-265.0
-4.0,-198.0,-68.0,-77.0,700.0,-276.0
-11.0,-201.0,-63.0,-74.0,711.0,-292.0
-17.0,-207.0,-68.0,-64.0,719.0,-309.0
-17.0,-210.0,-64.0,-49.0,725.0,-317.0
-17.0,-213.0,-66.0,-31.0,729.0,-319.0
-18.0,-212.0,-61.0,-5.0,732.0,-315.0
-19.0,-213.0,-65.0,31.0,735.0,-303.0
-20.0,-210.0,-62.0,74.0,739.0,-280.0
-17.0,-203.0,-62.0,121.0,744.0,-257.0
-19.0,-202.0,-61.0,170.0,745.0,-219.0
-13.0,-192.0,-58.0,214.0,744.0,-178.0
-8.0,-184.0,-53.0,251.0,740.0,-138.0
2.0,-178.0,-52.0,276.0,736.0,-102.0
6.0,-169.0,-49.0,290.0,735.0,-78.0
13.0,-165.0,-41.0,296.0,740.0,-63.0
31.0,-163.0,-43.0,292.0,752.0,-58.0
32.0,-158.0,-46.0,280.0,768.0,-65.0
33.0,-154.0,-50.0,256.0,785.0,-90.0
37.0,-156.0,-48.0,219.0,803.0,-118.0
36.0,-161.0,-48.0,178.0,827.0,-147.0
33.0,-168.0,-50.0,141.0,853.0,-188.0
31.0,-177.0,-47.0,108.0,875.0,-224.0
23.0,-187.0,-45.0,83.0,895.0,-253.0
17.0,-196.0,-44.0,73.0,912.0,-276.0
9.0,-207.0,-42.0,77.0,923.0,-287.0
3.0,-211.0,-47.0,93.0,932.0,-288.0
-1.0,-217.0,-46.0,119.0,943.0,-280.0
-2.0,-220.0,-48.0,152.0,948.0,-264.0
-4.0,-223.0,-47.0,185.0,952.0,-245.0
-2.0,-223.0,-50.0,217.0,957.0,-225.0
-1.0,-221.0,-45.0,252.0,970.0,-204.0
-2.0,-216.0,-40.0,296.0,983.0,-181.0
0.0,-214.0,-40.0,346.0,991.0,-159.0
4.0,-206.0,-35.0,398.0,994.0,-142.0
9.0,-200.0,-29.0,447.0,998.0,-128.0
19.0,-195.0,-27.0,487.0,999.0,-113.0
26.0,-187.0,-20.0,514.0,1001.0,-101.0
30.0,-178.0,-20.0,528.0,1007.0,-98.0
39.0,-169.0,-15.0,521.0,1018.0,-97.0
44.0,-167.0,-19.0,493.0,1027.0,-99.0
49.0,-170.0,-25.0,449.0,1028.0,-102.0
56.0,-167.0,-28.0,399.0,1032.0,-109.0
63.0,-178.0,-34.0,356.0,1041.0,-118.0
60.0,-189.0,-40.0,327.0,1048.0,-125.0
60.0,-191.0,-49.0,317.0,1053.0,-121.0
61.0,-203.0,-51.0,316.0,1061.0,-114.0
59.0,-216.0,-54.0,318.0,1090.0,-107.0
56.0,-222.0,-48.0,330.0,1138.0,-100.0
45.0,-226.0,-45.0,346.0,1193.0,-95.0
34.0,-230.0,-45.0,368.0,1240.0,-94.0
22.0,-234.0,-38.0,398.0,1266.0,-92.0
14.0,-237.0,-47.0,434.0,1270.0,-84.0
9.0,-237.0,-47.0,471.0,1258.0,-72.0
8.0,-239.0,-56.0,510.0,1242.0,-55.0
6.0,-240.0,-57.0,546.0,1234.0,-38.0
4.0,-237.0,-62.0,572.0,1229.0,-26.0
3.0,-229.0,-61.0,585.0,1233.0,-22.0
4.0,-224.0,-56.0,588.0,1231.0,-18.0
6.0,-223.0,-63.0,584.0,1216.0,-14.0
4.0,-214.0,-63.0,577.0,1188.0,-12.0
4.0,-213.0,-65.0,572.0,1156.0,-8.0
6.0,-206.0,-72.0,570.0,1137.0,-1.0
6.0,-209.0,-69.0,560.0,1130.0,14.0
8.0,-202.0,-67.0,548.0,1125.0,25.0
7.0,-198.0,-66.0,537.0,1117.0,30.0
5.0,-192.0,-63.0,523.0,1097.0,37.0
5.0,-189.0,-64.0,511.0,1070.0,39.0
0.0,-184.0,-64.0,504.0,1041.0,34.0
-14.0,-181.0,-65.0,494.0,1005.0,24.0
-17.0,-181.0,-66.0,471.0,964.0,15.0
-17.0,-176.0,-64.0,433.0,921.0,11.0
-32.0,-180.0,-59.0,390.0,889.0,7.0
-42.0,-184.0,-52.0,354.0,869.0,-1.0
-52.0,-182.0,-39.0,335.0,849.0,-6.0
-54.0,-182.0,-43.0,332.0,820.0,-9.0
-57.0,-183.0,-38.0,328.0,775.0,-7.0
-53.0,-183.0,-29.0,324.0,721.0,-13.0
-50.0,-176.0,-26.0,332.0,665.0,-28.0
-33.0,-171.0,-17.0,359.0,614.0,-47.0
-30.0,-157.0,-28.0,402.0,558.0,-84.0
-20.0,-150.0,-42.0,440.0,506.0,-141.0
-19.0,-131.0,-50.0,449.0,463.0,-217.0
-4.0,-94.0,-1.0,463.0,433.0,-295.0
12.0,-22.0,64.0,660.0,445.0,-384.0
22.0,38.0,114.0,1127.0,543.0,-550.0
-4.0,124.0,57.0,1835.0,662.0,-838.0
-58.0,191.0,-117.0,2372.0,658.0,-1184.0
-78.0,206.0,-272.0,2205.0,438.0,-1374.0
-68.0,151.0,-284.0,1164.0,74.0,-1242.0
-19.0,48.0,-263.0,-169.0,-175.0,-882.0
38.0,-112.0,-228.0,-1299.0,-167.0,-605.0
79.0,-264.0,-184.0,-2130.0,-21.0,-542.0
75.0,-381.0,-128.0,-2575.0,77.0,-616.0
78.0,-461.0,-102.0,-2600.0,89.0,-664.0
89.0,-492.0,-108.0,-2269.0,73.0,-646.0
96.0,-491.0,-106.0,-1730.0,87.0,-605.0
87.0,-452.0,-121.0,-1082.0,156.0,-541.0
91.0,-404.0,-148.0,-437.0,245.0,-470.0
88.0,-343.0,-176.0,38.0,254.0,-462.0
65.0,-287.0,-202.0,273.0,164.0,-497.0
57.0,-246.0,-235.0,304.0,40.0,-485.0
43.0,-221.0,-276.0,166.0,-75.0,-394.0
29.0,-212.0,-320.0,-113.0,-173.0,-258.0
8.0,-228.0,-369.0,-508.0,-275.0,-112.0
-14.0,-254.0,-416.0,-987.0,-395.0,26.0
-38.0,-286.0,-450.0,-1481.0,-532.0,166.0
-65.0,-332.0,-490.0,-1942.0,-686.0,321.0
-78.0,-386.0,-514.0,-2330.0,-858.0,475.0
-73.0,-449.0,-530.0,-2632.0,-1030.0,604.0
-43.0,-512.0,-520.0,-2846.0,-1195.0,708.0
-11.0,-557.0,-504.0,-2955.0,-1360.0,767.0
75.0,-594.0,-426.0,-2941.0,-1500.0,752.0
110.0,-672.0,-437.0,-2732.0,-1578.0,618.0
171.0,-733.0,-387.0,-2570.0,-1528.0,426.0
256.0,-764.0,-307.0,-2290.0,-1402.0,178.0
276.0,-771.0,-293.0,-1751.0,-1226.0,-178.0
256.0,-746.0,-241.0,-1211.0,-988.0,-579.0
219.0,-663.0,-163.0,-672.0,-721.0,-932.0
187.0,-541.0,-113.0,-105.0,-509.0,-1196.0
157.0,-429.0,-61.0,282.0,-371.0,-1379.0
147.0,-345.0,-9.0,417.0,-335.0,-1494.0
161.0,-254.0,33.0,362.0,-417.0,-1539.0
181.0,-180.0,53.0,206.0,-562.0,-1533.0
200.0,-127.0,56.0,-1.0,-649.0,-1503.0
218.0,-91.0,51.0,-247.0,-622.0,-1446.0
228.0,-81.0,53.0,-529.0,-500.0,-1379.0
237.0,-82.0,71.0,-811.0,-333.0,-1330.0
227.0,-82.0,89.0,-1027.0,-187.0,-1328.0
221.0,-85.0,99.0,-1198.0,-97.0,-1352.0
201.0,-89.0,96.0,-1350.0,-64.0,-1386.0
178.0,-95.0,83.0,-1511.0,-56.0,-1416.0
149.0,-122.0,66.0,-1690.0,-54.0,-1439.0
120.0,-152.0,37.0,-1861.0,-52.0,-1483.0
83.0,-184.0,31.0,-2006.0,-53.0,-1554.0
53.0,-208.0,30.0,-2080.0,-53.0,-1631.0
32.0,-223.0,30.0,-2074.0,-42.0,-1683.0
5.0,-240.0,49.0,-1989.0,-10.0,-1696.0
-16.0,-250.0,59.0,-1849.0,29.0,-1690.0
-44.0,-247.0,70.0,-1685.0,47.0,-1680.0
-57.0,-228.0,72.0,-1528.0,31.0,-1678.0
-62.0,-218.0,70.0,-1402.0,-19.0,-1694.0
-64.0,-189.0,61.0,-1323.0,-83.0,-1723.0
-63.0,-159.0,35.0,-1294.0,-136.0,-1757.0
-58.0,-135.0,11.0,-1308.0,-158.0,-1779.0
-53.0,-118.0,-14.0,-1335.0,-166.0,-1785.0
-45.0,-105.0,-27.0,-1341.0,-168.0,-1764.0
-20.0,-95.0,-50.0,-1332.0,-170.0,-1703.0
11.0,-83.0,-62.0,-1329.0,-152.0,-1628.0
52.0,-83.0,-62.0,-1365.0,-98.0,-1548.0
89.0,-93.0,-43.0,-1455.0,3.0,-1486.0
113.0,-109.0,-28.0,-1586.0,117.0,-1453.0
133.0,-130.0,-19.0,-1695.0,211.0,-1465.0
164.0,-151.0,-23.0,-1732.0,274.0,-1490.0
187.0,-175.0,-40.0,-1678.0,341.0,-1524.0
206.0,-174.0,-61.0,-1552.0,475.0,-1564.0
217.0,-169.0,-78.0,-1401.0,704.0,-1604.0
222.0,-149.0,-92.0,-1266.0,1008.0,-1652.0
211.0,-127.0,-99.0,-1170.0,1323.0,-1711.0
202.0,-98.0,-116.0,-1123.0,1574.0,-1766.0
197.0,-78.0,-134.0,-1117.0,1767.0,-1820.0
194.0,-68.0,-151.0,-1123.0,1947.0,-1859.0
192.0,-63.0,-163.0,-1112.0,2176.0,-1878.0
182.0,-65.0,-170.0,-1087.0,2447.0,-1870.0
171.0,-69.0,-172.0,-1060.0,2710.0,-1842.0
159.0,-73.0,-175.0,-1029.0,2921.0,-1811.0
145.0,-69.0,-181.0,-985.0,3086.0,-1770.0
140.0,-76.0,-183.0,-925.0,3240.0,-1717.0
134.0,-80.0,-182.0,-852.0,3407.0,-1648.0
128.0,-87.0,-173.0,-777.0,3578.0,-1568.0
124.0,-92.0,-168.0,-709.0,3735.0,-1473.0
121.0,-97.0,-158.0,-654.0,3865.0,-1372.0
125.0,-107.0,-158.0,-600.0,3961.0,-1266.0
132.0,-105.0,-149.0,-546.0,4034.0,-1165.0
142.0,-107.0,-143.0,-489.0,4109.0,-1065.0
161.0,-112.0,-142.0,-424.0,4203.0,-954.0
177.0,-120.0,-139.0,-354.0,4300.0,-843.0
186.0,-124.0,-133.0,-276.0,4391.0,-743.0
208.0,-132.0,-127.0,-178.0,4470.0,-670.0
234.0,-137.0,-118.0,-58.0,4544.0,-619.0
260.0,-139.0,-114.0,95.0,4621.0,-571.0
268.0,-146.0,-123.0,283.0,4710.0,-566.0
275.0,-158.0,-124.0,482.0,4810.0,-559.0
293.0,-193.0,-118.0,713.0,4894.0,-528.0
314.0,-229.0,-125.0,1018.0,4945.0,-521.0
299.0,-268.0,-130.0,1427.0,4967.0,-588.0
247.0,-258.0,-144.0,2037.0,4973.0,-845.0
219.0,-219.0,-165.0,2818.0,4881.0,-1265.0
163.0,-119.0,-176.0,3590.0,4617.0,-1808.0
108.0,46.0,-210.0,4181.0,4274.0,-2517.0
56.0,188.0,-218.0,4290.0,3744.0,-3221.0
7.0,279.0,-236.0,3930.0,3002.0,-3656.0
19.0,303.0,-210.0,3181.0,2376.0,-3671.0
367.0,283.0,-25.0,2337.0,2056.0,-3315.0
639.0,195.0,53.0,1636.0,1858.0,-2894.0
886.0,80.0,103.0,1166.0,1736.0,-2721.0
1029.0,-33.0,91.0,955.0,1510.0,-2784.0
1041.0,-73.0,16.0,908.0,1243.0,-2992.0
969.0,-77.0,-85.0,850.0,1218.0,-3248.0
921.0,-78.0,-115.0,681.0,1477.0,-3408.0
901.0,-74.0,-109.0,395.0,1749.0,-3529.0
842.0,-53.0,-110.0,106.0,1779.0,-3717.0
850.0,-5.0,-94.0,-106.0,1597.0,-3918.0
776.0,38.0,-107.0,-221.0,1244.0,-3940.0
694.0,60.0,-92.0,-244.0,1053.0,-3699.0
616.0,69.0,-54.0,-109.0,1210.0,-3362.0
497.0,105.0,16.0,108.0,1529.0,-3025.0
421.0,150.0,54.0,305.0,1792.0,-2623.0
326.0,179.0,82.0,356.0,1859.0,-2115.0
276.0,207.0,130.0,203.0,1668.0,-1635.0
270.0,177.0,100.0,26.0,1264.0,-1094.0
252.0,134.0,69.0,-150.0,872.0,-644.0
223.0,118.0,36.0,-202.0,701.0,-331.0
177.0,104.0,17.0,-182.0,731.0,-54.0
132.0,101.0,4.0,-141.0,796.0,206.0
125.0,100.0,2.0,-117.0,764.0,439.0
135.0,104.0,0.0,-114.0,641.0,606.0
157.0,101.0,-9.0,-120.0,518.0,715.0
174.0,104.0,-7.0,-128.0,467.0,784.0
192.0,101.0,-1.0,-140.0,496.0,828.0
192.0,101.0,2.0,-172.0,557.0,838.0
195.0,90.0,8.0,-218.0,606.0,831.0
200.0,91.0,21.0,-259.0,636.0,814.0
201.0,82.0,32.0,-274.0,661.0,785.0
198.0,73.0,41.0,-253.0,704.0,732.0
193.0,70.0,46.0,-213.0,760.0,680.0
190.0,70.0,54.0,-171.0,811.0,617.0
168.0,73.0,51.0,-114.0,842.0,517.0
135.0,85.0,43.0,-103.0,853.0,435.0
116.0,84.0,42.0,-180.0,832.0,414.0
102.0,74.0,43.0,-311.0,785.0,408.0
102.0,64.0,47.0,-455.0,731.0,400.0
106.0,50.0,55.0,-571.0,679.0,395.0
114.0,35.0,64.0,-641.0,641.0,395.0
119.0,20.0,71.0,-663.0,623.0,394.0
127.0,5.0,82.0,-647.0,617.0,393.0
133.0,-5.0,86.0,-607.0,607.0,393.0
139.0,-17.0,90.0,-563.0,588.0,390.0
150.0,-32.0,97.0,-520.0,568.0,383.0
154.0,-42.0,90.0,-470.0,550.0,372.0
174.0,-55.0,99.0,-406.0,543.0,348.0
182.0,-65.0,104.0,-313.0,548.0,314.0
190.0,-64.0,103.0,-184.0,558.0,273.0
191.0,-65.0,105.0,-23.0,570.0,224.0
201.0,-62.0,104.0,151.0,576.0,175.0
204.0,-48.0,113.0,315.0,572.0,117.0
218.0,-36.0,110.0,469.0,566.0,71.0
232.0,-27.0,112.0,603.0,565.0,34.0
245.0,-16.0,112.0,716.0,565.0,2.0
257.0,-4.0,110.0,811.0,560.0,-42.0
269.0,2.0,102.0,885.0,549.0,-91.0
278.0,12.0,103.0,933.0,534.0,-141.0
281.0,25.0,94.0,969.0,522.0,-188.0
280.0,32.0,92.0,999.0,513.0,-225.0
284.0,41.0,87.0,1020.0,498.0,-241.0
284.0,50.0,85.0,1025.0,483.0,-255.0
290.0,57.0,83.0,1009.0,467.0,-278.0
287.0,62.0,81.0,976.0,455.0,-289.0
286.0,66.0,78.0,930.0,446.0,-299.0
290.0,66.0,79.0,869.0,436.0,-296.0
288.0,67.0,83.0,793.0,423.0,-291.0
293.0,63.0,78.0,720.0,414.0,-291.0
289.0,64.0,83.0,662.0,410.0,-292.0
285.0,65.0,86.0,621.0,411.0,-293.0
281.0,62.0,88.0,585.0,416.0,-284.0
279.0,61.0,99.0,552.0,420.0,-266.0
275.0,62.0,99.0,515.0,423.0,-248.0
265.0,60.0,107.0,476.0,424.0,-236.0
264.0,62.0,109.0,442.0,423.0,-216.0
259.0,59.0,108.0,413.0,408.0,-190.0
267.0,62.0,111.0,395.0,388.0,-169.0
253.0,56.0,99.0,382.0,371.0,-153.0
256.0,57.0,97.0,372.0,369.0,-140.0
255.0,59.0,96.0,356.0,368.0,-104.0
257.0,57.0,98.0,333.0,374.0,-74.0
251.0,59.0,100.0,295.0,391.0,-54.0
245.0,59.0,103.0,246.0,404.0,-40.0
236.0,59.0,107.0,181.0,407.0,-25.0
225.0,62.0,108.0,114.0,401.0,-19.0
224.0,61.0,115.0,42.0,396.0,-7.0
223.0,60.0,116.0,-23.0,394.0,6.0
215.0,62.0,116.0,-83.0,396.0,20.0
221.0,60.0,111.0,-138.0,403.0,31.0
209.0,58.0,112.0,-192.0,407.0,44.0
210.0,56.0,105.0,-247.0,403.0,64.0
211.0,52.0,98.0,-297.0,395.0,89.0
208.0,47.0,95.0,-341.0,391.0,118.0
211.0,37.0,95.0,-382.0,390.0,149.0
213.0,28.0,94.0,-416.0,395.0,182.0
214.0,22.0,94.0,-436.0,400.0,214.0
217.0,13.0,99.0,-446.0,406.0,239.0
218.0,11.0,102.0,-446.0,411.0,261.0
219.0,7.0,105.0,-439.0,413.0,279.0
223.0,6.0,103.0,-428.0,410.0,291.0
226.0,6.0,107.0,-418.0,404.0,300.0
230.0,5.0,101.0,-408.0,397.0,312.0
235.0,6.0,102.0,-395.0,392.0,322.0
237.0,2.0,106.0,-379.0,393.0,332.0
242.0,1.0,101.0,-360.0,397.0,349.0
242.0,0.0,102.0,-342.0,396.0,364.0
248.0,0.0,101.0,-330.0,391.0,374.0
247.0,0.0,106.0,-329.0,383.0,370.0
251.0,-2.0,107.0,-318.0,381.0,371.0
252.0,0.0,110.0,-295.0,387.0,379.0
239.0,12.0,109.0,-280.0,395.0,389.0
253.0,1.0,109.0,-283.0,397.0,401.0
251.0,1.0,104.0,-300.0,388.0,405.0
250.0,3.0,98.0,-323.0,377.0,409.0
252.0,-1.0,98.0,-341.0,371.0,406.0
254.0,-5.0,96.0,-336.0,375.0,404.0
251.0,-6.0,90.0,-314.0,385.0,421.0
252.0,-4.0,88.0,-284.0,391.0,440.0
249.0,-8.0,84.0,-261.0,392.0,450.0
250.0,-4.0,80.0,-247.0,393.0,460.0
248.0,-9.0,80.0,-234.0,397.0,474.0
254.0,-9.0,85.0,-222.0,406.0,488.0
254.0,-10.0,89.0,-214.0,416.0,494.0
253.0,-9.0,92.0,-209.0,425.0,502.0
255.0,-14.0,94.0,-215.0,435.0,516.0
250.0,-15.0,97.0,-224.0,440.0,518.0
245.0,-16.0,105.0,-236.0,447.0,514.0
239.0,-17.0,110.0,-251.0,440.0,513.0
234.0,-23.0,111.0,-269.0,422.0,513.0
234.0,-26.0,105.0,-294.0,402.0,512.0
232.0,-25.0,103.0,-317.0,385.0,499.0
233.0,-36.0,100.0,-328.0,381.0,493.0
231.0,-42.0,102.0,-332.0,387.0,497.0
231.0,-43.0,104.0,-333.0,399.0,494.0
227.0,-49.0,102.0,-333.0,409.0,485.0
232.0,-55.0,98.0,-334.0,417.0,470.0
228.0,-62.0,102.0,-334.0,426.0,446.0
231.0,-64.0,106.0,-319.0,431.0,415.0
223.0,-63.0,106.0,-282.0,427.0,390.0
228.0,-63.0,105.0,-236.0,417.0,365.0
228.0,-63.0,106.0,-186.0,401.0,348.0
229.0,-60.0,106.0,-134.0,387.0,336.0
224.0,-57.0,105.0,-85.0,383.0,326.0
224.0,-49.0,107.0,-55.0,383.0,316.0
226.0,-47.0,110.0,-54.0,381.0,306.0
223.0,-41.0,107.0,-79.0,374.0,298.0
235.0,-46.0,104.0,-123.0,369.0,295.0
245.0,-53.0,98.0,-172.0,371.0,282.0
245.0,-62.0,95.0,-221.0,379.0,258.0
240.0,-71.0,98.0,-263.0,392.0,233.0
232.0,-79.0,101.0,-295.0,401.0,199.0
225.0,-87.0,113.0,-309.0,387.0,150.0
222.0,-99.0,124.0,-303.0,356.0,88.0
222.0,-98.0,131.0,-273.0,323.0,32.0
229.0,-101.0,131.0,-222.0,301.0,-13.0
227.0,-99.0,135.0,-159.0,285.0,-56.0
225.0,-91.0,138.0,-97.0,274.0,-95.0
224.0,-81.0,143.0,-38.0,263.0,-126.0
223.0,-75.0,142.0,14.0,250.0,-147.0
223.0,-64.0,139.0,54.0,245.0,-165.0
224.0,-64.0,146.0,86.0,244.0,-179.0
217.0,-58.0,143.0,114.0,241.0,-187.0
213.0,-50.0,142.0,136.0,232.0,-189.0
215.0,-48.0,149.0,158.0,214.0,-194.0
209.0,-43.0,146.0,178.0,190.0,-205.0
209.0,-42.0,151.0,197.0,167.0,-214.0
201.0,-36.0,145.0,215.0,147.0,-216.0
199.0,-33.0,154.0,235.0,135.0,-204.0
198.0,-33.0,158.0,254.0,126.0,-187.0
193.0,-33.0,158.0,270.0,118.0,-173.0
189.0,-29.0,159.0,278.0,101.0,-161.0
184.0,-31.0,158.0,280.0,79.0,-151.0
182.0,-27.0,152.0,271.0,56.0,-142.0
180.0,-27.0,153.0,255.0,40.0,-132.0
177.0,-23.0,150.0,243.0,29.0,-116.0
177.0,-25.0,143.0,232.0,23.0,-104.0
173.0,-30.0,144.0,224.0,15.0,-89.0
179.0,-22.0,137.0,214.0,5.0,-74.0
184.0,-22.0,144.0,206.0,-1.0,-58.0
187.0,-18.0,137.0,196.0,-4.0,-44.0
191.0,-19.0,135.0,186.0,-4.0,-28.0
191.0,-20.0,134.0,172.0,-3.0,-10.0
192.0,-17.0,133.0,159.0,0.0,4.0
197.0,-19.0,132.0,141.0,3.0,19.0
198.0,-17.0,130.0,124.0,12.0,32.0
197.0,-19.0,134.0,102.0,19.0,43.0
200.0,-20.0,137.0,78.0,22.0,50.0
203.0,-22.0,130.0,52.0,20.0,56.0
207.0,-24.0,131.0,27.0,14.0,61.0
212.0,-27.0,129.0,2.0,5.0,66.0
216.0,-27.0,128.0,-17.0,-2.0,67.0
216.0,-27.0,127.0,-32.0,-9.0,66.0
221.0,-32.0,127.0,-45.0,-14.0,64.0
225.0,-32.0,127.0,-56.0,-18.0,60.0
233.0,-33.0,130.0,-66.0,-23.0,56.0
234.0,-35.0,128.0,-74.0,-28.0,51.0
237.0,-36.0,123.0,-81.0,-31.0,46.0
234.0,-39.0,124.0,-87.0,-31.0,42.0
246.0,-41.0,125.0,-91.0,-32.0,37.0
244.0,-41.0,123.0,-91.0,-32.0,30.0
244.0,-39.0,126.0,-92.0,-34.0,23.0
246.0,-34.0,124.0,-93.0,-39.0,16.0
242.0,-41.0,126.0,-96.0,-43.0,8.0
245.0,-42.0,121.0,-95.0,-51.0,0.0
247.0,-42.0,124.0,-96.0,-53.0,-10.0
246.0,-42.0,120.0,-91.0,-54.0,-16.0
240.0,-42.0,120.0,-86.0,-53.0,-22.0
241.0,-44.0,120.0,-78.0,-54.0,-26.0
239.0,-42.0,116.0,-73.0,-60.0,-30.0
235.0,-38.0,114.0,-65.0,-66.0,-30.0
234.0,-36.0,116.0,-55.0,-71.0,-27.0
233.0,-38.0,114.0,-43.0,-72.0,-23.0
230.0,-38.0,116.0,-32.0,-68.0,-17.0
226.0,-34.0,116.0,-23.0,-63.0,-10.0
227.0,-34.0,113.0,-17.0,-59.0,-3.0
224.0,-37.0,114.0,-18.0,-57.0,-1.0
224.0,-35.0,116.0,-21.0,-57.0,3.0
227.0,-41.0,113.0,-27.0,-57.0,10.0
229.0,-43.0,113.0,-29.0,-53.0,12.0
226.0,-43.0,111.0,-24.0,-45.0,16.0
224.0,-41.0,117.0,-13.0,-36.0,21.0
224.0,-43.0,116.0,0.0,-25.0,24.0
225.0,-40.0,116.0,12.0,-15.0,24.0
226.0,-38.0,118.0,19.0,-7.0,26.0
227.0,-39.0,117.0,22.0,-1.0,26.0
226.0,-38.0,116.0,21.0,4.0,28.0
226.0,-38.0,118.0,16.0,9.0,28.0
225.0,-33.0,120.0,8.0,15.0,26.0
226.0,-38.0,117.0,-5.0,17.0,29.0
222.0,-36.0,119.0,-18.0,19.0,28.0
227.0,-35.0,118.0,-31.0,20.0,30.0
228.0,-41.0,118.0,-37.0,25.0,30.0
226.0,-42.0,120.0,-37.0,31.0,33.0
226.0,-46.0,120.0,-36.0,37.0,33.0
226.0,-40.0,119.0,-32.0,42.0,32.0
230.0,-49.0,119.0,-26.0,46.0,29.0
228.0,-47.0,121.0,-18.0,48.0,25.0
227.0,-46.0,122.0,-9.0,53.0,21.0
229.0,-51.0,118.0,4.0,62.0,16.0
226.0,-48.0,122.0,16.0,67.0,13.0
234.0,-50.0,121.0,26.0,71.0,7.0
218.0,-50.0,117.0,36.0,74.0,5.0
228.0,-45.0,122.0,43.0,80.0,-1.0
225.0,-44.0,124.0,47.0,84.0,-4.0
224.0,-43.0,125.0,50.0,85.0,-10.0
223.0,-42.0,125.0,51.0,85.0,-13.0
225.0,-40.0,126.0,50.0,86.0,-16.0
223.0,-44.0,127.0,50.0,88.0,-18.0
222.0,-43.0,128.0,51.0,86.0,-18.0
219.0,-38.0,127.0,55.0,88.0,-20.0
220.0,-40.0,129.0,58.0,90.0,-16.0
223.0,-41.0,125.0,63.0,91.0,-13.0
221.0,-41.0,129.0,68.0,93.0,-10.0
217.0,-40.0,130.0,72.0,97.0,-10.0
215.0,-39.0,130.0,76.0,97.0,-7.0
218.0,-41.0,132.0,80.0,95.0,-7.0
219.0,-38.0,133.0,79.0,93.0,-7.0
218.0,-39.0,131.0,81.0,90.0,-6.0
217.0,-37.0,128.0,81.0,90.0,-7.0
216.0,-41.0,129.0,80.0,90.0,-7.0
213.0,-39.0,129.0,77.0,90.0,-6.0
212.0,-36.0,127.0,73.0,89.0,-4.0
216.0,-38.0,130.0,68.0,84.0,-5.0
219.0,-48.0,135.0,66.0,83.0,-4.0
214.0,-37.0,131.0,63.0,80.0,-2.0
214.0,-37.0,124.0,65.0,77.0,2.0
212.0,-39.0,129.0,66.0,75.0,3.0
210.0,-41.0,128.0,67.0,72.0,5.0
214.0,-38.0,131.0,67.0,66.0,7.0
212.0,-39.0,129.0,65.0,60.0,8.0
215.0,-38.0,128.0,64.0,55.0,6.0
213.0,-38.0,131.0,61.0,51.0,6.0
213.0,-39.0,131.0,56.0,45.0,5.0
220.0,-42.0,129.0,50.0,41.0,5.0
221.0,-40.0,130.0,45.0,41.0,5.0
220.0,-45.0,133.0,40.0,39.0,4.0
222.0,-43.0,128.0,37.0,39.0,1.0
225.0,-43.0,128.0,37.0,36.0,-1.0
224.0,-42.0,131.0,36.0,32.0,-1.0
223.0,-45.0,127.0,39.0,29.0,-2.0
223.0,-43.0,127.0,44.0,28.0,-3.0
218.0,-40.0,127.0,51.0,27.0,-4.0
222.0,-45.0,127.0,57.0,25.0,-4.0
221.0,-41.0,127.0,65.0,23.0,-7.0
221.0,-39.0,129.0,67.0,20.0,-10.0
221.0,-39.0,127.0,71.0,17.0,-11.0
222.0,-42.0,127.0,68.0,14.0,-10.0
223.0,-39.0,128.0,66.0,12.0,-11.0
221.0,-41.0,130.0,61.0,12.0,-11.0
221.0,-42.0,128.0,58.0,10.0,-11.0
222.0,-41.0,129.0,55.0,9.0,-10.0
221.0,-43.0,128.0,55.0,7.0,-9.0
222.0,-41.0,127.0,57.0,8.0,-7.0
221.0,-41.0,125.0,60.0,10.0,-5.0
221.0,-42.0,128.0,64.0,12.0,-5.0
216.0,-45.0,127.0,67.0,13.0,-5.0
219.0,-43.0,128.0,70.0,11.0,-5.0
