22.0,-291.0,-19.0,-1869.0,-110.0,-93.0
34.0,-278.0,-5.0,-1958.0,-108.0,-94.0
48.0,-282.0,-10.0,-2013.0,-107.0,-106.0
45.0,-292.0,-13.0,-2063.0,-97.0,-121.0
43.0,-302.0,-20.0,-2113.0,-79.0,-126.0
36.0,-304.0,-16.0,-2142.0,-55.0,-126.0
21.0,-303.0,-18.0,-2120.0,-24.0,-124.0
18.0,-302.0,-28.0,-2064.0,-8.0,-118.0
9.0,-302.0,-27.0,-2002.0,0.0,-112.0
1.0,-303.0,-34.0,-1932.0,6.0,-108.0
1.0,-309.0,-43.0,-1872.0,8.0,-95.0
2.0,-314.0,-44.0,-1801.0,13.0,-79.0
2.0,-320.0,-51.0,-1701.0,15.0,-69.0
11.0,-322.0,-53.0,-1572.0,17.0,-63.0
15.0,-315.0,-52.0,-1437.0,15.0,-57.0
20.0,-306.0,-35.0,-1308.0,12.0,-47.0
21.0,-302.0,-47.0,-1198.0,17.0,-26.0
24.0,-297.0,-48.0,-1110.0,21.0,-7.0
22.0,-289.0,-49.0,-1037.0,19.0,5.0
25.0,-285.0,-55.0,-967.0,21.0,14.0
21.0,-279.0,-55.0,-900.0,20.0,26.0
22.0,-270.0,-59.0,-841.0,24.0,43.0
19.0,-261.0,-59.0,-804.0,27.0,60.0
14.0,-254.0,-58.0,-799.0,36.0,82.0
8.0,-256.0,-59.0,-825.0,47.0,100.0
21.0,-261.0,-54.0,-864.0,52.0,116.0
8.0,-262.0,-72.0,-900.0,57.0,125.0
12.0,-265.0,-72.0,-921.0,63.0,130.0
15.0,-271.0,-70.0,-931.0,67.0,128.0
15.0,-268.0,-67.0,-939.0,73.0,122.0
20.0,-273.0,-68.0,-943.0,74.0,110.0
21.0,-273.0,-74.0,-941.0,65.0,90.0
20.0,-278.0,-83.0,-927.0,53.0,68.0
19.0,-274.0,-88.0,-890.0,45.0,50.0
16.0,-274.0,-92.0,-840.0,34.0,32.0
17.0,-274.0,-89.0,-788.0,23.0,10.0
17.0,-270.0,-91.0,-749.0,12.0,-10.0
10.0,-267.0,-85.0,-725.0,2.0,-27.0
15.0,-265.0,-84.0,-708.0,-9.0,-36.0
21.0,-261.0,-86.0,-695.0,-17.0,-39.0
22.0,-254.0,-82.0,-681.0,-22.0,-37.0
27.0,-250.0,-85.0,-671.0,-27.0,-36.0
28.0,-242.0,-92.0,-668.0,-27.0,-33.0
33.0,-243.0,-96.0,-672.0,-28.0,-36.0
35.0,-249.0,-98.0,-675.0,-38.0,-44.0
35.0,-249.0,-95.0,-668.0,-44.0,-46.0
34.0,-252.0,-93.0,-656.0,-45.0,-47.0
33.0,-246.0,-87.0,-647.0,-46.0,-45.0
35.0,-240.0,-80.0,-644.0,-42.0,-45.0
35.0,-239.0,-80.0,-645.0,-35.0,-43.0
34.0,-233.0,-79.0,-649.0,-28.0,-42.0
33.0,-233.0,-79.0,-660.0,-23.0,-38.0
31.0,-222.0,-81.0,-676.0,-23.0,-35.0
29.0,-220.0,-90.0,-690.0,-20.0,-32.0
31.0,-219.0,-93.0,-703.0,-18.0,-30.0
25.0,-223.0,-99.0,-715.0,-15.0,-26.0
26.0,-217.0,-96.0,-717.0,-11.0,-24.0
22.0,-218.0,-96.0,-720.0,-8.0,-24.0
25.0,-219.0,-93.0,-723.0,-9.0,-25.0
26.0,-229.0,-94.0,-720.0,-7.0,-28.0
27.0,-234.0,-84.0,-704.0,-6.0,-32.0
24.0,-231.0,-87.0,-674.0,-2.0,-41.0
24.0,-230.0,-83.0,-636.0,0.0,-50.0
23.0,-227.0,-84.0,-589.0,2.0,-60.0
25.0,-221.0,-80.0,-561.0,5.0,-64.0
27.0,-214.0,-79.0,-544.0,11.0,-66.0
29.0,-210.0,-84.0,-528.0,14.0,-65.0
28.0,-207.0,-87.0,-511.0,12.0,-71.0
30.0,-200.0,-94.0,-493.0,8.0,-77.0
27.0,-198.0,-90.0,-479.0,10.0,-85.0
32.0,-198.0,-89.0,-471.0,11.0,-93.0
27.0,-198.0,-88.0,-469.0,11.0,-95.0
29.0,-192.0,-90.0,-477.0,10.0,-100.0
28.0,-193.0,-92.0,-493.0,2.0,-108.0
29.0,-193.0,-96.0,-509.0,-1.0,-113.0
29.0,-193.0,-98.0,-524.0,-3.0,-120.0
27.0,-192.0,-99.0,-541.0,-4.0,-127.0
29.0,-196.0,-95.0,-559.0,-5.0,-135.0
24.0,-199.0,-96.0,-570.0,-10.0,-142.0
23.0,-198.0,-90.0,-573.0,-18.0,-149.0
24.0,-200.0,-100.0,-568.0,-26.0,-155.0
22.0,-198.0,-101.0,-555.0,-32.0,-163.0
26.0,-203.0,-104.0,-539.0,-38.0,-172.0
22.0,-206.0,-101.0,-514.0,-45.0,-176.0
26.0,-210.0,-102.0,-483.0,-49.0,-180.0
29.0,-207.0,-101.0,-449.0,-51.0,-188.0
28.0,-203.0,-105.0,-417.0,-54.0,-197.0
29.0,-204.0,-107.0,-388.0,-54.0,-211.0
25.0,-196.0,-98.0,-362.0,-50.0,-222.0
22.0,-196.0,-96.0,-340.0,-46.0,-233.0
28.0,-196.0,-98.0,-323.0,-42.0,-241.0
23.0,-192.0,-98.0,-305.0,-40.0,-250.0
25.0,-192.0,-102.0,-282.0,-39.0,-258.0
27.0,-189.0,-101.0,-261.0,-38.0,-265.0
28.0,-189.0,-103.0,-243.0,-33.0,-272.0
29.0,-188.0,-101.0,-224.0,-30.0,-277.0
26.0,-187.0,-102.0,-205.0,-28.0,-282.0
29.0,-185.0,-106.0,-187.0,-21.0,-288.0
30.0,-185.0,-104.0,-177.0,-12.0,-294.0
30.0,-188.0,-104.0,-166.0,-3.0,-298.0
28.0,-186.0,-105.0,-152.0,5.0,-301.0
25.0,-185.0,-105.0,-137.0,20.0,-303.0
27.0,-185.0,-99.0,-124.0,33.0,-306.0
23.0,-179.0,-98.0,-114.0,43.0,-311.0
23.0,-173.0,-99.0,-109.0,55.0,-316.0
15.0,-168.0,-96.0,-111.0,63.0,-316.0
15.0,-168.0,-93.0,-122.0,69.0,-314.0
14.0,-165.0,-98.0,-134.0,71.0,-313.0
13.0,-172.0,-102.0,-143.0,67.0,-312.0
15.0,-171.0,-106.0,-148.0,65.0,-312.0
16.0,-172.0,-106.0,-151.0,71.0,-310.0
11.0,-171.0,-100.0,-156.0,79.0,-311.0
17.0,-175.0,-101.0,-161.0,86.0,-314.0
14.0,-176.0,-100.0,-162.0,90.0,-318.0
16.0,-175.0,-103.0,-162.0,99.0,-322.0
16.0,-178.0,-106.0,-161.0,107.0,-325.0
22.0,-180.0,-107.0,-155.0,115.0,-326.0
22.0,-185.0,-110.0,-147.0,124.0,-324.0
18.0,-181.0,-108.0,-137.0,134.0,-322.0
18.0,-183.0,-101.0,-126.0,142.0,-320.0
19.0,-182.0,-108.0,-113.0,148.0,-316.0
14.0,-185.0,-104.0,-99.0,154.0,-308.0
13.0,-183.0,-107.0,-84.0,159.0,-300.0
10.0,-187.0,-106.0,-74.0,162.0,-292.0
12.0,-190.0,-108.0,-63.0,165.0,-282.0
13.0,-192.0,-108.0,-49.0,166.0,-271.0
12.0,-193.0,-110.0,-32.0,167.0,-259.0
13.0,-200.0,-104.0,-14.0,167.0,-250.0
16.0,-197.0,-109.0,2.0,170.0,-240.0
19.0,-202.0,-109.0,18.0,174.0,-230.0
20.0,-203.0,-110.0,31.0,178.0,-218.0
18.0,-204.0,-110.0,45.0,185.0,-209.0
13.0,-200.0,-107.0,57.0,189.0,-202.0
17.0,-203.0,-112.0,67.0,191.0,-191.0
14.0,-202.0,-109.0,74.0,188.0,-183.0
14.0,-204.0,-115.0,80.0,186.0,-173.0
13.0,-203.0,-112.0,84.0,179.0,-167.0
11.0,-206.0,-114.0,83.0,174.0,-162.0
11.0,-211.0,-113.0,77.0,166.0,-158.0
14.0,-214.0,-115.0,71.0,155.0,-156.0
15.0,-219.0,-116.0,60.0,146.0,-157.0
23.0,-223.0,-120.0,51.0,140.0,-159.0
23.0,-225.0,-118.0,36.0,136.0,-164.0
31.0,-230.0,-122.0,25.0,133.0,-169.0
31.0,-232.0,-121.0,21.0,130.0,-175.0
32.0,-236.0,-122.0,24.0,133.0,-181.0
29.0,-231.0,-125.0,42.0,141.0,-182.0
27.0,-230.0,-124.0,74.0,149.0,-181.0
29.0,-227.0,-129.0,109.0,159.0,-179.0
26.0,-226.0,-131.0,129.0,165.0,-183.0
27.0,-231.0,-138.0,124.0,168.0,-195.0
26.0,-238.0,-134.0,112.0,171.0,-214.0
25.0,-240.0,-130.0,108.0,166.0,-231.0
20.0,-239.0,-124.0,118.0,165.0,-245.0
15.0,-240.0,-127.0,145.0,163.0,-252.0
15.0,-242.0,-131.0,180.0,162.0,-255.0
12.0,-246.0,-132.0,218.0,162.0,-252.0
10.0,-248.0,-134.0,259.0,162.0,-251.0
9.0,-251.0,-135.0,306.0,168.0,-247.0
1.0,-244.0,-128.0,354.0,175.0,-235.0
-2.0,-243.0,-127.0,402.0,175.0,-224.0
-1.0,-236.0,-135.0,454.0,167.0,-213.0
-5.0,-228.0,-134.0,502.0,155.0,-202.0
-7.0,-223.0,-132.0,540.0,143.0,-191.0
-3.0,-219.0,-133.0,561.0,132.0,-183.0
0.0,-210.0,-127.0,568.0,123.0,-178.0
-7.0,-202.0,-120.0,564.0,120.0,-175.0
-5.0,-194.0,-114.0,553.0,117.0,-160.0
1.0,-192.0,-118.0,527.0,108.0,-143.0
-1.0,-191.0,-118.0,494.0,104.0,-124.0
-1.0,-189.0,-122.0,460.0,106.0,-98.0
-1.0,-192.0,-127.0,432.0,120.0,-66.0
-5.0,-192.0,-123.0,404.0,139.0,-41.0
-2.0,-192.0,-118.0,375.0,154.0,-14.0
-2.0,-191.0,-114.0,345.0,159.0,13.0
-6.0,-185.0,-111.0,311.0,164.0,36.0
-4.0,-185.0,-107.0,273.0,155.0,67.0
3.0,-181.0,-107.0,233.0,145.0,95.0
4.0,-182.0,-115.0,200.0,156.0,119.0
10.0,-183.0,-109.0,167.0,179.0,139.0
16.0,-184.0,-112.0,128.0,199.0,164.0
26.0,-191.0,-113.0,93.0,216.0,180.0
34.0,-189.0,-112.0,65.0,239.0,185.0
35.0,-193.0,-115.0,45.0,271.0,181.0
36.0,-194.0,-110.0,31.0,315.0,170.0
29.0,-196.0,-110.0,29.0,360.0,156.0
21.0,-196.0,-107.0,37.0,397.0,143.0
13.0,-202.0,-103.0,50.0,432.0,134.0
6.0,-199.0,-102.0,68.0,468.0,128.0
5.0,-194.0,-99.0,78.0,498.0,132.0
0.0,-192.0,-94.0,82.0,512.0,149.0
-3.0,-193.0,-97.0,88.0,523.0,165.0
-4.0,-192.0,-96.0,93.0,538.0,176.0
-1.0,-191.0,-99.0,96.0,558.0,201.0
0.0,-188.0,-101.0,103.0,585.0,226.0
3.0,-183.0,-98.0,110.0,617.0,253.0
1.0,-180.0,-99.0,131.0,646.0,274.0
2.0,-177.0,-102.0,147.0,669.0,291.0
-2.0,-171.0,-101.0,152.0,695.0,312.0
-2.0,-168.0,-96.0,146.0,720.0,325.0
0.0,-167.0,-101.0,127.0,739.0,338.0
0.0,-164.0,-99.0,98.0,759.0,344.0
5.0,-170.0,-99.0,62.0,778.0,349.0
15.0,-169.0,-90.0,39.0,800.0,343.0
19.0,-169.0,-85.0,51.0,826.0,331.0
29.0,-167.0,-81.0,88.0,854.0,318.0
34.0,-160.0,-74.0,130.0,884.0,299.0
38.0,-157.0,-68.0,160.0,915.0,277.0
38.0,-152.0,-63.0,174.0,946.0,242.0
43.0,-94.0,-36.0,205.0,969.0,169.0
12.0,-174.0,-92.0,308.0,947.0,114.0
23.0,-154.0,-61.0,177.0,991.0,142.0
4.0,-143.0,-61.0,119.0,1046.0,118.0
2.0,-149.0,-55.0,102.0,1043.0,103.0
-4.0,-152.0,-57.0,91.0,1034.0,87.0
-10.0,-156.0,-58.0,90.0,1020.0,75.0
-17.0,-162.0,-58.0,101.0,1003.0,63.0
-25.0,-160.0,-58.0,121.0,979.0,56.0
-26.0,-163.0,-57.0,155.0,947.0,52.0
-26.0,-163.0,-58.0,183.0,916.0,51.0
-23.0,-165.0,-55.0,204.0,883.0,50.0
-24.0,-159.0,-56.0,209.0,856.0,44.0
-17.0,-156.0,-53.0,200.0,835.0,33.0
-14.0,-155.0,-52.0,185.0,826.0,12.0
-8.0,-155.0,-45.0,172.0,813.0,-20.0
-6.0,-149.0,-41.0,160.0,796.0,-65.0
-7.0,-146.0,-35.0,149.0,773.0,-121.0
-6.0,-148.0,-28.0,136.0,745.0,-184.0
-7.0,-145.0,-29.0,117.0,715.0,-256.0
-8.0,-142.0,-32.0,95.0,697.0,-334.0
-8.0,-144.0,-30.0,73.0,685.0,-409.0
-5.0,-142.0,-34.0,58.0,680.0,-486.0
0.0,-138.0,-39.0,57.0,680.0,-560.0
4.0,-135.0,-37.0,67.0,688.0,-635.0
6.0,-128.0,-42.0,86.0,699.0,-708.0
13.0,-122.0,-42.0,102.0,708.0,-777.0
10.0,-114.0,-42.0,114.0,710.0,-845.0
8.0,-108.0,-37.0,118.0,706.0,-904.0
6.0,-102.0,-36.0,117.0,697.0,-953.0
4.0,-97.0,-38.0,110.0,686.0,-997.0
5.0,-95.0,-35.0,90.0,680.0,-1033.0
0.0,-92.0,-26.0,60.0,680.0,-1063.0
0.0,-99.0,-15.0,23.0,680.0,-1084.0
0.0,-108.0,-2.0,-9.0,673.0,-1103.0
1.0,-126.0,4.0,-17.0,660.0,-1117.0
12.0,-143.0,8.0,13.0,644.0,-1134.0
17.0,-155.0,6.0,91.0,623.0,-1148.0
20.0,-160.0,1.0,206.0,602.0,-1160.0
21.0,-152.0,2.0,344.0,582.0,-1169.0
30.0,-141.0,-3.0,493.0,559.0,-1177.0
38.0,-131.0,-17.0,636.0,543.0,-1194.0
45.0,-116.0,-26.0,741.0,535.0,-1228.0
51.0,-107.0,-33.0,787.0,538.0,-1290.0
45.0,-105.0,-28.0,782.0,543.0,-1366.0
49.0,-109.0,-20.0,757.0,556.0,-1454.0
38.0,-109.0,-14.0,748.0,601.0,-1540.0
22.0,-99.0,-14.0,762.0,660.0,-1616.0
16.0,-94.0,-20.0,782.0,717.0,-1673.0
9.0,-92.0,-11.0,778.0,772.0,-1723.0
9.0,-94.0,-12.0,759.0,813.0,-1762.0
15.0,-96.0,-24.0,731.0,848.0,-1793.0
25.0,-106.0,-37.0,678.0,887.0,-1799.0
34.0,-122.0,-47.0,594.0,933.0,-1767.0
59.0,-157.0,-63.0,512.0,987.0,-1686.0
94.0,-192.0,-52.0,489.0,1037.0,-1565.0
132.0,-230.0,-45.0,572.0,1088.0,-1448.0
142.0,-247.0,-32.0,751.0,1133.0,-1366.0
164.0,-254.0,-29.0,986.0,1169.0,-1313.0
176.0,-260.0,-33.0,1238.0,1219.0,-1293.0
201.0,-261.0,-38.0,1489.0,1290.0,-1294.0
203.0,-247.0,-60.0,1742.0,1370.0,-1355.0
208.0,-234.0,-78.0,1959.0,1463.0,-1483.0
218.0,-225.0,-82.0,2114.0,1588.0,-1615.0
222.0,-222.0,-70.0,2251.0,1701.0,-1713.0
217.0,-239.0,-67.0,2393.0,1799.0,-1721.0
218.0,-259.0,-45.0,2540.0,1893.0,-1656.0
215.0,-281.0,-27.0,2681.0,1999.0,-1649.0
217.0,-295.0,-10.0,2841.0,2092.0,-1656.0
206.0,-317.0,0.0,3050.0,2167.0,-1655.0
159.0,-330.0,-2.0,3318.0,2237.0,-1692.0
65.0,-317.0,-28.0,3593.0,2221.0,-1776.0
-3.0,-302.0,-52.0,3815.0,2049.0,-1811.0
11.0,-201.0,6.0,4006.0,1825.0,-1804.0
199.0,-260.0,-20.0,4297.0,1612.0,-1901.0
427.0,-202.0,-12.0,4326.0,1446.0,-2247.0
532.0,-153.0,-18.0,4252.0,1290.0,-2805.0
637.0,-179.0,-12.0,4043.0,1127.0,-3136.0
707.0,-188.0,15.0,3795.0,1047.0,-3269.0
965.0,-385.0,86.0,3489.0,1046.0,-3347.0
1163.0,-509.0,120.0,3119.0,933.0,-3395.0
1272.0,-634.0,147.0,2989.0,969.0,-3580.0
1441.0,-698.0,194.0,3066.0,1175.0,-3734.0
1560.0,-680.0,171.0,3196.0,1245.0,-3872.0
1655.0,-520.0,142.0,3196.0,931.0,-4112.0
1522.0,-259.0,51.0,3003.0,183.0,-4562.0
975.0,-53.0,-46.0,2622.0,-597.0,-4961.0
620.0,19.0,-55.0,1879.0,-763.0,-5274.0
471.0,-24.0,-27.0,711.0,-786.0,-5691.0
239.0,-24.0,65.0,-714.0,-955.0,-6171.0
47.0,-55.0,129.0,-1896.0,-985.0,-6581.0
-102.0,-124.0,199.0,-2637.0,-720.0,-6689.0
-215.0,-255.0,265.0,-2862.0,-310.0,-6365.0
-276.0,-355.0,312.0,-2671.0,-15.0,-5770.0
-315.0,-450.0,325.0,-2185.0,-24.0,-5100.0
-299.0,-498.0,323.0,-1495.0,-229.0,-4629.0
-150.0,-463.0,314.0,-718.0,-512.0,-4473.0
-56.0,-372.0,266.0,9.0,-879.0,-4448.0
-8.0,-304.0,212.0,692.0,-1102.0,-4219.0
41.0,-258.0,132.0,1418.0,-1012.0,-3794.0
63.0,-216.0,64.0,2172.0,-724.0,-3404.0
74.0,-165.0,33.0,2843.0,-500.0,-3187.0
87.0,-96.0,17.0,3393.0,-452.0,-3176.0
95.0,-39.0,9.0,3793.0,-573.0,-3268.0
112.0,22.0,-6.0,4020.0,-765.0,-3359.0
121.0,82.0,-20.0,4049.0,-941.0,-3418.0
123.0,123.0,-45.0,3926.0,-1043.0,-3427.0
121.0,143.0,-51.0,3676.0,-1095.0,-3370.0
120.0,166.0,-57.0,3326.0,-1098.0,-3272.0
112.0,173.0,-50.0,2940.0,-1038.0,-3150.0
113.0,180.0,-20.0,2568.0,-959.0,-3013.0
121.0,171.0,21.0,2313.0,-901.0,-2902.0
132.0,138.0,39.0,2141.0,-901.0,-2804.0
144.0,103.0,46.0,1979.0,-962.0,-2714.0
138.0,61.0,43.0,1868.0,-1016.0,-2627.0
142.0,27.0,37.0,1814.0,-993.0,-2517.0
163.0,10.0,42.0,1807.0,-898.0,-2378.0
171.0,12.0,55.0,1857.0,-785.0,-2231.0
176.0,-9.0,115.0,1986.0,-677.0,-2073.0
200.0,35.0,100.0,2369.0,-646.0,-1871.0
272.0,135.0,69.0,2763.0,-746.0,-1667.0
330.0,216.0,32.0,3029.0,-897.0,-1566.0
367.0,275.0,-7.0,3151.0,-1026.0,-1498.0
390.0,330.0,-74.0,3116.0,-1051.0,-1398.0
401.0,372.0,-129.0,2936.0,-980.0,-1259.0
402.0,381.0,-167.0,2649.0,-836.0,-1105.0
381.0,396.0,-185.0,2343.0,-666.0,-956.0
345.0,400.0,-188.0,2034.0,-533.0,-800.0
316.0,393.0,-161.0,1688.0,-488.0,-592.0
297.0,383.0,-130.0,1355.0,-515.0,-339.0
286.0,363.0,-99.0,1076.0,-550.0,-88.0
283.0,312.0,-79.0,827.0,-542.0,117.0
273.0,272.0,-64.0,537.0,-469.0,265.0
255.0,219.0,-37.0,268.0,-342.0,381.0
245.0,162.0,-6.0,57.0,-231.0,487.0
217.0,106.0,9.0,-67.0,-181.0,568.0
196.0,65.0,26.0,-95.0,-168.0,604.0
183.0,36.0,30.0,-15.0,-181.0,594.0
175.0,3.0,35.0,142.0,-215.0,561.0
170.0,-16.0,34.0,365.0,-259.0,510.0
164.0,-25.0,26.0,625.0,-299.0,450.0
159.0,-14.0,19.0,896.0,-338.0,373.0
154.0,-1.0,6.0,1153.0,-386.0,307.0
165.0,16.0,-1.0,1369.0,-432.0,260.0
173.0,46.0,-15.0,1543.0,-455.0,211.0
174.0,74.0,-24.0,1658.0,-448.0,159.0
181.0,107.0,-24.0,1696.0,-418.0,111.0
190.0,127.0,-19.0,1658.0,-392.0,59.0
195.0,148.0,-26.0,1537.0,-380.0,22.0
212.0,157.0,-25.0,1351.0,-378.0,-9.0
230.0,160.0,-35.0,1127.0,-366.0,-44.0
244.0,156.0,-34.0,900.0,-334.0,-79.0
255.0,155.0,-34.0,706.0,-288.0,-95.0
277.0,142.0,-37.0,562.0,-247.0,-95.0
284.0,129.0,-36.0,471.0,-223.0,-79.0
293.0,117.0,-49.0,431.0,-205.0,-53.0
298.0,106.0,-44.0,446.0,-194.0,-18.0
299.0,101.0,-48.0,504.0,-192.0,10.0
295.0,93.0,-37.0,589.0,-206.0,36.0
290.0,90.0,-44.0,710.0,-243.0,55.0
274.0,92.0,-47.0,834.0,-285.0,74.0
265.0,108.0,-49.0,936.0,-316.0,102.0
257.0,108.0,-57.0,995.0,-338.0,125.0
248.0,111.0,-52.0,990.0,-357.0,136.0
236.0,110.0,-49.0,965.0,-378.0,147.0
236.0,105.0,-42.0,943.0,-404.0,159.0
232.0,110.0,-45.0,941.0,-429.0,168.0
232.0,110.0,-48.0,955.0,-451.0,189.0
229.0,116.0,-47.0,974.0,-466.0,205.0
231.0,125.0,-61.0,992.0,-472.0,228.0
233.0,124.0,-67.0,997.0,-476.0,251.0
233.0,131.0,-71.0,987.0,-476.0,277.0
237.0,134.0,-75.0,965.0,-477.0,291.0
245.0,134.0,-78.0,946.0,-481.0,298.0
255.0,135.0,-79.0,931.0,-487.0,298.0
256.0,131.0,-86.0,920.0,-489.0,298.0
255.0,130.0,-87.0,911.0,-476.0,299.0
256.0,129.0,-90.0,894.0,-453.0,290.0
254.0,128.0,-89.0,856.0,-425.0,271.0
247.0,127.0,-86.0,804.0,-399.0,250.0
245.0,122.0,-81.0,746.0,-382.0,233.0
244.0,122.0,-82.0,691.0,-375.0,225.0
245.0,118.0,-77.0,652.0,-383.0,217.0
245.0,114.0,-77.0,628.0,-392.0,210.0
244.0,112.0,-80.0,614.0,-394.0,210.0
249.0,109.0,-89.0,602.0,-386.0,208.0
247.0,113.0,-91.0,589.0,-366.0,199.0
243.0,110.0,-93.0,567.0,-333.0,185.0
249.0,107.0,-97.0,537.0,-304.0,170.0
248.0,105.0,-100.0,499.0,-281.0,153.0
250.0,102.0,-103.0,465.0,-248.0,129.0
250.0,100.0,-98.0,439.0,-216.0,103.0
248.0,96.0,-102.0,424.0,-188.0,73.0
249.0,95.0,-97.0,410.0,-162.0,50.0
244.0,98.0,-96.0,394.0,-133.0,29.0
245.0,97.0,-97.0,374.0,-98.0,14.0
244.0,96.0,-93.0,353.0,-67.0,-2.0
244.0,91.0,-89.0,334.0,-41.0,-10.0
234.0,95.0,-90.0,326.0,-16.0,-21.0
247.0,97.0,-85.0,331.0,4.0,-35.0
236.0,93.0,-84.0,319.0,7.0,-27.0
235.0,94.0,-81.0,298.0,26.0,-22.0
234.0,98.0,-89.0,297.0,39.0,-32.0
229.0,103.0,-93.0,301.0,38.0,-34.0
225.0,94.0,-67.0,295.0,32.0,-33.0
224.0,98.0,-70.0,281.0,26.0,-31.0
222.0,95.0,-69.0,262.0,11.0,-28.0
220.0,98.0,-69.0,241.0,-11.0,-26.0
223.0,94.0,-68.0,219.0,-37.0,-24.0
223.0,91.0,-70.0,197.0,-60.0,-20.0
222.0,93.0,-75.0,170.0,-77.0,-15.0
226.0,92.0,-72.0,143.0,-86.0,-8.0
232.0,91.0,-73.0,115.0,-93.0,0.0
239.0,89.0,-73.0,89.0,-101.0,10.0
249.0,88.0,-69.0,62.0,-101.0,30.0
253.0,87.0,-71.0,36.0,-88.0,51.0
249.0,78.0,-75.0,15.0,-66.0,74.0
244.0,81.0,-69.0,0.0,-43.0,95.0
246.0,80.0,-75.0,-12.0,-23.0,111.0
244.0,79.0,-80.0,-23.0,-5.0,129.0
247.0,78.0,-82.0,-30.0,7.0,145.0
251.0,79.0,-78.0,-38.0,19.0,162.0
252.0,78.0,-80.0,-49.0,25.0,179.0
254.0,78.0,-84.0,-57.0,35.0,194.0
255.0,72.0,-83.0,-61.0,54.0,205.0
256.0,73.0,-79.0,-65.0,72.0,216.0
258.0,72.0,-83.0,-70.0,92.0,226.0
254.0,68.0,-80.0,-72.0,111.0,235.0
256.0,63.0,-79.0,-75.0,124.0,242.0
258.0,62.0,-80.0,-73.0,136.0,245.0
259.0,61.0,-83.0,-70.0,150.0,246.0
258.0,58.0,-77.0,-72.0,171.0,242.0
257.0,59.0,-75.0,-73.0,194.0,239.0
254.0,54.0,-75.0,-76.0,215.0,232.0
258.0,48.0,-69.0,-78.0,233.0,224.0
256.0,49.0,-74.0,-79.0,248.0,217.0
256.0,48.0,-68.0,-83.0,265.0,207.0
258.0,48.0,-63.0,-83.0,287.0,191.0
257.0,46.0,-67.0,-82.0,300.0,172.0
257.0,43.0,-65.0,-77.0,309.0,157.0
258.0,45.0,-63.0,-69.0,318.0,143.0
256.0,44.0,-61.0,-54.0,329.0,129.0
258.0,39.0,-59.0,-35.0,339.0,114.0
258.0,44.0,-56.0,-13.0,344.0,99.0
258.0,43.0,-54.0,6.0,346.0,81.0
258.0,46.0,-53.0,26.0,343.0,70.0
259.0,42.0,-52.0,46.0,341.0,62.0
256.0,43.0,-49.0,64.0,340.0,48.0
255.0,44.0,-48.0,81.0,338.0,35.0
252.0,49.0,-56.0,99.0,333.0,16.0
254.0,50.0,-45.0,103.0,321.0,-3.0
252.0,49.0,-46.0,114.0,314.0,-10.0
253.0,49.0,-41.0,123.0,304.0,-12.0
251.0,48.0,-41.0,132.0,297.0,-23.0
247.0,51.0,-35.0,136.0,288.0,-37.0
246.0,50.0,-35.0,142.0,279.0,-48.0
246.0,54.0,-35.0,146.0,266.0,-55.0
243.0,51.0,-36.0,143.0,253.0,-64.0
245.0,52.0,-33.0,140.0,242.0,-73.0
244.0,53.0,-19.0,135.0,232.0,-77.0
242.0,60.0,-36.0,134.0,219.0,-81.0
245.0,55.0,-26.0,132.0,206.0,-86.0
242.0,60.0,-26.0,132.0,194.0,-89.0
240.0,60.0,-28.0,137.0,184.0,-89.0
247.0,62.0,-23.0,141.0,171.0,-85.0
241.0,59.0,-28.0,144.0,157.0,-88.0
242.0,60.0,-31.0,140.0,145.0,-85.0
244.0,59.0,-30.0,139.0,135.0,-76.0
242.0,59.0,-31.0,142.0,120.0,-69.0
245.0,62.0,-34.0,144.0,104.0,-64.0
246.0,62.0,-33.0,143.0,89.0,-60.0
243.0,63.0,-35.0,142.0,76.0,-56.0
248.0,65.0,-29.0,139.0,65.0,-52.0
240.0,62.0,-35.0,131.0,50.0,-53.0
249.0,62.0,-36.0,122.0,37.0,-50.0
243.0,64.0,-36.0,117.0,27.0,-43.0
249.0,61.0,-38.0,116.0,18.0,-38.0
247.0,65.0,-36.0,116.0,11.0,-32.0
246.0,65.0,-37.0,115.0,1.0,-29.0
250.0,62.0,-34.0,111.0,-10.0,-29.0
247.0,64.0,-38.0,104.0,-18.0,-27.0
246.0,64.0,-40.0,93.0,-24.0,-24.0
245.0,66.0,-43.0,83.0,-30.0,-19.0
247.0,64.0,-38.0,73.0,-38.0,-16.0
248.0,64.0,-39.0,63.0,-44.0,-13.0
251.0,63.0,-43.0,57.0,-48.0,-10.0
246.0,61.0,-42.0,57.0,-52.0,-6.0
249.0,62.0,-39.0,60.0,-58.0,-1.0
252.0,62.0,-41.0,63.0,-65.0,2.0
253.0,60.0,-42.0,68.0,-73.0,6.0
248.0,59.0,-40.0,74.0,-79.0,6.0
253.0,58.0,-41.0,81.0,-82.0,7.0
251.0,55.0,-40.0,90.0,-85.0,8.0
248.0,56.0,-37.0,99.0,-91.0,7.0
250.0,55.0,-44.0,109.0,-97.0,7.0
247.0,55.0,-42.0,120.0,-104.0,7.0
250.0,61.0,-45.0,129.0,-108.0,10.0
251.0,58.0,-45.0,137.0,-114.0,9.0
250.0,59.0,-52.0,144.0,-117.0,12.0
250.0,62.0,-47.0,148.0,-119.0,13.0
250.0,60.0,-51.0,154.0,-119.0,14.0
251.0,59.0,-49.0,158.0,-118.0,13.0
250.0,60.0,-51.0,161.0,-117.0,15.0
253.0,60.0,-43.0,162.0,-114.0,18.0
254.0,61.0,-57.0,162.0,-112.0,19.0
253.0,61.0,-56.0,161.0,-106.0,19.0
255.0,64.0,-60.0,159.0,-101.0,20.0
256.0,62.0,-57.0,155.0,-94.0,22.0
254.0,60.0,-59.0,148.0,-88.0,22.0
254.0,62.0,-60.0,142.0,-83.0,22.0
256.0,58.0,-55.0,137.0,-77.0,22.0
254.0,58.0,-55.0,131.0,-75.0,22.0
256.0,57.0,-57.0,126.0,-71.0,24.0
252.0,59.0,-61.0,122.0,-65.0,24.0
256.0,59.0,-60.0,121.0,-59.0,22.0
254.0,57.0,-57.0,121.0,-53.0,20.0
255.0,59.0,-55.0,121.0,-43.0,19.0
252.0,62.0,-60.0,122.0,-35.0,16.0
255.0,57.0,-58.0,121.0,-28.0,13.0
251.0,61.0,-59.0,121.0,-23.0,13.0
253.0,57.0,-54.0,123.0,-18.0,11.0
250.0,60.0,-55.0,125.0,-14.0,11.0
251.0,59.0,-54.0,126.0,-12.0,10.0
252.0,61.0,-57.0,124.0,-10.0,11.0
250.0,61.0,-56.0,121.0,-6.0,10.0
261.0,71.0,-39.0,115.0,-5.0,9.0
246.0,59.0,-57.0,106.0,-7.0,6.0
254.0,57.0,-52.0,83.0,-11.0,6.0
254.0,57.0,-49.0,76.0,-7.0,10.0
253.0,55.0,-56.0,75.0,3.0,6.0
253.0,55.0,-50.0,74.0,12.0,4.0
254.0,54.0,-57.0,72.0,15.0,-1.0
251.0,54.0,-54.0,73.0,19.0,-5.0
254.0,54.0,-56.0,71.0,23.0,-6.0
255.0,54.0,-56.0,71.0,26.0,-7.0
254.0,55.0,-55.0,71.0,29.0,-11.0
256.0,53.0,-54.0,70.0,40.0,-19.0
253.0,56.0,-54.0,71.0,54.0,-22.0
253.0,58.0,-52.0,73.0,62.0,-25.0
254.0,53.0,-55.0,76.0,64.0,-29.0
253.0,54.0,-51.0,80.0,63.0,-29.0
253.0,55.0,-54.0,86.0,61.0,-31.0
250.0,58.0,-52.0,91.0,60.0,-29.0
249.0,56.0,-51.0,93.0,56.0,-31.0
248.0,59.0,-53.0,98.0,54.0,-31.0
251.0,57.0,-49.0,102.0,55.0,-31.0
256.0,61.0,-37.0,108.0,55.0,-32.0
246.0,54.0,-46.0,110.0,50.0,-39.0
252.0,56.0,-56.0,100.0,45.0,-39.0
251.0,55.0,-49.0,103.0,45.0,-36.0
254.0,57.0,-47.0,112.0,47.0,-34.0
251.0,58.0,-44.0,118.0,49.0,-36.0
251.0,59.0,-48.0,119.0,47.0,-37.0
251.0,60.0,-54.0,117.0,46.0,-37.0
252.0,59.0,-51.0,114.0,42.0,-34.0
253.0,59.0,-50.0,105.0,39.0,-38.0
253.0,57.0,-49.0,98.0,39.0,-41.0
251.0,59.0,-55.0,95.0,42.0,-41.0
247.0,62.0,-44.0,92.0,43.0,-41.0
249.0,60.0,-49.0,89.0,43.0,-39.0
248.0,63.0,-51.0,87.0,45.0,-39.0
251.0,58.0,-48.0,89.0,39.0,-38.0
251.0,59.0,-49.0,88.0,32.0,-39.0
248.0,59.0,-49.0,87.0,29.0,-37.0
250.0,57.0,-49.0,89.0,29.0,-35.0
249.0,58.0,-54.0,90.0,27.0,-34.0
247.0,59.0,-51.0,91.0,24.0,-32.0
249.0,61.0,-51.0,89.0,21.0,-31.0
249.0,62.0,-51.0,86.0,19.0,-29.0
252.0,59.0,-49.0,81.0,18.0,-27.0
249.0,61.0,-49.0,79.0,18.0,-26.0
251.0,62.0,-50.0,76.0,17.0,-24.0
248.0,62.0,-52.0,73.0,17.0,-24.0
252.0,62.0,-55.0,70.0,17.0,-23.0
250.0,61.0,-52.0,66.0,15.0,-21.0
250.0,60.0,-50.0,65.0,15.0,-19.0
249.0,62.0,-49.0,64.0,15.0,-18.0
249.0,60.0,-49.0,64.0,13.0,-17.0
247.0,60.0,-53.0,64.0,11.0,-14.0
249.0,59.0,-48.0,65.0,11.0,-12.0
250.0,62.0,-49.0,66.0,8.0,-10.0
249.0,57.0,-49.0,66.0,8.0,-12.0
251.0,62.0,-51.0,65.0,9.0,-10.0
251.0,58.0,-53.0,64.0,9.0,-9.0
253.0,59.0,-51.0,63.0,6.0,-11.0
250.0,60.0,-47.0,61.0,4.0,-12.0
250.0,60.0,-46.0,59.0,2.0,-13.0
248.0,61.0,-53.0,58.0,0.0,-14.0
249.0,58.0,-51.0,58.0,-2.0,-15.0
251.0,58.0,-48.0,59.0,-3.0,-13.0
252.0,58.0,-50.0,59.0,-3.0,-9.0
253.0,59.0,-53.0,58.0,-2.0,-11.0
