-4.0,-220.0,-149.0,-697.0,2.0,-118.0
-6.0,-220.0,-147.0,-698.0,5.0,-128.0
-8.0,-219.0,-150.0,-698.0,8.0,-135.0
-3.0,-219.0,-145.0,-696.0,10.0,-142.0
-5.0,-216.0,-142.0,-701.0,13.0,-149.0
-3.0,-214.0,-145.0,-706.0,14.0,-156.0
1.0,-216.0,-143.0,-715.0,15.0,-161.0
1.0,-212.0,-143.0,-730.0,16.0,-163.0
-2.0,-211.0,-140.0,-749.0,20.0,-165.0
1.0,-209.0,-135.0,-770.0,24.0,-166.0
-3.0,-207.0,-136.0,-789.0,26.0,-164.0
-1.0,-209.0,-134.0,-806.0,29.0,-162.0
-3.0,-207.0,-139.0,-818.0,37.0,-157.0
0.0,-203.0,-138.0,-820.0,46.0,-155.0
-2.0,-204.0,-149.0,-813.0,59.0,-151.0
-3.0,-202.0,-148.0,-798.0,71.0,-151.0
-2.0,-201.0,-148.0,-781.0,87.0,-151.0
-2.0,-199.0,-154.0,-768.0,100.0,-147.0
-4.0,-191.0,-158.0,-765.0,107.0,-140.0
-6.0,-188.0,-154.0,-774.0,107.0,-126.0
-8.0,-185.0,-163.0,-800.0,103.0,-115.0
-6.0,-185.0,-162.0,-834.0,97.0,-104.0
-9.0,-186.0,-161.0,-872.0,98.0,-91.0
-4.0,-182.0,-165.0,-911.0,102.0,-76.0
-6.0,-188.0,-167.0,-947.0,112.0,-58.0
-3.0,-188.0,-169.0,-982.0,126.0,-40.0
-4.0,-187.0,-171.0,-1006.0,138.0,-15.0
-4.0,-192.0,-165.0,-1020.0,143.0,5.0
0.0,-193.0,-170.0,-1021.0,146.0,22.0
-2.0,-195.0,-170.0,-1014.0,149.0,34.0
-2.0,-196.0,-168.0,-1000.0,153.0,43.0
-2.0,-195.0,-168.0,-980.0,158.0,48.0
-6.0,-197.0,-171.0,-957.0,161.0,53.0
-6.0,-195.0,-167.0,-930.0,162.0,56.0
-7.0,-197.0,-167.0,-906.0,162.0,61.0
-6.0,-199.0,-165.0,-882.0,157.0,62.0
-5.0,-199.0,-164.0,-866.0,153.0,57.0
-4.0,-198.0,-164.0,-857.0,148.0,56.0
-8.0,-197.0,-163.0,-852.0,143.0,49.0
-6.0,-195.0,-163.0,-849.0,141.0,49.0
-5.0,-196.0,-163.0,-839.0,138.0,51.0
-4.0,-193.0,-166.0,-832.0,134.0,49.0
-3.0,-195.0,-162.0,-823.0,126.0,48.0
-4.0,-192.0,-167.0,-818.0,116.0,44.0
-2.0,-190.0,-168.0,-815.0,102.0,38.0
-2.0,-192.0,-165.0,-813.0,87.0,35.0
-4.0,-189.0,-166.0,-810.0,78.0,29.0
0.0,-186.0,-167.0,-804.0,71.0,25.0
1.0,-189.0,-165.0,-799.0,66.0,23.0
2.0,-189.0,-167.0,-796.0,62.0,19.0
4.0,-189.0,-167.0,-793.0,60.0,18.0
7.0,-192.0,-169.0,-789.0,62.0,15.0
9.0,-191.0,-172.0,-785.0,67.0,8.0
9.0,-192.0,-167.0,-779.0,71.0,4.0
11.0,-192.0,-165.0,-770.0,79.0,2.0
11.0,-188.0,-162.0,-762.0,90.0,2.0
10.0,-186.0,-164.0,-758.0,103.0,1.0
14.0,-186.0,-165.0,-755.0,110.0,-5.0
13.0,-186.0,-169.0,-757.0,112.0,-14.0
12.0,-181.0,-172.0,-765.0,107.0,-31.0
13.0,-182.0,-172.0,-772.0,106.0,-38.0
14.0,-181.0,-173.0,-777.0,110.0,-44.0
8.0,-179.0,-174.0,-778.0,117.0,-58.0
7.0,-173.0,-177.0,-784.0,126.0,-74.0
6.0,-170.0,-180.0,-784.0,141.0,-87.0
4.0,-169.0,-184.0,-784.0,155.0,-105.0
1.0,-165.0,-185.0,-783.0,168.0,-119.0
-2.0,-162.0,-188.0,-771.0,172.0,-135.0
-3.0,-160.0,-190.0,-757.0,165.0,-157.0
-5.0,-157.0,-190.0,-734.0,154.0,-174.0
-6.0,-154.0,-195.0,-704.0,133.0,-186.0
-10.0,-153.0,-194.0,-667.0,109.0,-199.0
-5.0,-152.0,-200.0,-629.0,83.0,-211.0
-4.0,-144.0,-199.0,-591.0,62.0,-217.0
-4.0,-143.0,-194.0,-553.0,40.0,-218.0
-4.0,-141.0,-198.0,-529.0,19.0,-223.0
-4.0,-137.0,-197.0,-507.0,-1.0,-227.0
-4.0,-135.0,-193.0,-488.0,-16.0,-233.0
-4.0,-132.0,-192.0,-470.0,-26.0,-232.0
-4.0,-137.0,-190.0,-455.0,-34.0,-233.0
-3.0,-135.0,-189.0,-439.0,-46.0,-236.0
2.0,-134.0,-188.0,-429.0,-62.0,-236.0
1.0,-135.0,-185.0,-418.0,-74.0,-231.0
4.0,-133.0,-188.0,-410.0,-88.0,-225.0
4.0,-133.0,-187.0,-406.0,-104.0,-221.0
5.0,-132.0,-185.0,-408.0,-116.0,-219.0
5.0,-132.0,-182.0,-409.0,-127.0,-215.0
7.0,-133.0,-184.0,-407.0,-138.0,-212.0
5.0,-130.0,-186.0,-400.0,-149.0,-209.0
12.0,-133.0,-184.0,-390.0,-161.0,-209.0
6.0,-127.0,-187.0,-378.0,-172.0,-207.0
12.0,-128.0,-188.0,-362.0,-187.0,-204.0
12.0,-128.0,-186.0,-349.0,-198.0,-205.0
9.0,-131.0,-189.0,-338.0,-205.0,-207.0
6.0,-130.0,-190.0,-330.0,-212.0,-208.0
11.0,-127.0,-189.0,-321.0,-218.0,-211.0
10.0,-120.0,-193.0,-312.0,-223.0,-214.0
11.0,-123.0,-191.0,-302.0,-226.0,-214.0
15.0,-120.0,-191.0,-293.0,-230.0,-219.0
13.0,-122.0,-190.0,-285.0,-231.0,-222.0
17.0,-122.0,-193.0,-278.0,-237.0,-226.0
13.0,-119.0,-193.0,-267.0,-241.0,-232.0
12.0,-119.0,-193.0,-259.0,-245.0,-237.0
18.0,-120.0,-191.0,-257.0,-247.0,-239.0
15.0,-119.0,-192.0,-252.0,-252.0,-246.0
16.0,-118.0,-195.0,-251.0,-258.0,-251.0
15.0,-116.0,-195.0,-254.0,-264.0,-255.0
16.0,-118.0,-196.0,-256.0,-268.0,-259.0
16.0,-120.0,-197.0,-257.0,-271.0,-261.0
14.0,-118.0,-198.0,-251.0,-274.0,-264.0
19.0,-123.0,-200.0,-241.0,-277.0,-270.0
14.0,-119.0,-196.0,-231.0,-277.0,-279.0
15.0,-118.0,-198.0,-218.0,-278.0,-290.0
18.0,-118.0,-195.0,-207.0,-279.0,-301.0
18.0,-114.0,-196.0,-197.0,-283.0,-309.0
17.0,-113.0,-199.0,-191.0,-289.0,-318.0
16.0,-115.0,-201.0,-185.0,-294.0,-326.0
20.0,-111.0,-196.0,-182.0,-301.0,-334.0
17.0,-112.0,-197.0,-176.0,-308.0,-344.0
18.0,-110.0,-199.0,-171.0,-314.0,-352.0
13.0,-112.0,-192.0,-165.0,-320.0,-361.0
18.0,-112.0,-191.0,-157.0,-323.0,-369.0
16.0,-113.0,-197.0,-150.0,-324.0,-377.0
12.0,-111.0,-195.0,-145.0,-324.0,-386.0
16.0,-107.0,-192.0,-145.0,-324.0,-391.0
17.0,-107.0,-195.0,-147.0,-321.0,-394.0
14.0,-104.0,-195.0,-147.0,-324.0,-402.0
11.0,-113.0,-196.0,-146.0,-325.0,-405.0
16.0,-103.0,-195.0,-145.0,-324.0,-413.0
16.0,-108.0,-194.0,-147.0,-329.0,-412.0
11.0,-103.0,-198.0,-146.0,-330.0,-417.0
10.0,-104.0,-194.0,-145.0,-331.0,-419.0
12.0,-105.0,-198.0,-143.0,-333.0,-424.0
8.0,-104.0,-196.0,-139.0,-336.0,-429.0
10.0,-100.0,-193.0,-137.0,-339.0,-435.0
10.0,-100.0,-194.0,-139.0,-345.0,-439.0
8.0,-96.0,-195.0,-144.0,-351.0,-442.0
6.0,-102.0,-198.0,-151.0,-358.0,-446.0
9.0,-102.0,-197.0,-157.0,-368.0,-452.0
7.0,-102.0,-197.0,-160.0,-378.0,-454.0
8.0,-100.0,-197.0,-160.0,-386.0,-457.0
6.0,-100.0,-195.0,-161.0,-402.0,-458.0
6.0,-99.0,-195.0,-161.0,-415.0,-463.0
8.0,-105.0,-196.0,-160.0,-428.0,-465.0
9.0,-104.0,-191.0,-160.0,-442.0,-466.0
11.0,-103.0,-193.0,-162.0,-457.0,-467.0
8.0,-108.0,-192.0,-159.0,-471.0,-469.0
6.0,-103.0,-195.0,-152.0,-488.0,-466.0
9.0,-102.0,-194.0,-145.0,-502.0,-463.0
12.0,-104.0,-194.0,-139.0,-515.0,-458.0
13.0,-103.0,-190.0,-134.0,-527.0,-455.0
14.0,-103.0,-186.0,-130.0,-535.0,-455.0
15.0,-108.0,-188.0,-129.0,-540.0,-457.0
13.0,-105.0,-188.0,-128.0,-541.0,-459.0
14.0,-104.0,-186.0,-127.0,-540.0,-460.0
15.0,-104.0,-189.0,-126.0,-538.0,-461.0
14.0,-106.0,-181.0,-127.0,-539.0,-461.0
18.0,-106.0,-184.0,-130.0,-542.0,-463.0
15.0,-102.0,-186.0,-135.0,-548.0,-466.0
12.0,-107.0,-183.0,-143.0,-558.0,-466.0
12.0,-109.0,-187.0,-151.0,-569.0,-464.0
11.0,-109.0,-184.0,-157.0,-582.0,-457.0
8.0,-109.0,-184.0,-164.0,-592.0,-458.0
8.0,-106.0,-190.0,-161.0,-604.0,-463.0
7.0,-102.0,-191.0,-160.0,-614.0,-465.0
7.0,-102.0,-189.0,-160.0,-625.0,-463.0
9.0,-107.0,-189.0,-160.0,-639.0,-463.0
12.0,-105.0,-187.0,-160.0,-658.0,-464.0
9.0,-113.0,-190.0,-154.0,-673.0,-466.0
13.0,-103.0,-188.0,-150.0,-687.0,-479.0
12.0,-105.0,-190.0,-144.0,-706.0,-479.0
10.0,-107.0,-193.0,-130.0,-722.0,-482.0
10.0,-109.0,-191.0,-119.0,-737.0,-491.0
10.0,-107.0,-192.0,-107.0,-755.0,-502.0
7.0,-109.0,-197.0,-99.0,-774.0,-511.0
6.0,-106.0,-192.0,-91.0,-793.0,-521.0
6.0,-105.0,-197.0,-88.0,-814.0,-530.0
3.0,-107.0,-193.0,-89.0,-830.0,-548.0
4.0,-103.0,-195.0,-98.0,-844.0,-566.0
4.0,-104.0,-194.0,-102.0,-858.0,-585.0
6.0,-103.0,-191.0,-104.0,-868.0,-600.0
11.0,-109.0,-196.0,-101.0,-883.0,-618.0
12.0,-103.0,-194.0,-97.0,-895.0,-638.0
13.0,-106.0,-194.0,-93.0,-904.0,-654.0
13.0,-102.0,-192.0,-89.0,-915.0,-670.0
14.0,-103.0,-194.0,-88.0,-924.0,-685.0
21.0,-99.0,-192.0,-90.0,-933.0,-695.0
22.0,-103.0,-191.0,-93.0,-944.0,-699.0
27.0,-103.0,-188.0,-97.0,-954.0,-706.0
34.0,-112.0,-204.0,-105.0,-963.0,-717.0
28.0,-104.0,-189.0,-113.0,-969.0,-728.0
25.0,-104.0,-190.0,-116.0,-975.0,-736.0
24.0,-105.0,-190.0,-115.0,-986.0,-746.0
21.0,-106.0,-187.0,-111.0,-997.0,-759.0
26.0,-108.0,-184.0,-108.0,-1010.0,-774.0
26.0,-110.0,-183.0,-101.0,-1023.0,-788.0
20.0,-111.0,-183.0,-93.0,-1044.0,-804.0
18.0,-108.0,-184.0,-84.0,-1067.0,-817.0
19.0,-112.0,-182.0,-79.0,-1094.0,-831.0
19.0,-110.0,-179.0,-76.0,-1125.0,-845.0
21.0,-113.0,-179.0,-70.0,-1156.0,-857.0
22.0,-112.0,-173.0,-63.0,-1190.0,-864.0
19.0,-108.0,-174.0,-58.0,-1224.0,-866.0
16.0,-108.0,-170.0,-54.0,-1260.0,-866.0
18.0,-109.0,-171.0,-53.0,-1298.0,-866.0
20.0,-108.0,-170.0,-49.0,-1337.0,-865.0
16.0,-111.0,-166.0,-44.0,-1378.0,-863.0
15.0,-113.0,-166.0,-35.0,-1420.0,-860.0
16.0,-112.0,-163.0,-31.0,-1464.0,-852.0
11.0,-109.0,-164.0,-30.0,-1510.0,-847.0
13.0,-112.0,-157.0,-26.0,-1557.0,-839.0
12.0,-108.0,-157.0,-19.0,-1601.0,-831.0
10.0,-111.0,-158.0,-8.0,-1648.0,-823.0
9.0,-107.0,-159.0,-4.0,-1689.0,-816.0
11.0,-110.0,-155.0,-3.0,-1726.0,-808.0
11.0,-111.0,-155.0,-4.0,-1753.0,-802.0
11.0,-113.0,-154.0,0.0,-1776.0,-795.0
17.0,-113.0,-152.0,1.0,-1786.0,-793.0
19.0,-114.0,-159.0,0.0,-1786.0,-795.0
16.0,-111.0,-156.0,-3.0,-1779.0,-805.0
18.0,-117.0,-151.0,-6.0,-1773.0,-814.0
16.0,-115.0,-150.0,-3.0,-1762.0,-823.0
14.0,-113.0,-152.0,5.0,-1745.0,-837.0
15.0,-115.0,-156.0,10.0,-1724.0,-846.0
15.0,-114.0,-158.0,14.0,-1699.0,-852.0
13.0,-110.0,-163.0,-3.0,-1678.0,-858.0
15.0,-109.0,-162.0,-16.0,-1643.0,-863.0
14.0,-114.0,-161.0,-27.0,-1611.0,-875.0
18.0,-111.0,-161.0,-36.0,-1583.0,-891.0
15.0,-116.0,-152.0,-41.0,-1555.0,-909.0
11.0,-116.0,-151.0,-34.0,-1530.0,-927.0
10.0,-118.0,-144.0,-21.0,-1515.0,-942.0
6.0,-120.0,-148.0,-7.0,-1505.0,-955.0
3.0,-117.0,-146.0,7.0,-1497.0,-961.0
4.0,-117.0,-140.0,19.0,-1490.0,-966.0
2.0,-115.0,-136.0,33.0,-1488.0,-965.0
0.0,-111.0,-132.0,52.0,-1496.0,-961.0
-4.0,-113.0,-137.0,76.0,-1510.0,-952.0
-3.0,-106.0,-131.0,109.0,-1532.0,-939.0
-4.0,-101.0,-135.0,136.0,-1554.0,-923.0
-6.0,-99.0,-129.0,153.0,-1579.0,-901.0
-11.0,-101.0,-127.0,163.0,-1607.0,-879.0
-10.0,-100.0,-123.0,167.0,-1643.0,-852.0
-10.0,-106.0,-119.0,169.0,-1672.0,-813.0
-13.0,-112.0,-116.0,186.0,-1704.0,-774.0
-14.0,-114.0,-108.0,227.0,-1743.0,-739.0
-13.0,-110.0,-102.0,279.0,-1783.0,-709.0
-18.0,-106.0,-94.0,325.0,-1818.0,-676.0
-28.0,-101.0,-89.0,369.0,-1848.0,-639.0
-33.0,-96.0,-81.0,421.0,-1864.0,-597.0
-45.0,-99.0,-79.0,478.0,-1864.0,-546.0
-50.0,-103.0,-76.0,557.0,-1852.0,-490.0
-63.0,-98.0,-92.0,655.0,-1820.0,-433.0
-69.0,-99.0,-119.0,704.0,-1748.0,-381.0
-71.0,-102.0,-122.0,706.0,-1647.0,-350.0
-68.0,-110.0,-120.0,723.0,-1547.0,-326.0
-69.0,-111.0,-116.0,783.0,-1461.0,-302.0
-74.0,-105.0,-108.0,880.0,-1394.0,-279.0
-80.0,-82.0,-112.0,984.0,-1347.0,-247.0
-91.0,-57.0,-111.0,1069.0,-1320.0,-204.0
-89.0,-34.0,-116.0,1102.0,-1313.0,-140.0
-91.0,-8.0,-111.0,1081.0,-1315.0,-72.0
-85.0,-4.0,-101.0,1019.0,-1336.0,-32.0
-100.0,-29.0,-87.0,923.0,-1384.0,-62.0
-124.0,-55.0,-74.0,824.0,-1455.0,-160.0
-138.0,-69.0,-67.0,805.0,-1491.0,-271.0
-146.0,-78.0,-67.0,918.0,-1459.0,-358.0
-141.0,-88.0,-76.0,1124.0,-1382.0,-418.0
-140.0,-99.0,-76.0,1347.0,-1331.0,-481.0
-146.0,-111.0,-74.0,1547.0,-1331.0,-550.0
-153.0,-115.0,-82.0,1727.0,-1348.0,-609.0
-150.0,-129.0,-98.0,1898.0,-1348.0,-636.0
-158.0,-141.0,-106.0,2044.0,-1352.0,-663.0
-170.0,-157.0,-113.0,2158.0,-1390.0,-718.0
-187.0,-164.0,-119.0,2263.0,-1453.0,-764.0
-201.0,-180.0,-116.0,2362.0,-1517.0,-801.0
-226.0,-185.0,-119.0,2479.0,-1569.0,-811.0
-253.0,-193.0,-120.0,2633.0,-1628.0,-813.0
-268.0,-199.0,-112.0,2818.0,-1685.0,-817.0
-274.0,-203.0,-115.0,3035.0,-1752.0,-828.0
-295.0,-204.0,-107.0,3253.0,-1822.0,-844.0
-320.0,-194.0,-99.0,3433.0,-1920.0,-830.0
-331.0,-187.0,-88.0,3578.0,-2081.0,-769.0
-351.0,-157.0,-79.0,3689.0,-2294.0,-668.0
-387.0,-138.0,-74.0,3778.0,-2559.0,-505.0
-392.0,-102.0,-70.0,3858.0,-2870.0,-275.0
-418.0,-72.0,-98.0,3907.0,-3184.0,-3.0
-400.0,-62.0,-114.0,3888.0,-3476.0,291.0
-386.0,-79.0,-116.0,3788.0,-3700.0,532.0
-376.0,-94.0,-99.0,3636.0,-3853.0,686.0
-393.0,-102.0,-62.0,3471.0,-3915.0,729.0
-424.0,-106.0,-40.0,3324.0,-3923.0,726.0
-452.0,-142.0,-20.0,3165.0,-3932.0,720.0
-480.0,-196.0,-23.0,3002.0,-3937.0,717.0
-551.0,-276.0,-29.0,2861.0,-3924.0,737.0
-681.0,-372.0,-12.0,2880.0,-3891.0,823.0
-948.0,-439.0,-8.0,3135.0,-3868.0,1042.0
-1174.0,-506.0,8.0,3604.0,-3920.0,1490.0
-1291.0,-514.0,44.0,4265.0,-3911.0,2078.0
-1375.0,-503.0,99.0,4944.0,-3703.0,2687.0
-1304.0,-469.0,169.0,5358.0,-3252.0,3194.0
-1042.0,-442.0,240.0,5314.0,-2666.0,3459.0
-840.0,-406.0,268.0,4837.0,-2091.0,3355.0
-602.0,-353.0,245.0,4119.0,-1682.0,3059.0
-330.0,-331.0,150.0,3393.0,-1455.0,2828.0
-105.0,-330.0,72.0,2715.0,-1354.0,2724.0
37.0,-336.0,50.0,2150.0,-1348.0,2787.0
101.0,-369.0,82.0,1755.0,-1377.0,2988.0
59.0,-372.0,177.0,1576.0,-1361.0,3191.0
-40.0,-342.0,254.0,1588.0,-1296.0,3366.0
-94.0,-332.0,281.0,1666.0,-1242.0,3552.0
-106.0,-342.0,268.0,1676.0,-1240.0,3696.0
-118.0,-325.0,231.0,1642.0,-1240.0,3747.0
-73.0,-299.0,159.0,1568.0,-1243.0,3664.0
-3.0,-267.0,100.0,1486.0,-1228.0,3408.0
39.0,-215.0,66.0,1508.0,-1150.0,3030.0
85.0,-169.0,51.0,1710.0,-1027.0,2644.0
108.0,-92.0,48.0,2031.0,-845.0,2369.0
140.0,-37.0,56.0,2321.0,-666.0,2198.0
102.0,18.0,84.0,2469.0,-504.0,2043.0
73.0,46.0,118.0,2473.0,-360.0,1927.0
52.0,61.0,134.0,2378.0,-235.0,1820.0
38.0,61.0,151.0,2234.0,-164.0,1725.0
-15.0,63.0,161.0,2085.0,-149.0,1641.0
-54.0,37.0,160.0,1985.0,-183.0,1655.0
-125.0,20.0,165.0,1951.0,-232.0,1754.0
-147.0,-3.0,169.0,1966.0,-322.0,1899.0
-208.0,-27.0,188.0,2007.0,-404.0,2049.0
-205.0,-64.0,196.0,2091.0,-472.0,2206.0
-209.0,-70.0,196.0,2157.0,-533.0,2258.0
-231.0,-59.0,218.0,2153.0,-587.0,2216.0
-247.0,-35.0,228.0,2147.0,-675.0,2173.0
-213.0,-17.0,232.0,2124.0,-772.0,2108.0
-167.0,3.0,226.0,2083.0,-824.0,2001.0
-135.0,26.0,233.0,2034.0,-778.0,1877.0
-100.0,33.0,223.0,2008.0,-669.0,1759.0
-73.0,55.0,219.0,1992.0,-544.0,1641.0
-130.0,93.0,223.0,1988.0,-406.0,1578.0
-191.0,129.0,219.0,1974.0,-313.0,1627.0
-218.0,137.0,229.0,1907.0,-265.0,1771.0
-237.0,127.0,234.0,1831.0,-226.0,1837.0
-268.0,126.0,227.0,1792.0,-154.0,1846.0
-231.0,109.0,204.0,1783.0,-86.0,1815.0
-265.0,111.0,228.0,1722.0,15.0,1660.0
-250.0,109.0,238.0,1673.0,112.0,1500.0
-234.0,130.0,227.0,1651.0,235.0,1310.0
-197.0,142.0,233.0,1568.0,402.0,1114.0
-178.0,158.0,234.0,1455.0,590.0,883.0
-180.0,165.0,231.0,1381.0,775.0,670.0
-184.0,170.0,210.0,1368.0,957.0,488.0
-189.0,181.0,188.0,1399.0,1171.0,307.0
-189.0,189.0,176.0,1451.0,1388.0,139.0
-203.0,177.0,172.0,1524.0,1571.0,-17.0
-231.0,173.0,169.0,1576.0,1667.0,-166.0
-218.0,161.0,154.0,1591.0,1669.0,-249.0
-226.0,131.0,145.0,1547.0,1637.0,-323.0
-230.0,96.0,133.0,1475.0,1577.0,-404.0
-228.0,59.0,122.0,1405.0,1519.0,-451.0
-241.0,45.0,120.0,1336.0,1453.0,-442.0
-240.0,37.0,114.0,1215.0,1344.0,-423.0
-240.0,31.0,109.0,1054.0,1203.0,-408.0
-232.0,30.0,103.0,863.0,1041.0,-389.0
-217.0,33.0,97.0,664.0,894.0,-342.0
-209.0,43.0,94.0,486.0,782.0,-275.0
-192.0,59.0,89.0,356.0,710.0,-182.0
-177.0,64.0,84.0,270.0,677.0,-88.0
-171.0,80.0,83.0,221.0,660.0,-19.0
-168.0,97.0,78.0,203.0,635.0,31.0
-160.0,104.0,72.0,192.0,609.0,64.0
-156.0,115.0,70.0,182.0,587.0,78.0
-146.0,117.0,68.0,188.0,568.0,84.0
-140.0,122.0,60.0,211.0,553.0,81.0
-137.0,120.0,58.0,244.0,543.0,73.0
-142.0,122.0,59.0,274.0,538.0,63.0
-146.0,119.0,63.0,297.0,525.0,54.0
-150.0,116.0,61.0,320.0,493.0,39.0
-157.0,106.0,62.0,342.0,454.0,20.0
-167.0,111.0,67.0,379.0,402.0,16.0
-178.0,116.0,68.0,432.0,330.0,21.0
-176.0,114.0,67.0,489.0,252.0,32.0
-189.0,108.0,72.0,544.0,182.0,71.0
-199.0,112.0,73.0,552.0,125.0,101.0
-206.0,109.0,76.0,515.0,74.0,99.0
-202.0,110.0,76.0,466.0,43.0,100.0
-206.0,112.0,76.0,418.0,33.0,107.0
-214.0,114.0,86.0,374.0,19.0,110.0
-218.0,120.0,89.0,345.0,-1.0,106.0
-217.0,120.0,89.0,341.0,-28.0,109.0
-225.0,125.0,94.0,311.0,-44.0,103.0
-235.0,123.0,95.0,267.0,-53.0,93.0
-236.0,124.0,100.0,210.0,-61.0,80.0
-237.0,124.0,103.0,139.0,-65.0,50.0
-234.0,112.0,108.0,58.0,-64.0,23.0
-241.0,107.0,106.0,-48.0,-53.0,1.0
-252.0,105.0,116.0,-139.0,-26.0,-19.0
-258.0,95.0,118.0,-216.0,-8.0,-42.0
-257.0,88.0,123.0,-277.0,14.0,-69.0
-258.0,81.0,123.0,-320.0,59.0,-93.0
-262.0,74.0,123.0,-339.0,116.0,-113.0
-263.0,74.0,117.0,-335.0,179.0,-124.0
-268.0,64.0,113.0,-312.0,243.0,-127.0
-277.0,61.0,119.0,-267.0,298.0,-124.0
-282.0,61.0,111.0,-207.0,334.0,-128.0
-281.0,56.0,113.0,-142.0,360.0,-131.0
-288.0,58.0,104.0,-76.0,372.0,-126.0
-287.0,58.0,99.0,-12.0,380.0,-118.0
-290.0,62.0,90.0,42.0,389.0,-103.0
-284.0,64.0,92.0,80.0,397.0,-82.0
-284.0,63.0,88.0,97.0,404.0,-64.0
-276.0,63.0,85.0,95.0,406.0,-52.0
-282.0,64.0,84.0,78.0,403.0,-42.0
-282.0,65.0,79.0,55.0,397.0,-19.0
-273.0,64.0,76.0,26.0,389.0,4.0
-268.0,63.0,72.0,-8.0,380.0,22.0
-261.0,65.0,74.0,-32.0,374.0,42.0
-257.0,61.0,73.0,-47.0,369.0,66.0
-250.0,61.0,75.0,-48.0,363.0,92.0
-242.0,62.0,72.0,-46.0,359.0,113.0
-235.0,60.0,70.0,-52.0,352.0,131.0
-230.0,57.0,69.0,-71.0,345.0,141.0
-231.0,56.0,62.0,-99.0,343.0,143.0
-214.0,48.0,60.0,-144.0,329.0,138.0
-212.0,41.0,60.0,-205.0,319.0,127.0
-205.0,35.0,61.0,-267.0,306.0,114.0
-198.0,28.0,59.0,-322.0,284.0,102.0
-204.0,21.0,62.0,-359.0,271.0,90.0
-209.0,16.0,72.0,-372.0,268.0,83.0
-212.0,9.0,72.0,-371.0,280.0,81.0
-209.0,5.0,75.0,-362.0,309.0,77.0
-212.0,1.0,75.0,-354.0,351.0,71.0
-219.0,8.0,73.0,-336.0,395.0,55.0
-225.0,8.0,77.0,-311.0,432.0,30.0
-227.0,9.0,77.0,-282.0,458.0,8.0
-222.0,3.0,77.0,-258.0,472.0,-13.0
-218.0,2.0,74.0,-246.0,467.0,-35.0
-213.0,6.0,80.0,-240.0,462.0,-58.0
-222.0,9.0,73.0,-230.0,454.0,-81.0
-225.0,7.0,71.0,-213.0,446.0,-101.0
-219.0,11.0,69.0,-202.0,441.0,-125.0
-214.0,12.0,69.0,-191.0,436.0,-150.0
-221.0,15.0,65.0,-183.0,439.0,-178.0
-228.0,20.0,61.0,-179.0,434.0,-196.0
-242.0,25.0,54.0,-188.0,411.0,-215.0
-252.0,27.0,55.0,-218.0,384.0,-219.0
-260.0,21.0,50.0,-266.0,358.0,-212.0
-261.0,26.0,48.0,-342.0,333.0,-196.0
-259.0,25.0,47.0,-412.0,311.0,-179.0
-263.0,24.0,48.0,-480.0,296.0,-149.0
-263.0,19.0,46.0,-539.0,279.0,-123.0
-260.0,15.0,50.0,-588.0,258.0,-102.0
-261.0,10.0,48.0,-633.0,238.0,-90.0
-259.0,8.0,43.0,-673.0,229.0,-83.0
-259.0,14.0,45.0,-714.0,219.0,-74.0
-255.0,20.0,38.0,-762.0,210.0,-61.0
-258.0,21.0,36.0,-819.0,199.0,-40.0
-271.0,21.0,43.0,-884.0,179.0,-10.0
-273.0,23.0,49.0,-946.0,132.0,21.0
-271.0,33.0,45.0,-1001.0,91.0,38.0
-273.0,48.0,46.0,-1045.0,70.0,50.0
-275.0,63.0,43.0,-1064.0,58.0,65.0
-267.0,80.0,38.0,-1063.0,60.0,90.0
-248.0,95.0,39.0,-1043.0,105.0,117.0
-246.0,96.0,49.0,-986.0,189.0,138.0
-246.0,95.0,65.0,-877.0,267.0,160.0
-239.0,81.0,74.0,-720.0,324.0,192.0
-256.0,63.0,94.0,-525.0,372.0,223.0
-283.0,38.0,104.0,-299.0,399.0,255.0
-308.0,18.0,118.0,-45.0,397.0,276.0
-330.0,7.0,122.0,218.0,366.0,284.0
-361.0,0.0,131.0,436.0,317.0,280.0
-370.0,-4.0,136.0,608.0,238.0,266.0
-370.0,3.0,131.0,732.0,161.0,231.0
-349.0,17.0,123.0,775.0,143.0,189.0
-331.0,29.0,104.0,780.0,188.0,143.0
-317.0,39.0,94.0,792.0,280.0,94.0
-303.0,44.0,84.0,827.0,387.0,42.0
-294.0,47.0,73.0,877.0,489.0,-10.0
-278.0,47.0,60.0,923.0,579.0,-59.0
-265.0,53.0,46.0,959.0,648.0,-101.0
-260.0,53.0,40.0,979.0,703.0,-126.0
-254.0,55.0,41.0,981.0,736.0,-141.0
-248.0,51.0,27.0,962.0,746.0,-144.0
-245.0,56.0,23.0,922.0,736.0,-131.0
-241.0,54.0,27.0,868.0,707.0,-112.0
-237.0,57.0,19.0,804.0,664.0,-89.0
-233.0,55.0,25.0,738.0,616.0,-73.0
-233.0,55.0,19.0,679.0,565.0,-66.0
-233.0,54.0,18.0,629.0,507.0,-66.0
-238.0,56.0,19.0,586.0,446.0,-73.0
-244.0,57.0,21.0,551.0,387.0,-85.0
-239.0,57.0,21.0,513.0,329.0,-104.0
-241.0,55.0,21.0,479.0,276.0,-116.0
-242.0,55.0,24.0,440.0,220.0,-124.0
-249.0,60.0,22.0,400.0,176.0,-126.0
-244.0,61.0,23.0,353.0,135.0,-124.0
-245.0,60.0,24.0,288.0,95.0,-115.0
-250.0,60.0,22.0,228.0,56.0,-103.0
-248.0,60.0,30.0,164.0,20.0,-89.0
-252.0,62.0,30.0,96.0,-16.0,-70.0
-250.0,64.0,33.0,23.0,-48.0,-54.0
-251.0,61.0,35.0,-46.0,-76.0,-37.0
-255.0,63.0,37.0,-107.0,-99.0,-21.0
-253.0,61.0,41.0,-159.0,-123.0,-10.0
-250.0,58.0,45.0,-202.0,-144.0,-1.0
-247.0,58.0,44.0,-231.0,-157.0,7.0
-251.0,60.0,49.0,-249.0,-166.0,12.0
-250.0,56.0,48.0,-256.0,-174.0,13.0
-248.0,57.0,53.0,-259.0,-183.0,12.0
-244.0,54.0,56.0,-258.0,-191.0,10.0
-242.0,51.0,62.0,-255.0,-199.0,3.0
-243.0,50.0,61.0,-251.0,-203.0,-2.0
-238.0,50.0,63.0,-251.0,-206.0,-5.0
-236.0,47.0,64.0,-257.0,-209.0,-7.0
-239.0,45.0,60.0,-266.0,-215.0,-7.0
-238.0,46.0,60.0,-283.0,-224.0,-7.0
-236.0,43.0,61.0,-303.0,-236.0,-11.0
-239.0,42.0,60.0,-327.0,-249.0,-14.0
-245.0,45.0,63.0,-353.0,-264.0,-10.0
-244.0,40.0,62.0,-378.0,-273.0,-5.0
-251.0,39.0,61.0,-397.0,-281.0,-4.0
-248.0,41.0,59.0,-408.0,-283.0,-13.0
-252.0,40.0,61.0,-414.0,-278.0,-15.0
-254.0,34.0,64.0,-411.0,-267.0,-12.0
-255.0,36.0,66.0,-399.0,-252.0,-10.0
-258.0,33.0,61.0,-374.0,-236.0,-12.0
-261.0,31.0,65.0,-337.0,-220.0,-20.0
-264.0,25.0,66.0,-289.0,-199.0,-26.0
-267.0,27.0,72.0,-235.0,-172.0,-24.0
-266.0,25.0,72.0,-169.0,-138.0,-18.0
-268.0,25.0,76.0,-92.0,-100.0,-22.0
-275.0,21.0,79.0,-14.0,-64.0,-31.0
-275.0,25.0,80.0,63.0,-27.0,-45.0
-274.0,26.0,83.0,131.0,7.0,-62.0
-271.0,26.0,83.0,185.0,37.0,-84.0
-269.0,30.0,83.0,228.0,64.0,-105.0
-263.0,34.0,77.0,258.0,88.0,-129.0
-261.0,35.0,74.0,276.0,112.0,-144.0
-259.0,34.0,70.0,289.0,136.0,-155.0
-256.0,38.0,66.0,297.0,155.0,-163.0
-253.0,38.0,61.0,299.0,173.0,-164.0
-249.0,37.0,65.0,295.0,185.0,-161.0
-250.0,38.0,59.0,288.0,192.0,-150.0
-250.0,37.0,58.0,274.0,197.0,-138.0
-246.0,37.0,52.0,257.0,199.0,-129.0
-245.0,32.0,55.0,237.0,197.0,-116.0
-241.0,37.0,54.0,211.0,192.0,-103.0
-243.0,36.0,51.0,193.0,183.0,-85.0
-242.0,32.0,50.0,173.0,172.0,-72.0
-243.0,33.0,51.0,150.0,161.0,-57.0
-244.0,35.0,50.0,127.0,146.0,-43.0
-248.0,36.0,51.0,103.0,130.0,-30.0
-243.0,32.0,48.0,79.0,113.0,-17.0
-246.0,33.0,50.0,56.0,96.0,-6.0
-245.0,32.0,47.0,36.0,78.0,5.0
-247.0,34.0,49.0,17.0,63.0,15.0
-244.0,35.0,48.0,2.0,47.0,25.0
-245.0,32.0,47.0,-9.0,34.0,34.0
-252.0,33.0,48.0,-15.0,21.0,42.0
-249.0,32.0,47.0,-17.0,11.0,49.0
-252.0,38.0,49.0,-16.0,1.0,55.0
-251.0,33.0,44.0,-12.0,-9.0,62.0
-254.0,34.0,50.0,-6.0,-17.0,66.0
-252.0,35.0,48.0,0.0,-21.0,72.0
-253.0,39.0,48.0,6.0,-25.0,75.0
-255.0,38.0,50.0,13.0,-29.0,80.0
-256.0,37.0,54.0,19.0,-30.0,82.0
-257.0,41.0,52.0,26.0,-31.0,86.0
-254.0,40.0,56.0,31.0,-32.0,88.0
-255.0,42.0,51.0,39.0,-32.0,89.0
-254.0,41.0,53.0,45.0,-29.0,89.0
-253.0,41.0,57.0,50.0,-25.0,86.0
-252.0,41.0,54.0,58.0,-19.0,83.0
-256.0,44.0,53.0,65.0,-12.0,81.0
-253.0,45.0,59.0,72.0,-6.0,77.0
-253.0,40.0,53.0,81.0,1.0,71.0
-255.0,44.0,60.0,87.0,7.0,65.0
-252.0,44.0,59.0,92.0,12.0,60.0
-257.0,44.0,60.0,95.0,17.0,55.0
-255.0,44.0,58.0,97.0,21.0,51.0
-255.0,46.0,60.0,100.0,26.0,42.0
-254.0,44.0,59.0,102.0,28.0,38.0
-254.0,49.0,63.0,105.0,31.0,32.0
-253.0,48.0,54.0,106.0,31.0,28.0
-256.0,44.0,62.0,108.0,32.0,24.0
-252.0,45.0,63.0,113.0,32.0,17.0
-255.0,46.0,59.0,117.0,31.0,12.0
-255.0,45.0,57.0,125.0,30.0,10.0
-258.0,43.0,57.0,131.0,28.0,6.0
-254.0,44.0,51.0,139.0,27.0,-1.0
-253.0,42.0,56.0,146.0,28.0,-9.0
-254.0,47.0,52.0,153.0,28.0,-15.0
-256.0,46.0,53.0,161.0,27.0,-20.0
-254.0,47.0,50.0,167.0,25.0,-22.0
-251.0,45.0,52.0,175.0,24.0,-26.0
-254.0,47.0,53.0,180.0,24.0,-29.0
-249.0,46.0,52.0,183.0,24.0,-26.0
-249.0,44.0,48.0,184.0,27.0,-23.0
-254.0,42.0,52.0,185.0,24.0,-31.0
-254.0,38.0,50.0,185.0,20.0,-41.0
-251.0,41.0,54.0,186.0,19.0,-46.0
-250.0,41.0,54.0,189.0,15.0,-47.0
