25.0,-259.0,-2.0,-839.0,43.0,-34.0
24.0,-259.0,-7.0,-856.0,43.0,-48.0
19.0,-260.0,-4.0,-876.0,39.0,-61.0
17.0,-258.0,-1.0,-900.0,34.0,-73.0
26.0,-263.0,-8.0,-920.0,33.0,-82.0
19.0,-261.0,-9.0,-948.0,29.0,-96.0
19.0,-266.0,-11.0,-975.0,24.0,-104.0
21.0,-269.0,-11.0,-1003.0,25.0,-105.0
22.0,-277.0,-16.0,-1026.0,28.0,-106.0
21.0,-282.0,-15.0,-1054.0,28.0,-101.0
21.0,-293.0,-15.0,-1081.0,31.0,-92.0
24.0,-299.0,-15.0,-1103.0,35.0,-83.0
26.0,-305.0,-15.0,-1118.0,38.0,-74.0
28.0,-305.0,-15.0,-1124.0,39.0,-65.0
26.0,-309.0,-18.0,-1132.0,37.0,-56.0
33.0,-311.0,-22.0,-1139.0,35.0,-45.0
32.0,-314.0,-22.0,-1149.0,29.0,-32.0
31.0,-313.0,-27.0,-1156.0,24.0,-21.0
32.0,-316.0,-26.0,-1156.0,16.0,-12.0
29.0,-318.0,-27.0,-1151.0,4.0,-6.0
31.0,-320.0,-31.0,-1135.0,-12.0,-4.0
26.0,-321.0,-32.0,-1115.0,-28.0,-7.0
28.0,-324.0,-33.0,-1088.0,-45.0,-11.0
30.0,-328.0,-32.0,-1056.0,-57.0,-14.0
27.0,-330.0,-32.0,-1021.0,-67.0,-21.0
30.0,-335.0,-35.0,-983.0,-70.0,-27.0
28.0,-335.0,-31.0,-938.0,-67.0,-36.0
27.0,-332.0,-36.0,-888.0,-63.0,-52.0
28.0,-323.0,-42.0,-837.0,-55.0,-60.0
30.0,-319.0,-44.0,-795.0,-48.0,-70.0
30.0,-312.0,-49.0,-767.0,-40.0,-80.0
29.0,-306.0,-52.0,-757.0,-33.0,-89.0
29.0,-303.0,-55.0,-753.0,-27.0,-99.0
30.0,-299.0,-58.0,-755.0,-22.0,-108.0
29.0,-295.0,-58.0,-756.0,-19.0,-115.0
27.0,-297.0,-60.0,-755.0,-16.0,-119.0
27.0,-292.0,-60.0,-754.0,-15.0,-118.0
30.0,-294.0,-62.0,-761.0,-13.0,-112.0
30.0,-296.0,-71.0,-769.0,-13.0,-104.0
28.0,-292.0,-65.0,-779.0,-11.0,-94.0
29.0,-295.0,-69.0,-783.0,-16.0,-84.0
28.0,-294.0,-75.0,-782.0,-21.0,-75.0
28.0,-295.0,-71.0,-776.0,-28.0,-65.0
31.0,-296.0,-76.0,-764.0,-33.0,-57.0
31.0,-296.0,-74.0,-749.0,-39.0,-48.0
30.0,-296.0,-71.0,-730.0,-45.0,-41.0
32.0,-296.0,-76.0,-709.0,-46.0,-32.0
34.0,-298.0,-81.0,-685.0,-45.0,-24.0
29.0,-293.0,-81.0,-655.0,-43.0,-19.0
30.0,-292.0,-81.0,-626.0,-39.0,-13.0
35.0,-290.0,-83.0,-599.0,-36.0,-10.0
32.0,-289.0,-87.0,-576.0,-35.0,-9.0
29.0,-285.0,-84.0,-552.0,-30.0,-11.0
35.0,-288.0,-86.0,-531.0,-23.0,-12.0
33.0,-286.0,-83.0,-507.0,-14.0,-15.0
34.0,-282.0,-89.0,-485.0,-4.0,-19.0
32.0,-279.0,-89.0,-469.0,3.0,-22.0
32.0,-275.0,-91.0,-455.0,11.0,-27.0
33.0,-272.0,-88.0,-446.0,18.0,-30.0
32.0,-266.0,-90.0,-442.0,25.0,-31.0
37.0,-273.0,-94.0,-443.0,33.0,-31.0
36.0,-269.0,-88.0,-445.0,38.0,-31.0
36.0,-268.0,-92.0,-445.0,40.0,-29.0
37.0,-270.0,-90.0,-441.0,43.0,-29.0
35.0,-273.0,-95.0,-430.0,45.0,-25.0
39.0,-276.0,-92.0,-412.0,43.0,-24.0
36.0,-272.0,-92.0,-391.0,39.0,-23.0
35.0,-272.0,-89.0,-366.0,35.0,-21.0
36.0,-272.0,-86.0,-345.0,27.0,-17.0
35.0,-270.0,-92.0,-325.0,20.0,-14.0
34.0,-269.0,-89.0,-310.0,14.0,-10.0
34.0,-265.0,-88.0,-297.0,13.0,-4.0
36.0,-266.0,-85.0,-285.0,14.0,0.0
41.0,-267.0,-88.0,-274.0,17.0,5.0
37.0,-265.0,-92.0,-261.0,21.0,8.0
38.0,-266.0,-87.0,-247.0,25.0,13.0
37.0,-267.0,-88.0,-232.0,28.0,20.0
41.0,-267.0,-87.0,-215.0,27.0,22.0
36.0,-262.0,-86.0,-202.0,25.0,27.0
37.0,-261.0,-86.0,-191.0,20.0,31.0
34.0,-260.0,-89.0,-181.0,13.0,33.0
37.0,-261.0,-87.0,-173.0,4.0,33.0
34.0,-261.0,-81.0,-160.0,-7.0,31.0
32.0,-261.0,-81.0,-148.0,-16.0,28.0
34.0,-259.0,-84.0,-141.0,-29.0,23.0
30.0,-257.0,-83.0,-134.0,-40.0,20.0
28.0,-263.0,-85.0,-126.0,-48.0,17.0
31.0,-262.0,-75.0,-117.0,-57.0,12.0
29.0,-260.0,-80.0,-106.0,-61.0,10.0
29.0,-258.0,-81.0,-96.0,-62.0,7.0
21.0,-255.0,-83.0,-82.0,-62.0,5.0
31.0,-256.0,-82.0,-69.0,-66.0,5.0
32.0,-257.0,-83.0,-57.0,-68.0,10.0
32.0,-260.0,-81.0,-44.0,-74.0,13.0
34.0,-257.0,-76.0,-36.0,-82.0,19.0
35.0,-258.0,-80.0,-27.0,-94.0,29.0
39.0,-255.0,-80.0,-16.0,-109.0,35.0
33.0,-255.0,-78.0,-6.0,-122.0,38.0
38.0,-254.0,-77.0,-1.0,-137.0,44.0
36.0,-255.0,-80.0,-2.0,-152.0,50.0
34.0,-251.0,-78.0,1.0,-169.0,56.0
43.0,-252.0,-85.0,5.0,-188.0,60.0
36.0,-254.0,-79.0,9.0,-203.0,61.0
35.0,-251.0,-79.0,12.0,-214.0,63.0
33.0,-253.0,-74.0,14.0,-224.0,64.0
31.0,-252.0,-78.0,18.0,-236.0,66.0
29.0,-254.0,-75.0,18.0,-248.0,68.0
32.0,-254.0,-72.0,18.0,-260.0,71.0
30.0,-251.0,-75.0,18.0,-273.0,71.0
32.0,-252.0,-76.0,23.0,-283.0,73.0
30.0,-254.0,-71.0,29.0,-291.0,76.0
34.0,-251.0,-73.0,35.0,-297.0,77.0
38.0,-242.0,-85.0,39.0,-304.0,77.0
29.0,-246.0,-73.0,41.0,-314.0,76.0
29.0,-247.0,-73.0,43.0,-325.0,77.0
27.0,-248.0,-74.0,46.0,-338.0,79.0
23.0,-247.0,-76.0,47.0,-354.0,81.0
27.0,-249.0,-76.0,48.0,-370.0,84.0
26.0,-244.0,-77.0,47.0,-385.0,85.0
25.0,-245.0,-74.0,44.0,-397.0,89.0
24.0,-246.0,-75.0,41.0,-408.0,92.0
25.0,-244.0,-74.0,36.0,-420.0,100.0
27.0,-243.0,-70.0,31.0,-434.0,105.0
22.0,-229.0,-79.0,25.0,-446.0,113.0
29.0,-241.0,-67.0,17.0,-456.0,120.0
26.0,-242.0,-64.0,12.0,-466.0,127.0
27.0,-245.0,-67.0,9.0,-476.0,133.0
25.0,-245.0,-66.0,5.0,-490.0,139.0
27.0,-245.0,-66.0,2.0,-502.0,147.0
29.0,-241.0,-66.0,4.0,-512.0,155.0
27.0,-242.0,-63.0,2.0,-523.0,161.0
24.0,-240.0,-66.0,4.0,-531.0,169.0
27.0,-241.0,-65.0,5.0,-540.0,173.0
26.0,-238.0,-68.0,5.0,-551.0,177.0
19.0,-241.0,-63.0,4.0,-556.0,179.0
27.0,-235.0,-64.0,1.0,-562.0,178.0
23.0,-239.0,-65.0,-2.0,-567.0,174.0
25.0,-240.0,-64.0,-5.0,-572.0,171.0
26.0,-241.0,-62.0,-14.0,-578.0,167.0
21.0,-244.0,-64.0,-23.0,-583.0,165.0
24.0,-239.0,-64.0,-33.0,-588.0,164.0
23.0,-243.0,-63.0,-41.0,-593.0,164.0
23.0,-244.0,-66.0,-51.0,-595.0,163.0
22.0,-242.0,-62.0,-58.0,-598.0,167.0
24.0,-243.0,-69.0,-58.0,-601.0,168.0
26.0,-244.0,-66.0,-57.0,-602.0,171.0
18.0,-239.0,-65.0,-59.0,-606.0,175.0
25.0,-241.0,-65.0,-64.0,-611.0,181.0
25.0,-236.0,-64.0,-65.0,-616.0,187.0
23.0,-238.0,-62.0,-64.0,-619.0,194.0
26.0,-238.0,-58.0,-62.0,-621.0,200.0
26.0,-240.0,-59.0,-64.0,-626.0,209.0
23.0,-237.0,-59.0,-64.0,-633.0,218.0
25.0,-238.0,-56.0,-66.0,-644.0,228.0
22.0,-237.0,-61.0,-69.0,-651.0,236.0
26.0,-239.0,-61.0,-74.0,-657.0,246.0
24.0,-235.0,-58.0,-78.0,-660.0,255.0
26.0,-235.0,-58.0,-82.0,-661.0,262.0
26.0,-233.0,-62.0,-84.0,-656.0,270.0
28.0,-235.0,-59.0,-87.0,-649.0,279.0
27.0,-230.0,-58.0,-88.0,-642.0,286.0
28.0,-230.0,-56.0,-94.0,-634.0,292.0
28.0,-230.0,-56.0,-100.0,-628.0,295.0
26.0,-231.0,-57.0,-110.0,-622.0,297.0
27.0,-233.0,-57.0,-124.0,-616.0,298.0
24.0,-227.0,-57.0,-137.0,-610.0,297.0
24.0,-229.0,-57.0,-146.0,-603.0,296.0
24.0,-226.0,-55.0,-156.0,-595.0,293.0
22.0,-227.0,-55.0,-168.0,-588.0,293.0
21.0,-226.0,-52.0,-180.0,-584.0,294.0
21.0,-228.0,-57.0,-191.0,-581.0,298.0
21.0,-229.0,-55.0,-202.0,-581.0,302.0
19.0,-226.0,-54.0,-213.0,-581.0,305.0
16.0,-226.0,-55.0,-224.0,-583.0,314.0
14.0,-228.0,-51.0,-233.0,-584.0,322.0
13.0,-229.0,-51.0,-243.0,-586.0,331.0
11.0,-230.0,-51.0,-252.0,-589.0,343.0
13.0,-232.0,-46.0,-258.0,-586.0,354.0
12.0,-232.0,-49.0,-258.0,-587.0,366.0
10.0,-230.0,-50.0,-256.0,-589.0,378.0
9.0,-233.0,-45.0,-252.0,-596.0,393.0
10.0,-234.0,-47.0,-250.0,-608.0,407.0
11.0,-236.0,-48.0,-246.0,-622.0,419.0
7.0,-234.0,-46.0,-243.0,-640.0,434.0
10.0,-234.0,-45.0,-241.0,-657.0,445.0
14.0,-231.0,-46.0,-242.0,-672.0,453.0
11.0,-230.0,-42.0,-237.0,-687.0,466.0
9.0,-227.0,-40.0,-240.0,-697.0,476.0
13.0,-228.0,-40.0,-245.0,-704.0,490.0
13.0,-226.0,-38.0,-251.0,-710.0,504.0
10.0,-226.0,-37.0,-259.0,-719.0,516.0
9.0,-226.0,-39.0,-262.0,-728.0,526.0
9.0,-230.0,-37.0,-268.0,-732.0,537.0
10.0,-228.0,-37.0,-270.0,-738.0,545.0
7.0,-227.0,-42.0,-268.0,-744.0,552.0
10.0,-225.0,-45.0,-269.0,-747.0,562.0
13.0,-227.0,-39.0,-270.0,-752.0,571.0
14.0,-224.0,-43.0,-271.0,-754.0,583.0
17.0,-225.0,-40.0,-271.0,-760.0,595.0
17.0,-219.0,-42.0,-272.0,-766.0,606.0
15.0,-218.0,-42.0,-278.0,-778.0,617.0
14.0,-218.0,-42.0,-282.0,-793.0,631.0
15.0,-215.0,-37.0,-290.0,-814.0,646.0
14.0,-218.0,-38.0,-299.0,-836.0,661.0
16.0,-216.0,-33.0,-306.0,-856.0,680.0
15.0,-216.0,-28.0,-308.0,-870.0,698.0
17.0,-217.0,-29.0,-309.0,-883.0,717.0
15.0,-214.0,-28.0,-309.0,-894.0,736.0
14.0,-212.0,-29.0,-310.0,-899.0,753.0
19.0,-212.0,-31.0,-312.0,-903.0,773.0
16.0,-209.0,-26.0,-313.0,-904.0,790.0
21.0,-206.0,-26.0,-315.0,-908.0,810.0
21.0,-209.0,-27.0,-316.0,-915.0,826.0
21.0,-206.0,-28.0,-320.0,-926.0,835.0
25.0,-207.0,-29.0,-324.0,-944.0,845.0
22.0,-198.0,-36.0,-322.0,-967.0,851.0
28.0,-204.0,-38.0,-327.0,-979.0,851.0
23.0,-197.0,-43.0,-339.0,-986.0,850.0
26.0,-196.0,-45.0,-351.0,-986.0,850.0
29.0,-195.0,-42.0,-368.0,-985.0,847.0
28.0,-192.0,-43.0,-389.0,-980.0,842.0
32.0,-190.0,-42.0,-407.0,-976.0,841.0
32.0,-198.0,-42.0,-431.0,-970.0,834.0
38.0,-195.0,-42.0,-455.0,-963.0,831.0
41.0,-195.0,-42.0,-469.0,-955.0,822.0
45.0,-198.0,-38.0,-479.0,-941.0,811.0
50.0,-198.0,-40.0,-486.0,-928.0,803.0
48.0,-196.0,-41.0,-492.0,-914.0,789.0
51.0,-193.0,-36.0,-505.0,-905.0,773.0
51.0,-188.0,-39.0,-517.0,-899.0,759.0
54.0,-180.0,-33.0,-524.0,-898.0,747.0
51.0,-174.0,-40.0,-528.0,-906.0,739.0
55.0,-168.0,-43.0,-540.0,-917.0,728.0
52.0,-166.0,-44.0,-555.0,-930.0,726.0
51.0,-164.0,-48.0,-569.0,-935.0,728.0
48.0,-162.0,-50.0,-597.0,-934.0,734.0
41.0,-163.0,-49.0,-629.0,-926.0,741.0
41.0,-161.0,-53.0,-661.0,-912.0,752.0
39.0,-157.0,-58.0,-696.0,-897.0,763.0
37.0,-155.0,-58.0,-724.0,-882.0,774.0
38.0,-157.0,-59.0,-756.0,-865.0,782.0
36.0,-154.0,-65.0,-789.0,-854.0,790.0
38.0,-149.0,-67.0,-823.0,-849.0,798.0
42.0,-149.0,-75.0,-851.0,-843.0,810.0
45.0,-145.0,-76.0,-878.0,-837.0,822.0
47.0,-142.0,-78.0,-908.0,-827.0,833.0
53.0,-145.0,-78.0,-941.0,-819.0,846.0
56.0,-135.0,-78.0,-974.0,-819.0,856.0
60.0,-134.0,-76.0,-1003.0,-823.0,857.0
58.0,-125.0,-74.0,-1031.0,-832.0,861.0
57.0,-123.0,-70.0,-1049.0,-848.0,862.0
55.0,-113.0,-75.0,-1069.0,-872.0,856.0
49.0,-105.0,-76.0,-1089.0,-896.0,863.0
44.0,-94.0,-72.0,-1111.0,-923.0,878.0
36.0,-83.0,-79.0,-1143.0,-958.0,895.0
29.0,-70.0,-86.0,-1188.0,-1004.0,908.0
25.0,-57.0,-90.0,-1250.0,-1054.0,918.0
20.0,-45.0,-98.0,-1341.0,-1105.0,919.0
10.0,-25.0,-113.0,-1461.0,-1161.0,912.0
3.0,-2.0,-124.0,-1611.0,-1216.0,906.0
0.0,8.0,-136.0,-1798.0,-1253.0,901.0
-8.0,28.0,-143.0,-2033.0,-1277.0,892.0
-12.0,42.0,-153.0,-2290.0,-1295.0,885.0
-13.0,48.0,-148.0,-2540.0,-1315.0,868.0
-20.0,53.0,-148.0,-2756.0,-1333.0,846.0
-21.0,52.0,-147.0,-2943.0,-1347.0,828.0
-22.0,49.0,-138.0,-3116.0,-1365.0,805.0
-24.0,41.0,-125.0,-3268.0,-1384.0,782.0
-23.0,27.0,-103.0,-3362.0,-1401.0,759.0
-27.0,2.0,-64.0,-3344.0,-1418.0,738.0
-31.0,-10.0,-35.0,-3161.0,-1436.0,733.0
-43.0,-30.0,-21.0,-2861.0,-1457.0,737.0
-53.0,-44.0,-11.0,-2542.0,-1491.0,752.0
-73.0,-60.0,-14.0,-2238.0,-1569.0,766.0
-98.0,-89.0,-20.0,-1995.0,-1669.0,794.0
-115.0,-104.0,-53.0,-1774.0,-1765.0,840.0
-116.0,-110.0,-89.0,-1573.0,-1825.0,876.0
-111.0,-115.0,-117.0,-1419.0,-1867.0,868.0
-120.0,-113.0,-136.0,-1307.0,-1925.0,850.0
-124.0,-104.0,-136.0,-1229.0,-2008.0,854.0
-117.0,-93.0,-133.0,-1164.0,-2129.0,867.0
-113.0,-89.0,-127.0,-1089.0,-2300.0,887.0
-116.0,-78.0,-122.0,-1008.0,-2504.0,925.0
-114.0,-80.0,-109.0,-934.0,-2715.0,974.0
-117.0,-80.0,-90.0,-883.0,-2934.0,1031.0
-134.0,-80.0,-79.0,-842.0,-3161.0,1101.0
-149.0,-91.0,-68.0,-808.0,-3400.0,1180.0
-168.0,-93.0,-62.0,-755.0,-3657.0,1259.0
-190.0,-98.0,-56.0,-685.0,-3915.0,1338.0
-231.0,-112.0,-30.0,-627.0,-4178.0,1422.0
-267.0,-135.0,-6.0,-523.0,-4475.0,1532.0
-303.0,-180.0,30.0,-346.0,-4743.0,1662.0
-348.0,-219.0,59.0,-55.0,-4992.0,1785.0
-376.0,-267.0,83.0,247.0,-5209.0,1924.0
-414.0,-313.0,89.0,502.0,-5374.0,2080.0
-477.0,-331.0,112.0,724.0,-5498.0,2303.0
-507.0,-347.0,63.0,997.0,-5681.0,2608.0
-533.0,-274.0,16.0,1253.0,-5945.0,2924.0
-540.0,-188.0,-7.0,1454.0,-6262.0,3297.0
-540.0,-122.0,-29.0,1489.0,-6504.0,3624.0
-558.0,-87.0,-36.0,1334.0,-6551.0,3825.0
-518.0,-62.0,-123.0,1202.0,-6336.0,3951.0
-389.0,-60.0,-190.0,1075.0,-5780.0,3988.0
-257.0,-53.0,-172.0,797.0,-5052.0,3909.0
-306.0,-256.0,71.0,363.0,-4217.0,3824.0
-795.0,-489.0,331.0,312.0,-3537.0,3647.0
-1268.0,-521.0,303.0,634.0,-2979.0,3706.0
-1799.0,-504.0,350.0,634.0,-2345.0,4140.0
-2269.0,-416.0,247.0,657.0,-2041.0,4714.0
-2530.0,-212.0,215.0,698.0,-1910.0,5118.0
-1929.0,-141.0,290.0,555.0,-2242.0,5398.0
-1170.0,-16.0,210.0,731.0,-2461.0,5440.0
-828.0,75.0,193.0,954.0,-2221.0,5476.0
-586.0,131.0,157.0,989.0,-2024.0,5385.0
-462.0,194.0,101.0,1010.0,-1754.0,5143.0
-406.0,196.0,52.0,865.0,-1480.0,4930.0
-439.0,167.0,100.0,567.0,-1203.0,4686.0
-630.0,101.0,98.0,267.0,-870.0,4348.0
-635.0,30.0,88.0,-40.0,-858.0,4029.0
-589.0,-98.0,34.0,-192.0,-1190.0,3570.0
-418.0,-170.0,-60.0,-34.0,-1652.0,2780.0
-213.0,-173.0,-47.0,202.0,-1764.0,1787.0
-84.0,-131.0,84.0,432.0,-1548.0,820.0
-35.0,-129.0,205.0,719.0,-1347.0,46.0
7.0,-69.0,174.0,955.0,-1311.0,-503.0
-60.0,-47.0,119.0,1035.0,-1366.0,-802.0
-204.0,21.0,87.0,1077.0,-1382.0,-908.0
-315.0,73.0,39.0,1155.0,-1350.0,-917.0
-377.0,118.0,11.0,1177.0,-1355.0,-933.0
-404.0,146.0,27.0,1123.0,-1451.0,-922.0
-400.0,157.0,56.0,1087.0,-1660.0,-867.0
-365.0,174.0,64.0,1074.0,-1900.0,-793.0
-305.0,192.0,81.0,1050.0,-2144.0,-688.0
-230.0,186.0,78.0,1048.0,-2425.0,-518.0
-137.0,140.0,62.0,1031.0,-2700.0,-351.0
-67.0,68.0,51.0,981.0,-2902.0,-238.0
0.0,6.0,51.0,963.0,-3016.0,-145.0
40.0,-35.0,54.0,1004.0,-3064.0,-44.0
67.0,-44.0,64.0,1074.0,-3098.0,53.0
64.0,-19.0,69.0,1138.0,-3123.0,140.0
24.0,29.0,75.0,1207.0,-3145.0,237.0
-8.0,85.0,58.0,1259.0,-3173.0,356.0
-27.0,122.0,30.0,1255.0,-3203.0,462.0
-44.0,140.0,2.0,1184.0,-3226.0,526.0
-62.0,134.0,-16.0,1058.0,-3253.0,533.0
-74.0,125.0,-28.0,902.0,-3290.0,514.0
-96.0,108.0,-35.0,757.0,-3334.0,484.0
-103.0,96.0,-35.0,643.0,-3399.0,458.0
-120.0,86.0,-14.0,558.0,-3473.0,457.0
-136.0,91.0,-3.0,490.0,-3568.0,466.0
-152.0,98.0,2.0,426.0,-3675.0,511.0
-147.0,100.0,1.0,344.0,-3776.0,566.0
-136.0,100.0,1.0,210.0,-3838.0,593.0
-130.0,97.0,7.0,47.0,-3877.0,599.0
-123.0,94.0,9.0,-102.0,-3918.0,586.0
-109.0,83.0,5.0,-230.0,-3955.0,568.0
-55.0,63.0,-6.0,-346.0,-3977.0,538.0
-3.0,51.0,-2.0,-433.0,-3945.0,475.0
30.0,43.0,6.0,-472.0,-3861.0,400.0
40.0,44.0,19.0,-471.0,-3755.0,329.0
36.0,49.0,30.0,-469.0,-3641.0,267.0
54.0,57.0,36.0,-491.0,-3526.0,198.0
68.0,66.0,46.0,-532.0,-3375.0,118.0
73.0,74.0,42.0,-558.0,-3184.0,23.0
64.0,78.0,43.0,-559.0,-2991.0,-79.0
38.0,89.0,40.0,-558.0,-2840.0,-170.0
2.0,92.0,41.0,-583.0,-2728.0,-229.0
-37.0,98.0,41.0,-612.0,-2638.0,-262.0
-80.0,112.0,50.0,-586.0,-2565.0,-285.0
-104.0,133.0,59.0,-504.0,-2520.0,-271.0
-105.0,159.0,72.0,-425.0,-2502.0,-214.0
-91.0,179.0,81.0,-388.0,-2487.0,-155.0
-58.0,189.0,90.0,-390.0,-2436.0,-107.0
-18.0,186.0,116.0,-429.0,-2337.0,-79.0
8.0,180.0,142.0,-490.0,-2210.0,-52.0
34.0,176.0,171.0,-543.0,-2074.0,2.0
52.0,169.0,199.0,-566.0,-1950.0,68.0
45.0,173.0,228.0,-571.0,-1864.0,116.0
8.0,180.0,247.0,-576.0,-1834.0,157.0
-28.0,181.0,265.0,-594.0,-1854.0,207.0
-58.0,181.0,276.0,-607.0,-1884.0,252.0
-55.0,178.0,295.0,-599.0,-1903.0,297.0
-34.0,165.0,314.0,-591.0,-1894.0,327.0
-11.0,148.0,329.0,-582.0,-1847.0,338.0
2.0,137.0,350.0,-559.0,-1774.0,341.0
5.0,133.0,374.0,-535.0,-1694.0,353.0
0.0,132.0,380.0,-512.0,-1607.0,372.0
12.0,131.0,384.0,-492.0,-1492.0,397.0
13.0,135.0,383.0,-477.0,-1373.0,424.0
29.0,135.0,380.0,-467.0,-1283.0,445.0
51.0,135.0,367.0,-463.0,-1210.0,455.0
63.0,133.0,354.0,-447.0,-1148.0,460.0
80.0,131.0,327.0,-422.0,-1079.0,458.0
93.0,129.0,310.0,-390.0,-1018.0,453.0
107.0,123.0,287.0,-357.0,-977.0,454.0
125.0,120.0,275.0,-323.0,-932.0,462.0
140.0,116.0,262.0,-301.0,-888.0,477.0
161.0,113.0,249.0,-279.0,-842.0,492.0
180.0,112.0,228.0,-274.0,-784.0,495.0
184.0,103.0,219.0,-287.0,-719.0,483.0
187.0,94.0,203.0,-318.0,-646.0,467.0
187.0,98.0,192.0,-344.0,-563.0,445.0
171.0,99.0,187.0,-351.0,-485.0,431.0
154.0,95.0,176.0,-355.0,-412.0,417.0
142.0,90.0,171.0,-363.0,-343.0,403.0
137.0,89.0,163.0,-363.0,-281.0,374.0
145.0,82.0,162.0,-359.0,-220.0,343.0
141.0,71.0,169.0,-335.0,-160.0,307.0
135.0,66.0,169.0,-301.0,-103.0,282.0
128.0,59.0,179.0,-270.0,-52.0,268.0
115.0,48.0,183.0,-245.0,-10.0,265.0
124.0,42.0,189.0,-215.0,12.0,270.0
151.0,43.0,207.0,-182.0,28.0,238.0
175.0,41.0,195.0,-151.0,61.0,188.0
184.0,48.0,205.0,-133.0,102.0,143.0
180.0,39.0,208.0,-126.0,151.0,104.0
169.0,37.0,214.0,-113.0,210.0,76.0
166.0,32.0,215.0,-102.0,258.0,54.0
164.0,32.0,217.0,-89.0,294.0,32.0
161.0,28.0,218.0,-76.0,329.0,1.0
162.0,23.0,217.0,-76.0,380.0,-16.0
155.0,21.0,212.0,-92.0,436.0,-30.0
145.0,23.0,216.0,-110.0,500.0,-48.0
137.0,36.0,202.0,-137.0,577.0,-72.0
129.0,24.0,219.0,-159.0,660.0,-97.0
116.0,27.0,226.0,-168.0,738.0,-124.0
109.0,21.0,237.0,-150.0,800.0,-157.0
96.0,24.0,246.0,-121.0,846.0,-203.0
93.0,22.0,246.0,-97.0,861.0,-228.0
106.0,21.0,237.0,-66.0,866.0,-275.0
114.0,20.0,224.0,-59.0,892.0,-342.0
111.0,11.0,210.0,-81.0,930.0,-394.0
110.0,-4.0,203.0,-128.0,963.0,-420.0
103.0,-21.0,198.0,-192.0,992.0,-431.0
97.0,-31.0,190.0,-238.0,1009.0,-426.0
83.0,-32.0,192.0,-260.0,1028.0,-416.0
62.0,-24.0,179.0,-258.0,1070.0,-389.0
44.0,-7.0,171.0,-253.0,1108.0,-369.0
23.0,9.0,160.0,-263.0,1131.0,-352.0
4.0,22.0,151.0,-316.0,1140.0,-329.0
-6.0,32.0,140.0,-400.0,1129.0,-336.0
-31.0,39.0,132.0,-470.0,1126.0,-353.0
-35.0,48.0,139.0,-535.0,1147.0,-352.0
-40.0,44.0,142.0,-580.0,1198.0,-335.0
-37.0,26.0,178.0,-625.0,1228.0,-312.0
-27.0,9.0,187.0,-604.0,1205.0,-304.0
-33.0,-23.0,206.0,-555.0,1161.0,-311.0
-34.0,-65.0,220.0,-518.0,1102.0,-342.0
-36.0,-102.0,245.0,-441.0,1051.0,-364.0
-47.0,-149.0,252.0,-274.0,995.0,-376.0
-49.0,-185.0,236.0,-15.0,960.0,-392.0
-54.0,-188.0,212.0,314.0,976.0,-415.0
-64.0,-163.0,206.0,592.0,996.0,-402.0
-64.0,-116.0,212.0,713.0,953.0,-344.0
-60.0,-73.0,222.0,695.0,833.0,-246.0
-59.0,-44.0,204.0,586.0,658.0,-159.0
-62.0,-16.0,196.0,408.0,464.0,-119.0
-60.0,5.0,176.0,209.0,287.0,-115.0
-69.0,19.0,157.0,25.0,194.0,-114.0
-76.0,36.0,143.0,-156.0,180.0,-107.0
-85.0,33.0,145.0,-325.0,219.0,-100.0
-97.0,22.0,148.0,-469.0,260.0,-104.0
-100.0,3.0,169.0,-574.0,295.0,-108.0
-102.0,-15.0,189.0,-625.0,325.0,-116.0
-103.0,-39.0,205.0,-613.0,358.0,-121.0
-104.0,-58.0,217.0,-545.0,388.0,-124.0
-104.0,-70.0,221.0,-448.0,422.0,-122.0
-104.0,-81.0,229.0,-350.0,466.0,-111.0
-108.0,-87.0,230.0,-258.0,517.0,-91.0
-119.0,-88.0,239.0,-179.0,565.0,-62.0
-114.0,-80.0,233.0,-102.0,583.0,-27.0
-117.0,-76.0,231.0,-37.0,611.0,24.0
-122.0,-72.0,220.0,12.0,630.0,77.0
-124.0,-74.0,214.0,46.0,633.0,129.0
-126.0,-69.0,212.0,74.0,608.0,173.0
-129.0,-58.0,203.0,105.0,563.0,212.0
-132.0,-53.0,199.0,134.0,504.0,243.0
-134.0,-43.0,193.0,156.0,429.0,264.0
-135.0,-34.0,188.0,159.0,356.0,277.0
-134.0,-27.0,182.0,144.0,281.0,280.0
-139.0,-20.0,175.0,119.0,215.0,271.0
-132.0,-22.0,174.0,91.0,155.0,257.0
-130.0,-17.0,176.0,72.0,96.0,232.0
-120.0,-15.0,175.0,57.0,46.0,201.0
-109.0,-12.0,174.0,42.0,18.0,170.0
-100.0,-11.0,173.0,40.0,-3.0,140.0
-97.0,-5.0,175.0,45.0,-17.0,107.0
-85.0,-11.0,175.0,47.0,-21.0,77.0
-82.0,-8.0,176.0,49.0,-28.0,46.0
-74.0,-4.0,179.0,53.0,-40.0,13.0
-65.0,-10.0,179.0,61.0,-51.0,-17.0
-62.0,-8.0,181.0,71.0,-67.0,-46.0
-55.0,-10.0,187.0,85.0,-81.0,-69.0
-56.0,-9.0,192.0,103.0,-96.0,-88.0
-54.0,-5.0,193.0,129.0,-114.0,-101.0
-51.0,-7.0,199.0,153.0,-134.0,-107.0
-51.0,-5.0,197.0,175.0,-158.0,-110.0
-50.0,-1.0,201.0,195.0,-182.0,-108.0
-46.0,0.0,205.0,210.0,-205.0,-104.0
-49.0,4.0,205.0,225.0,-225.0,-99.0
-45.0,4.0,204.0,232.0,-237.0,-92.0
-42.0,13.0,206.0,235.0,-242.0,-88.0
-40.0,14.0,202.0,237.0,-244.0,-84.0
-40.0,21.0,207.0,232.0,-243.0,-80.0
-42.0,25.0,204.0,215.0,-238.0,-78.0
-37.0,24.0,204.0,193.0,-232.0,-76.0
-37.0,26.0,210.0,170.0,-224.0,-75.0
-38.0,29.0,207.0,155.0,-216.0,-75.0
-38.0,30.0,208.0,136.0,-205.0,-77.0
-38.0,27.0,207.0,114.0,-191.0,-80.0
-37.0,24.0,214.0,92.0,-179.0,-81.0
-34.0,28.0,217.0,72.0,-170.0,-85.0
-34.0,21.0,209.0,56.0,-164.0,-81.0
-34.0,21.0,211.0,45.0,-157.0,-81.0
-33.0,24.0,212.0,36.0,-147.0,-82.0
-37.0,22.0,215.0,34.0,-138.0,-81.0
-35.0,23.0,216.0,33.0,-127.0,-81.0
-29.0,19.0,212.0,33.0,-115.0,-78.0
-33.0,19.0,212.0,36.0,-106.0,-77.0
-33.0,20.0,215.0,39.0,-96.0,-73.0
-35.0,21.0,212.0,41.0,-88.0,-68.0
-35.0,22.0,206.0,39.0,-82.0,-59.0
-38.0,21.0,207.0,42.0,-77.0,-50.0
-33.0,22.0,209.0,43.0,-71.0,-42.0
-35.0,20.0,206.0,45.0,-68.0,-35.0
-34.0,24.0,207.0,48.0,-64.0,-28.0
-39.0,24.0,205.0,50.0,-63.0,-19.0
-36.0,22.0,204.0,46.0,-62.0,-12.0
-36.0,21.0,201.0,43.0,-64.0,-7.0
-38.0,20.0,201.0,41.0,-65.0,-2.0
-37.0,21.0,202.0,37.0,-63.0,2.0
-36.0,20.0,202.0,33.0,-63.0,6.0
-35.0,17.0,201.0,28.0,-65.0,7.0
-36.0,22.0,207.0,25.0,-66.0,9.0
-34.0,19.0,200.0,17.0,-65.0,10.0
-31.0,18.0,201.0,8.0,-64.0,11.0
-31.0,18.0,203.0,-1.0,-61.0,12.0
-31.0,16.0,201.0,-8.0,-58.0,11.0
-32.0,16.0,198.0,-17.0,-56.0,7.0
-31.0,16.0,200.0,-21.0,-54.0,6.0
-27.0,19.0,204.0,-25.0,-54.0,3.0
-28.0,16.0,206.0,-29.0,-56.0,1.0
-27.0,16.0,205.0,-32.0,-56.0,-2.0
-26.0,13.0,208.0,-37.0,-55.0,-5.0
-26.0,11.0,202.0,-41.0,-53.0,-7.0
-26.0,11.0,208.0,-42.0,-51.0,-9.0
-24.0,11.0,205.0,-43.0,-47.0,-11.0
-29.0,12.0,205.0,-46.0,-43.0,-11.0
-25.0,11.0,209.0,-46.0,-40.0,-12.0
-27.0,8.0,205.0,-48.0,-34.0,-11.0
-25.0,9.0,204.0,-50.0,-29.0,-9.0
-28.0,11.0,209.0,-50.0,-23.0,-9.0
-27.0,5.0,205.0,-51.0,-17.0,-7.0
-25.0,6.0,204.0,-54.0,-11.0,-4.0
-27.0,3.0,203.0,-57.0,-7.0,1.0
-28.0,7.0,210.0,-60.0,-2.0,3.0
-31.0,8.0,206.0,-62.0,1.0,5.0
-28.0,4.0,207.0,-63.0,5.0,7.0
-28.0,6.0,206.0,-65.0,10.0,11.0
-28.0,2.0,203.0,-68.0,14.0,14.0
-27.0,5.0,205.0,-67.0,17.0,17.0
-31.0,2.0,205.0,-68.0,20.0,20.0
-31.0,3.0,209.0,-65.0,22.0,21.0
-33.0,2.0,208.0,-63.0,24.0,24.0
-34.0,1.0,206.0,-61.0,27.0,26.0
-37.0,5.0,207.0,-58.0,28.0,29.0
-34.0,3.0,204.0,-55.0,29.0,30.0
-37.0,4.0,205.0,-51.0,28.0,30.0
-34.0,4.0,210.0,-48.0,31.0,30.0
-31.0,3.0,204.0,-48.0,33.0,32.0
-35.0,3.0,208.0,-48.0,34.0,33.0
-37.0,4.0,207.0,-46.0,38.0,32.0
-35.0,2.0,204.0,-45.0,39.0,32.0
-37.0,3.0,204.0,-44.0,43.0,30.0
-34.0,3.0,207.0,-43.0,46.0,27.0
-33.0,1.0,203.0,-39.0,50.0,25.0
-33.0,1.0,203.0,-35.0,51.0,21.0
-34.0,3.0,210.0,-29.0,52.0,16.0
-35.0,4.0,205.0,-24.0,51.0,12.0
-31.0,3.0,203.0,-22.0,51.0,8.0
-31.0,5.0,206.0,-19.0,50.0,4.0
-32.0,7.0,206.0,-18.0,48.0,1.0
-36.0,7.0,203.0,-19.0,49.0,-2.0
-33.0,8.0,205.0,-22.0,48.0,-4.0
-31.0,7.0,200.0,-27.0,48.0,-5.0
-33.0,9.0,203.0,-30.0,45.0,-7.0
-34.0,11.0,203.0,-30.0,45.0,-10.0
-31.0,9.0,203.0,-33.0,46.0,-11.0
-35.0,11.0,207.0,-33.0,48.0,-12.0
-35.0,9.0,202.0,-33.0,48.0,-15.0
-38.0,10.0,203.0,-29.0,47.0,-17.0
-39.0,7.0,205.0,-26.0,46.0,-17.0
-41.0,13.0,206.0,-21.0,44.0,-18.0
-39.0,12.0,206.0,-19.0,42.0,-20.0
-41.0,11.0,200.0,-19.0,42.0,-17.0
-40.0,12.0,207.0,-20.0,42.0,-17.0
-42.0,13.0,203.0,-22.0,43.0,-15.0
-43.0,12.0,205.0,-23.0,46.0,-16.0
-43.0,13.0,202.0,-24.0,48.0,-16.0
-45.0,13.0,203.0,-22.0,50.0,-15.0
-46.0,12.0,207.0,-24.0,52.0,-15.0
