15.0,-113.0,-294.0,-585.0,-76.0,-135.0
17.0,-112.0,-296.0,-556.0,-77.0,-129.0
21.0,-115.0,-289.0,-532.0,-78.0,-123.0
19.0,-112.0,-287.0,-510.0,-81.0,-115.0
20.0,-109.0,-286.0,-495.0,-85.0,-110.0
20.0,-107.0,-280.0,-486.0,-84.0,-105.0
23.0,-104.0,-281.0,-482.0,-80.0,-102.0
23.0,-105.0,-285.0,-483.0,-76.0,-99.0
24.0,-102.0,-281.0,-486.0,-66.0,-91.0
23.0,-103.0,-283.0,-486.0,-57.0,-85.0
38.0,-97.0,-283.0,-480.0,-52.0,-78.0
25.0,-101.0,-280.0,-468.0,-47.0,-70.0
30.0,-108.0,-284.0,-455.0,-46.0,-62.0
25.0,-106.0,-283.0,-437.0,-47.0,-54.0
21.0,-105.0,-285.0,-412.0,-52.0,-50.0
19.0,-102.0,-284.0,-385.0,-60.0,-46.0
22.0,-101.0,-288.0,-371.0,-66.0,-48.0
27.0,-101.0,-285.0,-368.0,-65.0,-49.0
25.0,-101.0,-288.0,-370.0,-59.0,-51.0
24.0,-96.0,-285.0,-372.0,-54.0,-49.0
24.0,-94.0,-287.0,-375.0,-42.0,-47.0
25.0,-102.0,-274.0,-376.0,-27.0,-46.0
19.0,-91.0,-287.0,-373.0,-19.0,-45.0
22.0,-94.0,-286.0,-370.0,-10.0,-39.0
19.0,-95.0,-277.0,-367.0,0.0,-32.0
16.0,-94.0,-281.0,-356.0,10.0,-29.0
14.0,-95.0,-278.0,-340.0,23.0,-27.0
14.0,-94.0,-282.0,-322.0,33.0,-24.0
13.0,-94.0,-284.0,-305.0,40.0,-27.0
9.0,-93.0,-283.0,-294.0,47.0,-29.0
12.0,-87.0,-280.0,-286.0,54.0,-33.0
22.0,-76.0,-288.0,-278.0,57.0,-38.0
17.0,-81.0,-285.0,-268.0,59.0,-38.0
18.0,-78.0,-281.0,-259.0,58.0,-37.0
25.0,-76.0,-283.0,-251.0,59.0,-31.0
21.0,-73.0,-285.0,-245.0,58.0,-24.0
24.0,-76.0,-280.0,-237.0,58.0,-15.0
27.0,-75.0,-282.0,-230.0,61.0,-2.0
25.0,-75.0,-280.0,-219.0,61.0,6.0
28.0,-75.0,-284.0,-211.0,64.0,14.0
24.0,-75.0,-282.0,-201.0,64.0,23.0
23.0,-76.0,-279.0,-187.0,65.0,34.0
21.0,-76.0,-278.0,-173.0,64.0,41.0
24.0,-79.0,-281.0,-162.0,66.0,48.0
23.0,-78.0,-275.0,-152.0,68.0,54.0
27.0,-76.0,-279.0,-140.0,71.0,57.0
24.0,-75.0,-275.0,-131.0,75.0,65.0
26.0,-74.0,-274.0,-126.0,81.0,70.0
23.0,-69.0,-271.0,-124.0,81.0,77.0
27.0,-68.0,-273.0,-118.0,77.0,81.0
26.0,-68.0,-272.0,-116.0,81.0,83.0
26.0,-61.0,-273.0,-119.0,85.0,88.0
23.0,-65.0,-268.0,-118.0,89.0,96.0
21.0,-62.0,-269.0,-114.0,93.0,104.0
24.0,-68.0,-268.0,-105.0,101.0,112.0
22.0,-71.0,-267.0,-98.0,113.0,119.0
16.0,-69.0,-264.0,-98.0,128.0,122.0
17.0,-75.0,-265.0,-99.0,137.0,124.0
16.0,-75.0,-263.0,-96.0,141.0,127.0
15.0,-72.0,-263.0,-95.0,140.0,121.0
17.0,-73.0,-264.0,-96.0,137.0,119.0
21.0,-71.0,-261.0,-93.0,133.0,114.0
18.0,-71.0,-261.0,-90.0,130.0,111.0
20.0,-69.0,-260.0,-86.0,127.0,108.0
21.0,-70.0,-256.0,-83.0,126.0,107.0
24.0,-70.0,-257.0,-75.0,129.0,112.0
27.0,-71.0,-259.0,-70.0,135.0,115.0
29.0,-69.0,-256.0,-70.0,142.0,115.0
26.0,-64.0,-254.0,-73.0,150.0,114.0
27.0,-63.0,-255.0,-79.0,158.0,114.0
24.0,-61.0,-254.0,-83.0,164.0,117.0
24.0,-66.0,-254.0,-85.0,166.0,116.0
23.0,-60.0,-251.0,-84.0,168.0,108.0
21.0,-61.0,-247.0,-80.0,169.0,101.0
21.0,-60.0,-250.0,-78.0,173.0,94.0
22.0,-61.0,-252.0,-67.0,180.0,88.0
19.0,-62.0,-249.0,-51.0,188.0,84.0
22.0,-64.0,-250.0,-36.0,196.0,81.0
21.0,-63.0,-253.0,-27.0,206.0,78.0
22.0,-63.0,-253.0,-18.0,214.0,78.0
22.0,-64.0,-250.0,-10.0,220.0,77.0
19.0,-66.0,-249.0,-7.0,228.0,78.0
18.0,-62.0,-249.0,-3.0,234.0,77.0
17.0,-67.0,-250.0,-5.0,240.0,77.0
22.0,-65.0,-250.0,-9.0,243.0,76.0
22.0,-65.0,-249.0,-10.0,248.0,73.0
24.0,-64.0,-251.0,-8.0,254.0,71.0
26.0,-63.0,-254.0,-7.0,260.0,69.0
29.0,-61.0,-254.0,-9.0,269.0,68.0
30.0,-61.0,-252.0,-9.0,276.0,65.0
36.0,-63.0,-256.0,-10.0,283.0,62.0
39.0,-59.0,-257.0,-7.0,291.0,59.0
39.0,-59.0,-256.0,-8.0,296.0,54.0
41.0,-55.0,-253.0,-14.0,301.0,51.0
43.0,-56.0,-249.0,-20.0,303.0,50.0
42.0,-55.0,-252.0,-26.0,305.0,46.0
36.0,-52.0,-251.0,-28.0,302.0,45.0
37.0,-55.0,-247.0,-25.0,297.0,46.0
38.0,-55.0,-245.0,-26.0,288.0,40.0
37.0,-55.0,-246.0,-31.0,276.0,37.0
33.0,-56.0,-243.0,-37.0,260.0,34.0
33.0,-58.0,-244.0,-40.0,247.0,33.0
32.0,-58.0,-245.0,-42.0,232.0,30.0
29.0,-57.0,-244.0,-46.0,223.0,26.0
33.0,-56.0,-243.0,-53.0,216.0,24.0
30.0,-56.0,-242.0,-65.0,210.0,22.0
30.0,-55.0,-239.0,-77.0,204.0,20.0
31.0,-53.0,-239.0,-87.0,199.0,20.0
30.0,-54.0,-240.0,-95.0,192.0,17.0
29.0,-56.0,-240.0,-103.0,185.0,15.0
30.0,-53.0,-240.0,-107.0,176.0,11.0
33.0,-53.0,-238.0,-109.0,169.0,5.0
38.0,-57.0,-242.0,-114.0,159.0,-3.0
31.0,-57.0,-236.0,-122.0,145.0,-10.0
35.0,-55.0,-238.0,-131.0,130.0,-19.0
36.0,-55.0,-238.0,-136.0,112.0,-30.0
40.0,-56.0,-241.0,-139.0,96.0,-42.0
37.0,-56.0,-239.0,-144.0,78.0,-55.0
39.0,-56.0,-239.0,-150.0,59.0,-66.0
40.0,-54.0,-240.0,-158.0,42.0,-74.0
45.0,-55.0,-243.0,-172.0,26.0,-81.0
45.0,-57.0,-242.0,-189.0,11.0,-89.0
46.0,-55.0,-232.0,-205.0,-4.0,-98.0
45.0,-58.0,-231.0,-214.0,-23.0,-107.0
44.0,-53.0,-228.0,-224.0,-43.0,-120.0
46.0,-52.0,-223.0,-238.0,-66.0,-133.0
43.0,-52.0,-222.0,-244.0,-87.0,-145.0
44.0,-54.0,-216.0,-248.0,-108.0,-158.0
46.0,-51.0,-218.0,-246.0,-127.0,-167.0
48.0,-53.0,-218.0,-252.0,-142.0,-182.0
51.0,-50.0,-220.0,-251.0,-149.0,-190.0
51.0,-50.0,-216.0,-255.0,-153.0,-198.0
49.0,-49.0,-217.0,-263.0,-153.0,-207.0
50.0,-49.0,-216.0,-278.0,-155.0,-215.0
47.0,-50.0,-208.0,-298.0,-160.0,-225.0
49.0,-54.0,-211.0,-319.0,-167.0,-237.0
48.0,-52.0,-211.0,-337.0,-173.0,-246.0
48.0,-53.0,-213.0,-350.0,-183.0,-255.0
49.0,-58.0,-215.0,-355.0,-194.0,-261.0
49.0,-57.0,-215.0,-350.0,-204.0,-266.0
53.0,-58.0,-215.0,-337.0,-208.0,-268.0
57.0,-57.0,-218.0,-323.0,-207.0,-268.0
53.0,-56.0,-218.0,-305.0,-204.0,-265.0
55.0,-54.0,-216.0,-287.0,-204.0,-266.0
55.0,-53.0,-218.0,-276.0,-205.0,-270.0
57.0,-53.0,-219.0,-264.0,-208.0,-278.0
58.0,-55.0,-218.0,-251.0,-208.0,-287.0
58.0,-57.0,-214.0,-234.0,-208.0,-295.0
56.0,-62.0,-218.0,-220.0,-211.0,-305.0
55.0,-64.0,-214.0,-205.0,-213.0,-310.0
55.0,-67.0,-215.0,-185.0,-223.0,-316.0
58.0,-71.0,-221.0,-165.0,-235.0,-323.0
52.0,-70.0,-218.0,-147.0,-249.0,-331.0
57.0,-70.0,-222.0,-122.0,-271.0,-334.0
57.0,-70.0,-223.0,-99.0,-289.0,-332.0
52.0,-66.0,-225.0,-75.0,-312.0,-330.0
49.0,-60.0,-226.0,-58.0,-331.0,-329.0
46.0,-57.0,-228.0,-43.0,-351.0,-332.0
47.0,-56.0,-225.0,-32.0,-366.0,-335.0
46.0,-56.0,-222.0,-24.0,-375.0,-340.0
43.0,-55.0,-219.0,-15.0,-384.0,-348.0
48.0,-60.0,-221.0,-5.0,-390.0,-358.0
48.0,-58.0,-215.0,4.0,-388.0,-369.0
51.0,-60.0,-214.0,10.0,-377.0,-374.0
50.0,-60.0,-207.0,22.0,-367.0,-381.0
53.0,-60.0,-205.0,36.0,-355.0,-388.0
56.0,-64.0,-205.0,45.0,-350.0,-387.0
62.0,-62.0,-206.0,49.0,-349.0,-386.0
60.0,-68.0,-202.0,54.0,-352.0,-375.0
59.0,-69.0,-204.0,48.0,-359.0,-371.0
66.0,-73.0,-204.0,37.0,-368.0,-369.0
63.0,-72.0,-200.0,24.0,-382.0,-368.0
65.0,-75.0,-199.0,17.0,-399.0,-367.0
65.0,-73.0,-202.0,18.0,-416.0,-367.0
60.0,-74.0,-197.0,26.0,-428.0,-367.0
58.0,-70.0,-197.0,38.0,-436.0,-364.0
60.0,-70.0,-200.0,52.0,-443.0,-359.0
57.0,-66.0,-195.0,73.0,-444.0,-351.0
56.0,-65.0,-198.0,95.0,-436.0,-340.0
55.0,-61.0,-196.0,112.0,-424.0,-333.0
56.0,-61.0,-193.0,124.0,-410.0,-328.0
55.0,-59.0,-194.0,127.0,-395.0,-329.0
52.0,-60.0,-192.0,121.0,-382.0,-327.0
50.0,-65.0,-193.0,111.0,-373.0,-331.0
47.0,-67.0,-185.0,97.0,-370.0,-337.0
41.0,-68.0,-186.0,96.0,-373.0,-340.0
37.0,-75.0,-187.0,98.0,-373.0,-342.0
29.0,-70.0,-183.0,113.0,-380.0,-341.0
24.0,-74.0,-182.0,129.0,-390.0,-338.0
19.0,-76.0,-181.0,145.0,-404.0,-331.0
10.0,-81.0,-181.0,151.0,-416.0,-324.0
-1.0,-73.0,-180.0,156.0,-434.0,-312.0
-9.0,-69.0,-183.0,153.0,-450.0,-305.0
-13.0,-64.0,-183.0,145.0,-468.0,-291.0
-16.0,-68.0,-186.0,133.0,-485.0,-273.0
-18.0,-63.0,-185.0,115.0,-501.0,-258.0
-22.0,-63.0,-188.0,98.0,-519.0,-238.0
-16.0,-66.0,-187.0,78.0,-538.0,-221.0
-16.0,-67.0,-195.0,56.0,-563.0,-205.0
-16.0,-73.0,-196.0,40.0,-590.0,-190.0
-13.0,-77.0,-199.0,24.0,-620.0,-189.0
-11.0,-82.0,-203.0,2.0,-651.0,-187.0
-12.0,-89.0,-203.0,-20.0,-682.0,-189.0
-9.0,-81.0,-203.0,-38.0,-716.0,-201.0
-10.0,-84.0,-211.0,-51.0,-756.0,-211.0
-11.0,-82.0,-210.0,-56.0,-804.0,-231.0
-15.0,-76.0,-214.0,-50.0,-864.0,-247.0
-15.0,-78.0,-216.0,-36.0,-914.0,-262.0
-18.0,-74.0,-220.0,-24.0,-968.0,-281.0
-18.0,-80.0,-224.0,-17.0,-1021.0,-297.0
-18.0,-86.0,-224.0,-21.0,-1065.0,-313.0
-16.0,-89.0,-226.0,-31.0,-1099.0,-332.0
-14.0,-95.0,-232.0,-45.0,-1120.0,-352.0
-14.0,-99.0,-226.0,-60.0,-1133.0,-361.0
-5.0,-103.0,-227.0,-77.0,-1134.0,-362.0
-4.0,-106.0,-230.0,-98.0,-1129.0,-362.0
9.0,-103.0,-233.0,-113.0,-1123.0,-369.0
15.0,-100.0,-238.0,-123.0,-1115.0,-376.0
17.0,-93.0,-236.0,-135.0,-1106.0,-370.0
19.0,-80.0,-239.0,-141.0,-1113.0,-376.0
20.0,-82.0,-233.0,-123.0,-1141.0,-400.0
20.0,-64.0,-238.0,-76.0,-1203.0,-439.0
14.0,-59.0,-244.0,-13.0,-1259.0,-473.0
6.0,-56.0,-241.0,43.0,-1305.0,-493.0
3.0,-55.0,-247.0,85.0,-1355.0,-521.0
26.0,-71.0,-243.0,97.0,-1412.0,-549.0
-29.0,-63.0,-247.0,90.0,-1476.0,-594.0
-25.0,-72.0,-250.0,68.0,-1549.0,-606.0
-39.0,-85.0,-243.0,39.0,-1621.0,-625.0
-41.0,-89.0,-246.0,13.0,-1691.0,-654.0
-42.0,-88.0,-252.0,-6.0,-1748.0,-686.0
-35.0,-87.0,-254.0,-24.0,-1796.0,-709.0
-33.0,-81.0,-262.0,-55.0,-1835.0,-733.0
-26.0,-70.0,-264.0,-100.0,-1861.0,-766.0
-14.0,-70.0,-268.0,-155.0,-1872.0,-801.0
-11.0,-61.0,-272.0,-226.0,-1874.0,-829.0
3.0,-59.0,-276.0,-315.0,-1871.0,-847.0
9.0,-54.0,-272.0,-413.0,-1872.0,-858.0
7.0,-53.0,-266.0,-515.0,-1887.0,-873.0
2.0,-46.0,-262.0,-599.0,-1919.0,-894.0
-6.0,-38.0,-264.0,-666.0,-1962.0,-917.0
-16.0,-45.0,-272.0,-738.0,-2008.0,-924.0
-33.0,-50.0,-276.0,-816.0,-2042.0,-917.0
-41.0,-54.0,-275.0,-876.0,-2072.0,-895.0
-58.0,-54.0,-273.0,-904.0,-2098.0,-872.0
-55.0,-53.0,-273.0,-892.0,-2115.0,-850.0
-57.0,-35.0,-282.0,-855.0,-2122.0,-824.0
-51.0,-15.0,-290.0,-815.0,-2126.0,-800.0
-43.0,11.0,-300.0,-775.0,-2134.0,-781.0
-21.0,41.0,-312.0,-751.0,-2126.0,-767.0
-35.0,70.0,-328.0,-746.0,-2101.0,-756.0
-36.0,97.0,-348.0,-795.0,-2084.0,-724.0
-19.0,119.0,-368.0,-887.0,-2069.0,-684.0
-19.0,138.0,-394.0,-1008.0,-2042.0,-629.0
-22.0,152.0,-423.0,-1165.0,-2019.0,-569.0
-33.0,159.0,-463.0,-1361.0,-1996.0,-512.0
-42.0,148.0,-487.0,-1590.0,-1969.0,-464.0
-66.0,111.0,-494.0,-1833.0,-1933.0,-429.0
-84.0,70.0,-493.0,-2030.0,-1920.0,-423.0
-123.0,16.0,-494.0,-2143.0,-1909.0,-445.0
-183.0,-47.0,-482.0,-2157.0,-1884.0,-471.0
-233.0,-107.0,-453.0,-2074.0,-1881.0,-540.0
-269.0,-168.0,-399.0,-1885.0,-1900.0,-637.0
-296.0,-188.0,-345.0,-1560.0,-1932.0,-751.0
-321.0,-160.0,-294.0,-1139.0,-1969.0,-857.0
-326.0,-112.0,-267.0,-710.0,-2029.0,-948.0
-264.0,-60.0,-212.0,-400.0,-2129.0,-963.0
-215.0,-39.0,-158.0,-195.0,-2281.0,-963.0
-152.0,-17.0,-118.0,-33.0,-2505.0,-956.0
-112.0,-12.0,-114.0,81.0,-2748.0,-942.0
-65.0,-10.0,-114.0,110.0,-2945.0,-950.0
-25.0,-30.0,-120.0,83.0,-3072.0,-973.0
9.0,-73.0,-123.0,79.0,-3128.0,-979.0
36.0,-117.0,-122.0,166.0,-3123.0,-967.0
33.0,-143.0,-141.0,339.0,-3066.0,-920.0
20.0,-160.0,-177.0,481.0,-2979.0,-839.0
12.0,-156.0,-217.0,528.0,-2900.0,-744.0
-28.0,-140.0,-238.0,526.0,-2825.0,-653.0
-67.0,-132.0,-248.0,467.0,-2803.0,-554.0
-111.0,-117.0,-228.0,367.0,-2850.0,-505.0
-161.0,-97.0,-188.0,302.0,-2902.0,-467.0
-223.0,-72.0,-160.0,328.0,-2986.0,-404.0
-272.0,-40.0,-146.0,363.0,-3116.0,-337.0
-375.0,-27.0,-121.0,352.0,-3273.0,-228.0
-412.0,-31.0,-131.0,368.0,-3470.0,-106.0
-443.0,-54.0,-139.0,375.0,-3657.0,-36.0
-484.0,-70.0,-136.0,361.0,-3819.0,-26.0
-517.0,-104.0,-151.0,357.0,-3997.0,-72.0
-526.0,-131.0,-154.0,381.0,-4155.0,-127.0
-530.0,-135.0,-173.0,426.0,-4264.0,-145.0
-558.0,-130.0,-181.0,475.0,-4299.0,-71.0
-589.0,-127.0,-202.0,573.0,-4284.0,90.0
-707.0,-112.0,-231.0,693.0,-4277.0,319.0
-783.0,-97.0,-254.0,820.0,-4351.0,596.0
-874.0,-61.0,-258.0,924.0,-4467.0,882.0
-960.0,-17.0,-253.0,1012.0,-4580.0,1239.0
-1002.0,5.0,-223.0,1107.0,-4691.0,1638.0
-969.0,3.0,-207.0,1281.0,-4792.0,2007.0
-828.0,-50.0,-190.0,1507.0,-4824.0,2331.0
-711.0,-86.0,-156.0,1769.0,-4750.0,2577.0
-607.0,-127.0,-150.0,2072.0,-4673.0,2767.0
-484.0,-132.0,-152.0,2327.0,-4613.0,2891.0
-404.0,-139.0,-107.0,2501.0,-4495.0,2962.0
-339.0,-163.0,-35.0,2618.0,-4339.0,2959.0
-300.0,-207.0,2.0,2684.0,-4187.0,2926.0
-228.0,-249.0,6.0,2697.0,-4038.0,2893.0
-185.0,-248.0,-35.0,2609.0,-3869.0,2798.0
-126.0,-228.0,-44.0,2421.0,-3725.0,2719.0
-103.0,-181.0,-28.0,2143.0,-3572.0,2599.0
-96.0,-123.0,-4.0,1896.0,-3394.0,2505.0
-131.0,-79.0,13.0,1756.0,-3192.0,2469.0
-201.0,-33.0,24.0,1757.0,-2995.0,2457.0
-225.0,-9.0,19.0,1777.0,-2825.0,2411.0
-232.0,21.0,28.0,1732.0,-2654.0,2334.0
-281.0,22.0,66.0,1624.0,-2531.0,2267.0
-318.0,34.0,87.0,1493.0,-2627.0,2093.0
-292.0,50.0,87.0,1289.0,-2746.0,1981.0
-289.0,73.0,87.0,1062.0,-2832.0,1855.0
-310.0,74.0,73.0,850.0,-2929.0,1651.0
-272.0,85.0,59.0,646.0,-2942.0,1390.0
-266.0,110.0,45.0,467.0,-2940.0,1017.0
-245.0,121.0,45.0,284.0,-2922.0,711.0
-213.0,134.0,39.0,106.0,-2888.0,365.0
-146.0,165.0,35.0,-37.0,-2801.0,-21.0
-107.0,191.0,38.0,-193.0,-2565.0,-360.0
-113.0,218.0,74.0,-347.0,-2299.0,-761.0
-137.0,246.0,82.0,-416.0,-2051.0,-1101.0
-113.0,251.0,104.0,-467.0,-1734.0,-1214.0
-143.0,228.0,138.0,-527.0,-1383.0,-1344.0
-179.0,220.0,154.0,-544.0,-1035.0,-1547.0
-146.0,201.0,141.0,-566.0,-704.0,-1569.0
-147.0,155.0,141.0,-669.0,-349.0,-1634.0
-181.0,124.0,146.0,-835.0,-115.0,-1740.0
-178.0,34.0,144.0,-902.0,34.0,-1521.0
-205.0,33.0,149.0,-873.0,104.0,-1496.0
-206.0,62.0,135.0,-822.0,39.0,-1507.0
-140.0,48.0,133.0,-773.0,-126.0,-1331.0
-180.0,37.0,119.0,-724.0,-384.0,-1249.0
-144.0,46.0,92.0,-683.0,-677.0,-1212.0
-127.0,52.0,87.0,-637.0,-930.0,-1127.0
-120.0,59.0,105.0,-571.0,-1152.0,-1041.0
-107.0,69.0,119.0,-511.0,-1344.0,-969.0
-100.0,74.0,143.0,-523.0,-1481.0,-908.0
-114.0,82.0,160.0,-579.0,-1579.0,-856.0
-128.0,88.0,168.0,-628.0,-1654.0,-809.0
-130.0,80.0,174.0,-675.0,-1706.0,-769.0
-127.0,82.0,174.0,-717.0,-1710.0,-747.0
-122.0,75.0,180.0,-743.0,-1655.0,-725.0
-140.0,74.0,170.0,-745.0,-1545.0,-698.0
-126.0,71.0,165.0,-753.0,-1409.0,-655.0
-141.0,54.0,149.0,-769.0,-1287.0,-587.0
-148.0,46.0,158.0,-807.0,-1186.0,-562.0
-157.0,6.0,169.0,-819.0,-1120.0,-515.0
-161.0,-11.0,174.0,-803.0,-1073.0,-496.0
-164.0,-23.0,176.0,-767.0,-1030.0,-488.0
-172.0,-27.0,167.0,-719.0,-989.0,-490.0
-171.0,-26.0,163.0,-677.0,-952.0,-494.0
-187.0,-23.0,159.0,-628.0,-914.0,-496.0
-194.0,-21.0,161.0,-582.0,-893.0,-490.0
-200.0,-13.0,155.0,-539.0,-868.0,-485.0
-198.0,-14.0,157.0,-493.0,-839.0,-474.0
-206.0,-9.0,146.0,-440.0,-795.0,-467.0
-195.0,-10.0,147.0,-382.0,-731.0,-456.0
-213.0,-9.0,148.0,-307.0,-641.0,-446.0
-223.0,-17.0,157.0,-236.0,-568.0,-440.0
-218.0,-26.0,165.0,-174.0,-502.0,-441.0
-227.0,-31.0,168.0,-129.0,-441.0,-453.0
-209.0,-40.0,163.0,-105.0,-391.0,-469.0
-209.0,-48.0,153.0,-87.0,-334.0,-497.0
-197.0,-49.0,142.0,-59.0,-270.0,-521.0
-191.0,-48.0,137.0,-35.0,-201.0,-547.0
-208.0,-46.0,139.0,-10.0,-149.0,-563.0
-209.0,-46.0,133.0,12.0,-139.0,-557.0
-190.0,-44.0,135.0,12.0,-152.0,-536.0
-175.0,-35.0,135.0,5.0,-156.0,-523.0
-168.0,-31.0,137.0,-4.0,-141.0,-518.0
-173.0,-33.0,135.0,-8.0,-113.0,-515.0
-175.0,-40.0,139.0,-9.0,-95.0,-508.0
-177.0,-48.0,132.0,-8.0,-105.0,-492.0
-176.0,-57.0,132.0,-4.0,-134.0,-468.0
-173.0,-63.0,126.0,5.0,-161.0,-436.0
-176.0,-64.0,122.0,21.0,-169.0,-407.0
-185.0,-62.0,122.0,39.0,-154.0,-387.0
-175.0,-63.0,126.0,53.0,-118.0,-364.0
-175.0,-61.0,129.0,70.0,-72.0,-335.0
-176.0,-61.0,124.0,84.0,-25.0,-302.0
-165.0,-64.0,124.0,101.0,25.0,-275.0
-166.0,-59.0,120.0,128.0,75.0,-257.0
-166.0,-59.0,110.0,148.0,134.0,-242.0
-173.0,-61.0,109.0,151.0,199.0,-235.0
-171.0,-58.0,105.0,140.0,273.0,-242.0
-171.0,-52.0,104.0,126.0,344.0,-249.0
-176.0,-55.0,98.0,112.0,406.0,-257.0
-176.0,-51.0,99.0,94.0,458.0,-264.0
-178.0,-50.0,104.0,71.0,505.0,-269.0
-183.0,-49.0,99.0,46.0,531.0,-266.0
-188.0,-53.0,98.0,9.0,550.0,-254.0
-193.0,-57.0,99.0,-29.0,568.0,-238.0
-198.0,-64.0,97.0,-65.0,582.0,-224.0
-199.0,-68.0,100.0,-84.0,592.0,-206.0
-207.0,-72.0,100.0,-102.0,601.0,-186.0
-210.0,-75.0,99.0,-115.0,611.0,-169.0
-213.0,-78.0,100.0,-126.0,625.0,-147.0
-213.0,-72.0,92.0,-137.0,641.0,-123.0
-216.0,-79.0,97.0,-149.0,661.0,-94.0
-222.0,-76.0,98.0,-140.0,674.0,-62.0
-226.0,-74.0,99.0,-132.0,691.0,-33.0
-235.0,-72.0,98.0,-116.0,716.0,-8.0
-225.0,-77.0,94.0,-93.0,736.0,17.0
-232.0,-75.0,89.0,-74.0,758.0,38.0
-232.0,-79.0,87.0,-62.0,779.0,59.0
-235.0,-87.0,84.0,-41.0,803.0,77.0
-228.0,-89.0,80.0,-22.0,835.0,91.0
-226.0,-85.0,77.0,0.0,881.0,103.0
-227.0,-87.0,74.0,16.0,917.0,116.0
-230.0,-84.0,73.0,37.0,949.0,133.0
-230.0,-82.0,71.0,61.0,969.0,149.0
-216.0,-79.0,71.0,92.0,980.0,168.0
-219.0,-78.0,69.0,109.0,998.0,187.0
-222.0,-74.0,68.0,111.0,1017.0,208.0
-224.0,-85.0,67.0,97.0,1042.0,226.0
-228.0,-76.0,69.0,95.0,1060.0,242.0
-226.0,-78.0,67.0,108.0,1066.0,255.0
-231.0,-77.0,67.0,129.0,1069.0,260.0
-242.0,-77.0,69.0,146.0,1062.0,262.0
-227.0,-77.0,63.0,144.0,1045.0,265.0
-230.0,-73.0,63.0,146.0,1010.0,268.0
-230.0,-67.0,62.0,135.0,976.0,271.0
-227.0,-62.0,58.0,123.0,945.0,264.0
-218.0,-58.0,48.0,112.0,923.0,257.0
-208.0,-55.0,39.0,87.0,923.0,253.0
-207.0,-55.0,32.0,51.0,947.0,247.0
-207.0,-50.0,29.0,12.0,980.0,252.0
-210.0,-59.0,27.0,-24.0,1010.0,269.0
-209.0,-61.0,33.0,-63.0,1024.0,284.0
-217.0,-59.0,37.0,-85.0,1030.0,301.0
-218.0,-59.0,40.0,-116.0,1014.0,315.0
-223.0,-53.0,37.0,-161.0,979.0,331.0
-219.0,-53.0,38.0,-217.0,930.0,340.0
-221.0,-46.0,35.0,-277.0,884.0,352.0
-220.0,-48.0,35.0,-331.0,842.0,363.0
-221.0,-37.0,32.0,-387.0,806.0,367.0
-217.0,-41.0,22.0,-438.0,781.0,387.0
-211.0,-41.0,21.0,-473.0,770.0,401.0
-224.0,-39.0,18.0,-492.0,769.0,412.0
-226.0,-37.0,29.0,-496.0,753.0,420.0
-241.0,-37.0,23.0,-497.0,720.0,423.0
-251.0,-32.0,24.0,-509.0,664.0,402.0
-247.0,-30.0,26.0,-519.0,601.0,386.0
-245.0,-29.0,31.0,-523.0,556.0,379.0
-236.0,-15.0,24.0,-516.0,519.0,392.0
-242.0,-18.0,19.0,-513.0,503.0,400.0
-251.0,-10.0,18.0,-491.0,503.0,421.0
-250.0,-1.0,17.0,-446.0,513.0,448.0
-261.0,-2.0,15.0,-391.0,519.0,478.0
-290.0,4.0,22.0,-345.0,518.0,482.0
-292.0,9.0,25.0,-325.0,515.0,484.0
-312.0,9.0,34.0,-304.0,524.0,482.0
-324.0,8.0,45.0,-285.0,539.0,456.0
-333.0,7.0,54.0,-257.0,567.0,432.0
-339.0,-1.0,59.0,-204.0,595.0,409.0
-336.0,-1.0,57.0,-137.0,615.0,391.0
-333.0,-4.0,48.0,-75.0,637.0,373.0
-337.0,1.0,40.0,-21.0,671.0,360.0
-329.0,4.0,35.0,19.0,707.0,359.0
-317.0,9.0,23.0,52.0,737.0,363.0
-316.0,8.0,19.0,70.0,765.0,372.0
-305.0,8.0,6.0,78.0,784.0,386.0
-298.0,3.0,2.0,87.0,790.0,394.0
-291.0,1.0,-12.0,92.0,786.0,397.0
-281.0,-3.0,-9.0,89.0,779.0,396.0
-267.0,-4.0,-16.0,72.0,763.0,392.0
-269.0,-6.0,-18.0,47.0,745.0,377.0
-271.0,-5.0,-16.0,13.0,721.0,356.0
-259.0,-4.0,-16.0,-27.0,688.0,331.0
-251.0,-6.0,-18.0,-65.0,645.0,306.0
-259.0,-8.0,-17.0,-101.0,595.0,276.0
-253.0,-7.0,-13.0,-131.0,535.0,248.0
-249.0,-9.0,-15.0,-158.0,472.0,216.0
-247.0,-10.0,-18.0,-190.0,416.0,189.0
-250.0,-12.0,-15.0,-213.0,359.0,158.0
-253.0,-12.0,-11.0,-231.0,307.0,129.0
-254.0,-15.0,-12.0,-251.0,258.0,95.0
-256.0,-14.0,-6.0,-272.0,212.0,69.0
-257.0,-9.0,-23.0,-292.0,171.0,46.0
-255.0,-12.0,-4.0,-310.0,125.0,23.0
-255.0,-12.0,2.0,-324.0,91.0,1.0
-252.0,-9.0,-1.0,-337.0,56.0,-16.0
-251.0,-14.0,1.0,-351.0,26.0,-31.0
-250.0,-12.0,-1.0,-360.0,-5.0,-45.0
-248.0,-16.0,2.0,-362.0,-35.0,-56.0
-245.0,-17.0,1.0,-363.0,-61.0,-65.0
-243.0,-16.0,-2.0,-363.0,-86.0,-73.0
-246.0,-15.0,8.0,-367.0,-110.0,-82.0
-246.0,-20.0,3.0,-367.0,-138.0,-90.0
-254.0,-18.0,4.0,-371.0,-167.0,-100.0
-245.0,-25.0,1.0,-373.0,-193.0,-107.0
-245.0,-26.0,4.0,-377.0,-213.0,-118.0
-249.0,-25.0,3.0,-385.0,-227.0,-129.0
-244.0,-28.0,7.0,-389.0,-242.0,-139.0
-245.0,-27.0,-1.0,-399.0,-252.0,-150.0
-247.0,-26.0,5.0,-413.0,-258.0,-159.0
-248.0,-23.0,3.0,-426.0,-269.0,-166.0
-252.0,-25.0,6.0,-436.0,-278.0,-169.0
-249.0,-26.0,3.0,-442.0,-283.0,-173.0
-251.0,-25.0,8.0,-438.0,-284.0,-172.0
-257.0,-28.0,9.0,-426.0,-283.0,-172.0
-257.0,-29.0,11.0,-409.0,-282.0,-166.0
-263.0,-28.0,8.0,-390.0,-275.0,-160.0
-262.0,-35.0,13.0,-360.0,-270.0,-151.0
-266.0,-38.0,15.0,-331.0,-256.0,-140.0
-263.0,-41.0,11.0,-289.0,-237.0,-128.0
-270.0,-44.0,15.0,-246.0,-216.0,-116.0
-270.0,-47.0,13.0,-196.0,-196.0,-107.0
-272.0,-51.0,16.0,-143.0,-171.0,-96.0
-271.0,-49.0,16.0,-84.0,-144.0,-86.0
-273.0,-55.0,13.0,-24.0,-116.0,-74.0
-272.0,-53.0,15.0,37.0,-87.0,-63.0
-271.0,-55.0,13.0,98.0,-63.0,-57.0
-270.0,-55.0,10.0,158.0,-40.0,-52.0
-267.0,-53.0,11.0,216.0,-20.0,-53.0
-262.0,-51.0,9.0,265.0,-1.0,-54.0
-258.0,-50.0,9.0,302.0,10.0,-51.0
-259.0,-39.0,7.0,332.0,16.0,-51.0
-258.0,-36.0,8.0,350.0,15.0,-51.0
-256.0,-35.0,8.0,363.0,12.0,-54.0
-259.0,-31.0,8.0,368.0,10.0,-59.0
-254.0,-29.0,9.0,363.0,4.0,-65.0
-256.0,-28.0,9.0,352.0,0.0,-72.0
-255.0,-29.0,15.0,337.0,-2.0,-80.0
-256.0,-24.0,9.0,319.0,-5.0,-88.0
-252.0,-24.0,11.0,298.0,-8.0,-94.0
-251.0,-19.0,12.0,276.0,-9.0,-96.0
-255.0,-22.0,12.0,249.0,-9.0,-100.0
-249.0,-20.0,13.0,222.0,-11.0,-101.0
-250.0,-20.0,13.0,191.0,-17.0,-103.0
-250.0,-20.0,17.0,156.0,-22.0,-103.0
-252.0,-19.0,14.0,124.0,-29.0,-104.0
-248.0,-19.0,13.0,94.0,-37.0,-104.0
-247.0,-25.0,15.0,62.0,-45.0,-103.0
-245.0,-24.0,14.0,33.0,-56.0,-101.0
-245.0,-24.0,13.0,8.0,-68.0,-100.0
-249.0,-28.0,15.0,-17.0,-78.0,-99.0
-247.0,-27.0,13.0,-40.0,-90.0,-96.0
-247.0,-27.0,15.0,-59.0,-102.0,-92.0
-244.0,-30.0,17.0,-74.0,-113.0,-90.0
-244.0,-32.0,17.0,-83.0,-120.0,-86.0
-245.0,-32.0,18.0,-93.0,-127.0,-81.0
-246.0,-30.0,20.0,-99.0,-132.0,-78.0
-245.0,-29.0,20.0,-104.0,-135.0,-73.0
-247.0,-32.0,21.0,-102.0,-138.0,-69.0
-247.0,-31.0,24.0,-102.0,-137.0,-66.0
-244.0,-33.0,27.0,-98.0,-136.0,-63.0
-248.0,-30.0,27.0,-97.0,-134.0,-59.0
-244.0,-35.0,27.0,-93.0,-130.0,-55.0
-250.0,-31.0,24.0,-88.0,-123.0,-52.0
-250.0,-34.0,27.0,-78.0,-115.0,-49.0
-251.0,-33.0,28.0,-65.0,-110.0,-45.0
-250.0,-33.0,25.0,-51.0,-103.0,-43.0
-255.0,-29.0,23.0,-37.0,-96.0,-40.0
-251.0,-32.0,21.0,-24.0,-91.0,-38.0
-253.0,-27.0,26.0,-8.0,-85.0,-32.0
-255.0,-27.0,23.0,9.0,-81.0,-28.0
-253.0,-32.0,25.0,25.0,-75.0,-23.0
-256.0,-32.0,25.0,42.0,-72.0,-19.0
-255.0,-31.0,25.0,57.0,-67.0,-15.0
-256.0,-30.0,28.0,70.0,-63.0,-13.0
-254.0,-32.0,22.0,83.0,-59.0,-12.0
-251.0,-33.0,25.0,94.0,-55.0,-13.0
-253.0,-33.0,26.0,102.0,-50.0,-14.0
-249.0,-29.0,27.0,107.0,-45.0,-15.0
-250.0,-29.0,26.0,103.0,-41.0,-16.0
-245.0,-28.0,28.0,95.0,-36.0,-17.0
-248.0,-26.0,29.0,83.0,-33.0,-17.0
-249.0,-27.0,27.0,74.0,-30.0,-19.0
-250.0,-25.0,30.0,65.0,-27.0,-18.0
-247.0,-27.0,23.0,60.0,-25.0,-20.0
-250.0,-27.0,24.0,56.0,-24.0,-22.0
-250.0,-31.0,27.0,55.0,-20.0,-22.0
-251.0,-27.0,28.0,56.0,-18.0,-23.0
-250.0,-27.0,26.0,51.0,-14.0,-24.0
-250.0,-26.0,24.0,48.0,-12.0,-25.0
-249.0,-28.0,23.0,48.0,-10.0,-24.0
-248.0,-27.0,22.0,51.0,-11.0,-24.0
-249.0,-27.0,25.0,59.0,-14.0,-24.0
-250.0,-25.0,23.0,67.0,-17.0,-22.0
-251.0,-28.0,22.0,73.0,-21.0,-22.0
-253.0,-30.0,24.0,80.0,-25.0,-22.0
-249.0,-30.0,22.0,87.0,-29.0,-20.0
-252.0,-31.0,23.0,100.0,-32.0,-21.0
-251.0,-30.0,23.0,108.0,-35.0,-21.0
-248.0,-29.0,24.0,110.0,-38.0,-23.0
-248.0,-28.0,21.0,109.0,-38.0,-23.0
-249.0,-31.0,24.0,106.0,-36.0,-22.0
-250.0,-28.0,25.0,95.0,-35.0,-20.0
-247.0,-31.0,29.0,83.0,-33.0,-18.0
-250.0,-33.0,27.0,77.0,-29.0,-17.0
-245.0,-33.0,32.0,74.0,-27.0,-13.0
-248.0,-37.0,24.0,72.0,-23.0,-11.0
-247.0,-35.0,27.0,73.0,-20.0,-8.0
-249.0,-36.0,25.0,75.0,-15.0,-5.0
