35.0,-218.0,-103.0,-479.0,-260.0,-44.0
36.0,-221.0,-105.0,-498.0,-258.0,-48.0
32.0,-221.0,-102.0,-526.0,-256.0,-58.0
31.0,-225.0,-103.0,-559.0,-258.0,-67.0
27.0,-222.0,-106.0,-598.0,-264.0,-81.0
23.0,-225.0,-100.0,-637.0,-259.0,-94.0
24.0,-230.0,-102.0,-668.0,-247.0,-107.0
21.0,-232.0,-102.0,-694.0,-235.0,-118.0
21.0,-236.0,-107.0,-717.0,-217.0,-124.0
16.0,-234.0,-105.0,-722.0,-192.0,-123.0
19.0,-235.0,-100.0,-721.0,-168.0,-117.0
20.0,-231.0,-103.0,-711.0,-150.0,-101.0
20.0,-226.0,-99.0,-697.0,-141.0,-81.0
17.0,-223.0,-101.0,-673.0,-143.0,-59.0
17.0,-218.0,-101.0,-644.0,-150.0,-38.0
14.0,-206.0,-105.0,-620.0,-163.0,-19.0
17.0,-211.0,-104.0,-605.0,-179.0,-2.0
15.0,-207.0,-105.0,-600.0,-197.0,11.0
17.0,-210.0,-110.0,-599.0,-215.0,24.0
13.0,-212.0,-114.0,-603.0,-233.0,38.0
15.0,-214.0,-115.0,-607.0,-248.0,51.0
17.0,-217.0,-117.0,-612.0,-259.0,66.0
16.0,-216.0,-120.0,-614.0,-263.0,78.0
17.0,-215.0,-122.0,-615.0,-258.0,86.0
18.0,-217.0,-120.0,-611.0,-246.0,87.0
19.0,-214.0,-116.0,-607.0,-232.0,84.0
19.0,-218.0,-121.0,-603.0,-217.0,79.0
22.0,-215.0,-124.0,-599.0,-208.0,72.0
22.0,-211.0,-126.0,-595.0,-205.0,66.0
22.0,-207.0,-125.0,-592.0,-203.0,60.0
19.0,-207.0,-129.0,-585.0,-205.0,56.0
17.0,-201.0,-130.0,-577.0,-211.0,56.0
14.0,-201.0,-129.0,-568.0,-219.0,58.0
12.0,-201.0,-126.0,-556.0,-232.0,62.0
12.0,-202.0,-132.0,-544.0,-247.0,68.0
11.0,-197.0,-129.0,-529.0,-262.0,77.0
14.0,-204.0,-129.0,-512.0,-279.0,84.0
14.0,-206.0,-129.0,-487.0,-294.0,93.0
7.0,-208.0,-131.0,-463.0,-310.0,102.0
10.0,-209.0,-132.0,-438.0,-324.0,109.0
4.0,-208.0,-129.0,-416.0,-336.0,117.0
7.0,-209.0,-131.0,-397.0,-344.0,122.0
3.0,-211.0,-132.0,-380.0,-349.0,125.0
6.0,-218.0,-130.0,-363.0,-346.0,123.0
3.0,-215.0,-135.0,-342.0,-341.0,116.0
6.0,-212.0,-133.0,-317.0,-330.0,111.0
5.0,-212.0,-137.0,-288.0,-317.0,105.0
7.0,-212.0,-135.0,-257.0,-298.0,96.0
9.0,-215.0,-137.0,-218.0,-278.0,91.0
12.0,-211.0,-136.0,-177.0,-258.0,82.0
9.0,-207.0,-134.0,-131.0,-238.0,76.0
10.0,-210.0,-132.0,-85.0,-219.0,72.0
10.0,-216.0,-131.0,-37.0,-203.0,69.0
11.0,-214.0,-130.0,9.0,-192.0,69.0
15.0,-212.0,-129.0,51.0,-183.0,75.0
11.0,-209.0,-127.0,93.0,-176.0,78.0
16.0,-208.0,-127.0,134.0,-165.0,82.0
16.0,-209.0,-129.0,173.0,-154.0,86.0
16.0,-205.0,-127.0,205.0,-143.0,88.0
16.0,-204.0,-128.0,231.0,-133.0,88.0
17.0,-200.0,-128.0,249.0,-123.0,88.0
15.0,-195.0,-123.0,262.0,-117.0,88.0
13.0,-192.0,-124.0,269.0,-109.0,86.0
11.0,-191.0,-125.0,275.0,-104.0,87.0
11.0,-189.0,-119.0,276.0,-98.0,87.0
12.0,-191.0,-120.0,275.0,-96.0,83.0
12.0,-190.0,-121.0,271.0,-91.0,81.0
13.0,-190.0,-116.0,264.0,-87.0,83.0
7.0,-190.0,-123.0,256.0,-82.0,80.0
9.0,-191.0,-117.0,246.0,-81.0,76.0
10.0,-191.0,-121.0,240.0,-79.0,71.0
13.0,-199.0,-117.0,241.0,-78.0,65.0
11.0,-194.0,-118.0,246.0,-74.0,59.0
12.0,-197.0,-112.0,252.0,-70.0,52.0
9.0,-199.0,-121.0,257.0,-72.0,47.0
10.0,-202.0,-119.0,262.0,-75.0,43.0
8.0,-200.0,-119.0,269.0,-81.0,39.0
9.0,-203.0,-119.0,277.0,-91.0,41.0
9.0,-202.0,-125.0,286.0,-97.0,42.0
7.0,-201.0,-123.0,295.0,-104.0,43.0
5.0,-201.0,-125.0,304.0,-108.0,42.0
11.0,-199.0,-128.0,314.0,-110.0,39.0
4.0,-189.0,-131.0,328.0,-108.0,35.0
3.0,-196.0,-130.0,342.0,-101.0,29.0
4.0,-200.0,-128.0,352.0,-92.0,22.0
3.0,-197.0,-128.0,355.0,-82.0,15.0
5.0,-197.0,-129.0,356.0,-70.0,9.0
5.0,-201.0,-129.0,351.0,-59.0,5.0
6.0,-201.0,-128.0,345.0,-51.0,3.0
4.0,-202.0,-131.0,337.0,-44.0,1.0
6.0,-203.0,-125.0,329.0,-37.0,3.0
5.0,-203.0,-125.0,324.0,-33.0,5.0
9.0,-212.0,-123.0,321.0,-32.0,7.0
8.0,-207.0,-125.0,322.0,-34.0,9.0
7.0,-211.0,-121.0,325.0,-36.0,13.0
4.0,-213.0,-124.0,328.0,-39.0,17.0
9.0,-216.0,-119.0,335.0,-41.0,22.0
7.0,-222.0,-115.0,339.0,-39.0,27.0
5.0,-220.0,-120.0,345.0,-36.0,30.0
6.0,-221.0,-117.0,354.0,-32.0,34.0
3.0,-223.0,-120.0,360.0,-25.0,38.0
8.0,-224.0,-117.0,366.0,-13.0,40.0
1.0,-221.0,-120.0,368.0,-2.0,43.0
3.0,-230.0,-125.0,366.0,6.0,46.0
2.0,-223.0,-116.0,360.0,12.0,49.0
6.0,-224.0,-120.0,353.0,13.0,57.0
3.0,-221.0,-119.0,344.0,12.0,64.0
2.0,-224.0,-121.0,336.0,11.0,70.0
1.0,-219.0,-121.0,327.0,14.0,72.0
0.0,-225.0,-122.0,322.0,18.0,75.0
0.0,-222.0,-114.0,321.0,28.0,74.0
-1.0,-221.0,-118.0,325.0,46.0,74.0
-2.0,-223.0,-114.0,329.0,68.0,72.0
0.0,-220.0,-109.0,332.0,92.0,70.0
-6.0,-221.0,-114.0,337.0,115.0,69.0
-1.0,-218.0,-108.0,342.0,136.0,73.0
0.0,-216.0,-110.0,349.0,154.0,77.0
0.0,-218.0,-113.0,357.0,172.0,82.0
2.0,-221.0,-107.0,358.0,188.0,88.0
1.0,-218.0,-110.0,354.0,202.0,90.0
1.0,-221.0,-108.0,348.0,213.0,92.0
2.0,-224.0,-105.0,347.0,218.0,93.0
0.0,-224.0,-97.0,352.0,216.0,93.0
-1.0,-229.0,-97.0,365.0,217.0,95.0
-9.0,-232.0,-92.0,389.0,231.0,102.0
-6.0,-233.0,-85.0,421.0,249.0,112.0
-15.0,-222.0,-108.0,453.0,247.0,116.0
-28.0,-204.0,-131.0,450.0,193.0,112.0
-33.0,-200.0,-139.0,385.0,98.0,130.0
-30.0,-202.0,-117.0,271.0,19.0,186.0
-31.0,-203.0,-76.0,233.0,33.0,241.0
-46.0,-196.0,-69.0,323.0,109.0,256.0
-49.0,-199.0,-70.0,429.0,132.0,275.0
-58.0,-194.0,-66.0,506.0,93.0,297.0
-66.0,-190.0,-50.0,578.0,56.0,304.0
-69.0,-187.0,-52.0,646.0,37.0,302.0
-74.0,-183.0,-44.0,706.0,32.0,297.0
-70.0,-180.0,-39.0,747.0,28.0,295.0
-73.0,-177.0,-34.0,759.0,23.0,299.0
-69.0,-174.0,-31.0,765.0,30.0,297.0
-66.0,-171.0,-29.0,756.0,37.0,295.0
-60.0,-170.0,-25.0,730.0,45.0,295.0
-52.0,-169.0,-19.0,696.0,44.0,297.0
-47.0,-175.0,-18.0,669.0,51.0,293.0
-37.0,-173.0,-16.0,652.0,63.0,280.0
-34.0,-175.0,-16.0,643.0,84.0,261.0
-28.0,-168.0,-13.0,635.0,125.0,240.0
-23.0,-169.0,-9.0,637.0,180.0,210.0
-19.0,-170.0,-18.0,642.0,246.0,177.0
-15.0,-168.0,-22.0,645.0,321.0,140.0
-3.0,-170.0,-31.0,639.0,404.0,101.0
-5.0,-169.0,-32.0,633.0,497.0,57.0
-5.0,-164.0,-35.0,624.0,591.0,7.0
-9.0,-165.0,-44.0,609.0,682.0,-44.0
-16.0,-161.0,-38.0,585.0,753.0,-98.0
-24.0,-161.0,-38.0,555.0,800.0,-142.0
-25.0,-162.0,-36.0,513.0,826.0,-178.0
-35.0,-161.0,-32.0,463.0,832.0,-200.0
-37.0,-171.0,-35.0,417.0,824.0,-214.0
-41.0,-180.0,-26.0,383.0,800.0,-215.0
-47.0,-182.0,-27.0,359.0,760.0,-205.0
-53.0,-185.0,-26.0,341.0,711.0,-191.0
-56.0,-189.0,-23.0,325.0,663.0,-173.0
-57.0,-191.0,-26.0,317.0,620.0,-160.0
-58.0,-190.0,-32.0,316.0,583.0,-146.0
-59.0,-189.0,-32.0,317.0,560.0,-134.0
-54.0,-190.0,-37.0,319.0,547.0,-127.0
-50.0,-188.0,-38.0,319.0,547.0,-126.0
-43.0,-184.0,-42.0,317.0,560.0,-128.0
-33.0,-186.0,-30.0,317.0,586.0,-125.0
-31.0,-188.0,-38.0,305.0,621.0,-124.0
-29.0,-188.0,-34.0,290.0,649.0,-128.0
-20.0,-189.0,-30.0,275.0,668.0,-137.0
-18.0,-189.0,-25.0,266.0,690.0,-140.0
-12.0,-191.0,-25.0,254.0,711.0,-140.0
-6.0,-195.0,-18.0,241.0,735.0,-132.0
-8.0,-193.0,-17.0,226.0,752.0,-123.0
-3.0,-202.0,-18.0,211.0,763.0,-115.0
-6.0,-202.0,-19.0,208.0,777.0,-104.0
-2.0,-211.0,-18.0,222.0,787.0,-89.0
-5.0,-212.0,-13.0,243.0,817.0,-77.0
-9.0,-211.0,-16.0,267.0,846.0,-66.0
-11.0,-210.0,-16.0,292.0,874.0,-56.0
-11.0,-212.0,-12.0,321.0,906.0,-44.0
-14.0,-207.0,-16.0,353.0,949.0,-31.0
-13.0,-203.0,-12.0,381.0,989.0,-20.0
-18.0,-197.0,-11.0,398.0,1026.0,-12.0
-18.0,-194.0,-11.0,408.0,1073.0,-1.0
-19.0,-186.0,-7.0,417.0,1121.0,9.0
-23.0,-179.0,-5.0,419.0,1168.0,18.0
-19.0,-170.0,-7.0,407.0,1210.0,26.0
-18.0,-165.0,-14.0,372.0,1233.0,25.0
-17.0,-160.0,-10.0,342.0,1235.0,20.0
-9.0,-151.0,4.0,329.0,1241.0,12.0
2.0,-147.0,-1.0,335.0,1271.0,-8.0
8.0,-136.0,-8.0,339.0,1321.0,-40.0
16.0,-118.0,-7.0,319.0,1362.0,-86.0
17.0,-102.0,-20.0,258.0,1376.0,-133.0
16.0,-96.0,-40.0,141.0,1361.0,-161.0
1.0,-92.0,-53.0,-23.0,1336.0,-166.0
-12.0,-85.0,-67.0,-215.0,1323.0,-155.0
-33.0,-87.0,-77.0,-423.0,1339.0,-139.0
-64.0,-101.0,-78.0,-629.0,1386.0,-120.0
-82.0,-114.0,-70.0,-808.0,1450.0,-102.0
-93.0,-133.0,-64.0,-930.0,1518.0,-92.0
-95.0,-148.0,-63.0,-990.0,1591.0,-89.0
-93.0,-169.0,-65.0,-999.0,1653.0,-100.0
-86.0,-186.0,-67.0,-971.0,1681.0,-122.0
-77.0,-192.0,-76.0,-924.0,1661.0,-150.0
-66.0,-193.0,-98.0,-885.0,1602.0,-173.0
-59.0,-186.0,-107.0,-877.0,1517.0,-203.0
-51.0,-182.0,-126.0,-924.0,1433.0,-237.0
-49.0,-174.0,-126.0,-1029.0,1355.0,-281.0
-54.0,-165.0,-134.0,-1177.0,1277.0,-335.0
-58.0,-163.0,-141.0,-1356.0,1200.0,-398.0
-64.0,-164.0,-138.0,-1547.0,1143.0,-464.0
-78.0,-174.0,-136.0,-1721.0,1116.0,-532.0
-85.0,-186.0,-121.0,-1840.0,1112.0,-599.0
-88.0,-201.0,-109.0,-1872.0,1119.0,-656.0
-87.0,-209.0,-116.0,-1808.0,1137.0,-707.0
-78.0,-226.0,-125.0,-1674.0,1170.0,-745.0
-62.0,-233.0,-153.0,-1533.0,1218.0,-784.0
-40.0,-235.0,-176.0,-1440.0,1284.0,-820.0
-16.0,-241.0,-192.0,-1396.0,1300.0,-854.0
-8.0,-239.0,-209.0,-1383.0,1256.0,-882.0
1.0,-243.0,-256.0,-1420.0,1174.0,-907.0
13.0,-257.0,-296.0,-1537.0,1084.0,-921.0
18.0,-272.0,-330.0,-1710.0,987.0,-940.0
31.0,-290.0,-356.0,-1916.0,904.0,-955.0
38.0,-308.0,-376.0,-2143.0,851.0,-943.0
37.0,-338.0,-382.0,-2345.0,814.0,-901.0
61.0,-376.0,-401.0,-2507.0,807.0,-848.0
90.0,-406.0,-403.0,-2649.0,854.0,-805.0
123.0,-429.0,-387.0,-2768.0,885.0,-799.0
148.0,-426.0,-389.0,-2877.0,871.0,-819.0
221.0,-417.0,-350.0,-2994.0,842.0,-847.0
272.0,-386.0,-300.0,-3056.0,785.0,-896.0
289.0,-350.0,-268.0,-2978.0,760.0,-948.0
288.0,-309.0,-239.0,-2811.0,839.0,-982.0
282.0,-278.0,-218.0,-2661.0,1002.0,-1022.0
275.0,-247.0,-193.0,-2579.0,1203.0,-1067.0
264.0,-216.0,-174.0,-2555.0,1421.0,-1094.0
254.0,-191.0,-142.0,-2564.0,1634.0,-1102.0
242.0,-166.0,-126.0,-2583.0,1832.0,-1098.0
209.0,-133.0,-95.0,-2625.0,2010.0,-1085.0
183.0,-90.0,-65.0,-2733.0,2161.0,-1063.0
165.0,-58.0,-42.0,-2939.0,2295.0,-1036.0
134.0,-31.0,-2.0,-3245.0,2430.0,-1027.0
96.0,-28.0,25.0,-3597.0,2523.0,-1042.0
56.0,-33.0,55.0,-3947.0,2529.0,-1073.0
13.0,-46.0,71.0,-4230.0,2450.0,-1116.0
-20.0,-70.0,72.0,-4432.0,2350.0,-1178.0
-44.0,-101.0,75.0,-4549.0,2247.0,-1258.0
-51.0,-124.0,62.0,-4502.0,2154.0,-1318.0
-61.0,-141.0,34.0,-4270.0,2075.0,-1351.0
-60.0,-155.0,2.0,-3909.0,2011.0,-1356.0
-59.0,-164.0,-42.0,-3468.0,1933.0,-1343.0
-43.0,-178.0,-65.0,-3033.0,1845.0,-1323.0
-37.0,-183.0,-68.0,-2632.0,1768.0,-1304.0
-22.0,-189.0,-60.0,-2290.0,1710.0,-1301.0
-10.0,-192.0,-38.0,-2008.0,1653.0,-1331.0
4.0,-194.0,-15.0,-1789.0,1605.0,-1387.0
23.0,-200.0,3.0,-1625.0,1593.0,-1457.0
42.0,-207.0,9.0,-1494.0,1632.0,-1522.0
69.0,-214.0,22.0,-1377.0,1736.0,-1559.0
83.0,-214.0,21.0,-1258.0,1883.0,-1579.0
118.0,-196.0,6.0,-1138.0,2044.0,-1579.0
137.0,-174.0,-4.0,-1044.0,2192.0,-1568.0
155.0,-147.0,-12.0,-995.0,2311.0,-1532.0
173.0,-106.0,-19.0,-991.0,2371.0,-1475.0
193.0,-59.0,-14.0,-1010.0,2379.0,-1398.0
204.0,-20.0,-14.0,-1035.0,2381.0,-1297.0
215.0,4.0,-8.0,-1059.0,2390.0,-1176.0
224.0,30.0,-9.0,-1073.0,2407.0,-1065.0
238.0,39.0,-11.0,-1092.0,2445.0,-966.0
252.0,36.0,-20.0,-1100.0,2521.0,-886.0
270.0,32.0,-19.0,-1084.0,2643.0,-840.0
269.0,21.0,-16.0,-1018.0,2829.0,-830.0
269.0,0.0,-33.0,-903.0,3058.0,-848.0
274.0,-25.0,-40.0,-767.0,3322.0,-884.0
294.0,-55.0,-49.0,-626.0,3616.0,-937.0
281.0,-70.0,-65.0,-496.0,3929.0,-1003.0
289.0,-83.0,-68.0,-406.0,4215.0,-1034.0
320.0,-95.0,-96.0,-332.0,4447.0,-1067.0
364.0,-81.0,-117.0,-278.0,4647.0,-1124.0
297.0,-81.0,-144.0,-229.0,4834.0,-1264.0
291.0,-112.0,-179.0,-79.0,4853.0,-1312.0
335.0,-71.0,-226.0,238.0,4750.0,-1335.0
295.0,-22.0,-212.0,318.0,4801.0,-1486.0
368.0,-25.0,-220.0,177.0,4805.0,-1548.0
301.0,30.0,-263.0,142.0,4763.0,-1707.0
264.0,82.0,-265.0,-39.0,4634.0,-1845.0
308.0,139.0,-232.0,-335.0,4457.0,-1915.0
402.0,219.0,-157.0,-586.0,4193.0,-2204.0
533.0,291.0,-119.0,-597.0,3986.0,-2818.0
747.0,335.0,-94.0,-437.0,3834.0,-3498.0
890.0,371.0,-33.0,-244.0,3823.0,-4035.0
1042.0,421.0,-1.0,-168.0,3958.0,-4423.0
1202.0,464.0,-6.0,-301.0,4163.0,-4627.0
1292.0,480.0,-13.0,-621.0,4283.0,-4710.0
1272.0,513.0,-57.0,-1021.0,4352.0,-4611.0
1173.0,503.0,-63.0,-1459.0,4282.0,-4221.0
1016.0,420.0,-51.0,-1768.0,3967.0,-3530.0
869.0,326.0,-28.0,-1713.0,3530.0,-2724.0
784.0,249.0,0.0,-1375.0,3109.0,-1995.0
730.0,173.0,13.0,-906.0,2831.0,-1450.0
716.0,152.0,-1.0,-358.0,2680.0,-934.0
649.0,100.0,-13.0,145.0,2595.0,-406.0
642.0,41.0,16.0,617.0,2445.0,90.0
501.0,-46.0,38.0,1105.0,2187.0,517.0
295.0,-115.0,59.0,1497.0,1687.0,1034.0
187.0,-129.0,74.0,1646.0,847.0,1619.0
124.0,-120.0,90.0,1721.0,-65.0,2019.0
64.0,-75.0,70.0,1802.0,-824.0,2186.0
34.0,-8.0,54.0,1854.0,-1348.0,2141.0
44.0,61.0,20.0,1903.0,-1460.0,1985.0
11.0,83.0,3.0,1878.0,-1196.0,1844.0
-13.0,122.0,-18.0,1631.0,-859.0,1574.0
3.0,157.0,-31.0,1161.0,-465.0,1201.0
25.0,193.0,-19.0,541.0,-22.0,775.0
58.0,211.0,0.0,-42.0,380.0,418.0
108.0,229.0,36.0,-446.0,670.0,141.0
121.0,237.0,62.0,-649.0,844.0,-55.0
100.0,222.0,81.0,-709.0,881.0,-197.0
107.0,196.0,104.0,-657.0,814.0,-293.0
109.0,184.0,123.0,-574.0,748.0,-342.0
81.0,148.0,150.0,-567.0,703.0,-354.0
60.0,106.0,170.0,-620.0,639.0,-355.0
46.0,41.0,181.0,-679.0,565.0,-353.0
26.0,-19.0,179.0,-708.0,528.0,-338.0
25.0,-62.0,164.0,-696.0,531.0,-313.0
25.0,-103.0,138.0,-646.0,561.0,-277.0
33.0,-136.0,111.0,-542.0,598.0,-256.0
36.0,-138.0,77.0,-356.0,614.0,-276.0
53.0,-121.0,44.0,-106.0,596.0,-319.0
65.0,-92.0,26.0,137.0,568.0,-358.0
87.0,-38.0,20.0,324.0,535.0,-366.0
103.0,19.0,20.0,428.0,510.0,-347.0
129.0,82.0,29.0,454.0,488.0,-311.0
155.0,127.0,54.0,431.0,479.0,-270.0
173.0,160.0,63.0,383.0,477.0,-240.0
193.0,188.0,87.0,331.0,500.0,-233.0
220.0,188.0,102.0,275.0,535.0,-227.0
249.0,163.0,113.0,195.0,587.0,-193.0
236.0,145.0,107.0,107.0,621.0,-151.0
200.0,127.0,92.0,27.0,619.0,-106.0
185.0,110.0,79.0,-73.0,591.0,-48.0
180.0,91.0,73.0,-167.0,555.0,-6.0
195.0,77.0,75.0,-196.0,550.0,16.0
207.0,68.0,83.0,-175.0,601.0,29.0
237.0,54.0,89.0,-117.0,670.0,44.0
266.0,52.0,93.0,-63.0,741.0,69.0
288.0,49.0,93.0,-35.0,796.0,109.0
314.0,53.0,81.0,-43.0,832.0,154.0
321.0,63.0,84.0,-78.0,857.0,200.0
329.0,77.0,82.0,-127.0,868.0,244.0
328.0,90.0,78.0,-177.0,874.0,277.0
338.0,106.0,81.0,-224.0,873.0,304.0
343.0,127.0,81.0,-264.0,882.0,321.0
355.0,132.0,86.0,-299.0,905.0,326.0
357.0,144.0,91.0,-327.0,932.0,326.0
351.0,148.0,89.0,-351.0,941.0,321.0
362.0,159.0,91.0,-377.0,932.0,312.0
365.0,163.0,96.0,-414.0,911.0,298.0
365.0,158.0,101.0,-448.0,884.0,283.0
356.0,156.0,104.0,-479.0,848.0,274.0
345.0,148.0,118.0,-510.0,799.0,261.0
327.0,134.0,130.0,-536.0,729.0,244.0
316.0,119.0,137.0,-546.0,636.0,228.0
290.0,103.0,145.0,-541.0,525.0,215.0
266.0,83.0,161.0,-519.0,403.0,205.0
244.0,63.0,167.0,-482.0,279.0,192.0
225.0,45.0,161.0,-422.0,158.0,170.0
219.0,36.0,162.0,-353.0,51.0,149.0
208.0,26.0,156.0,-286.0,-39.0,131.0
200.0,17.0,150.0,-222.0,-107.0,113.0
193.0,11.0,142.0,-154.0,-156.0,106.0
191.0,6.0,136.0,-80.0,-189.0,98.0
192.0,6.0,132.0,-5.0,-208.0,93.0
189.0,7.0,129.0,63.0,-216.0,91.0
188.0,9.0,120.0,121.0,-214.0,98.0
180.0,19.0,112.0,147.0,-215.0,105.0
185.0,23.0,112.0,146.0,-222.0,108.0
184.0,32.0,106.0,133.0,-229.0,111.0
180.0,33.0,108.0,118.0,-244.0,123.0
185.0,41.0,113.0,112.0,-254.0,127.0
171.0,40.0,114.0,122.0,-269.0,132.0
185.0,43.0,113.0,142.0,-294.0,141.0
184.0,39.0,109.0,165.0,-316.0,144.0
191.0,38.0,101.0,172.0,-340.0,155.0
196.0,41.0,94.0,171.0,-366.0,169.0
191.0,39.0,93.0,172.0,-397.0,180.0
192.0,37.0,88.0,161.0,-442.0,205.0
196.0,37.0,83.0,152.0,-486.0,224.0
198.0,32.0,83.0,150.0,-513.0,240.0
212.0,41.0,75.0,151.0,-531.0,256.0
234.0,32.0,81.0,158.0,-538.0,252.0
236.0,31.0,78.0,179.0,-526.0,248.0
231.0,29.0,84.0,203.0,-514.0,243.0
243.0,36.0,80.0,225.0,-515.0,226.0
237.0,42.0,73.0,242.0,-514.0,205.0
230.0,35.0,79.0,241.0,-524.0,184.0
231.0,32.0,75.0,237.0,-537.0,168.0
228.0,39.0,78.0,237.0,-544.0,144.0
220.0,32.0,80.0,249.0,-554.0,140.0
209.0,31.0,87.0,262.0,-592.0,166.0
220.0,31.0,82.0,277.0,-627.0,198.0
226.0,30.0,85.0,310.0,-657.0,218.0
232.0,37.0,79.0,366.0,-693.0,248.0
229.0,35.0,72.0,421.0,-735.0,301.0
235.0,35.0,65.0,442.0,-783.0,351.0
235.0,29.0,60.0,440.0,-831.0,383.0
232.0,28.0,64.0,419.0,-874.0,409.0
246.0,27.0,64.0,391.0,-907.0,447.0
243.0,26.0,64.0,365.0,-915.0,483.0
240.0,14.0,65.0,363.0,-926.0,473.0
248.0,12.0,61.0,401.0,-943.0,427.0
270.0,24.0,54.0,454.0,-941.0,372.0
290.0,32.0,44.0,488.0,-912.0,336.0
291.0,30.0,41.0,480.0,-870.0,317.0
287.0,24.0,37.0,447.0,-863.0,293.0
287.0,19.0,21.0,410.0,-908.0,238.0
288.0,16.0,19.0,369.0,-960.0,168.0
288.0,10.0,17.0,329.0,-999.0,115.0
279.0,9.0,16.0,291.0,-1033.0,79.0
282.0,1.0,12.0,264.0,-1071.0,71.0
292.0,7.0,10.0,245.0,-1093.0,75.0
297.0,9.0,5.0,221.0,-1093.0,100.0
283.0,5.0,4.0,211.0,-1098.0,118.0
277.0,6.0,5.0,233.0,-1114.0,99.0
277.0,8.0,2.0,278.0,-1142.0,60.0
274.0,11.0,3.0,326.0,-1158.0,28.0
276.0,14.0,-3.0,354.0,-1155.0,9.0
274.0,15.0,0.0,364.0,-1130.0,10.0
260.0,12.0,7.0,344.0,-1089.0,26.0
251.0,5.0,11.0,331.0,-1069.0,15.0
247.0,2.0,10.0,337.0,-1089.0,-31.0
243.0,-2.0,-1.0,356.0,-1122.0,-87.0
255.0,-5.0,1.0,365.0,-1124.0,-125.0
256.0,-10.0,0.0,359.0,-1104.0,-145.0
257.0,-15.0,-4.0,345.0,-1072.0,-145.0
258.0,-11.0,-14.0,327.0,-1025.0,-145.0
265.0,-9.0,-7.0,310.0,-966.0,-145.0
259.0,-11.0,-24.0,311.0,-898.0,-156.0
248.0,-1.0,-32.0,314.0,-842.0,-162.0
250.0,-3.0,-24.0,318.0,-800.0,-150.0
258.0,6.0,-26.0,336.0,-757.0,-134.0
265.0,6.0,-29.0,360.0,-721.0,-112.0
269.0,5.0,-37.0,368.0,-688.0,-92.0
269.0,3.0,-40.0,369.0,-657.0,-67.0
264.0,8.0,-47.0,380.0,-622.0,-39.0
265.0,5.0,-58.0,380.0,-575.0,0.0
262.0,6.0,-64.0,357.0,-531.0,46.0
267.0,1.0,-80.0,315.0,-503.0,70.0
289.0,3.0,-89.0,243.0,-474.0,87.0
311.0,0.0,-85.0,157.0,-422.0,107.0
326.0,1.0,-71.0,134.0,-328.0,128.0
312.0,-4.0,-56.0,182.0,-220.0,135.0
311.0,-8.0,-58.0,257.0,-168.0,94.0
315.0,-6.0,-50.0,331.0,-160.0,40.0
306.0,2.0,-56.0,363.0,-144.0,11.0
305.0,10.0,-60.0,344.0,-106.0,34.0
279.0,9.0,-57.0,269.0,-50.0,89.0
267.0,6.0,-51.0,177.0,-30.0,99.0
269.0,11.0,-54.0,113.0,-19.0,81.0
274.0,18.0,-53.0,64.0,20.0,92.0
272.0,24.0,-51.0,15.0,72.0,130.0
263.0,24.0,-45.0,-29.0,115.0,162.0
256.0,24.0,-46.0,-44.0,129.0,136.0
251.0,24.0,-50.0,-33.0,138.0,123.0
243.0,23.0,-48.0,-35.0,149.0,126.0
250.0,16.0,-50.0,-51.0,162.0,136.0
253.0,11.0,-49.0,-71.0,184.0,130.0
238.0,4.0,-48.0,-84.0,205.0,133.0
243.0,0.0,-53.0,-100.0,211.0,144.0
253.0,-7.0,-50.0,-102.0,212.0,134.0
254.0,-10.0,-46.0,-91.0,217.0,113.0
256.0,-18.0,-42.0,-73.0,228.0,85.0
256.0,-10.0,-45.0,-54.0,242.0,57.0
257.0,-12.0,-43.0,-35.0,261.0,27.0
266.0,-11.0,-40.0,-18.0,280.0,1.0
275.0,-5.0,-31.0,-9.0,302.0,-22.0
269.0,-4.0,-37.0,-5.0,333.0,-39.0
273.0,0.0,-34.0,-4.0,365.0,-54.0
271.0,2.0,-35.0,-6.0,393.0,-68.0
272.0,4.0,-32.0,-8.0,416.0,-77.0
272.0,6.0,-30.0,-11.0,440.0,-84.0
276.0,7.0,-30.0,-10.0,466.0,-91.0
278.0,8.0,-31.0,-7.0,496.0,-93.0
278.0,6.0,-25.0,2.0,527.0,-97.0
274.0,10.0,-22.0,12.0,554.0,-99.0
276.0,10.0,-21.0,19.0,577.0,-102.0
276.0,7.0,-20.0,25.0,602.0,-102.0
277.0,13.0,-20.0,30.0,625.0,-99.0
273.0,11.0,-18.0,37.0,645.0,-99.0
271.0,12.0,-13.0,46.0,663.0,-97.0
272.0,9.0,-11.0,53.0,677.0,-95.0
268.0,10.0,-9.0,59.0,688.0,-95.0
269.0,9.0,-3.0,63.0,690.0,-92.0
263.0,12.0,-10.0,63.0,693.0,-89.0
266.0,7.0,-4.0,55.0,700.0,-86.0
264.0,6.0,2.0,49.0,704.0,-79.0
266.0,7.0,3.0,39.0,697.0,-74.0
268.0,2.0,8.0,31.0,691.0,-69.0
263.0,10.0,12.0,21.0,678.0,-67.0
262.0,10.0,15.0,9.0,664.0,-65.0
266.0,9.0,18.0,-4.0,652.0,-64.0
265.0,11.0,18.0,-12.0,638.0,-60.0
263.0,16.0,22.0,-18.0,619.0,-56.0
263.0,13.0,22.0,-25.0,602.0,-52.0
260.0,18.0,25.0,-29.0,585.0,-46.0
260.0,16.0,26.0,-31.0,566.0,-39.0
258.0,18.0,28.0,-30.0,543.0,-30.0
256.0,16.0,34.0,-31.0,517.0,-20.0
259.0,16.0,27.0,-29.0,494.0,-10.0
261.0,15.0,30.0,-28.0,473.0,-1.0
255.0,17.0,30.0,-28.0,450.0,10.0
255.0,13.0,28.0,-25.0,431.0,19.0
256.0,14.0,35.0,-20.0,412.0,28.0
256.0,12.0,33.0,-10.0,397.0,34.0
252.0,11.0,35.0,-2.0,384.0,42.0
252.0,14.0,35.0,10.0,371.0,45.0
252.0,7.0,29.0,21.0,354.0,47.0
252.0,13.0,34.0,30.0,336.0,48.0
247.0,14.0,36.0,41.0,318.0,48.0
249.0,13.0,36.0,53.0,300.0,45.0
249.0,14.0,37.0,66.0,284.0,39.0
248.0,15.0,40.0,78.0,272.0,33.0
247.0,17.0,42.0,88.0,260.0,27.0
247.0,15.0,41.0,99.0,248.0,23.0
246.0,16.0,43.0,109.0,239.0,20.0
245.0,23.0,47.0,117.0,229.0,13.0
244.0,19.0,44.0,126.0,218.0,11.0
246.0,18.0,47.0,136.0,210.0,5.0
246.0,17.0,47.0,146.0,201.0,-2.0
240.0,19.0,50.0,156.0,192.0,-9.0
247.0,22.0,45.0,167.0,181.0,-16.0
249.0,21.0,47.0,177.0,171.0,-23.0
250.0,20.0,44.0,186.0,162.0,-32.0
250.0,19.0,45.0,195.0,149.0,-38.0
252.0,27.0,45.0,203.0,135.0,-46.0
251.0,27.0,40.0,210.0,121.0,-53.0
248.0,31.0,45.0,214.0,108.0,-60.0
256.0,30.0,37.0,216.0,91.0,-67.0
253.0,27.0,41.0,211.0,74.0,-72.0
255.0,27.0,43.0,200.0,59.0,-74.0
258.0,27.0,49.0,185.0,45.0,-73.0
257.0,33.0,38.0,165.0,30.0,-71.0
257.0,28.0,40.0,144.0,15.0,-65.0
257.0,31.0,38.0,120.0,0.0,-59.0
258.0,29.0,39.0,100.0,-15.0,-52.0
256.0,27.0,41.0,83.0,-29.0,-40.0
257.0,29.0,36.0,69.0,-42.0,-32.0
259.0,22.0,32.0,58.0,-54.0,-24.0
262.0,22.0,33.0,47.0,-63.0,-14.0
260.0,26.0,28.0,38.0,-76.0,-9.0
259.0,26.0,31.0,32.0,-84.0,-4.0
260.0,18.0,35.0,25.0,-91.0,3.0
262.0,20.0,30.0,18.0,-97.0,9.0
262.0,22.0,30.0,13.0,-104.0,14.0
261.0,22.0,27.0,10.0,-108.0,19.0
264.0,21.0,28.0,10.0,-110.0,23.0
264.0,19.0,25.0,10.0,-112.0,29.0
263.0,20.0,24.0,11.0,-113.0,32.0
262.0,18.0,20.0,13.0,-115.0,34.0
263.0,19.0,25.0,16.0,-116.0,38.0
262.0,15.0,17.0,18.0,-117.0,38.0
262.0,16.0,15.0,21.0,-117.0,41.0
263.0,14.0,27.0,23.0,-116.0,43.0
259.0,16.0,20.0,24.0,-116.0,44.0
261.0,17.0,22.0,24.0,-112.0,44.0
260.0,18.0,19.0,21.0,-109.0,44.0
259.0,20.0,19.0,20.0,-104.0,42.0
259.0,15.0,20.0,14.0,-99.0,43.0
261.0,15.0,23.0,12.0,-93.0,41.0
258.0,16.0,22.0,9.0,-87.0,40.0
259.0,15.0,25.0,5.0,-82.0,40.0
258.0,18.0,17.0,2.0,-77.0,38.0
260.0,16.0,24.0,0.0,-73.0,39.0
256.0,16.0,17.0,-5.0,-71.0,36.0
258.0,13.0,23.0,-7.0,-68.0,34.0
256.0,14.0,25.0,-8.0,-65.0,31.0
257.0,10.0,24.0,-4.0,-67.0,26.0
256.0,13.0,25.0,2.0,-67.0,23.0
256.0,13.0,24.0,7.0,-69.0,20.0
258.0,11.0,26.0,10.0,-70.0,14.0
257.0,14.0,28.0,12.0,-70.0,8.0
260.0,11.0,23.0,12.0,-71.0,8.0
257.0,13.0,24.0,9.0,-72.0,6.0
263.0,8.0,23.0,7.0,-76.0,2.0
256.0,13.0,20.0,6.0,-79.0,-3.0
258.0,11.0,23.0,6.0,-81.0,-8.0
259.0,9.0,22.0,9.0,-86.0,-11.0
258.0,12.0,23.0,10.0,-89.0,-16.0
259.0,11.0,24.0,12.0,-94.0,-20.0
260.0,10.0,24.0,13.0,-95.0,-22.0
262.0,11.0,20.0,11.0,-98.0,-27.0
262.0,13.0,21.0,10.0,-99.0,-30.0
260.0,13.0,18.0,9.0,-103.0,-29.0
259.0,12.0,21.0,6.0,-105.0,-25.0
262.0,11.0,21.0,6.0,-107.0,-22.0
