21.0,-216.0,-256.0,-1034.0,53.0,-174.0
15.0,-210.0,-252.0,-1027.0,39.0,-174.0
8.0,-210.0,-245.0,-1027.0,27.0,-170.0
12.0,-203.0,-242.0,-1022.0,5.0,-171.0
16.0,-203.0,-243.0,-1006.0,2.0,-177.0
11.0,-194.0,-249.0,-993.0,11.0,-180.0
10.0,-187.0,-258.0,-992.0,10.0,-180.0
13.0,-182.0,-251.0,-1012.0,0.0,-188.0
16.0,-189.0,-259.0,-1026.0,3.0,-196.0
13.0,-187.0,-267.0,-1040.0,-3.0,-199.0
14.0,-191.0,-265.0,-1044.0,-9.0,-206.0
17.0,-193.0,-270.0,-1033.0,-16.0,-219.0
16.0,-193.0,-269.0,-1016.0,-26.0,-233.0
18.0,-194.0,-272.0,-987.0,-30.0,-242.0
16.0,-189.0,-263.0,-953.0,-38.0,-253.0
19.0,-189.0,-256.0,-922.0,-42.0,-262.0
19.0,-181.0,-255.0,-896.0,-45.0,-272.0
22.0,-172.0,-255.0,-877.0,-47.0,-275.0
17.0,-171.0,-249.0,-865.0,-45.0,-289.0
21.0,-168.0,-245.0,-863.0,-45.0,-298.0
24.0,-163.0,-243.0,-865.0,-46.0,-304.0
22.0,-161.0,-244.0,-870.0,-45.0,-311.0
21.0,-157.0,-244.0,-877.0,-47.0,-316.0
23.0,-156.0,-250.0,-879.0,-49.0,-323.0
22.0,-153.0,-251.0,-880.0,-51.0,-328.0
27.0,-154.0,-256.0,-882.0,-51.0,-330.0
22.0,-153.0,-248.0,-877.0,-49.0,-336.0
20.0,-148.0,-248.0,-874.0,-53.0,-351.0
22.0,-146.0,-245.0,-868.0,-54.0,-362.0
20.0,-148.0,-243.0,-854.0,-55.0,-372.0
24.0,-143.0,-248.0,-838.0,-56.0,-382.0
19.0,-139.0,-247.0,-823.0,-55.0,-392.0
20.0,-135.0,-243.0,-806.0,-55.0,-402.0
22.0,-132.0,-240.0,-794.0,-55.0,-411.0
24.0,-130.0,-243.0,-781.0,-54.0,-415.0
20.0,-127.0,-239.0,-766.0,-50.0,-418.0
23.0,-125.0,-243.0,-757.0,-54.0,-425.0
26.0,-121.0,-238.0,-747.0,-58.0,-428.0
21.0,-119.0,-239.0,-740.0,-61.0,-429.0
21.0,-117.0,-238.0,-733.0,-64.0,-431.0
21.0,-118.0,-232.0,-729.0,-67.0,-432.0
21.0,-113.0,-239.0,-725.0,-68.0,-434.0
25.0,-112.0,-242.0,-720.0,-69.0,-432.0
24.0,-110.0,-239.0,-714.0,-71.0,-432.0
22.0,-105.0,-239.0,-708.0,-70.0,-430.0
26.0,-106.0,-241.0,-699.0,-70.0,-429.0
25.0,-103.0,-240.0,-693.0,-67.0,-431.0
27.0,-101.0,-238.0,-685.0,-65.0,-431.0
29.0,-103.0,-237.0,-673.0,-59.0,-427.0
29.0,-103.0,-239.0,-666.0,-56.0,-426.0
29.0,-101.0,-242.0,-658.0,-52.0,-424.0
30.0,-104.0,-242.0,-649.0,-43.0,-418.0
34.0,-99.0,-242.0,-637.0,-37.0,-417.0
28.0,-96.0,-244.0,-627.0,-32.0,-413.0
30.0,-97.0,-243.0,-613.0,-27.0,-405.0
29.0,-97.0,-240.0,-600.0,-25.0,-401.0
27.0,-99.0,-245.0,-586.0,-21.0,-394.0
29.0,-97.0,-241.0,-571.0,-18.0,-390.0
30.0,-98.0,-246.0,-556.0,-12.0,-385.0
34.0,-97.0,-245.0,-541.0,-7.0,-383.0
27.0,-97.0,-247.0,-525.0,-3.0,-382.0
26.0,-96.0,-249.0,-509.0,2.0,-379.0
21.0,-95.0,-251.0,-494.0,9.0,-381.0
25.0,-94.0,-251.0,-479.0,12.0,-381.0
29.0,-93.0,-251.0,-464.0,21.0,-379.0
30.0,-93.0,-249.0,-448.0,27.0,-382.0
27.0,-93.0,-249.0,-435.0,38.0,-384.0
29.0,-90.0,-254.0,-422.0,46.0,-384.0
29.0,-94.0,-255.0,-411.0,52.0,-386.0
31.0,-91.0,-253.0,-399.0,59.0,-389.0
26.0,-93.0,-257.0,-385.0,63.0,-389.0
28.0,-90.0,-254.0,-375.0,65.0,-389.0
26.0,-89.0,-256.0,-363.0,67.0,-391.0
24.0,-92.0,-261.0,-354.0,68.0,-392.0
22.0,-92.0,-261.0,-344.0,70.0,-393.0
22.0,-90.0,-258.0,-332.0,69.0,-399.0
20.0,-86.0,-259.0,-322.0,68.0,-401.0
22.0,-88.0,-263.0,-314.0,69.0,-409.0
20.0,-89.0,-260.0,-302.0,68.0,-415.0
23.0,-87.0,-265.0,-291.0,72.0,-418.0
25.0,-85.0,-268.0,-277.0,77.0,-424.0
27.0,-87.0,-269.0,-267.0,81.0,-428.0
28.0,-88.0,-268.0,-259.0,85.0,-429.0
26.0,-86.0,-264.0,-248.0,88.0,-429.0
35.0,-86.0,-269.0,-238.0,86.0,-432.0
36.0,-88.0,-272.0,-228.0,86.0,-435.0
33.0,-88.0,-273.0,-220.0,86.0,-436.0
37.0,-88.0,-275.0,-218.0,86.0,-437.0
34.0,-87.0,-273.0,-213.0,86.0,-440.0
32.0,-88.0,-277.0,-208.0,85.0,-441.0
33.0,-87.0,-276.0,-205.0,80.0,-443.0
36.0,-89.0,-275.0,-204.0,75.0,-448.0
31.0,-87.0,-282.0,-197.0,77.0,-452.0
31.0,-91.0,-285.0,-193.0,76.0,-455.0
34.0,-88.0,-293.0,-191.0,75.0,-462.0
32.0,-89.0,-281.0,-197.0,73.0,-466.0
33.0,-85.0,-282.0,-193.0,76.0,-471.0
35.0,-88.0,-284.0,-190.0,77.0,-479.0
33.0,-87.0,-281.0,-185.0,80.0,-488.0
33.0,-87.0,-277.0,-179.0,83.0,-493.0
34.0,-87.0,-276.0,-173.0,86.0,-504.0
34.0,-84.0,-282.0,-173.0,88.0,-512.0
33.0,-82.0,-278.0,-171.0,89.0,-520.0
37.0,-83.0,-276.0,-177.0,85.0,-526.0
35.0,-81.0,-280.0,-176.0,83.0,-535.0
36.0,-86.0,-269.0,-191.0,76.0,-539.0
34.0,-85.0,-270.0,-199.0,66.0,-548.0
32.0,-82.0,-275.0,-198.0,64.0,-556.0
32.0,-84.0,-272.0,-203.0,58.0,-563.0
28.0,-84.0,-270.0,-208.0,51.0,-574.0
31.0,-84.0,-273.0,-212.0,52.0,-583.0
31.0,-84.0,-270.0,-219.0,43.0,-597.0
29.0,-80.0,-271.0,-220.0,40.0,-604.0
30.0,-81.0,-268.0,-228.0,32.0,-613.0
30.0,-84.0,-268.0,-235.0,22.0,-625.0
31.0,-86.0,-265.0,-238.0,21.0,-631.0
33.0,-86.0,-260.0,-243.0,13.0,-641.0
34.0,-83.0,-263.0,-244.0,5.0,-652.0
30.0,-79.0,-267.0,-243.0,1.0,-660.0
37.0,-78.0,-261.0,-246.0,-8.0,-669.0
37.0,-79.0,-261.0,-247.0,-17.0,-681.0
34.0,-74.0,-257.0,-248.0,-25.0,-688.0
37.0,-76.0,-258.0,-248.0,-34.0,-700.0
37.0,-72.0,-262.0,-243.0,-41.0,-707.0
36.0,-72.0,-259.0,-239.0,-47.0,-714.0
39.0,-70.0,-254.0,-233.0,-58.0,-721.0
35.0,-71.0,-252.0,-230.0,-63.0,-725.0
34.0,-71.0,-256.0,-222.0,-73.0,-724.0
37.0,-73.0,-254.0,-215.0,-78.0,-733.0
36.0,-70.0,-254.0,-212.0,-87.0,-739.0
34.0,-71.0,-254.0,-206.0,-95.0,-747.0
39.0,-71.0,-252.0,-201.0,-108.0,-739.0
31.0,-68.0,-251.0,-195.0,-117.0,-738.0
34.0,-69.0,-252.0,-193.0,-129.0,-739.0
36.0,-73.0,-251.0,-185.0,-143.0,-733.0
32.0,-68.0,-255.0,-172.0,-150.0,-726.0
32.0,-68.0,-254.0,-160.0,-158.0,-734.0
35.0,-73.0,-251.0,-152.0,-174.0,-740.0
38.0,-67.0,-252.0,-141.0,-185.0,-745.0
36.0,-67.0,-251.0,-130.0,-195.0,-738.0
31.0,-65.0,-254.0,-122.0,-193.0,-745.0
38.0,-63.0,-254.0,-123.0,-205.0,-755.0
36.0,-64.0,-254.0,-121.0,-221.0,-759.0
31.0,-63.0,-253.0,-114.0,-219.0,-763.0
33.0,-63.0,-258.0,-113.0,-219.0,-778.0
38.0,-59.0,-256.0,-118.0,-226.0,-789.0
33.0,-61.0,-255.0,-120.0,-227.0,-785.0
30.0,-59.0,-256.0,-118.0,-216.0,-797.0
32.0,-61.0,-256.0,-124.0,-214.0,-815.0
30.0,-60.0,-259.0,-131.0,-214.0,-827.0
30.0,-63.0,-253.0,-135.0,-210.0,-829.0
25.0,-59.0,-254.0,-135.0,-199.0,-844.0
28.0,-61.0,-257.0,-139.0,-200.0,-856.0
27.0,-63.0,-256.0,-146.0,-208.0,-858.0
26.0,-64.0,-253.0,-145.0,-203.0,-870.0
28.0,-65.0,-256.0,-146.0,-205.0,-878.0
33.0,-71.0,-254.0,-142.0,-210.0,-881.0
32.0,-71.0,-254.0,-130.0,-206.0,-879.0
26.0,-67.0,-254.0,-123.0,-199.0,-879.0
27.0,-66.0,-255.0,-116.0,-196.0,-891.0
26.0,-65.0,-251.0,-108.0,-194.0,-893.0
31.0,-64.0,-250.0,-99.0,-184.0,-895.0
32.0,-64.0,-249.0,-96.0,-185.0,-877.0
27.0,-61.0,-249.0,-89.0,-171.0,-884.0
28.0,-59.0,-247.0,-90.0,-168.0,-884.0
25.0,-56.0,-247.0,-93.0,-163.0,-894.0
24.0,-59.0,-245.0,-101.0,-168.0,-901.0
25.0,-56.0,-242.0,-104.0,-167.0,-900.0
24.0,-58.0,-241.0,-111.0,-168.0,-880.0
18.0,-55.0,-232.0,-110.0,-149.0,-885.0
17.0,-57.0,-234.0,-118.0,-148.0,-899.0
19.0,-56.0,-233.0,-128.0,-160.0,-900.0
25.0,-58.0,-228.0,-139.0,-163.0,-888.0
14.0,-58.0,-228.0,-144.0,-143.0,-896.0
18.0,-58.0,-225.0,-152.0,-141.0,-910.0
17.0,-55.0,-224.0,-153.0,-144.0,-906.0
14.0,-49.0,-221.0,-166.0,-139.0,-897.0
13.0,-48.0,-217.0,-184.0,-136.0,-899.0
14.0,-47.0,-226.0,-206.0,-133.0,-900.0
16.0,-41.0,-227.0,-233.0,-144.0,-894.0
18.0,-42.0,-227.0,-254.0,-142.0,-876.0
13.0,-43.0,-230.0,-270.0,-140.0,-860.0
23.0,-48.0,-236.0,-281.0,-145.0,-827.0
17.0,-41.0,-223.0,-291.0,-137.0,-817.0
16.0,-41.0,-225.0,-299.0,-131.0,-808.0
22.0,-39.0,-227.0,-306.0,-131.0,-791.0
20.0,-42.0,-221.0,-307.0,-123.0,-759.0
19.0,-39.0,-217.0,-308.0,-109.0,-730.0
19.0,-34.0,-209.0,-311.0,-96.0,-729.0
25.0,-42.0,-210.0,-321.0,-95.0,-734.0
25.0,-36.0,-210.0,-335.0,-90.0,-724.0
33.0,-43.0,-207.0,-347.0,-81.0,-709.0
28.0,-49.0,-208.0,-359.0,-69.0,-683.0
25.0,-42.0,-206.0,-375.0,-51.0,-684.0
26.0,-43.0,-203.0,-397.0,-46.0,-679.0
30.0,-50.0,-210.0,-421.0,-44.0,-666.0
28.0,-57.0,-202.0,-444.0,-36.0,-639.0
26.0,-61.0,-201.0,-462.0,-19.0,-627.0
27.0,-66.0,-204.0,-477.0,-12.0,-615.0
27.0,-72.0,-202.0,-452.0,6.0,-576.0
19.0,-72.0,-202.0,-410.0,52.0,-569.0
21.0,-72.0,-198.0,-382.0,73.0,-561.0
21.0,-72.0,-196.0,-375.0,81.0,-551.0
19.0,-69.0,-192.0,-372.0,98.0,-537.0
16.0,-71.0,-194.0,-366.0,133.0,-537.0
15.0,-72.0,-195.0,-364.0,172.0,-533.0
14.0,-80.0,-192.0,-360.0,203.0,-528.0
19.0,-82.0,-195.0,-350.0,235.0,-516.0
11.0,-84.0,-193.0,-342.0,293.0,-513.0
12.0,-86.0,-194.0,-336.0,319.0,-516.0
7.0,-88.0,-190.0,-339.0,355.0,-530.0
0.0,-89.0,-188.0,-343.0,420.0,-580.0
3.0,-89.0,-192.0,-352.0,460.0,-612.0
8.0,-100.0,-197.0,-364.0,468.0,-596.0
-11.0,-84.0,-184.0,-382.0,499.0,-605.0
-21.0,-86.0,-182.0,-395.0,556.0,-627.0
-24.0,-82.0,-181.0,-408.0,579.0,-646.0
-34.0,-78.0,-180.0,-429.0,621.0,-675.0
-27.0,-75.0,-181.0,-468.0,649.0,-668.0
-33.0,-74.0,-179.0,-531.0,704.0,-621.0
-33.0,-84.0,-179.0,-585.0,762.0,-606.0
-21.0,-84.0,-186.0,-612.0,792.0,-625.0
-19.0,-82.0,-190.0,-647.0,827.0,-630.0
-14.0,-80.0,-195.0,-680.0,853.0,-643.0
-2.0,-80.0,-208.0,-706.0,882.0,-656.0
-5.0,-83.0,-199.0,-726.0,914.0,-668.0
1.0,-72.0,-205.0,-732.0,944.0,-664.0
3.0,-71.0,-198.0,-746.0,974.0,-645.0
3.0,-77.0,-185.0,-769.0,1001.0,-630.0
15.0,-82.0,-175.0,-801.0,1020.0,-613.0
22.0,-82.0,-172.0,-858.0,1032.0,-593.0
32.0,-86.0,-180.0,-924.0,1032.0,-587.0
47.0,-85.0,-200.0,-972.0,1021.0,-587.0
56.0,-84.0,-226.0,-996.0,1017.0,-581.0
81.0,-84.0,-252.0,-965.0,1042.0,-552.0
92.0,-95.0,-276.0,-863.0,1105.0,-527.0
117.0,-100.0,-312.0,-691.0,1218.0,-504.0
118.0,-95.0,-334.0,-486.0,1373.0,-484.0
124.0,-83.0,-333.0,-282.0,1554.0,-468.0
123.0,-79.0,-323.0,-89.0,1741.0,-460.0
133.0,-69.0,-315.0,127.0,1888.0,-427.0
151.0,-51.0,-317.0,338.0,1990.0,-406.0
166.0,-37.0,-319.0,538.0,2081.0,-328.0
170.0,-32.0,-319.0,748.0,2121.0,-245.0
152.0,-57.0,-328.0,938.0,2080.0,-186.0
156.0,-45.0,-339.0,1164.0,1973.0,-102.0
142.0,-35.0,-348.0,1378.0,1860.0,-71.0
123.0,-62.0,-337.0,1563.0,1772.0,-23.0
114.0,-72.0,-334.0,1789.0,1722.0,88.0
109.0,-66.0,-320.0,1986.0,1652.0,144.0
106.0,-59.0,-340.0,2128.0,1592.0,145.0
100.0,-46.0,-341.0,2206.0,1553.0,164.0
110.0,-38.0,-346.0,2231.0,1508.0,203.0
120.0,-30.0,-348.0,2207.0,1467.0,228.0
113.0,-21.0,-346.0,2134.0,1426.0,217.0
121.0,-24.0,-333.0,2038.0,1392.0,207.0
125.0,-28.0,-324.0,1946.0,1380.0,193.0
126.0,-27.0,-316.0,1881.0,1370.0,168.0
126.0,-33.0,-308.0,1834.0,1359.0,132.0
126.0,-30.0,-307.0,1808.0,1341.0,88.0
129.0,-35.0,-302.0,1801.0,1333.0,42.0
127.0,-30.0,-296.0,1799.0,1334.0,4.0
124.0,-25.0,-288.0,1811.0,1340.0,-31.0
125.0,-18.0,-283.0,1828.0,1356.0,-54.0
122.0,-15.0,-282.0,1827.0,1377.0,-79.0
124.0,-9.0,-273.0,1803.0,1398.0,-106.0
136.0,-13.0,-267.0,1780.0,1415.0,-121.0
151.0,-17.0,-266.0,1766.0,1452.0,-130.0
156.0,-10.0,-256.0,1757.0,1506.0,-136.0
165.0,-14.0,-249.0,1746.0,1558.0,-147.0
179.0,-7.0,-252.0,1747.0,1606.0,-155.0
192.0,0.0,-251.0,1742.0,1657.0,-156.0
203.0,8.0,-258.0,1727.0,1733.0,-172.0
214.0,16.0,-261.0,1692.0,1840.0,-198.0
230.0,20.0,-268.0,1644.0,1955.0,-224.0
228.0,19.0,-266.0,1592.0,2091.0,-269.0
231.0,12.0,-258.0,1543.0,2221.0,-320.0
237.0,7.0,-257.0,1499.0,2329.0,-355.0
238.0,2.0,-263.0,1458.0,2445.0,-380.0
232.0,-9.0,-270.0,1414.0,2564.0,-398.0
237.0,-15.0,-271.0,1378.0,2686.0,-411.0
246.0,-33.0,-271.0,1344.0,2812.0,-419.0
263.0,-53.0,-276.0,1328.0,2931.0,-433.0
270.0,-62.0,-281.0,1329.0,3055.0,-469.0
281.0,-70.0,-285.0,1334.0,3200.0,-510.0
298.0,-76.0,-286.0,1364.0,3345.0,-561.0
312.0,-84.0,-287.0,1418.0,3495.0,-630.0
314.0,-85.0,-289.0,1482.0,3641.0,-707.0
329.0,-82.0,-294.0,1540.0,3774.0,-779.0
342.0,-67.0,-307.0,1589.0,3895.0,-870.0
334.0,-56.0,-315.0,1634.0,4021.0,-977.0
368.0,-57.0,-306.0,1646.0,4129.0,-1096.0
383.0,-66.0,-291.0,1637.0,4191.0,-1253.0
394.0,-92.0,-275.0,1611.0,4222.0,-1395.0
436.0,-110.0,-251.0,1556.0,4187.0,-1503.0
471.0,-123.0,-228.0,1536.0,4072.0,-1631.0
500.0,-128.0,-227.0,1534.0,3944.0,-1752.0
539.0,-134.0,-201.0,1503.0,3874.0,-1865.0
570.0,-137.0,-188.0,1481.0,3847.0,-1989.0
613.0,-136.0,-171.0,1464.0,3819.0,-2107.0
671.0,-128.0,-164.0,1447.0,3760.0,-2175.0
736.0,-124.0,-158.0,1430.0,3594.0,-2209.0
809.0,-108.0,-153.0,1363.0,3391.0,-2278.0
829.0,-96.0,-131.0,1242.0,3268.0,-2392.0
816.0,-86.0,-82.0,1125.0,3182.0,-2546.0
531.0,-61.0,-81.0,1022.0,3007.0,-2688.0
387.0,-82.0,-26.0,841.0,2997.0,-2524.0
250.0,-100.0,8.0,706.0,2911.0,-2334.0
138.0,-91.0,28.0,692.0,2666.0,-2223.0
90.0,-78.0,41.0,784.0,2356.0,-2156.0
80.0,-60.0,52.0,888.0,2054.0,-2174.0
97.0,-45.0,60.0,936.0,1818.0,-2275.0
116.0,-16.0,53.0,905.0,1674.0,-2402.0
169.0,-2.0,48.0,812.0,1619.0,-2515.0
219.0,6.0,40.0,672.0,1594.0,-2607.0
250.0,3.0,33.0,517.0,1634.0,-2682.0
252.0,1.0,34.0,394.0,1717.0,-2718.0
235.0,-9.0,43.0,330.0,1769.0,-2725.0
225.0,-16.0,50.0,335.0,1770.0,-2726.0
238.0,-11.0,65.0,389.0,1720.0,-2744.0
234.0,-2.0,78.0,427.0,1665.0,-2790.0
248.0,20.0,90.0,441.0,1657.0,-2839.0
263.0,47.0,102.0,413.0,1676.0,-2861.0
248.0,66.0,106.0,354.0,1710.0,-2879.0
236.0,93.0,110.0,276.0,1734.0,-2898.0
218.0,123.0,93.0,177.0,1711.0,-2907.0
217.0,139.0,74.0,62.0,1607.0,-2914.0
221.0,163.0,64.0,-77.0,1439.0,-2882.0
242.0,170.0,41.0,-235.0,1284.0,-2779.0
267.0,165.0,25.0,-382.0,1204.0,-2609.0
278.0,150.0,17.0,-490.0,1220.0,-2412.0
290.0,131.0,18.0,-552.0,1283.0,-2227.0
296.0,109.0,12.0,-553.0,1332.0,-2049.0
278.0,93.0,-2.0,-505.0,1373.0,-1886.0
278.0,83.0,-7.0,-417.0,1424.0,-1739.0
256.0,79.0,-16.0,-304.0,1454.0,-1573.0
247.0,72.0,-13.0,-205.0,1454.0,-1409.0
256.0,77.0,-13.0,-102.0,1360.0,-1244.0
263.0,74.0,-1.0,33.0,1205.0,-1089.0
271.0,88.0,12.0,198.0,1036.0,-954.0
288.0,109.0,26.0,381.0,865.0,-827.0
300.0,127.0,30.0,560.0,698.0,-698.0
307.0,151.0,39.0,703.0,571.0,-584.0
299.0,170.0,51.0,808.0,468.0,-486.0
293.0,189.0,59.0,872.0,354.0,-384.0
268.0,202.0,67.0,895.0,214.0,-277.0
258.0,199.0,74.0,860.0,87.0,-157.0
252.0,194.0,90.0,775.0,-23.0,-29.0
263.0,183.0,88.0,689.0,-127.0,108.0
260.0,166.0,82.0,611.0,-184.0,222.0
258.0,155.0,81.0,550.0,-212.0,297.0
248.0,147.0,83.0,468.0,-236.0,353.0
229.0,135.0,80.0,369.0,-255.0,414.0
230.0,125.0,72.0,276.0,-264.0,474.0
226.0,112.0,66.0,200.0,-230.0,514.0
215.0,98.0,65.0,153.0,-173.0,525.0
213.0,89.0,63.0,146.0,-116.0,539.0
207.0,79.0,64.0,173.0,-87.0,575.0
215.0,74.0,64.0,215.0,-55.0,604.0
220.0,78.0,54.0,257.0,-6.0,611.0
222.0,70.0,57.0,283.0,58.0,618.0
229.0,67.0,50.0,315.0,137.0,634.0
236.0,68.0,52.0,365.0,244.0,658.0
228.0,75.0,51.0,406.0,334.0,670.0
216.0,61.0,72.0,438.0,380.0,668.0
227.0,70.0,67.0,478.0,403.0,671.0
223.0,61.0,75.0,521.0,444.0,691.0
211.0,63.0,82.0,586.0,487.0,687.0
205.0,67.0,94.0,644.0,515.0,662.0
217.0,83.0,87.0,689.0,492.0,650.0
223.0,97.0,81.0,709.0,451.0,646.0
220.0,102.0,80.0,698.0,439.0,622.0
207.0,105.0,87.0,639.0,468.0,565.0
201.0,108.0,93.0,573.0,510.0,494.0
200.0,106.0,102.0,506.0,529.0,435.0
206.0,95.0,99.0,428.0,527.0,394.0
202.0,85.0,109.0,340.0,532.0,357.0
199.0,72.0,120.0,269.0,511.0,332.0
206.0,64.0,115.0,226.0,425.0,319.0
215.0,62.0,105.0,200.0,318.0,284.0
224.0,62.0,94.0,186.0,242.0,238.0
243.0,63.0,83.0,176.0,184.0,205.0
255.0,68.0,81.0,171.0,131.0,166.0
272.0,74.0,81.0,157.0,87.0,118.0
282.0,74.0,88.0,134.0,52.0,76.0
283.0,76.0,80.0,98.0,20.0,42.0
282.0,74.0,73.0,53.0,-15.0,16.0
266.0,67.0,61.0,1.0,-65.0,-16.0
259.0,58.0,56.0,-47.0,-128.0,-51.0
251.0,50.0,44.0,-87.0,-211.0,-92.0
248.0,37.0,48.0,-108.0,-300.0,-124.0
235.0,24.0,51.0,-96.0,-349.0,-144.0
223.0,21.0,58.0,-52.0,-404.0,-174.0
221.0,15.0,68.0,15.0,-452.0,-196.0
218.0,22.0,74.0,100.0,-494.0,-214.0
228.0,27.0,76.0,180.0,-551.0,-243.0
241.0,36.0,79.0,255.0,-598.0,-270.0
255.0,42.0,74.0,321.0,-623.0,-293.0
263.0,55.0,73.0,383.0,-638.0,-313.0
269.0,58.0,60.0,443.0,-635.0,-326.0
269.0,64.0,60.0,515.0,-636.0,-335.0
274.0,81.0,49.0,583.0,-672.0,-344.0
284.0,91.0,40.0,630.0,-706.0,-340.0
279.0,102.0,32.0,656.0,-720.0,-326.0
278.0,106.0,27.0,651.0,-718.0,-297.0
275.0,111.0,24.0,619.0,-728.0,-266.0
270.0,114.0,13.0,564.0,-747.0,-238.0
280.0,112.0,7.0,493.0,-758.0,-203.0
273.0,108.0,10.0,420.0,-746.0,-157.0
272.0,100.0,2.0,355.0,-741.0,-110.0
273.0,94.0,-1.0,312.0,-725.0,-66.0
273.0,91.0,-1.0,288.0,-714.0,-22.0
272.0,89.0,-6.0,274.0,-707.0,18.0
269.0,86.0,-3.0,260.0,-699.0,52.0
272.0,83.0,-10.0,254.0,-674.0,89.0
271.0,84.0,-13.0,253.0,-650.0,117.0
276.0,83.0,-16.0,247.0,-635.0,137.0
284.0,73.0,-8.0,235.0,-615.0,149.0
274.0,77.0,-21.0,223.0,-591.0,154.0
275.0,74.0,-19.0,210.0,-556.0,160.0
280.0,76.0,-17.0,197.0,-529.0,165.0
280.0,79.0,-23.0,182.0,-512.0,162.0
283.0,77.0,-20.0,165.0,-494.0,156.0
284.0,75.0,-17.0,151.0,-475.0,150.0
281.0,77.0,-23.0,132.0,-460.0,145.0
283.0,76.0,-18.0,113.0,-444.0,142.0
287.0,77.0,-20.0,94.0,-426.0,139.0
284.0,78.0,-23.0,79.0,-412.0,138.0
285.0,74.0,-22.0,67.0,-399.0,140.0
279.0,72.0,-18.0,53.0,-391.0,143.0
283.0,72.0,-16.0,42.0,-385.0,146.0
285.0,68.0,-20.0,32.0,-375.0,149.0
287.0,65.0,-19.0,27.0,-358.0,158.0
288.0,62.0,-20.0,26.0,-343.0,164.0
289.0,63.0,-19.0,23.0,-337.0,167.0
290.0,59.0,-22.0,16.0,-327.0,168.0
293.0,60.0,-20.0,14.0,-313.0,165.0
293.0,55.0,-28.0,13.0,-291.0,163.0
295.0,53.0,-26.0,12.0,-267.0,161.0
294.0,48.0,-26.0,12.0,-242.0,154.0
291.0,47.0,-26.0,12.0,-213.0,144.0
295.0,46.0,-30.0,13.0,-185.0,136.0
289.0,50.0,-33.0,11.0,-160.0,132.0
291.0,48.0,-26.0,14.0,-130.0,124.0
292.0,51.0,-28.0,18.0,-105.0,118.0
289.0,52.0,-28.0,17.0,-78.0,117.0
290.0,49.0,-21.0,10.0,-46.0,115.0
289.0,49.0,-23.0,-8.0,-22.0,112.0
285.0,52.0,-22.0,-28.0,3.0,107.0
285.0,54.0,-26.0,-51.0,26.0,103.0
287.0,49.0,-22.0,-77.0,49.0,98.0
283.0,47.0,-24.0,-98.0,72.0,93.0
286.0,39.0,-21.0,-119.0,91.0,96.0
282.0,47.0,-21.0,-135.0,107.0,93.0
283.0,44.0,-21.0,-152.0,121.0,91.0
280.0,43.0,-21.0,-165.0,130.0,89.0
283.0,42.0,-21.0,-175.0,136.0,88.0
282.0,41.0,-21.0,-182.0,139.0,89.0
280.0,37.0,-16.0,-188.0,144.0,89.0
280.0,36.0,-17.0,-188.0,146.0,87.0
282.0,38.0,-16.0,-191.0,148.0,87.0
280.0,30.0,-17.0,-187.0,150.0,88.0
280.0,35.0,-14.0,-183.0,153.0,88.0
274.0,33.0,-6.0,-175.0,158.0,84.0
274.0,34.0,-15.0,-166.0,166.0,83.0
275.0,33.0,-13.0,-156.0,171.0,78.0
275.0,33.0,-5.0,-146.0,180.0,76.0
271.0,32.0,-6.0,-133.0,189.0,72.0
273.0,31.0,-7.0,-122.0,196.0,66.0
273.0,31.0,-5.0,-116.0,201.0,59.0
269.0,30.0,-11.0,-105.0,203.0,52.0
270.0,35.0,1.0,-96.0,209.0,45.0
270.0,36.0,-4.0,-85.0,211.0,38.0
272.0,34.0,-1.0,-75.0,213.0,31.0
269.0,40.0,-4.0,-69.0,210.0,23.0
270.0,37.0,2.0,-65.0,205.0,15.0
268.0,41.0,2.0,-64.0,202.0,6.0
268.0,42.0,2.0,-65.0,198.0,0.0
268.0,42.0,6.0,-69.0,194.0,-8.0
267.0,44.0,9.0,-73.0,188.0,-13.0
270.0,41.0,6.0,-77.0,184.0,-20.0
263.0,48.0,9.0,-82.0,179.0,-26.0
269.0,46.0,9.0,-86.0,174.0,-29.0
264.0,46.0,8.0,-89.0,167.0,-35.0
270.0,41.0,9.0,-92.0,159.0,-37.0
271.0,45.0,8.0,-96.0,153.0,-38.0
268.0,44.0,9.0,-98.0,146.0,-40.0
271.0,46.0,9.0,-100.0,136.0,-43.0
270.0,47.0,12.0,-101.0,126.0,-43.0
269.0,46.0,6.0,-103.0,115.0,-42.0
269.0,46.0,8.0,-102.0,107.0,-41.0
269.0,47.0,9.0,-101.0,99.0,-39.0
271.0,51.0,11.0,-103.0,92.0,-38.0
273.0,52.0,5.0,-105.0,84.0,-36.0
271.0,53.0,7.0,-107.0,78.0,-32.0
272.0,52.0,5.0,-109.0,71.0,-29.0
275.0,54.0,6.0,-113.0,67.0,-26.0
278.0,53.0,9.0,-117.0,61.0,-20.0
275.0,56.0,5.0,-119.0,56.0,-14.0
276.0,52.0,3.0,-120.0,50.0,-8.0
277.0,51.0,3.0,-116.0,46.0,-2.0
277.0,51.0,2.0,-106.0,43.0,4.0
276.0,50.0,0.0,-96.0,41.0,9.0
272.0,46.0,-2.0,-83.0,38.0,13.0
276.0,47.0,1.0,-67.0,36.0,19.0
275.0,49.0,-3.0,-54.0,38.0,22.0
274.0,49.0,-2.0,-40.0,41.0,25.0
273.0,47.0,-1.0,-29.0,42.0,28.0
274.0,50.0,2.0,-23.0,44.0,31.0
275.0,49.0,1.0,-17.0,46.0,35.0
274.0,51.0,-2.0,-16.0,48.0,36.0
273.0,48.0,0.0,-16.0,47.0,36.0
274.0,52.0,2.0,-18.0,47.0,39.0
270.0,47.0,1.0,-20.0,42.0,39.0
272.0,44.0,3.0,-24.0,40.0,38.0
270.0,47.0,2.0,-27.0,37.0,38.0
270.0,46.0,2.0,-28.0,34.0,36.0
272.0,46.0,4.0,-30.0,32.0,34.0
276.0,48.0,1.0,-30.0,30.0,30.0
275.0,44.0,0.0,-31.0,27.0,28.0
275.0,47.0,1.0,-33.0,29.0,24.0
276.0,43.0,-2.0,-33.0,30.0,21.0
273.0,51.0,0.0,-34.0,34.0,17.0
273.0,47.0,1.0,-32.0,39.0,14.0
275.0,47.0,-2.0,-31.0,44.0,12.0
275.0,47.0,1.0,-31.0,47.0,10.0
276.0,44.0,-2.0,-28.0,52.0,8.0
275.0,49.0,2.0,-27.0,56.0,8.0
278.0,46.0,-2.0,-25.0,59.0,11.0
277.0,47.0,1.0,-22.0,65.0,12.0
274.0,47.0,1.0,-23.0,68.0,14.0
275.0,47.0,0.0,-22.0,73.0,15.0
274.0,48.0,0.0,-20.0,76.0,15.0
277.0,46.0,2.0,-21.0,76.0,16.0
272.0,45.0,1.0,-23.0,77.0,17.0
273.0,46.0,2.0,-23.0,79.0,17.0
274.0,44.0,4.0,-25.0,80.0,17.0
277.0,42.0,5.0,-27.0,82.0,18.0
275.0,46.0,0.0,-30.0,83.0,16.0
280.0,44.0,2.0,-31.0,86.0,17.0
280.0,47.0,0.0,-34.0,88.0,16.0
280.0,49.0,-4.0,-37.0,92.0,19.0
281.0,50.0,0.0,-42.0,93.0,21.0
285.0,47.0,-2.0,-51.0,91.0,25.0
290.0,44.0,-8.0,-64.0,86.0,27.0
291.0,33.0,-3.0,-73.0,75.0,27.0
294.0,23.0,0.0,-74.0,46.0,23.0
298.0,7.0,5.0,-58.0,-3.0,12.0
301.0,-1.0,5.0,-18.0,-82.0,-2.0
303.0,-3.0,1.0,46.0,-178.0,-12.0
311.0,-2.0,-12.0,113.0,-276.0,-23.0
304.0,0.0,-21.0,170.0,-344.0,-40.0
294.0,-5.0,-23.0,234.0,-380.0,-67.0
281.0,-5.0,-20.0,312.0,-414.0,-110.0
263.0,1.0,-22.0,395.0,-428.0,-170.0
255.0,11.0,-29.0,456.0,-396.0,-218.0
248.0,22.0,-22.0,485.0,-324.0,-259.0
244.0,41.0,-24.0,484.0,-226.0,-298.0
244.0,53.0,-23.0,454.0,-109.0,-323.0
250.0,70.0,-25.0,390.0,25.0,-337.0
258.0,82.0,-19.0,306.0,175.0,-345.0
260.0,94.0,-12.0,214.0,310.0,-349.0
266.0,91.0,-3.0,113.0,412.0,-351.0
268.0,91.0,5.0,16.0,478.0,-353.0
267.0,89.0,11.0,-67.0,510.0,-355.0
262.0,86.0,21.0,-138.0,506.0,-351.0
260.0,82.0,34.0,-187.0,460.0,-336.0
262.0,76.0,36.0,-206.0,394.0,-310.0
265.0,78.0,43.0,-203.0,327.0,-280.0
266.0,72.0,38.0,-187.0,269.0,-242.0
266.0,72.0,39.0,-170.0,216.0,-208.0
268.0,71.0,43.0,-159.0,162.0,-178.0
269.0,77.0,45.0,-157.0,103.0,-154.0
267.0,76.0,41.0,-178.0,46.0,-136.0
265.0,78.0,40.0,-217.0,-8.0,-123.0
267.0,81.0,38.0,-269.0,-49.0,-114.0
262.0,81.0,34.0,-328.0,-80.0,-108.0
263.0,75.0,26.0,-389.0,-112.0,-102.0
263.0,76.0,26.0,-447.0,-140.0,-98.0
265.0,73.0,25.0,-500.0,-163.0,-93.0
263.0,67.0,18.0,-539.0,-173.0,-85.0
263.0,64.0,16.0,-559.0,-179.0,-80.0
259.0,57.0,13.0,-562.0,-183.0,-71.0
261.0,60.0,17.0,-547.0,-185.0,-64.0
256.0,54.0,5.0,-515.0,-187.0,-54.0
256.0,52.0,11.0,-475.0,-193.0,-45.0
255.0,54.0,11.0,-432.0,-195.0,-38.0
255.0,56.0,5.0,-390.0,-199.0,-31.0
257.0,59.0,10.0,-354.0,-201.0,-26.0
258.0,60.0,10.0,-332.0,-199.0,-20.0
262.0,60.0,9.0,-315.0,-195.0,-21.0
259.0,63.0,7.0,-311.0,-189.0,-19.0
261.0,68.0,9.0,-312.0,-183.0,-16.0
262.0,64.0,11.0,-314.0,-175.0,-14.0
270.0,66.0,7.0,-321.0,-170.0,-12.0
271.0,61.0,6.0,-324.0,-163.0,-15.0
272.0,62.0,3.0,-320.0,-161.0,-10.0
274.0,60.0,6.0,-312.0,-159.0,-7.0
274.0,60.0,2.0,-298.0,-154.0,-17.0
273.0,58.0,2.0,-279.0,-151.0,-22.0
275.0,57.0,1.0,-258.0,-154.0,-18.0
