30.0,-254.0,26.0,-708.0,55.0,133.0
29.0,-251.0,17.0,-704.0,50.0,133.0
29.0,-252.0,20.0,-707.0,47.0,133.0
28.0,-254.0,10.0,-715.0,47.0,135.0
29.0,-250.0,12.0,-718.0,45.0,136.0
25.0,-253.0,9.0,-724.0,49.0,132.0
25.0,-258.0,6.0,-731.0,52.0,132.0
24.0,-258.0,6.0,-746.0,53.0,133.0
23.0,-260.0,9.0,-760.0,55.0,133.0
25.0,-266.0,10.0,-771.0,53.0,135.0
27.0,-269.0,9.0,-778.0,52.0,137.0
27.0,-271.0,5.0,-786.0,51.0,135.0
28.0,-274.0,9.0,-790.0,48.0,136.0
27.0,-273.0,9.0,-792.0,41.0,137.0
23.0,-274.0,9.0,-791.0,31.0,136.0
23.0,-276.0,2.0,-791.0,21.0,139.0
23.0,-279.0,5.0,-793.0,13.0,140.0
23.0,-280.0,3.0,-793.0,4.0,137.0
16.0,-283.0,1.0,-794.0,-5.0,134.0
17.0,-284.0,-4.0,-797.0,-13.0,132.0
20.0,-286.0,-2.0,-797.0,-19.0,127.0
18.0,-280.0,-5.0,-794.0,-22.0,121.0
17.0,-284.0,-11.0,-800.0,-25.0,116.0
18.0,-291.0,-12.0,-809.0,-26.0,113.0
17.0,-290.0,-11.0,-819.0,-28.0,111.0
17.0,-292.0,-16.0,-824.0,-25.0,107.0
18.0,-295.0,-17.0,-825.0,-22.0,107.0
19.0,-293.0,-20.0,-824.0,-21.0,105.0
18.0,-298.0,-22.0,-825.0,-17.0,103.0
19.0,-294.0,-28.0,-831.0,-16.0,102.0
19.0,-297.0,-24.0,-839.0,-14.0,101.0
19.0,-295.0,-19.0,-845.0,-14.0,95.0
25.0,-303.0,-28.0,-845.0,-13.0,87.0
24.0,-300.0,-28.0,-843.0,-11.0,77.0
22.0,-302.0,-28.0,-837.0,-8.0,67.0
21.0,-308.0,-33.0,-835.0,-4.0,59.0
21.0,-312.0,-35.0,-840.0,0.0,54.0
20.0,-315.0,-32.0,-837.0,5.0,50.0
22.0,-318.0,-36.0,-825.0,9.0,46.0
23.0,-323.0,-38.0,-808.0,16.0,43.0
21.0,-324.0,-41.0,-783.0,23.0,41.0
23.0,-324.0,-42.0,-762.0,29.0,43.0
23.0,-322.0,-43.0,-744.0,32.0,50.0
21.0,-323.0,-46.0,-731.0,33.0,59.0
23.0,-326.0,-47.0,-723.0,37.0,69.0
20.0,-327.0,-46.0,-712.0,43.0,72.0
19.0,-334.0,-45.0,-697.0,54.0,76.0
21.0,-337.0,-45.0,-671.0,62.0,74.0
21.0,-338.0,-45.0,-639.0,73.0,72.0
23.0,-335.0,-42.0,-597.0,80.0,71.0
23.0,-333.0,-45.0,-556.0,85.0,70.0
22.0,-332.0,-46.0,-519.0,91.0,69.0
19.0,-331.0,-45.0,-478.0,98.0,69.0
18.0,-328.0,-43.0,-439.0,105.0,69.0
18.0,-327.0,-48.0,-398.0,111.0,69.0
14.0,-319.0,-47.0,-360.0,115.0,66.0
13.0,-313.0,-52.0,-325.0,118.0,70.0
17.0,-309.0,-52.0,-303.0,119.0,72.0
18.0,-307.0,-52.0,-293.0,120.0,75.0
16.0,-298.0,-53.0,-288.0,119.0,73.0
18.0,-291.0,-50.0,-290.0,113.0,72.0
17.0,-292.0,-50.0,-295.0,105.0,66.0
19.0,-291.0,-52.0,-299.0,92.0,61.0
18.0,-289.0,-54.0,-304.0,78.0,56.0
19.0,-288.0,-50.0,-309.0,66.0,52.0
25.0,-288.0,-55.0,-313.0,55.0,47.0
20.0,-286.0,-52.0,-312.0,50.0,42.0
23.0,-286.0,-57.0,-310.0,44.0,38.0
19.0,-281.0,-53.0,-307.0,42.0,39.0
21.0,-283.0,-56.0,-304.0,39.0,40.0
19.0,-282.0,-57.0,-297.0,35.0,42.0
24.0,-282.0,-52.0,-287.0,30.0,47.0
23.0,-279.0,-54.0,-275.0,22.0,50.0
20.0,-272.0,-58.0,-263.0,12.0,51.0
24.0,-275.0,-56.0,-250.0,0.0,52.0
18.0,-268.0,-54.0,-242.0,-12.0,50.0
22.0,-266.0,-53.0,-236.0,-27.0,50.0
17.0,-268.0,-55.0,-236.0,-42.0,49.0
17.0,-269.0,-57.0,-237.0,-60.0,48.0
14.0,-267.0,-59.0,-238.0,-74.0,49.0
14.0,-266.0,-54.0,-237.0,-87.0,50.0
18.0,-268.0,-56.0,-230.0,-96.0,52.0
15.0,-266.0,-56.0,-220.0,-104.0,50.0
15.0,-267.0,-52.0,-208.0,-115.0,47.0
15.0,-267.0,-50.0,-191.0,-128.0,42.0
12.0,-264.0,-55.0,-172.0,-140.0,32.0
14.0,-263.0,-52.0,-149.0,-152.0,22.0
14.0,-261.0,-53.0,-127.0,-165.0,11.0
17.0,-261.0,-54.0,-105.0,-178.0,-1.0
18.0,-257.0,-55.0,-85.0,-189.0,-15.0
16.0,-255.0,-53.0,-65.0,-199.0,-24.0
15.0,-250.0,-50.0,-43.0,-207.0,-31.0
21.0,-246.0,-51.0,-26.0,-213.0,-35.0
20.0,-243.0,-51.0,-17.0,-220.0,-36.0
21.0,-242.0,-46.0,-6.0,-226.0,-33.0
22.0,-237.0,-46.0,-1.0,-233.0,-33.0
22.0,-235.0,-46.0,4.0,-243.0,-28.0
21.0,-233.0,-51.0,7.0,-256.0,-24.0
17.0,-239.0,-36.0,7.0,-270.0,-23.0
22.0,-229.0,-50.0,4.0,-286.0,-19.0
23.0,-232.0,-47.0,-4.0,-302.0,-13.0
22.0,-226.0,-40.0,-9.0,-319.0,-9.0
23.0,-228.0,-52.0,-13.0,-338.0,-2.0
21.0,-226.0,-48.0,-16.0,-360.0,6.0
22.0,-227.0,-46.0,-25.0,-385.0,15.0
22.0,-226.0,-49.0,-35.0,-408.0,24.0
20.0,-224.0,-50.0,-44.0,-433.0,33.0
21.0,-224.0,-49.0,-54.0,-455.0,44.0
25.0,-228.0,-48.0,-64.0,-476.0,52.0
20.0,-213.0,-52.0,-70.0,-495.0,57.0
19.0,-223.0,-51.0,-77.0,-509.0,65.0
12.0,-223.0,-50.0,-86.0,-524.0,73.0
22.0,-228.0,-55.0,-101.0,-532.0,85.0
22.0,-229.0,-51.0,-113.0,-543.0,98.0
20.0,-230.0,-49.0,-121.0,-557.0,110.0
22.0,-232.0,-56.0,-128.0,-570.0,120.0
21.0,-232.0,-49.0,-133.0,-584.0,131.0
23.0,-236.0,-51.0,-138.0,-598.0,140.0
22.0,-236.0,-51.0,-139.0,-612.0,148.0
17.0,-235.0,-51.0,-139.0,-627.0,154.0
13.0,-236.0,-50.0,-136.0,-643.0,159.0
18.0,-236.0,-48.0,-133.0,-658.0,162.0
19.0,-234.0,-51.0,-129.0,-674.0,165.0
16.0,-232.0,-50.0,-124.0,-691.0,166.0
18.0,-232.0,-54.0,-118.0,-709.0,165.0
17.0,-232.0,-54.0,-116.0,-726.0,164.0
17.0,-229.0,-52.0,-116.0,-743.0,164.0
17.0,-226.0,-53.0,-117.0,-759.0,163.0
17.0,-225.0,-55.0,-119.0,-774.0,164.0
13.0,-225.0,-55.0,-124.0,-789.0,169.0
15.0,-225.0,-50.0,-130.0,-805.0,175.0
11.0,-225.0,-48.0,-137.0,-826.0,182.0
15.0,-227.0,-54.0,-148.0,-845.0,190.0
17.0,-228.0,-52.0,-157.0,-864.0,197.0
12.0,-231.0,-48.0,-168.0,-884.0,205.0
12.0,-235.0,-49.0,-178.0,-902.0,212.0
14.0,-236.0,-50.0,-182.0,-917.0,219.0
17.0,-242.0,-50.0,-183.0,-931.0,225.0
14.0,-239.0,-47.0,-181.0,-941.0,234.0
16.0,-240.0,-46.0,-180.0,-951.0,242.0
13.0,-240.0,-47.0,-177.0,-958.0,252.0
15.0,-227.0,-45.0,-173.0,-966.0,260.0
16.0,-241.0,-49.0,-167.0,-979.0,269.0
14.0,-239.0,-46.0,-168.0,-993.0,278.0
22.0,-241.0,-46.0,-163.0,-1007.0,284.0
15.0,-236.0,-48.0,-158.0,-1023.0,291.0
21.0,-237.0,-50.0,-151.0,-1037.0,298.0
20.0,-236.0,-52.0,-146.0,-1053.0,306.0
19.0,-234.0,-50.0,-142.0,-1070.0,313.0
20.0,-233.0,-48.0,-141.0,-1087.0,321.0
17.0,-235.0,-46.0,-143.0,-1106.0,332.0
14.0,-235.0,-46.0,-145.0,-1127.0,343.0
18.0,-235.0,-45.0,-148.0,-1147.0,355.0
15.0,-237.0,-43.0,-147.0,-1165.0,365.0
12.0,-235.0,-46.0,-147.0,-1182.0,377.0
11.0,-231.0,-46.0,-146.0,-1201.0,388.0
9.0,-230.0,-47.0,-145.0,-1219.0,399.0
9.0,-230.0,-40.0,-147.0,-1238.0,411.0
10.0,-232.0,-42.0,-152.0,-1255.0,420.0
14.0,-236.0,-44.0,-152.0,-1272.0,430.0
10.0,-234.0,-42.0,-157.0,-1284.0,439.0
8.0,-231.0,-43.0,-162.0,-1292.0,448.0
11.0,-235.0,-40.0,-160.0,-1301.0,456.0
11.0,-235.0,-42.0,-157.0,-1311.0,465.0
7.0,-232.0,-39.0,-152.0,-1324.0,477.0
12.0,-233.0,-43.0,-150.0,-1335.0,487.0
11.0,-232.0,-47.0,-152.0,-1348.0,498.0
12.0,-235.0,-37.0,-157.0,-1361.0,510.0
9.0,-232.0,-43.0,-161.0,-1376.0,519.0
12.0,-235.0,-41.0,-168.0,-1391.0,529.0
13.0,-238.0,-40.0,-173.0,-1406.0,537.0
11.0,-238.0,-37.0,-173.0,-1419.0,543.0
11.0,-239.0,-38.0,-168.0,-1431.0,550.0
12.0,-237.0,-38.0,-159.0,-1443.0,556.0
9.0,-236.0,-36.0,-148.0,-1455.0,565.0
14.0,-232.0,-35.0,-139.0,-1469.0,572.0
12.0,-232.0,-34.0,-135.0,-1484.0,584.0
10.0,-231.0,-31.0,-132.0,-1500.0,595.0
14.0,-228.0,-33.0,-131.0,-1519.0,606.0
7.0,-228.0,-30.0,-133.0,-1535.0,614.0
6.0,-228.0,-33.0,-136.0,-1552.0,623.0
5.0,-228.0,-29.0,-141.0,-1564.0,631.0
7.0,-229.0,-27.0,-142.0,-1575.0,641.0
3.0,-227.0,-27.0,-142.0,-1584.0,654.0
7.0,-227.0,-28.0,-143.0,-1589.0,669.0
8.0,-225.0,-26.0,-147.0,-1595.0,685.0
3.0,-229.0,-23.0,-155.0,-1601.0,698.0
3.0,-229.0,-27.0,-165.0,-1606.0,716.0
9.0,-228.0,-26.0,-176.0,-1611.0,733.0
6.0,-227.0,-24.0,-189.0,-1617.0,750.0
9.0,-229.0,-28.0,-206.0,-1623.0,764.0
10.0,-226.0,-30.0,-225.0,-1630.0,775.0
6.0,-223.0,-32.0,-243.0,-1633.0,787.0
9.0,-222.0,-29.0,-261.0,-1635.0,797.0
7.0,-218.0,-30.0,-280.0,-1633.0,809.0
6.0,-217.0,-30.0,-302.0,-1631.0,821.0
9.0,-219.0,-33.0,-323.0,-1629.0,833.0
8.0,-219.0,-30.0,-345.0,-1629.0,845.0
5.0,-219.0,-29.0,-364.0,-1632.0,856.0
6.0,-219.0,-21.0,-381.0,-1634.0,867.0
3.0,-222.0,-24.0,-392.0,-1634.0,875.0
3.0,-222.0,-23.0,-401.0,-1635.0,881.0
5.0,-223.0,-20.0,-407.0,-1633.0,886.0
2.0,-227.0,-21.0,-411.0,-1631.0,892.0
4.0,-229.0,-21.0,-416.0,-1628.0,896.0
9.0,-234.0,-20.0,-416.0,-1624.0,902.0
8.0,-231.0,-17.0,-418.0,-1616.0,903.0
12.0,-230.0,-17.0,-422.0,-1605.0,904.0
10.0,-231.0,-22.0,-429.0,-1595.0,902.0
9.0,-229.0,-19.0,-433.0,-1588.0,897.0
11.0,-227.0,-19.0,-437.0,-1588.0,894.0
9.0,-231.0,-17.0,-437.0,-1593.0,893.0
9.0,-226.0,-20.0,-438.0,-1598.0,891.0
11.0,-222.0,-19.0,-437.0,-1601.0,890.0
5.0,-220.0,-15.0,-437.0,-1606.0,889.0
7.0,-218.0,-26.0,-440.0,-1611.0,887.0
5.0,-218.0,-24.0,-448.0,-1615.0,885.0
7.0,-213.0,-29.0,-455.0,-1620.0,882.0
4.0,-211.0,-26.0,-465.0,-1627.0,877.0
5.0,-208.0,-33.0,-476.0,-1633.0,871.0
3.0,-208.0,-34.0,-490.0,-1638.0,864.0
5.0,-206.0,-36.0,-503.0,-1640.0,859.0
7.0,-206.0,-42.0,-515.0,-1636.0,857.0
8.0,-203.0,-40.0,-534.0,-1628.0,855.0
7.0,-197.0,-45.0,-560.0,-1617.0,855.0
11.0,-198.0,-45.0,-595.0,-1601.0,857.0
16.0,-198.0,-44.0,-639.0,-1584.0,860.0
20.0,-204.0,-44.0,-681.0,-1570.0,859.0
23.0,-205.0,-45.0,-721.0,-1561.0,855.0
26.0,-203.0,-39.0,-757.0,-1558.0,846.0
27.0,-203.0,-42.0,-790.0,-1557.0,836.0
29.0,-197.0,-41.0,-814.0,-1556.0,821.0
31.0,-195.0,-39.0,-830.0,-1552.0,803.0
26.0,-194.0,-39.0,-837.0,-1544.0,783.0
31.0,-190.0,-38.0,-839.0,-1534.0,764.0
32.0,-190.0,-40.0,-831.0,-1517.0,744.0
33.0,-186.0,-36.0,-818.0,-1497.0,725.0
34.0,-182.0,-35.0,-797.0,-1474.0,708.0
40.0,-178.0,-41.0,-771.0,-1447.0,691.0
39.0,-168.0,-45.0,-746.0,-1417.0,671.0
43.0,-158.0,-55.0,-733.0,-1389.0,653.0
43.0,-151.0,-55.0,-729.0,-1357.0,643.0
42.0,-141.0,-60.0,-741.0,-1329.0,629.0
46.0,-126.0,-66.0,-768.0,-1300.0,616.0
44.0,-122.0,-73.0,-808.0,-1274.0,608.0
46.0,-120.0,-76.0,-853.0,-1250.0,605.0
40.0,-110.0,-78.0,-902.0,-1229.0,613.0
42.0,-107.0,-81.0,-951.0,-1210.0,634.0
43.0,-107.0,-79.0,-998.0,-1187.0,667.0
43.0,-106.0,-75.0,-1039.0,-1161.0,706.0
44.0,-106.0,-67.0,-1076.0,-1137.0,747.0
46.0,-104.0,-69.0,-1096.0,-1112.0,799.0
47.0,-102.0,-60.0,-1105.0,-1093.0,867.0
43.0,-100.0,-59.0,-1107.0,-1087.0,925.0
41.0,-100.0,-55.0,-1095.0,-1093.0,985.0
44.0,-101.0,-56.0,-1077.0,-1099.0,1034.0
40.0,-94.0,-56.0,-1048.0,-1104.0,1072.0
39.0,-90.0,-52.0,-1007.0,-1102.0,1111.0
33.0,-82.0,-60.0,-954.0,-1101.0,1152.0
29.0,-76.0,-60.0,-910.0,-1107.0,1190.0
28.0,-70.0,-67.0,-870.0,-1115.0,1234.0
26.0,-64.0,-67.0,-843.0,-1114.0,1277.0
23.0,-60.0,-65.0,-828.0,-1087.0,1316.0
20.0,-55.0,-67.0,-826.0,-1052.0,1346.0
20.0,-48.0,-72.0,-833.0,-1017.0,1364.0
16.0,-42.0,-75.0,-849.0,-989.0,1377.0
12.0,-39.0,-74.0,-875.0,-965.0,1386.0
5.0,-37.0,-72.0,-901.0,-949.0,1387.0
-6.0,-34.0,-67.0,-924.0,-933.0,1386.0
-20.0,-32.0,-58.0,-950.0,-922.0,1375.0
-31.0,-33.0,-47.0,-967.0,-921.0,1353.0
-44.0,-30.0,-36.0,-972.0,-932.0,1325.0
-56.0,-27.0,-31.0,-978.0,-971.0,1305.0
-64.0,-22.0,-36.0,-1017.0,-1036.0,1287.0
-78.0,-19.0,-37.0,-1114.0,-1120.0,1263.0
-92.0,-25.0,-32.0,-1247.0,-1209.0,1243.0
-111.0,-41.0,-17.0,-1380.0,-1304.0,1231.0
-134.0,-66.0,0.0,-1490.0,-1408.0,1236.0
-151.0,-105.0,27.0,-1524.0,-1527.0,1255.0
-153.0,-143.0,51.0,-1458.0,-1686.0,1291.0
-158.0,-166.0,69.0,-1306.0,-1866.0,1315.0
-160.0,-175.0,78.0,-1102.0,-2072.0,1325.0
-176.0,-166.0,76.0,-910.0,-2285.0,1320.0
-174.0,-151.0,75.0,-779.0,-2497.0,1289.0
-188.0,-119.0,90.0,-700.0,-2702.0,1231.0
-206.0,-107.0,104.0,-637.0,-2916.0,1173.0
-243.0,-97.0,109.0,-543.0,-3117.0,1127.0
-267.0,-69.0,109.0,-403.0,-3281.0,1128.0
-309.0,-66.0,107.0,-261.0,-3400.0,1135.0
-369.0,-108.0,108.0,-138.0,-3565.0,1181.0
-424.0,-175.0,97.0,35.0,-3813.0,1270.0
-463.0,-246.0,55.0,268.0,-4074.0,1439.0
-519.0,-317.0,29.0,536.0,-4299.0,1723.0
-648.0,-360.0,67.0,828.0,-4463.0,2136.0
-815.0,-435.0,141.0,1207.0,-4611.0,2699.0
-972.0,-561.0,229.0,1567.0,-4786.0,3126.0
-1140.0,-719.0,300.0,1870.0,-4939.0,3273.0
-1377.0,-905.0,397.0,2173.0,-5010.0,3411.0
-1602.0,-1083.0,384.0,2593.0,-4917.0,3751.0
-1908.0,-1137.0,362.0,2974.0,-4452.0,4175.0
-2201.0,-1019.0,315.0,3211.0,-3929.0,4589.0
-1999.0,-685.0,240.0,3256.0,-3651.0,4906.0
-1151.0,-270.0,263.0,3156.0,-3674.0,4749.0
-477.0,-2.0,254.0,3002.0,-3659.0,4069.0
-97.0,83.0,304.0,2563.0,-3189.0,3653.0
95.0,95.0,348.0,2032.0,-2504.0,3487.0
163.0,65.0,383.0,1541.0,-1692.0,3563.0
182.0,9.0,367.0,1203.0,-872.0,3887.0
193.0,21.0,326.0,1069.0,-311.0,4157.0
112.0,31.0,313.0,921.0,5.0,4140.0
-62.0,-12.0,210.0,808.0,112.0,3893.0
-261.0,-66.0,77.0,766.0,-51.0,3639.0
-397.0,-117.0,-10.0,724.0,-366.0,3502.0
-441.0,-183.0,-59.0,748.0,-652.0,3438.0
-430.0,-240.0,-61.0,939.0,-815.0,3366.0
-402.0,-271.0,-26.0,1289.0,-853.0,3275.0
-318.0,-273.0,17.0,1648.0,-931.0,3121.0
-206.0,-255.0,44.0,1920.0,-1026.0,2891.0
-105.0,-211.0,72.0,2087.0,-1082.0,2706.0
14.0,-170.0,75.0,2173.0,-1167.0,2589.0
132.0,-122.0,62.0,2149.0,-1241.0,2441.0
224.0,-75.0,70.0,2015.0,-1231.0,2159.0
242.0,-25.0,77.0,1881.0,-1172.0,1729.0
189.0,24.0,84.0,1768.0,-1089.0,1292.0
126.0,72.0,105.0,1673.0,-965.0,958.0
65.0,107.0,114.0,1655.0,-818.0,724.0
-12.0,144.0,123.0,1655.0,-640.0,554.0
-80.0,164.0,147.0,1641.0,-511.0,446.0
-125.0,174.0,159.0,1627.0,-444.0,362.0
-161.0,180.0,168.0,1604.0,-387.0,237.0
-177.0,159.0,175.0,1580.0,-352.0,123.0
-163.0,140.0,175.0,1589.0,-343.0,-35.0
-155.0,123.0,172.0,1603.0,-322.0,-228.0
-202.0,65.0,191.0,1638.0,-309.0,-431.0
-250.0,39.0,197.0,1718.0,-387.0,-709.0
-310.0,20.0,200.0,1794.0,-507.0,-950.0
-374.0,20.0,189.0,1867.0,-666.0,-1130.0
-435.0,33.0,177.0,1930.0,-880.0,-1223.0
-503.0,50.0,170.0,1978.0,-1129.0,-1228.0
-563.0,66.0,142.0,2053.0,-1478.0,-1200.0
-569.0,96.0,88.0,2124.0,-1877.0,-1183.0
-533.0,136.0,40.0,2151.0,-2234.0,-1126.0
-456.0,183.0,5.0,2099.0,-2495.0,-1046.0
-343.0,219.0,-5.0,1945.0,-2681.0,-917.0
-229.0,251.0,0.0,1762.0,-2819.0,-730.0
-134.0,253.0,13.0,1616.0,-2905.0,-529.0
-75.0,234.0,35.0,1504.0,-2963.0,-341.0
-42.0,220.0,40.0,1407.0,-3016.0,-196.0
-13.0,204.0,41.0,1309.0,-3063.0,-100.0
3.0,203.0,36.0,1201.0,-3087.0,-60.0
10.0,199.0,41.0,1076.0,-3071.0,-60.0
6.0,189.0,56.0,936.0,-3020.0,-82.0
-10.0,175.0,69.0,800.0,-2967.0,-114.0
-34.0,156.0,91.0,699.0,-2915.0,-145.0
-61.0,130.0,108.0,629.0,-2867.0,-184.0
-73.0,103.0,120.0,593.0,-2830.0,-220.0
-91.0,78.0,138.0,572.0,-2804.0,-271.0
-109.0,59.0,135.0,567.0,-2800.0,-302.0
-117.0,54.0,135.0,565.0,-2825.0,-304.0
-130.0,46.0,133.0,549.0,-2869.0,-300.0
-131.0,44.0,125.0,524.0,-2939.0,-280.0
-135.0,51.0,120.0,504.0,-3011.0,-246.0
-129.0,61.0,109.0,472.0,-3082.0,-219.0
-130.0,69.0,105.0,448.0,-3125.0,-187.0
-129.0,84.0,95.0,441.0,-3161.0,-159.0
-137.0,90.0,83.0,451.0,-3180.0,-131.0
-139.0,98.0,79.0,458.0,-3192.0,-120.0
-148.0,106.0,75.0,455.0,-3174.0,-89.0
-128.0,105.0,72.0,433.0,-3152.0,-50.0
-117.0,105.0,67.0,385.0,-3108.0,-38.0
-98.0,104.0,75.0,301.0,-3038.0,-26.0
-89.0,102.0,75.0,193.0,-2963.0,-17.0
-75.0,95.0,76.0,82.0,-2892.0,-17.0
-55.0,85.0,83.0,-23.0,-2824.0,-16.0
-37.0,76.0,90.0,-111.0,-2756.0,-17.0
-14.0,77.0,96.0,-172.0,-2685.0,-21.0
0.0,74.0,108.0,-221.0,-2596.0,-21.0
-2.0,89.0,116.0,-245.0,-2485.0,-12.0
-12.0,98.0,127.0,-261.0,-2375.0,7.0
-15.0,109.0,137.0,-303.0,-2290.0,46.0
-26.0,131.0,148.0,-365.0,-2201.0,87.0
-27.0,151.0,157.0,-441.0,-2096.0,130.0
-25.0,162.0,163.0,-533.0,-1963.0,173.0
-21.0,186.0,166.0,-661.0,-1821.0,210.0
-16.0,195.0,176.0,-825.0,-1666.0,242.0
-13.0,197.0,184.0,-1005.0,-1523.0,271.0
-3.0,191.0,191.0,-1181.0,-1395.0,294.0
4.0,177.0,198.0,-1350.0,-1291.0,311.0
-5.0,159.0,200.0,-1478.0,-1208.0,325.0
-12.0,134.0,222.0,-1597.0,-1132.0,360.0
-26.0,118.0,228.0,-1667.0,-1075.0,406.0
-36.0,97.0,250.0,-1683.0,-1040.0,466.0
-43.0,82.0,258.0,-1625.0,-1016.0,527.0
-41.0,72.0,271.0,-1518.0,-999.0,578.0
-38.0,77.0,268.0,-1363.0,-982.0,615.0
-32.0,84.0,271.0,-1211.0,-951.0,643.0
-25.0,94.0,260.0,-1084.0,-912.0,670.0
-26.0,102.0,258.0,-978.0,-878.0,682.0
-20.0,111.0,245.0,-913.0,-858.0,696.0
-22.0,118.0,224.0,-880.0,-851.0,708.0
-19.0,129.0,213.0,-899.0,-850.0,720.0
-9.0,129.0,195.0,-953.0,-860.0,732.0
4.0,131.0,190.0,-1028.0,-869.0,727.0
18.0,128.0,193.0,-1093.0,-862.0,708.0
28.0,121.0,200.0,-1119.0,-837.0,690.0
40.0,111.0,202.0,-1114.0,-799.0,682.0
62.0,87.0,211.0,-1084.0,-746.0,683.0
75.0,65.0,217.0,-1033.0,-677.0,686.0
88.0,40.0,225.0,-977.0,-600.0,696.0
87.0,36.0,232.0,-911.0,-523.0,730.0
109.0,-1.0,243.0,-823.0,-448.0,773.0
107.0,-15.0,250.0,-676.0,-381.0,770.0
113.0,-13.0,255.0,-539.0,-316.0,766.0
105.0,-1.0,252.0,-438.0,-265.0,772.0
97.0,24.0,250.0,-374.0,-227.0,767.0
105.0,29.0,246.0,-348.0,-196.0,749.0
100.0,43.0,247.0,-360.0,-179.0,730.0
113.0,50.0,247.0,-384.0,-166.0,706.0
118.0,48.0,256.0,-390.0,-137.0,676.0
153.0,36.0,261.0,-414.0,-86.0,645.0
190.0,21.0,279.0,-435.0,1.0,591.0
211.0,7.0,293.0,-430.0,110.0,529.0
201.0,-9.0,297.0,-386.0,209.0,459.0
205.0,-18.0,295.0,-329.0,290.0,393.0
181.0,-35.0,285.0,-296.0,338.0,338.0
157.0,-57.0,281.0,-287.0,355.0,301.0
129.0,-95.0,268.0,-265.0,356.0,267.0
103.0,-119.0,253.0,-234.0,332.0,241.0
81.0,-137.0,225.0,-174.0,281.0,228.0
66.0,-141.0,203.0,-113.0,213.0,209.0
66.0,-133.0,182.0,-66.0,142.0,178.0
73.0,-120.0,167.0,-30.0,88.0,130.0
83.0,-118.0,150.0,5.0,73.0,76.0
90.0,-110.0,139.0,43.0,91.0,27.0
93.0,-101.0,132.0,92.0,119.0,-20.0
92.0,-95.0,125.0,154.0,146.0,-61.0
90.0,-88.0,111.0,219.0,177.0,-104.0
81.0,-82.0,108.0,277.0,209.0,-130.0
65.0,-74.0,104.0,326.0,238.0,-156.0
48.0,-73.0,103.0,372.0,269.0,-174.0
26.0,-66.0,107.0,422.0,287.0,-187.0
13.0,-68.0,110.0,470.0,301.0,-199.0
-4.0,-52.0,113.0,506.0,323.0,-208.0
-16.0,-46.0,120.0,532.0,343.0,-212.0
-23.0,-40.0,123.0,557.0,360.0,-209.0
-21.0,-33.0,127.0,585.0,368.0,-196.0
-12.0,-30.0,141.0,607.0,369.0,-177.0
-1.0,-21.0,146.0,625.0,368.0,-156.0
9.0,-13.0,152.0,632.0,366.0,-139.0
22.0,-8.0,155.0,625.0,365.0,-129.0
30.0,0.0,170.0,610.0,360.0,-120.0
42.0,-3.0,196.0,597.0,346.0,-118.0
45.0,2.0,183.0,578.0,335.0,-117.0
42.0,6.0,191.0,543.0,338.0,-121.0
37.0,4.0,197.0,488.0,354.0,-125.0
27.0,6.0,201.0,418.0,374.0,-127.0
20.0,6.0,209.0,338.0,400.0,-129.0
7.0,13.0,213.0,250.0,428.0,-134.0
5.0,14.0,220.0,158.0,457.0,-136.0
6.0,15.0,231.0,71.0,488.0,-136.0
7.0,15.0,244.0,-10.0,522.0,-138.0
7.0,16.0,253.0,-80.0,557.0,-140.0
5.0,15.0,256.0,-137.0,590.0,-146.0
-2.0,6.0,281.0,-176.0,615.0,-152.0
-6.0,2.0,296.0,-199.0,629.0,-153.0
-16.0,-7.0,301.0,-212.0,630.0,-151.0
-25.0,-13.0,306.0,-218.0,616.0,-143.0
-31.0,-21.0,300.0,-214.0,588.0,-131.0
-34.0,-26.0,298.0,-207.0,552.0,-114.0
-40.0,-27.0,291.0,-200.0,512.0,-99.0
-41.0,-28.0,278.0,-193.0,468.0,-86.0
-44.0,-29.0,269.0,-185.0,424.0,-79.0
-42.0,-19.0,249.0,-175.0,382.0,-72.0
-38.0,-24.0,243.0,-170.0,353.0,-67.0
-37.0,-21.0,230.0,-168.0,330.0,-63.0
-35.0,-21.0,221.0,-165.0,317.0,-61.0
-30.0,-16.0,209.0,-166.0,309.0,-62.0
-34.0,-8.0,200.0,-164.0,307.0,-68.0
-32.0,-13.0,195.0,-159.0,305.0,-74.0
-38.0,-7.0,194.0,-150.0,297.0,-81.0
-36.0,-4.0,187.0,-138.0,285.0,-88.0
-33.0,-5.0,183.0,-124.0,269.0,-95.0
-36.0,-4.0,183.0,-108.0,254.0,-100.0
-30.0,2.0,176.0,-90.0,236.0,-107.0
-37.0,0.0,181.0,-68.0,211.0,-110.0
-41.0,0.0,182.0,-45.0,188.0,-113.0
-43.0,0.0,184.0,-19.0,162.0,-118.0
-38.0,1.0,180.0,9.0,131.0,-121.0
-56.0,-20.0,167.0,38.0,100.0,-122.0
-40.0,6.0,184.0,64.0,74.0,-122.0
-34.0,3.0,185.0,85.0,53.0,-123.0
-37.0,6.0,186.0,107.0,37.0,-124.0
-40.0,6.0,185.0,127.0,22.0,-122.0
-40.0,7.0,191.0,145.0,10.0,-119.0
-40.0,7.0,190.0,158.0,0.0,-114.0
-39.0,8.0,191.0,170.0,-8.0,-106.0
-41.0,10.0,197.0,178.0,-17.0,-98.0
-38.0,10.0,199.0,188.0,-26.0,-88.0
-42.0,14.0,200.0,195.0,-32.0,-79.0
-39.0,16.0,206.0,201.0,-37.0,-70.0
-40.0,20.0,207.0,201.0,-41.0,-59.0
-41.0,26.0,203.0,204.0,-42.0,-51.0
-35.0,22.0,212.0,202.0,-43.0,-44.0
-34.0,22.0,216.0,197.0,-40.0,-33.0
-31.0,26.0,215.0,191.0,-38.0,-24.0
-30.0,28.0,213.0,180.0,-33.0,-14.0
-26.0,27.0,215.0,166.0,-28.0,-3.0
-26.0,28.0,218.0,153.0,-23.0,6.0
-26.0,27.0,215.0,140.0,-17.0,14.0
-28.0,29.0,219.0,120.0,-11.0,21.0
-27.0,30.0,220.0,103.0,-10.0,25.0
-27.0,29.0,219.0,86.0,-13.0,29.0
-27.0,26.0,220.0,70.0,-22.0,33.0
-23.0,27.0,223.0,57.0,-32.0,37.0
-28.0,27.0,224.0,46.0,-48.0,42.0
-26.0,25.0,231.0,40.0,-64.0,44.0
-23.0,23.0,228.0,32.0,-81.0,49.0
-20.0,24.0,226.0,23.0,-95.0,51.0
-20.0,21.0,222.0,11.0,-105.0,52.0
-15.0,21.0,220.0,-1.0,-112.0,53.0
-12.0,18.0,217.0,-12.0,-116.0,52.0
-7.0,16.0,216.0,-23.0,-116.0,50.0
-7.0,16.0,213.0,-28.0,-113.0,47.0
-3.0,11.0,212.0,-32.0,-109.0,43.0
-2.0,12.0,209.0,-32.0,-103.0,39.0
0.0,11.0,208.0,-31.0,-96.0,36.0
0.0,6.0,208.0,-28.0,-89.0,32.0
0.0,11.0,206.0,-23.0,-82.0,28.0
4.0,9.0,205.0,-19.0,-81.0,24.0
5.0,8.0,209.0,-15.0,-80.0,20.0
3.0,9.0,201.0,-9.0,-79.0,18.0
6.0,9.0,204.0,-5.0,-79.0,15.0
6.0,9.0,204.0,-3.0,-77.0,10.0
6.0,8.0,205.0,-1.0,-70.0,6.0
7.0,8.0,202.0,-2.0,-64.0,1.0
5.0,9.0,198.0,-7.0,-54.0,-1.0
5.0,8.0,202.0,-11.0,-42.0,-5.0
2.0,6.0,204.0,-14.0,-34.0,-5.0
3.0,6.0,201.0,-14.0,-30.0,-7.0
3.0,6.0,206.0,-12.0,-31.0,-7.0
1.0,6.0,206.0,-10.0,-33.0,-7.0
2.0,8.0,208.0,-7.0,-37.0,-10.0
1.0,7.0,207.0,-2.0,-39.0,-11.0
1.0,6.0,206.0,5.0,-38.0,-12.0
2.0,6.0,214.0,8.0,-38.0,-13.0
6.0,6.0,209.0,13.0,-36.0,-14.0
3.0,4.0,208.0,12.0,-35.0,-16.0
4.0,7.0,212.0,13.0,-34.0,-14.0
5.0,5.0,211.0,9.0,-32.0,-15.0
6.0,8.0,215.0,7.0,-30.0,-14.0
6.0,6.0,218.0,7.0,-29.0,-13.0
5.0,5.0,216.0,10.0,-26.0,-10.0
5.0,7.0,212.0,18.0,-23.0,-9.0
4.0,6.0,212.0,30.0,-21.0,-7.0
3.0,12.0,207.0,37.0,-16.0,-6.0
7.0,10.0,209.0,42.0,-11.0,-3.0
5.0,11.0,209.0,48.0,-7.0,-1.0
1.0,13.0,208.0,51.0,-4.0,-1.0
4.0,13.0,205.0,53.0,2.0,-1.0
7.0,13.0,204.0,51.0,8.0,-2.0
6.0,15.0,207.0,46.0,15.0,-4.0
2.0,15.0,209.0,39.0,18.0,-7.0
4.0,16.0,203.0,34.0,20.0,-8.0
3.0,17.0,206.0,27.0,24.0,-11.0
3.0,19.0,206.0,20.0,25.0,-11.0
4.0,17.0,207.0,17.0,26.0,-11.0
4.0,18.0,203.0,13.0,28.0,-12.0
4.0,17.0,204.0,10.0,31.0,-14.0
4.0,18.0,208.0,7.0,32.0,-15.0
1.0,21.0,204.0,0.0,28.0,-13.0
1.0,21.0,206.0,0.0,29.0,-12.0
1.0,17.0,212.0,2.0,33.0,-12.0
1.0,21.0,210.0,2.0,33.0,-11.0
0.0,22.0,210.0,-2.0,30.0,-11.0
0.0,22.0,208.0,-2.0,28.0,-10.0
0.0,18.0,213.0,-7.0,27.0,-8.0
0.0,19.0,208.0,-5.0,27.0,-8.0
1.0,21.0,207.0,-6.0,30.0,-8.0
0.0,20.0,212.0,-7.0,31.0,-8.0
-2.0,18.0,212.0,-11.0,32.0,-7.0
-5.0,22.0,213.0,-14.0,35.0,-7.0
0.0,21.0,210.0,-15.0,39.0,-7.0
-1.0,20.0,209.0,-15.0,43.0,-7.0
1.0,19.0,210.0,-15.0,49.0,-9.0
-1.0,20.0,210.0,-15.0,55.0,-10.0
-3.0,22.0,215.0,-18.0,58.0,-10.0
-3.0,19.0,216.0,-19.0,59.0,-10.0
-6.0,20.0,211.0,-20.0,58.0,-10.0
-10.0,23.0,215.0,-23.0,58.0,-10.0
-5.0,20.0,216.0,-25.0,55.0,-7.0
-9.0,23.0,212.0,-26.0,50.0,-7.0
-7.0,21.0,213.0,-29.0,48.0,-5.0
-10.0,19.0,213.0,-30.0,43.0,-4.0
-11.0,18.0,214.0,-33.0,38.0,-1.0
-13.0,20.0,212.0,-31.0,32.0,1.0
-13.0,21.0,208.0,-32.0,28.0,3.0
-15.0,21.0,209.0,-32.0,22.0,4.0
-11.0,17.0,211.0,-34.0,17.0,6.0
-16.0,18.0,209.0,-36.0,12.0,6.0
-15.0,18.0,206.0,-38.0,10.0,6.0
-16.0,17.0,209.0,-43.0,9.0,6.0
