33.0,-232.0,-176.0,-1087.0,205.0,27.0
30.0,-235.0,-179.0,-1104.0,191.0,30.0
28.0,-230.0,-181.0,-1109.0,179.0,38.0
24.0,-227.0,-183.0,-1112.0,166.0,42.0
25.0,-222.0,-190.0,-1117.0,151.0,45.0
22.0,-219.0,-192.0,-1120.0,129.0,44.0
19.0,-214.0,-191.0,-1117.0,96.0,36.0
25.0,-213.0,-195.0,-1117.0,73.0,28.0
22.0,-211.0,-194.0,-1116.0,56.0,20.0
24.0,-208.0,-196.0,-1112.0,49.0,17.0
25.0,-204.0,-198.0,-1108.0,46.0,8.0
24.0,-207.0,-203.0,-1113.0,46.0,2.0
20.0,-210.0,-208.0,-1131.0,35.0,-15.0
23.0,-211.0,-214.0,-1146.0,28.0,-21.0
29.0,-215.0,-218.0,-1167.0,28.0,-21.0
26.0,-213.0,-219.0,-1177.0,27.0,-17.0
29.0,-216.0,-229.0,-1184.0,22.0,-10.0
32.0,-217.0,-234.0,-1190.0,25.0,-5.0
27.0,-222.0,-242.0,-1187.0,32.0,2.0
32.0,-218.0,-239.0,-1183.0,33.0,6.0
31.0,-215.0,-248.0,-1168.0,37.0,12.0
27.0,-219.0,-247.0,-1156.0,49.0,19.0
32.0,-214.0,-250.0,-1135.0,48.0,16.0
27.0,-207.0,-253.0,-1109.0,58.0,23.0
27.0,-202.0,-251.0,-1083.0,64.0,28.0
24.0,-197.0,-255.0,-1062.0,72.0,30.0
28.0,-198.0,-254.0,-1047.0,85.0,29.0
21.0,-198.0,-256.0,-1032.0,92.0,32.0
17.0,-198.0,-255.0,-1011.0,95.0,29.0
17.0,-197.0,-255.0,-985.0,98.0,28.0
16.0,-197.0,-251.0,-962.0,104.0,21.0
16.0,-200.0,-251.0,-939.0,108.0,17.0
14.0,-205.0,-249.0,-918.0,106.0,11.0
18.0,-199.0,-248.0,-894.0,108.0,4.0
13.0,-197.0,-248.0,-877.0,104.0,-3.0
13.0,-198.0,-250.0,-868.0,101.0,-8.0
13.0,-200.0,-251.0,-850.0,91.0,-14.0
17.0,-196.0,-252.0,-831.0,87.0,-27.0
14.0,-197.0,-250.0,-814.0,86.0,-30.0
15.0,-192.0,-254.0,-797.0,81.0,-36.0
17.0,-191.0,-252.0,-785.0,79.0,-38.0
14.0,-194.0,-257.0,-774.0,72.0,-34.0
18.0,-193.0,-257.0,-753.0,65.0,-34.0
26.0,-191.0,-261.0,-729.0,57.0,-33.0
16.0,-188.0,-258.0,-709.0,52.0,-28.0
16.0,-189.0,-257.0,-690.0,45.0,-22.0
17.0,-191.0,-260.0,-667.0,34.0,-16.0
17.0,-190.0,-262.0,-641.0,24.0,-14.0
20.0,-187.0,-263.0,-614.0,16.0,-14.0
21.0,-190.0,-260.0,-592.0,12.0,-14.0
22.0,-190.0,-258.0,-571.0,7.0,-15.0
24.0,-187.0,-260.0,-543.0,3.0,-21.0
27.0,-188.0,-263.0,-519.0,2.0,-26.0
25.0,-185.0,-260.0,-497.0,5.0,-34.0
20.0,-188.0,-264.0,-476.0,11.0,-41.0
33.0,-182.0,-260.0,-462.0,12.0,-54.0
29.0,-183.0,-259.0,-448.0,19.0,-66.0
35.0,-181.0,-253.0,-442.0,24.0,-79.0
30.0,-177.0,-255.0,-434.0,31.0,-92.0
37.0,-175.0,-256.0,-430.0,34.0,-104.0
39.0,-174.0,-256.0,-427.0,36.0,-116.0
39.0,-173.0,-258.0,-431.0,34.0,-123.0
46.0,-177.0,-259.0,-438.0,32.0,-130.0
41.0,-171.0,-262.0,-441.0,34.0,-134.0
44.0,-167.0,-265.0,-449.0,33.0,-137.0
39.0,-168.0,-264.0,-462.0,33.0,-143.0
41.0,-164.0,-264.0,-476.0,35.0,-147.0
40.0,-161.0,-263.0,-488.0,36.0,-149.0
41.0,-158.0,-265.0,-500.0,35.0,-150.0
39.0,-157.0,-272.0,-514.0,37.0,-153.0
41.0,-153.0,-274.0,-530.0,37.0,-160.0
39.0,-153.0,-272.0,-550.0,40.0,-163.0
38.0,-150.0,-272.0,-570.0,37.0,-166.0
36.0,-152.0,-272.0,-584.0,35.0,-170.0
37.0,-153.0,-274.0,-599.0,30.0,-173.0
38.0,-153.0,-274.0,-627.0,23.0,-179.0
41.0,-154.0,-271.0,-653.0,19.0,-185.0
40.0,-152.0,-270.0,-673.0,16.0,-184.0
40.0,-133.0,-287.0,-695.0,16.0,-179.0
37.0,-158.0,-264.0,-754.0,30.0,-166.0
37.0,-159.0,-265.0,-744.0,27.0,-171.0
34.0,-153.0,-266.0,-717.0,25.0,-180.0
35.0,-149.0,-268.0,-694.0,24.0,-184.0
49.0,-169.0,-277.0,-684.0,19.0,-186.0
35.0,-147.0,-268.0,-680.0,22.0,-202.0
36.0,-149.0,-270.0,-681.0,14.0,-201.0
36.0,-144.0,-269.0,-687.0,11.0,-200.0
45.0,-146.0,-271.0,-688.0,12.0,-200.0
37.0,-144.0,-267.0,-690.0,11.0,-203.0
39.0,-145.0,-265.0,-691.0,11.0,-206.0
39.0,-144.0,-262.0,-689.0,10.0,-203.0
42.0,-140.0,-262.0,-693.0,12.0,-198.0
43.0,-143.0,-258.0,-697.0,11.0,-195.0
45.0,-138.0,-253.0,-703.0,3.0,-192.0
45.0,-140.0,-254.0,-712.0,1.0,-192.0
41.0,-135.0,-255.0,-725.0,-4.0,-191.0
43.0,-133.0,-251.0,-739.0,-10.0,-187.0
48.0,-135.0,-231.0,-754.0,-17.0,-180.0
46.0,-128.0,-249.0,-774.0,-28.0,-171.0
47.0,-126.0,-253.0,-793.0,-37.0,-166.0
48.0,-123.0,-249.0,-819.0,-47.0,-159.0
48.0,-118.0,-258.0,-847.0,-54.0,-154.0
47.0,-115.0,-256.0,-875.0,-63.0,-148.0
44.0,-114.0,-252.0,-898.0,-69.0,-144.0
47.0,-113.0,-259.0,-923.0,-75.0,-139.0
42.0,-109.0,-255.0,-944.0,-81.0,-130.0
43.0,-106.0,-258.0,-963.0,-85.0,-128.0
40.0,-109.0,-258.0,-978.0,-90.0,-122.0
41.0,-106.0,-247.0,-989.0,-92.0,-116.0
43.0,-110.0,-257.0,-992.0,-96.0,-115.0
44.0,-112.0,-257.0,-993.0,-101.0,-114.0
41.0,-106.0,-255.0,-987.0,-107.0,-111.0
40.0,-109.0,-257.0,-979.0,-116.0,-105.0
40.0,-107.0,-254.0,-970.0,-125.0,-96.0
39.0,-104.0,-252.0,-953.0,-133.0,-89.0
39.0,-105.0,-250.0,-937.0,-148.0,-78.0
39.0,-103.0,-247.0,-922.0,-161.0,-71.0
39.0,-101.0,-247.0,-903.0,-173.0,-71.0
40.0,-106.0,-249.0,-889.0,-181.0,-68.0
39.0,-96.0,-247.0,-871.0,-190.0,-63.0
34.0,-92.0,-240.0,-858.0,-198.0,-58.0
37.0,-94.0,-238.0,-842.0,-206.0,-53.0
36.0,-91.0,-238.0,-821.0,-212.0,-47.0
36.0,-87.0,-239.0,-802.0,-217.0,-37.0
36.0,-86.0,-237.0,-779.0,-219.0,-34.0
35.0,-80.0,-238.0,-760.0,-222.0,-32.0
33.0,-79.0,-239.0,-741.0,-227.0,-26.0
34.0,-77.0,-240.0,-724.0,-230.0,-23.0
37.0,-75.0,-245.0,-706.0,-230.0,-22.0
34.0,-76.0,-243.0,-688.0,-226.0,-18.0
41.0,-73.0,-243.0,-672.0,-225.0,-14.0
32.0,-73.0,-245.0,-657.0,-220.0,-12.0
37.0,-69.0,-246.0,-641.0,-219.0,-9.0
33.0,-69.0,-246.0,-624.0,-215.0,-12.0
36.0,-66.0,-248.0,-606.0,-216.0,-15.0
34.0,-63.0,-246.0,-594.0,-215.0,-15.0
35.0,-62.0,-245.0,-577.0,-215.0,-13.0
31.0,-56.0,-249.0,-562.0,-212.0,-8.0
35.0,-57.0,-246.0,-552.0,-209.0,0.0
32.0,-55.0,-251.0,-541.0,-207.0,7.0
31.0,-49.0,-251.0,-530.0,-207.0,11.0
31.0,-48.0,-242.0,-527.0,-201.0,18.0
33.0,-49.0,-246.0,-521.0,-200.0,16.0
31.0,-44.0,-250.0,-520.0,-194.0,21.0
31.0,-44.0,-250.0,-518.0,-189.0,24.0
32.0,-49.0,-250.0,-507.0,-184.0,19.0
30.0,-45.0,-256.0,-493.0,-182.0,9.0
31.0,-47.0,-256.0,-486.0,-173.0,11.0
28.0,-49.0,-258.0,-475.0,-164.0,11.0
32.0,-50.0,-256.0,-455.0,-162.0,8.0
29.0,-47.0,-258.0,-431.0,-159.0,4.0
30.0,-41.0,-259.0,-408.0,-156.0,5.0
28.0,-38.0,-264.0,-391.0,-152.0,15.0
33.0,-38.0,-258.0,-376.0,-155.0,19.0
32.0,-33.0,-260.0,-356.0,-156.0,36.0
34.0,-33.0,-257.0,-337.0,-154.0,56.0
37.0,-31.0,-253.0,-317.0,-158.0,76.0
39.0,-28.0,-253.0,-306.0,-168.0,95.0
41.0,-24.0,-253.0,-303.0,-176.0,108.0
39.0,-24.0,-255.0,-309.0,-183.0,123.0
44.0,-23.0,-250.0,-319.0,-185.0,138.0
40.0,-22.0,-255.0,-338.0,-185.0,154.0
47.0,-25.0,-254.0,-361.0,-180.0,171.0
45.0,-32.0,-253.0,-386.0,-172.0,188.0
48.0,-32.0,-254.0,-409.0,-166.0,200.0
48.0,-30.0,-261.0,-426.0,-162.0,212.0
50.0,-37.0,-256.0,-446.0,-158.0,225.0
53.0,-42.0,-258.0,-459.0,-154.0,237.0
51.0,-35.0,-262.0,-475.0,-152.0,246.0
52.0,-37.0,-260.0,-496.0,-151.0,260.0
47.0,-38.0,-261.0,-520.0,-152.0,268.0
48.0,-39.0,-264.0,-534.0,-153.0,273.0
46.0,-36.0,-265.0,-548.0,-157.0,282.0
44.0,-39.0,-270.0,-548.0,-159.0,276.0
35.0,-43.0,-271.0,-540.0,-168.0,272.0
38.0,-38.0,-270.0,-525.0,-181.0,268.0
37.0,-38.0,-278.0,-501.0,-194.0,259.0
37.0,-35.0,-280.0,-474.0,-207.0,257.0
37.0,-36.0,-280.0,-448.0,-218.0,258.0
36.0,-34.0,-278.0,-418.0,-229.0,262.0
34.0,-37.0,-287.0,-379.0,-247.0,265.0
38.0,-42.0,-283.0,-340.0,-266.0,267.0
39.0,-35.0,-277.0,-306.0,-284.0,273.0
38.0,-33.0,-276.0,-269.0,-303.0,262.0
38.0,-31.0,-285.0,-233.0,-328.0,247.0
40.0,-25.0,-268.0,-208.0,-347.0,240.0
41.0,-21.0,-274.0,-190.0,-364.0,235.0
43.0,-21.0,-270.0,-180.0,-379.0,235.0
42.0,-15.0,-262.0,-182.0,-392.0,232.0
44.0,-10.0,-265.0,-180.0,-407.0,230.0
46.0,-15.0,-268.0,-177.0,-418.0,232.0
47.0,-14.0,-267.0,-177.0,-430.0,228.0
49.0,-13.0,-266.0,-179.0,-443.0,223.0
50.0,-13.0,-268.0,-184.0,-458.0,217.0
49.0,-10.0,-262.0,-193.0,-478.0,213.0
52.0,-14.0,-258.0,-202.0,-499.0,208.0
60.0,-25.0,-259.0,-213.0,-524.0,203.0
51.0,-16.0,-255.0,-230.0,-549.0,201.0
56.0,-20.0,-250.0,-250.0,-575.0,198.0
53.0,-19.0,-252.0,-268.0,-605.0,180.0
52.0,-20.0,-249.0,-295.0,-625.0,160.0
52.0,-27.0,-242.0,-319.0,-648.0,142.0
48.0,-24.0,-241.0,-333.0,-672.0,112.0
46.0,-23.0,-239.0,-347.0,-689.0,86.0
50.0,-18.0,-232.0,-363.0,-705.0,59.0
48.0,-19.0,-236.0,-366.0,-719.0,26.0
48.0,-18.0,-245.0,-373.0,-729.0,0.0
44.0,-22.0,-230.0,-395.0,-731.0,-23.0
44.0,-23.0,-233.0,-398.0,-740.0,-58.0
41.0,-30.0,-231.0,-385.0,-749.0,-93.0
42.0,-35.0,-229.0,-378.0,-752.0,-123.0
38.0,-41.0,-231.0,-368.0,-755.0,-154.0
34.0,-40.0,-226.0,-355.0,-758.0,-188.0
39.0,-45.0,-223.0,-335.0,-760.0,-218.0
41.0,-49.0,-225.0,-314.0,-756.0,-246.0
37.0,-45.0,-226.0,-280.0,-755.0,-274.0
39.0,-47.0,-224.0,-242.0,-748.0,-300.0
33.0,-46.0,-214.0,-200.0,-741.0,-323.0
37.0,-43.0,-217.0,-158.0,-729.0,-343.0
40.0,-40.0,-216.0,-120.0,-717.0,-367.0
45.0,-40.0,-219.0,-83.0,-703.0,-377.0
40.0,-40.0,-208.0,-65.0,-674.0,-380.0
38.0,-45.0,-210.0,-29.0,-660.0,-404.0
35.0,-49.0,-207.0,6.0,-636.0,-418.0
34.0,-55.0,-206.0,24.0,-607.0,-430.0
28.0,-57.0,-195.0,34.0,-564.0,-433.0
25.0,-65.0,-195.0,49.0,-511.0,-451.0
18.0,-72.0,-188.0,89.0,-455.0,-476.0
14.0,-69.0,-191.0,134.0,-387.0,-491.0
13.0,-66.0,-186.0,154.0,-314.0,-493.0
13.0,-73.0,-188.0,159.0,-258.0,-485.0
11.0,-78.0,-181.0,179.0,-219.0,-474.0
8.0,-74.0,-187.0,220.0,-189.0,-455.0
13.0,-72.0,-186.0,272.0,-155.0,-419.0
10.0,-77.0,-188.0,332.0,-124.0,-404.0
10.0,-72.0,-187.0,403.0,-84.0,-377.0
16.0,-75.0,-192.0,479.0,-45.0,-349.0
18.0,-78.0,-187.0,549.0,-21.0,-320.0
6.0,-67.0,-211.0,616.0,-16.0,-297.0
8.0,-64.0,-213.0,677.0,-31.0,-278.0
8.0,-65.0,-216.0,746.0,-51.0,-263.0
7.0,-64.0,-223.0,828.0,-85.0,-256.0
3.0,-67.0,-215.0,911.0,-128.0,-236.0
-4.0,-66.0,-228.0,1008.0,-170.0,-223.0
-4.0,-67.0,-231.0,1071.0,-197.0,-209.0
-1.0,-73.0,-224.0,1128.0,-221.0,-198.0
-3.0,-73.0,-237.0,1192.0,-255.0,-189.0
-6.0,-69.0,-253.0,1278.0,-301.0,-163.0
-4.0,-72.0,-235.0,1371.0,-355.0,-142.0
4.0,-66.0,-234.0,1464.0,-420.0,-109.0
1.0,-54.0,-226.0,1554.0,-480.0,-103.0
-3.0,-57.0,-218.0,1621.0,-537.0,-101.0
-16.0,-57.0,-226.0,1667.0,-584.0,-98.0
-13.0,-55.0,-211.0,1680.0,-636.0,-86.0
-21.0,-50.0,-206.0,1692.0,-678.0,-70.0
-26.0,-45.0,-209.0,1691.0,-708.0,-45.0
-34.0,-42.0,-205.0,1674.0,-724.0,-14.0
-51.0,-54.0,-212.0,1665.0,-740.0,37.0
-48.0,-70.0,-219.0,1662.0,-787.0,80.0
-40.0,-81.0,-234.0,1692.0,-843.0,103.0
-33.0,-105.0,-223.0,1743.0,-903.0,127.0
-36.0,-116.0,-224.0,1839.0,-979.0,151.0
-24.0,-123.0,-246.0,1957.0,-1066.0,168.0
-12.0,-119.0,-226.0,2069.0,-1151.0,187.0
-12.0,-135.0,-238.0,2215.0,-1268.0,216.0
6.0,-145.0,-234.0,2327.0,-1407.0,265.0
11.0,-160.0,-217.0,2415.0,-1493.0,317.0
-17.0,-150.0,-201.0,2537.0,-1560.0,306.0
-48.0,-129.0,-201.0,2639.0,-1646.0,338.0
-43.0,-131.0,-177.0,2668.0,-1758.0,421.0
-33.0,-123.0,-183.0,2685.0,-1853.0,478.0
-38.0,-130.0,-191.0,2683.0,-1919.0,525.0
-41.0,-140.0,-183.0,2695.0,-1970.0,537.0
-79.0,-133.0,-182.0,2714.0,-2040.0,550.0
-76.0,-145.0,-180.0,2697.0,-2126.0,620.0
-69.0,-173.0,-165.0,2656.0,-2227.0,701.0
-73.0,-188.0,-165.0,2645.0,-2297.0,745.0
-60.0,-194.0,-171.0,2663.0,-2342.0,755.0
-69.0,-210.0,-173.0,2672.0,-2364.0,741.0
-108.0,-213.0,-171.0,2698.0,-2382.0,704.0
-123.0,-229.0,-183.0,2725.0,-2461.0,698.0
-114.0,-239.0,-187.0,2721.0,-2563.0,714.0
-127.0,-247.0,-189.0,2711.0,-2609.0,683.0
-173.0,-255.0,-209.0,2708.0,-2634.0,628.0
-197.0,-260.0,-208.0,2698.0,-2705.0,582.0
-209.0,-272.0,-229.0,2700.0,-2816.0,548.0
-242.0,-262.0,-240.0,2694.0,-2927.0,506.0
-285.0,-253.0,-251.0,2732.0,-2996.0,453.0
-337.0,-220.0,-267.0,2815.0,-3062.0,402.0
-381.0,-192.0,-286.0,2913.0,-3156.0,369.0
-444.0,-147.0,-318.0,2992.0,-3261.0,339.0
-511.0,-126.0,-336.0,2976.0,-3384.0,355.0
-569.0,-118.0,-361.0,2824.0,-3566.0,420.0
-619.0,-105.0,-396.0,2518.0,-3783.0,501.0
-662.0,-114.0,-427.0,2074.0,-3986.0,593.0
-739.0,-169.0,-436.0,1574.0,-4195.0,665.0
-855.0,-241.0,-475.0,1110.0,-4401.0,681.0
-1055.0,-321.0,-479.0,623.0,-4523.0,626.0
-1273.0,-425.0,-492.0,195.0,-4608.0,749.0
-1424.0,-567.0,-446.0,-49.0,-4644.0,1272.0
-1460.0,-736.0,-409.0,92.0,-4681.0,2135.0
-835.0,-911.0,-278.0,667.0,-4647.0,2870.0
-451.0,-722.0,-176.0,1647.0,-4883.0,2240.0
-262.0,-503.0,-244.0,2669.0,-5322.0,1342.0
-95.0,-360.0,-268.0,3326.0,-5306.0,1051.0
76.0,-248.0,-202.0,3666.0,-4940.0,1070.0
192.0,-138.0,-162.0,3959.0,-4424.0,1151.0
314.0,-41.0,-67.0,4156.0,-3774.0,1269.0
412.0,79.0,-5.0,4261.0,-3088.0,1395.0
447.0,185.0,35.0,4324.0,-2448.0,1525.0
411.0,244.0,67.0,4335.0,-1876.0,1664.0
146.0,250.0,32.0,4196.0,-1390.0,1795.0
-37.0,199.0,92.0,3705.0,-947.0,2014.0
-163.0,132.0,89.0,3037.0,-847.0,2288.0
-273.0,61.0,93.0,2248.0,-1116.0,2591.0
-331.0,-26.0,88.0,1524.0,-1531.0,2877.0
-356.0,-91.0,46.0,1030.0,-1937.0,3070.0
-383.0,-141.0,19.0,784.0,-2261.0,3121.0
-398.0,-178.0,-3.0,725.0,-2483.0,3061.0
-381.0,-200.0,-29.0,753.0,-2654.0,2922.0
-324.0,-212.0,-51.0,809.0,-2831.0,2676.0
-284.0,-207.0,-73.0,877.0,-2996.0,2286.0
-228.0,-203.0,-90.0,948.0,-3121.0,1869.0
-146.0,-209.0,-80.0,1038.0,-3230.0,1547.0
-96.0,-201.0,-71.0,1181.0,-3282.0,1312.0
-57.0,-195.0,-44.0,1435.0,-3187.0,1151.0
-31.0,-183.0,-17.0,1810.0,-3017.0,1038.0
-22.0,-150.0,-9.0,2235.0,-2849.0,957.0
-27.0,-106.0,2.0,2597.0,-2712.0,923.0
-33.0,-76.0,13.0,2830.0,-2631.0,926.0
-52.0,-49.0,39.0,2946.0,-2563.0,965.0
-67.0,-34.0,62.0,3013.0,-2492.0,1011.0
-73.0,-32.0,91.0,3014.0,-2425.0,1058.0
-94.0,-36.0,125.0,2952.0,-2392.0,1104.0
-131.0,-48.0,162.0,2856.0,-2390.0,1151.0
-152.0,-67.0,192.0,2781.0,-2418.0,1207.0
-166.0,-79.0,213.0,2729.0,-2472.0,1276.0
-181.0,-88.0,249.0,2695.0,-2520.0,1353.0
-188.0,-87.0,268.0,2693.0,-2569.0,1426.0
-182.0,-71.0,277.0,2717.0,-2632.0,1496.0
-166.0,-58.0,261.0,2740.0,-2669.0,1562.0
-151.0,-27.0,240.0,2737.0,-2637.0,1621.0
-132.0,5.0,224.0,2700.0,-2549.0,1671.0
-123.0,35.0,208.0,2635.0,-2419.0,1711.0
-120.0,56.0,205.0,2559.0,-2253.0,1719.0
-135.0,65.0,197.0,2473.0,-2076.0,1674.0
-144.0,74.0,186.0,2359.0,-1921.0,1594.0
-149.0,81.0,180.0,2209.0,-1794.0,1494.0
-151.0,79.0,183.0,2042.0,-1687.0,1381.0
-154.0,71.0,200.0,1891.0,-1582.0,1253.0
-165.0,67.0,208.0,1807.0,-1470.0,1117.0
-184.0,67.0,208.0,1791.0,-1358.0,965.0
-205.0,83.0,211.0,1835.0,-1268.0,798.0
-203.0,107.0,201.0,1897.0,-1261.0,648.0
-205.0,137.0,191.0,1937.0,-1282.0,505.0
-207.0,176.0,182.0,1940.0,-1271.0,358.0
-175.0,194.0,166.0,1896.0,-1214.0,215.0
-169.0,204.0,183.0,1785.0,-1061.0,31.0
-163.0,209.0,202.0,1629.0,-857.0,-168.0
-153.0,205.0,222.0,1433.0,-605.0,-364.0
-140.0,204.0,223.0,1211.0,-329.0,-571.0
-128.0,189.0,212.0,972.0,-142.0,-780.0
-120.0,189.0,209.0,706.0,-41.0,-968.0
-89.0,160.0,219.0,421.0,-83.0,-1093.0
-50.0,136.0,217.0,197.0,-202.0,-1222.0
-56.0,121.0,197.0,52.0,-369.0,-1352.0
-79.0,106.0,175.0,-9.0,-509.0,-1441.0
-90.0,89.0,159.0,-30.0,-614.0,-1443.0
-123.0,80.0,147.0,-50.0,-734.0,-1392.0
-128.0,67.0,146.0,-70.0,-870.0,-1311.0
-136.0,62.0,146.0,-80.0,-1033.0,-1263.0
-128.0,61.0,148.0,-76.0,-1201.0,-1239.0
-127.0,51.0,143.0,-64.0,-1368.0,-1213.0
-107.0,45.0,144.0,-38.0,-1497.0,-1204.0
-95.0,43.0,147.0,3.0,-1581.0,-1191.0
-99.0,39.0,137.0,43.0,-1604.0,-1186.0
-88.0,51.0,129.0,67.0,-1578.0,-1161.0
-87.0,54.0,143.0,84.0,-1560.0,-1139.0
-73.0,61.0,127.0,85.0,-1550.0,-1135.0
-60.0,56.0,144.0,48.0,-1501.0,-1127.0
-55.0,54.0,139.0,15.0,-1414.0,-1122.0
-56.0,46.0,153.0,-13.0,-1277.0,-1105.0
-66.0,48.0,154.0,-10.0,-1152.0,-1075.0
-69.0,48.0,146.0,2.0,-1060.0,-1021.0
-64.0,42.0,140.0,29.0,-1000.0,-950.0
-69.0,50.0,140.0,49.0,-940.0,-911.0
-69.0,59.0,141.0,62.0,-870.0,-886.0
-73.0,67.0,152.0,80.0,-812.0,-869.0
-73.0,78.0,155.0,104.0,-777.0,-853.0
-73.0,80.0,156.0,112.0,-758.0,-806.0
-73.0,81.0,166.0,109.0,-736.0,-731.0
-82.0,89.0,178.0,113.0,-708.0,-666.0
-81.0,88.0,190.0,125.0,-709.0,-583.0
-77.0,86.0,193.0,115.0,-729.0,-489.0
-79.0,85.0,188.0,67.0,-744.0,-421.0
-90.0,78.0,203.0,-14.0,-725.0,-332.0
-96.0,62.0,210.0,-80.0,-690.0,-223.0
-109.0,52.0,204.0,-135.0,-665.0,-145.0
-103.0,30.0,207.0,-215.0,-664.0,-91.0
-101.0,12.0,205.0,-309.0,-668.0,-73.0
-80.0,1.0,214.0,-405.0,-656.0,-79.0
-65.0,-5.0,218.0,-481.0,-634.0,-94.0
-53.0,-20.0,226.0,-544.0,-583.0,-92.0
-61.0,-34.0,235.0,-565.0,-469.0,-95.0
-65.0,-39.0,248.0,-531.0,-309.0,-101.0
-84.0,-39.0,247.0,-449.0,-165.0,-99.0
-81.0,-34.0,240.0,-363.0,-67.0,-55.0
-79.0,-29.0,228.0,-285.0,-37.0,-27.0
-73.0,-22.0,213.0,-222.0,-20.0,-27.0
-65.0,-16.0,208.0,-193.0,18.0,-44.0
-65.0,-5.0,200.0,-190.0,71.0,-56.0
-50.0,-2.0,194.0,-210.0,134.0,-54.0
-42.0,1.0,179.0,-265.0,212.0,-39.0
-39.0,2.0,180.0,-349.0,316.0,-24.0
-37.0,1.0,188.0,-411.0,400.0,-17.0
-31.0,0.0,197.0,-437.0,433.0,-27.0
-31.0,0.0,202.0,-424.0,421.0,-51.0
-34.0,-2.0,207.0,-370.0,393.0,-83.0
-38.0,0.0,206.0,-281.0,361.0,-120.0
-39.0,0.0,205.0,-177.0,336.0,-158.0
-48.0,3.0,205.0,-61.0,315.0,-194.0
-58.0,6.0,205.0,57.0,300.0,-224.0
-67.0,8.0,206.0,163.0,280.0,-247.0
-70.0,11.0,205.0,265.0,246.0,-259.0
-76.0,13.0,200.0,356.0,191.0,-282.0
-81.0,15.0,199.0,410.0,147.0,-277.0
-77.0,14.0,203.0,453.0,116.0,-244.0
-71.0,12.0,204.0,493.0,70.0,-219.0
-62.0,16.0,205.0,526.0,28.0,-222.0
-53.0,23.0,209.0,537.0,12.0,-230.0
-49.0,21.0,208.0,519.0,27.0,-215.0
-34.0,24.0,215.0,472.0,74.0,-188.0
-30.0,21.0,207.0,415.0,122.0,-171.0
-16.0,15.0,216.0,327.0,192.0,-143.0
-11.0,8.0,223.0,245.0,247.0,-138.0
-17.0,2.0,218.0,163.0,306.0,-161.0
-22.0,-7.0,218.0,87.0,378.0,-199.0
-36.0,-11.0,222.0,16.0,445.0,-203.0
-45.0,-19.0,218.0,-31.0,498.0,-175.0
-62.0,-23.0,217.0,-48.0,541.0,-135.0
-67.0,-27.0,205.0,-50.0,575.0,-104.0
-80.0,-34.0,201.0,-36.0,597.0,-82.0
-93.0,-43.0,200.0,-15.0,597.0,-72.0
-103.0,-34.0,181.0,11.0,584.0,-67.0
-111.0,-36.0,182.0,43.0,569.0,-65.0
-119.0,-37.0,174.0,82.0,555.0,-70.0
-127.0,-33.0,169.0,123.0,550.0,-77.0
-128.0,-34.0,164.0,168.0,542.0,-79.0
-131.0,-37.0,159.0,190.0,524.0,-92.0
-136.0,-35.0,156.0,187.0,503.0,-108.0
-140.0,-32.0,156.0,170.0,481.0,-119.0
-139.0,-34.0,159.0,149.0,464.0,-117.0
-141.0,-32.0,162.0,132.0,449.0,-116.0
-135.0,-31.0,163.0,115.0,432.0,-122.0
-138.0,-30.0,163.0,98.0,418.0,-130.0
-138.0,-31.0,162.0,85.0,412.0,-131.0
-137.0,-31.0,160.0,70.0,412.0,-132.0
-137.0,-30.0,159.0,51.0,413.0,-130.0
-142.0,-28.0,158.0,33.0,414.0,-129.0
-142.0,-30.0,160.0,14.0,415.0,-128.0
-145.0,-28.0,154.0,-12.0,417.0,-127.0
-147.0,-26.0,153.0,-37.0,416.0,-126.0
-144.0,-27.0,152.0,-60.0,412.0,-123.0
-145.0,-29.0,155.0,-76.0,407.0,-120.0
-141.0,-32.0,154.0,-84.0,404.0,-114.0
-140.0,-33.0,154.0,-78.0,399.0,-109.0
-141.0,-31.0,153.0,-66.0,388.0,-103.0
-139.0,-31.0,154.0,-54.0,375.0,-96.0
-139.0,-30.0,154.0,-48.0,359.0,-89.0
-137.0,-33.0,155.0,-44.0,344.0,-83.0
-137.0,-33.0,149.0,-39.0,327.0,-76.0
-138.0,-31.0,151.0,-33.0,311.0,-72.0
-138.0,-33.0,150.0,-22.0,296.0,-66.0
-138.0,-32.0,152.0,-8.0,279.0,-60.0
-134.0,-32.0,150.0,7.0,263.0,-54.0
-134.0,-40.0,155.0,22.0,248.0,-44.0
-137.0,-27.0,152.0,33.0,235.0,-38.0
-135.0,-26.0,153.0,40.0,220.0,-30.0
-134.0,-26.0,152.0,48.0,207.0,-24.0
-136.0,-20.0,156.0,51.0,194.0,-17.0
-135.0,-21.0,155.0,56.0,182.0,-10.0
-138.0,-17.0,155.0,63.0,169.0,-2.0
-138.0,-17.0,164.0,69.0,153.0,6.0
-141.0,-11.0,162.0,76.0,135.0,18.0
-139.0,-8.0,165.0,78.0,116.0,28.0
-139.0,-8.0,165.0,79.0,97.0,38.0
-142.0,-2.0,173.0,77.0,78.0,48.0
-142.0,-1.0,164.0,72.0,61.0,54.0
-143.0,2.0,169.0,71.0,43.0,61.0
-142.0,4.0,171.0,69.0,26.0,72.0
-143.0,3.0,170.0,65.0,11.0,81.0
-138.0,5.0,174.0,58.0,-1.0,89.0
-141.0,5.0,173.0,49.0,-13.0,95.0
-141.0,9.0,174.0,42.0,-25.0,98.0
-139.0,10.0,174.0,33.0,-39.0,103.0
-139.0,9.0,175.0,23.0,-50.0,106.0
-135.0,10.0,171.0,9.0,-62.0,109.0
-134.0,15.0,177.0,-5.0,-76.0,112.0
-133.0,14.0,171.0,-21.0,-87.0,111.0
-132.0,15.0,174.0,-37.0,-98.0,112.0
-133.0,16.0,174.0,-59.0,-108.0,110.0
-133.0,16.0,170.0,-79.0,-114.0,107.0
-132.0,15.0,175.0,-97.0,-119.0,101.0
-133.0,14.0,171.0,-109.0,-124.0,96.0
-128.0,13.0,174.0,-115.0,-127.0,89.0
-127.0,16.0,172.0,-118.0,-131.0,84.0
-128.0,16.0,173.0,-123.0,-135.0,75.0
-128.0,14.0,171.0,-125.0,-136.0,65.0
-128.0,17.0,179.0,-135.0,-136.0,57.0
-129.0,12.0,173.0,-145.0,-137.0,48.0
-126.0,7.0,175.0,-156.0,-140.0,36.0
-126.0,10.0,174.0,-167.0,-140.0,27.0
-126.0,7.0,174.0,-174.0,-138.0,17.0
-125.0,4.0,170.0,-177.0,-132.0,8.0
-122.0,4.0,174.0,-174.0,-130.0,-1.0
-124.0,1.0,175.0,-168.0,-126.0,-7.0
-125.0,0.0,173.0,-156.0,-124.0,-11.0
-122.0,0.0,174.0,-141.0,-124.0,-16.0
-117.0,2.0,178.0,-125.0,-125.0,-20.0
-119.0,-1.0,178.0,-114.0,-124.0,-22.0
-116.0,1.0,180.0,-112.0,-123.0,-23.0
-117.0,1.0,178.0,-116.0,-121.0,-25.0
-117.0,0.0,179.0,-120.0,-123.0,-26.0
-117.0,-2.0,187.0,-120.0,-124.0,-28.0
-115.0,-2.0,183.0,-118.0,-123.0,-29.0
-116.0,-2.0,181.0,-113.0,-120.0,-32.0
-115.0,-9.0,180.0,-107.0,-117.0,-34.0
-113.0,-8.0,182.0,-98.0,-115.0,-38.0
-112.0,-7.0,185.0,-90.0,-111.0,-38.0
-108.0,-9.0,189.0,-80.0,-106.0,-37.0
-111.0,-4.0,181.0,-73.0,-104.0,-36.0
-111.0,-5.0,180.0,-68.0,-101.0,-37.0
-112.0,-8.0,179.0,-67.0,-97.0,-35.0
-112.0,-7.0,175.0,-65.0,-92.0,-35.0
-112.0,-9.0,174.0,-64.0,-88.0,-35.0
-109.0,-10.0,179.0,-60.0,-87.0,-31.0
-109.0,-10.0,175.0,-56.0,-87.0,-29.0
-107.0,-10.0,175.0,-53.0,-81.0,-30.0
-109.0,-9.0,177.0,-51.0,-71.0,-32.0
-110.0,-7.0,177.0,-50.0,-63.0,-33.0
-115.0,-11.0,176.0,-46.0,-60.0,-33.0
-109.0,-11.0,176.0,-42.0,-54.0,-30.0
-108.0,-14.0,174.0,-36.0,-51.0,-30.0
-114.0,-12.0,172.0,-31.0,-48.0,-31.0
-114.0,-16.0,174.0,-23.0,-45.0,-26.0
-112.0,-12.0,174.0,-15.0,-41.0,-24.0
-112.0,-13.0,170.0,-9.0,-42.0,-23.0
-112.0,-13.0,173.0,-2.0,-40.0,-23.0
-114.0,-12.0,173.0,1.0,-37.0,-21.0
-114.0,-12.0,178.0,2.0,-39.0,-20.0
-113.0,-13.0,173.0,-2.0,-41.0,-17.0
-113.0,-14.0,177.0,-5.0,-44.0,-16.0
-115.0,-9.0,173.0,-11.0,-44.0,-10.0
-114.0,-11.0,176.0,-12.0,-41.0,-7.0
-113.0,-11.0,175.0,-13.0,-35.0,-4.0
-113.0,-13.0,175.0,-14.0,-29.0,-1.0
-114.0,-11.0,178.0,-16.0,-30.0,0.0
-116.0,-10.0,172.0,-21.0,-32.0,0.0
-117.0,-14.0,175.0,-30.0,-30.0,2.0
-113.0,-12.0,178.0,-32.0,-26.0,4.0
-114.0,-11.0,173.0,-37.0,-21.0,5.0
-117.0,-11.0,175.0,-34.0,-17.0,6.0
-113.0,-12.0,166.0,-36.0,-15.0,6.0
-113.0,-11.0,177.0,-38.0,-17.0,6.0
-112.0,-8.0,171.0,-41.0,-19.0,9.0
-110.0,-6.0,180.0,-42.0,-18.0,10.0
-112.0,-8.0,178.0,-41.0,-19.0,10.0
-111.0,-9.0,177.0,-40.0,-19.0,11.0
-108.0,-9.0,177.0,-39.0,-20.0,12.0
-110.0,-10.0,174.0,-40.0,-19.0,14.0
-113.0,-5.0,180.0,-40.0,-18.0,15.0
-110.0,-5.0,182.0,-36.0,-20.0,15.0
-108.0,-7.0,181.0,-33.0,-21.0,15.0
-115.0,-3.0,182.0,-29.0,-22.0,15.0
-112.0,-3.0,179.0,-27.0,-22.0,17.0
-109.0,-5.0,177.0,-28.0,-21.0,18.0
-112.0,0.0,182.0,-27.0,-20.0,18.0
-110.0,-1.0,183.0,-31.0,-19.0,18.0
-111.0,-4.0,182.0,-35.0,-17.0,17.0
-109.0,-2.0,181.0,-38.0,-15.0,15.0
-112.0,-4.0,183.0,-40.0,-13.0,14.0
-113.0,1.0,183.0,-42.0,-10.0,13.0
-109.0,-2.0,188.0,-44.0,-7.0,12.0
-111.0,0.0,180.0,-44.0,-2.0,11.0
-113.0,-3.0,180.0,-45.0,1.0,8.0
-109.0,-5.0,183.0,-47.0,4.0,6.0
-111.0,0.0,183.0,-48.0,6.0,2.0
-114.0,0.0,180.0,-47.0,9.0,0.0
-115.0,0.0,177.0,-46.0,12.0,-2.0
-112.0,-1.0,179.0,-46.0,12.0,-3.0
-113.0,-1.0,183.0,-44.0,16.0,-4.0
-110.0,-5.0,182.0,-41.0,17.0,-8.0
-108.0,-2.0,180.0,-44.0,21.0,-8.0
-113.0,-3.0,179.0,-39.0,24.0,-9.0
-113.0,-5.0,182.0,-35.0,30.0,-10.0
-113.0,-1.0,183.0,-32.0,35.0,-12.0
-108.0,-6.0,176.0,-30.0,40.0,-12.0
-112.0,-5.0,181.0,-25.0,45.0,-13.0
-112.0,-6.0,179.0,-18.0,47.0,-10.0
-111.0,-7.0,178.0,-11.0,51.0,-9.0
-113.0,-5.0,179.0,-2.0,54.0,-11.0
