7.0,-210.0,-170.0,-2301.0,249.0,-124.0
15.0,-210.0,-177.0,-2309.0,259.0,-126.0
12.0,-214.0,-177.0,-2336.0,285.0,-118.0
13.0,-204.0,-187.0,-2372.0,305.0,-109.0
14.0,-208.0,-192.0,-2453.0,344.0,-80.0
10.0,-216.0,-198.0,-2536.0,365.0,-65.0
24.0,-219.0,-209.0,-2619.0,390.0,-64.0
25.0,-229.0,-215.0,-2731.0,430.0,-48.0
14.0,-246.0,-216.0,-2833.0,461.0,-20.0
20.0,-254.0,-233.0,-2878.0,467.0,-31.0
22.0,-258.0,-236.0,-2894.0,473.0,-48.0
11.0,-259.0,-244.0,-2868.0,476.0,-57.0
20.0,-249.0,-243.0,-2803.0,468.0,-75.0
25.0,-234.0,-249.0,-2702.0,478.0,-70.0
29.0,-214.0,-250.0,-2581.0,491.0,-63.0
14.0,-202.0,-256.0,-2466.0,503.0,-61.0
9.0,-194.0,-258.0,-2338.0,495.0,-94.0
4.0,-195.0,-259.0,-2216.0,485.0,-118.0
-5.0,-193.0,-264.0,-2113.0,470.0,-136.0
-13.0,-194.0,-265.0,-2030.0,455.0,-144.0
-17.0,-194.0,-272.0,-1961.0,437.0,-142.0
-20.0,-192.0,-270.0,-1886.0,408.0,-137.0
-21.0,-189.0,-269.0,-1797.0,378.0,-134.0
-15.0,-184.0,-267.0,-1693.0,348.0,-133.0
-10.0,-175.0,-268.0,-1582.0,316.0,-140.0
-4.0,-173.0,-268.0,-1475.0,287.0,-146.0
5.0,-167.0,-268.0,-1380.0,257.0,-156.0
15.0,-160.0,-271.0,-1301.0,228.0,-161.0
27.0,-152.0,-268.0,-1234.0,201.0,-169.0
34.0,-146.0,-274.0,-1183.0,180.0,-175.0
36.0,-136.0,-274.0,-1142.0,169.0,-175.0
45.0,-129.0,-273.0,-1105.0,165.0,-171.0
43.0,-124.0,-273.0,-1073.0,167.0,-163.0
46.0,-115.0,-273.0,-1047.0,175.0,-152.0
43.0,-109.0,-273.0,-1027.0,183.0,-142.0
42.0,-109.0,-274.0,-1009.0,192.0,-129.0
41.0,-102.0,-274.0,-989.0,201.0,-116.0
40.0,-98.0,-273.0,-972.0,208.0,-102.0
39.0,-94.0,-278.0,-954.0,215.0,-89.0
41.0,-96.0,-274.0,-930.0,224.0,-79.0
39.0,-91.0,-276.0,-902.0,232.0,-70.0
34.0,-85.0,-274.0,-869.0,238.0,-60.0
33.0,-85.0,-271.0,-834.0,240.0,-49.0
35.0,-86.0,-269.0,-803.0,241.0,-42.0
33.0,-85.0,-264.0,-772.0,239.0,-37.0
32.0,-85.0,-259.0,-733.0,233.0,-32.0
33.0,-88.0,-252.0,-687.0,228.0,-27.0
31.0,-87.0,-252.0,-640.0,222.0,-23.0
31.0,-94.0,-251.0,-588.0,213.0,-17.0
32.0,-95.0,-250.0,-536.0,203.0,-12.0
29.0,-94.0,-246.0,-488.0,196.0,-9.0
29.0,-95.0,-250.0,-443.0,189.0,-5.0
31.0,-98.0,-246.0,-395.0,182.0,-2.0
33.0,-103.0,-233.0,-347.0,178.0,3.0
35.0,-104.0,-238.0,-297.0,174.0,11.0
36.0,-100.0,-235.0,-243.0,170.0,20.0
37.0,-103.0,-230.0,-188.0,166.0,30.0
38.0,-101.0,-229.0,-132.0,164.0,36.0
39.0,-102.0,-230.0,-82.0,164.0,40.0
39.0,-105.0,-226.0,-35.0,170.0,42.0
42.0,-98.0,-225.0,11.0,173.0,47.0
44.0,-99.0,-227.0,53.0,179.0,50.0
45.0,-98.0,-228.0,89.0,186.0,56.0
47.0,-96.0,-222.0,119.0,190.0,58.0
47.0,-96.0,-220.0,142.0,192.0,60.0
47.0,-92.0,-223.0,162.0,193.0,62.0
50.0,-95.0,-224.0,181.0,193.0,64.0
48.0,-91.0,-223.0,199.0,190.0,63.0
48.0,-92.0,-225.0,215.0,188.0,63.0
46.0,-92.0,-228.0,229.0,184.0,62.0
47.0,-93.0,-230.0,239.0,182.0,64.0
45.0,-89.0,-227.0,248.0,177.0,69.0
45.0,-91.0,-232.0,259.0,173.0,73.0
44.0,-86.0,-231.0,273.0,168.0,78.0
44.0,-86.0,-237.0,286.0,161.0,84.0
44.0,-93.0,-235.0,302.0,152.0,89.0
46.0,-88.0,-240.0,315.0,146.0,93.0
45.0,-86.0,-239.0,330.0,141.0,95.0
48.0,-89.0,-240.0,346.0,134.0,96.0
50.0,-90.0,-242.0,362.0,129.0,98.0
51.0,-94.0,-239.0,378.0,125.0,101.0
51.0,-96.0,-240.0,396.0,118.0,102.0
51.0,-97.0,-238.0,419.0,111.0,106.0
53.0,-97.0,-236.0,445.0,106.0,111.0
53.0,-101.0,-238.0,473.0,100.0,114.0
54.0,-102.0,-237.0,502.0,90.0,116.0
53.0,-103.0,-238.0,531.0,83.0,123.0
53.0,-103.0,-238.0,553.0,76.0,122.0
57.0,-103.0,-236.0,570.0,68.0,123.0
53.0,-97.0,-239.0,572.0,60.0,122.0
54.0,-101.0,-238.0,560.0,50.0,119.0
52.0,-102.0,-239.0,540.0,38.0,111.0
54.0,-105.0,-238.0,513.0,29.0,109.0
56.0,-104.0,-238.0,487.0,23.0,109.0
55.0,-107.0,-236.0,464.0,18.0,112.0
58.0,-105.0,-239.0,445.0,11.0,111.0
58.0,-105.0,-238.0,436.0,5.0,105.0
55.0,-113.0,-235.0,431.0,-2.0,102.0
56.0,-113.0,-237.0,435.0,-9.0,96.0
55.0,-113.0,-234.0,437.0,-16.0,91.0
61.0,-115.0,-236.0,439.0,-24.0,84.0
58.0,-110.0,-233.0,439.0,-30.0,84.0
59.0,-111.0,-230.0,435.0,-31.0,88.0
59.0,-110.0,-230.0,434.0,-29.0,96.0
59.0,-111.0,-225.0,436.0,-25.0,91.0
56.0,-112.0,-227.0,436.0,-19.0,95.0
55.0,-114.0,-225.0,430.0,-25.0,100.0
60.0,-117.0,-220.0,426.0,-33.0,97.0
56.0,-113.0,-217.0,430.0,-46.0,85.0
51.0,-119.0,-218.0,436.0,-55.0,83.0
53.0,-119.0,-215.0,442.0,-60.0,90.0
54.0,-120.0,-208.0,449.0,-61.0,93.0
52.0,-119.0,-208.0,460.0,-70.0,88.0
50.0,-118.0,-205.0,473.0,-78.0,83.0
52.0,-120.0,-198.0,494.0,-82.0,85.0
46.0,-118.0,-194.0,521.0,-99.0,75.0
50.0,-117.0,-188.0,558.0,-116.0,51.0
50.0,-117.0,-187.0,580.0,-120.0,52.0
48.0,-119.0,-188.0,590.0,-116.0,83.0
44.0,-120.0,-181.0,592.0,-118.0,107.0
37.0,-118.0,-173.0,592.0,-124.0,106.0
40.0,-119.0,-170.0,591.0,-132.0,102.0
41.0,-120.0,-172.0,593.0,-141.0,102.0
44.0,-119.0,-167.0,588.0,-144.0,110.0
42.0,-122.0,-162.0,585.0,-142.0,120.0
41.0,-122.0,-159.0,584.0,-145.0,123.0
40.0,-118.0,-157.0,591.0,-150.0,116.0
42.0,-121.0,-155.0,598.0,-153.0,115.0
42.0,-124.0,-151.0,604.0,-158.0,112.0
43.0,-123.0,-150.0,612.0,-169.0,106.0
41.0,-124.0,-147.0,618.0,-177.0,101.0
40.0,-121.0,-146.0,622.0,-183.0,102.0
41.0,-123.0,-149.0,622.0,-189.0,106.0
42.0,-122.0,-145.0,619.0,-188.0,110.0
44.0,-122.0,-146.0,617.0,-183.0,118.0
39.0,-122.0,-144.0,613.0,-179.0,119.0
34.0,-124.0,-147.0,606.0,-176.0,118.0
37.0,-127.0,-143.0,594.0,-176.0,116.0
38.0,-130.0,-148.0,583.0,-177.0,116.0
31.0,-131.0,-147.0,579.0,-175.0,124.0
31.0,-130.0,-146.0,575.0,-180.0,119.0
35.0,-132.0,-149.0,577.0,-193.0,108.0
30.0,-134.0,-148.0,579.0,-210.0,101.0
30.0,-134.0,-150.0,587.0,-232.0,98.0
28.0,-130.0,-148.0,601.0,-253.0,97.0
28.0,-137.0,-153.0,617.0,-276.0,106.0
27.0,-139.0,-153.0,630.0,-297.0,112.0
24.0,-139.0,-157.0,647.0,-318.0,112.0
30.0,-146.0,-161.0,658.0,-338.0,106.0
26.0,-145.0,-159.0,668.0,-354.0,95.0
27.0,-145.0,-161.0,682.0,-370.0,83.0
33.0,-146.0,-163.0,698.0,-381.0,79.0
34.0,-146.0,-163.0,708.0,-387.0,75.0
35.0,-150.0,-165.0,711.0,-391.0,68.0
35.0,-148.0,-168.0,711.0,-396.0,63.0
33.0,-148.0,-166.0,708.0,-400.0,58.0
31.0,-150.0,-166.0,709.0,-411.0,60.0
40.0,-152.0,-167.0,715.0,-418.0,65.0
34.0,-151.0,-165.0,719.0,-426.0,62.0
38.0,-146.0,-166.0,733.0,-434.0,71.0
38.0,-156.0,-164.0,750.0,-440.0,85.0
33.0,-161.0,-165.0,770.0,-445.0,82.0
28.0,-158.0,-170.0,793.0,-453.0,82.0
41.0,-162.0,-174.0,807.0,-463.0,81.0
32.0,-160.0,-177.0,802.0,-473.0,58.0
23.0,-158.0,-177.0,798.0,-482.0,46.0
20.0,-159.0,-174.0,803.0,-496.0,58.0
24.0,-165.0,-182.0,798.0,-506.0,58.0
18.0,-165.0,-179.0,782.0,-512.0,49.0
15.0,-163.0,-179.0,778.0,-519.0,48.0
14.0,-165.0,-180.0,776.0,-532.0,45.0
8.0,-168.0,-173.0,773.0,-553.0,42.0
6.0,-168.0,-179.0,777.0,-576.0,48.0
3.0,-164.0,-176.0,769.0,-595.0,49.0
7.0,-174.0,-173.0,767.0,-616.0,48.0
6.0,-176.0,-172.0,778.0,-645.0,38.0
7.0,-174.0,-173.0,801.0,-666.0,31.0
13.0,-181.0,-174.0,808.0,-681.0,38.0
7.0,-175.0,-164.0,804.0,-690.0,44.0
14.0,-174.0,-167.0,822.0,-701.0,62.0
14.0,-177.0,-166.0,830.0,-699.0,68.0
9.0,-176.0,-162.0,824.0,-691.0,75.0
16.0,-178.0,-158.0,825.0,-679.0,105.0
7.0,-173.0,-162.0,827.0,-673.0,123.0
9.0,-177.0,-158.0,797.0,-677.0,125.0
13.0,-185.0,-159.0,753.0,-687.0,119.0
6.0,-178.0,-151.0,700.0,-695.0,100.0
7.0,-181.0,-152.0,661.0,-696.0,98.0
3.0,-180.0,-145.0,634.0,-691.0,93.0
0.0,-176.0,-146.0,635.0,-678.0,89.0
3.0,-182.0,-144.0,639.0,-657.0,85.0
-9.0,-179.0,-138.0,629.0,-642.0,70.0
-10.0,-171.0,-126.0,629.0,-644.0,70.0
-13.0,-169.0,-129.0,650.0,-668.0,91.0
-10.0,-171.0,-130.0,656.0,-684.0,113.0
-15.0,-177.0,-130.0,651.0,-699.0,122.0
-14.0,-181.0,-135.0,627.0,-714.0,112.0
-13.0,-176.0,-132.0,602.0,-724.0,102.0
-16.0,-181.0,-133.0,578.0,-731.0,102.0
-13.0,-184.0,-125.0,564.0,-743.0,104.0
-12.0,-189.0,-126.0,565.0,-759.0,106.0
-15.0,-192.0,-124.0,563.0,-777.0,106.0
-16.0,-195.0,-127.0,557.0,-798.0,106.0
-19.0,-197.0,-121.0,552.0,-823.0,101.0
-25.0,-190.0,-114.0,563.0,-854.0,96.0
-20.0,-195.0,-111.0,587.0,-887.0,96.0
-23.0,-187.0,-110.0,607.0,-915.0,103.0
-30.0,-188.0,-109.0,621.0,-938.0,109.0
-27.0,-188.0,-106.0,635.0,-958.0,111.0
-29.0,-185.0,-105.0,658.0,-972.0,113.0
-27.0,-188.0,-104.0,677.0,-980.0,112.0
-31.0,-183.0,-99.0,688.0,-988.0,101.0
-26.0,-185.0,-98.0,707.0,-1001.0,97.0
-27.0,-181.0,-86.0,726.0,-1018.0,96.0
-26.0,-177.0,-87.0,771.0,-1051.0,104.0
-29.0,-175.0,-82.0,810.0,-1086.0,107.0
-30.0,-166.0,-85.0,835.0,-1115.0,110.0
-30.0,-159.0,-85.0,852.0,-1138.0,120.0
-29.0,-154.0,-86.0,862.0,-1156.0,127.0
-31.0,-142.0,-83.0,861.0,-1169.0,132.0
-30.0,-136.0,-82.0,842.0,-1179.0,130.0
-25.0,-126.0,-80.0,807.0,-1194.0,127.0
-25.0,-121.0,-75.0,760.0,-1216.0,121.0
-25.0,-119.0,-66.0,710.0,-1244.0,113.0
-25.0,-110.0,-62.0,669.0,-1279.0,109.0
-25.0,-104.0,-60.0,631.0,-1321.0,100.0
-24.0,-99.0,-61.0,598.0,-1367.0,96.0
-32.0,-97.0,-54.0,578.0,-1418.0,98.0
-32.0,-97.0,-48.0,576.0,-1463.0,102.0
-34.0,-93.0,-50.0,599.0,-1498.0,117.0
-34.0,-90.0,-54.0,624.0,-1524.0,120.0
-35.0,-83.0,-51.0,613.0,-1537.0,112.0
-33.0,-79.0,-56.0,593.0,-1539.0,112.0
-32.0,-77.0,-50.0,580.0,-1534.0,115.0
-33.0,-71.0,-50.0,573.0,-1532.0,118.0
-32.0,-66.0,-52.0,564.0,-1535.0,117.0
-27.0,-69.0,-45.0,555.0,-1539.0,115.0
-26.0,-56.0,-48.0,541.0,-1542.0,109.0
-27.0,-50.0,-51.0,519.0,-1540.0,103.0
-21.0,-47.0,-50.0,493.0,-1537.0,94.0
-20.0,-35.0,-52.0,468.0,-1539.0,84.0
-12.0,-28.0,-53.0,443.0,-1544.0,72.0
-8.0,-17.0,-53.0,424.0,-1552.0,66.0
2.0,-14.0,-54.0,408.0,-1561.0,59.0
8.0,0.0,-55.0,391.0,-1571.0,46.0
17.0,4.0,-53.0,368.0,-1579.0,31.0
21.0,-1.0,-53.0,338.0,-1578.0,8.0
21.0,3.0,-62.0,312.0,-1581.0,-38.0
22.0,11.0,-61.0,284.0,-1570.0,-90.0
21.0,25.0,-71.0,242.0,-1539.0,-122.0
14.0,23.0,-77.0,175.0,-1510.0,-133.0
8.0,24.0,-86.0,94.0,-1501.0,-160.0
8.0,29.0,-99.0,-1.0,-1494.0,-198.0
8.0,23.0,-116.0,-108.0,-1492.0,-241.0
1.0,7.0,-129.0,-250.0,-1497.0,-289.0
-16.0,-16.0,-131.0,-354.0,-1518.0,-331.0
-34.0,-36.0,-133.0,-405.0,-1553.0,-362.0
-52.0,-43.0,-133.0,-406.0,-1593.0,-374.0
-63.0,-54.0,-136.0,-383.0,-1635.0,-358.0
-72.0,-56.0,-133.0,-351.0,-1682.0,-326.0
-82.0,-56.0,-129.0,-319.0,-1732.0,-287.0
-92.0,-60.0,-121.0,-293.0,-1790.0,-235.0
-101.0,-56.0,-116.0,-273.0,-1853.0,-174.0
-108.0,-54.0,-113.0,-250.0,-1935.0,-108.0
-118.0,-51.0,-123.0,-240.0,-2032.0,-48.0
-127.0,-49.0,-124.0,-255.0,-2132.0,8.0
-130.0,-50.0,-140.0,-278.0,-2213.0,65.0
-129.0,-51.0,-162.0,-299.0,-2271.0,138.0
-117.0,-52.0,-198.0,-329.0,-2309.0,218.0
-101.0,-60.0,-223.0,-385.0,-2317.0,293.0
-96.0,-57.0,-269.0,-471.0,-2328.0,353.0
-93.0,-55.0,-301.0,-594.0,-2361.0,405.0
-81.0,-59.0,-326.0,-742.0,-2407.0,461.0
-58.0,-73.0,-337.0,-872.0,-2407.0,525.0
-38.0,-93.0,-325.0,-967.0,-2354.0,594.0
-15.0,-121.0,-307.0,-999.0,-2280.0,679.0
12.0,-154.0,-300.0,-966.0,-2187.0,812.0
5.0,-196.0,-281.0,-919.0,-2084.0,995.0
9.0,-234.0,-268.0,-901.0,-2054.0,1183.0
5.0,-275.0,-213.0,-846.0,-2005.0,1370.0
-71.0,-272.0,-156.0,-668.0,-1930.0,1510.0
-139.0,-277.0,-102.0,-453.0,-2007.0,1620.0
-209.0,-255.0,-83.0,-240.0,-2174.0,1665.0
-287.0,-219.0,-78.0,-124.0,-2345.0,1636.0
-339.0,-161.0,-83.0,-80.0,-2515.0,1569.0
-366.0,-123.0,-81.0,-110.0,-2662.0,1540.0
-346.0,-100.0,-60.0,-188.0,-2812.0,1505.0
-380.0,-59.0,-47.0,-242.0,-2979.0,1378.0
-364.0,-17.0,-30.0,-324.0,-3218.0,1357.0
-358.0,8.0,-22.0,-369.0,-3417.0,1411.0
-405.0,15.0,-26.0,-384.0,-3514.0,1522.0
-461.0,-17.0,-20.0,-463.0,-3561.0,1694.0
-483.0,-77.0,-69.0,-689.0,-3625.0,1826.0
-574.0,-151.0,-106.0,-1081.0,-3717.0,1834.0
-655.0,-252.0,-118.0,-1551.0,-3833.0,1832.0
-917.0,-516.0,-173.0,-1981.0,-3856.0,1858.0
-1281.0,-769.0,-51.0,-2520.0,-3923.0,1748.0
-1386.0,-909.0,-108.0,-2636.0,-4387.0,1752.0
-1583.0,-923.0,-193.0,-2390.0,-5006.0,1930.0
-1633.0,-1004.0,-294.0,-1956.0,-5548.0,2401.0
-1662.0,-928.0,-455.0,-1545.0,-5845.0,2831.0
-1595.0,-804.0,-559.0,-1273.0,-5880.0,3038.0
-1000.0,-686.0,-514.0,-970.0,-5745.0,2918.0
-392.0,-594.0,-350.0,-437.0,-5331.0,2493.0
-14.0,-536.0,-133.0,339.0,-4896.0,2215.0
188.0,-461.0,-18.0,1086.0,-4847.0,2095.0
247.0,-412.0,108.0,1538.0,-4757.0,2350.0
253.0,-376.0,174.0,1780.0,-4436.0,2800.0
247.0,-370.0,227.0,2017.0,-3893.0,3437.0
141.0,-347.0,224.0,2268.0,-3171.0,4137.0
-12.0,-285.0,162.0,2375.0,-2627.0,4704.0
-64.0,-240.0,162.0,2347.0,-2306.0,4979.0
-118.0,-205.0,141.0,2243.0,-2083.0,4920.0
-149.0,-183.0,86.0,2056.0,-1979.0,4613.0
-163.0,-143.0,3.0,1841.0,-1937.0,4130.0
-161.0,-120.0,-42.0,1647.0,-1852.0,3593.0
-149.0,-136.0,-54.0,1507.0,-1727.0,3080.0
-117.0,-178.0,-27.0,1410.0,-1538.0,2697.0
-113.0,-213.0,22.0,1305.0,-1391.0,2443.0
-109.0,-248.0,55.0,1241.0,-1362.0,2289.0
-103.0,-247.0,71.0,1227.0,-1381.0,2199.0
-101.0,-238.0,66.0,1216.0,-1372.0,2199.0
-92.0,-206.0,68.0,1143.0,-1287.0,2255.0
-94.0,-169.0,63.0,1029.0,-1159.0,2328.0
-98.0,-129.0,55.0,926.0,-1044.0,2415.0
-96.0,-79.0,70.0,853.0,-972.0,2505.0
-80.0,-20.0,127.0,824.0,-943.0,2588.0
-91.0,19.0,193.0,843.0,-975.0,2683.0
-95.0,42.0,233.0,948.0,-1064.0,2716.0
-141.0,85.0,232.0,1089.0,-1102.0,2659.0
-220.0,140.0,216.0,1152.0,-1093.0,2557.0
-340.0,175.0,208.0,1138.0,-1013.0,2533.0
-379.0,198.0,220.0,1055.0,-945.0,2596.0
-424.0,195.0,199.0,973.0,-937.0,2639.0
-451.0,204.0,192.0,832.0,-957.0,2529.0
-449.0,193.0,189.0,617.0,-897.0,2241.0
-516.0,203.0,182.0,457.0,-722.0,1808.0
-559.0,230.0,143.0,403.0,-518.0,1407.0
-562.0,255.0,130.0,351.0,-269.0,1059.0
-562.0,243.0,145.0,313.0,-3.0,661.0
-561.0,213.0,162.0,386.0,235.0,233.0
-499.0,187.0,189.0,534.0,409.0,-180.0
-419.0,139.0,198.0,676.0,476.0,-617.0
-290.0,133.0,181.0,735.0,433.0,-985.0
-219.0,136.0,188.0,594.0,415.0,-1237.0
-144.0,133.0,190.0,400.0,311.0,-1294.0
-113.0,140.0,180.0,237.0,181.0,-1218.0
-79.0,147.0,164.0,154.0,30.0,-1061.0
-77.0,126.0,165.0,126.0,-123.0,-905.0
-119.0,97.0,163.0,127.0,-300.0,-753.0
-126.0,67.0,155.0,137.0,-462.0,-535.0
-118.0,34.0,145.0,133.0,-553.0,-317.0
-101.0,-18.0,134.0,105.0,-593.0,-152.0
-109.0,-28.0,107.0,47.0,-646.0,-100.0
-108.0,-19.0,105.0,-51.0,-706.0,-116.0
-96.0,-10.0,107.0,-168.0,-767.0,-137.0
-86.0,13.0,112.0,-254.0,-819.0,-157.0
-66.0,36.0,121.0,-287.0,-853.0,-170.0
-60.0,64.0,129.0,-277.0,-858.0,-194.0
-57.0,92.0,136.0,-246.0,-839.0,-230.0
-52.0,118.0,146.0,-224.0,-798.0,-260.0
-55.0,128.0,157.0,-223.0,-752.0,-289.0
-64.0,129.0,159.0,-242.0,-714.0,-328.0
-69.0,126.0,166.0,-256.0,-681.0,-369.0
-75.0,115.0,165.0,-272.0,-640.0,-416.0
-85.0,100.0,166.0,-302.0,-571.0,-452.0
-106.0,74.0,174.0,-347.0,-501.0,-476.0
-145.0,47.0,193.0,-372.0,-458.0,-474.0
-175.0,10.0,205.0,-334.0,-439.0,-448.0
-192.0,-28.0,200.0,-253.0,-406.0,-428.0
-210.0,-47.0,177.0,-182.0,-330.0,-420.0
-218.0,-49.0,166.0,-156.0,-232.0,-419.0
-233.0,-33.0,146.0,-159.0,-144.0,-426.0
-243.0,-12.0,128.0,-165.0,-94.0,-432.0
-255.0,3.0,113.0,-149.0,-85.0,-423.0
-256.0,22.0,106.0,-118.0,-113.0,-407.0
-263.0,32.0,106.0,-62.0,-158.0,-375.0
-279.0,49.0,107.0,8.0,-205.0,-339.0
-292.0,57.0,103.0,81.0,-261.0,-290.0
-278.0,63.0,100.0,148.0,-313.0,-244.0
-277.0,70.0,101.0,175.0,-343.0,-226.0
-270.0,79.0,114.0,181.0,-363.0,-234.0
-261.0,84.0,126.0,193.0,-373.0,-248.0
-254.0,85.0,141.0,202.0,-356.0,-290.0
-256.0,93.0,150.0,200.0,-305.0,-290.0
-260.0,100.0,156.0,177.0,-218.0,-288.0
-252.0,111.0,156.0,148.0,-126.0,-268.0
-237.0,120.0,145.0,92.0,-26.0,-245.0
-222.0,134.0,148.0,7.0,104.0,-257.0
-217.0,133.0,149.0,-47.0,216.0,-263.0
-192.0,131.0,157.0,-49.0,334.0,-250.0
-180.0,118.0,163.0,-9.0,437.0,-224.0
-176.0,112.0,175.0,59.0,492.0,-189.0
-188.0,88.0,180.0,125.0,512.0,-171.0
-211.0,57.0,189.0,171.0,497.0,-144.0
-215.0,21.0,189.0,183.0,463.0,-132.0
-231.0,1.0,190.0,161.0,421.0,-152.0
-227.0,-11.0,187.0,135.0,358.0,-180.0
-223.0,-11.0,180.0,102.0,293.0,-205.0
-211.0,-13.0,170.0,65.0,236.0,-226.0
-206.0,-10.0,166.0,34.0,191.0,-242.0
-203.0,-7.0,148.0,20.0,155.0,-245.0
-199.0,-10.0,142.0,25.0,135.0,-236.0
-195.0,-1.0,135.0,47.0,127.0,-226.0
-191.0,1.0,124.0,70.0,130.0,-218.0
-187.0,6.0,119.0,86.0,144.0,-211.0
-183.0,10.0,117.0,96.0,165.0,-208.0
-187.0,15.0,113.0,108.0,190.0,-211.0
-185.0,14.0,115.0,125.0,223.0,-215.0
-189.0,13.0,129.0,151.0,273.0,-211.0
-192.0,9.0,135.0,172.0,337.0,-210.0
-191.0,3.0,136.0,180.0,404.0,-214.0
-202.0,-1.0,139.0,179.0,452.0,-241.0
-204.0,-2.0,139.0,162.0,466.0,-299.0
-194.0,0.0,136.0,132.0,481.0,-344.0
-205.0,-5.0,138.0,86.0,535.0,-359.0
-214.0,-10.0,129.0,46.0,578.0,-340.0
-219.0,-18.0,119.0,29.0,592.0,-328.0
-229.0,-29.0,116.0,23.0,581.0,-341.0
-234.0,-24.0,108.0,29.0,547.0,-369.0
-236.0,-30.0,106.0,30.0,511.0,-385.0
-236.0,-38.0,104.0,35.0,487.0,-386.0
-241.0,-33.0,105.0,43.0,484.0,-378.0
-244.0,-45.0,106.0,49.0,473.0,-377.0
-237.0,-47.0,106.0,76.0,473.0,-365.0
-235.0,-49.0,111.0,118.0,488.0,-336.0
-243.0,-42.0,111.0,167.0,502.0,-316.0
-241.0,-34.0,116.0,188.0,479.0,-324.0
-242.0,-32.0,117.0,191.0,481.0,-314.0
-250.0,-37.0,117.0,171.0,511.0,-300.0
-240.0,-38.0,118.0,145.0,538.0,-315.0
-240.0,-32.0,109.0,118.0,582.0,-339.0
-235.0,-27.0,107.0,76.0,636.0,-347.0
-238.0,-20.0,107.0,43.0,677.0,-351.0
-240.0,-14.0,106.0,38.0,699.0,-339.0
-239.0,-14.0,96.0,53.0,703.0,-311.0
-251.0,-18.0,84.0,64.0,699.0,-284.0
-262.0,-17.0,77.0,56.0,692.0,-261.0
-277.0,-21.0,70.0,26.0,700.0,-218.0
-297.0,-41.0,72.0,-20.0,709.0,-166.0
-309.0,-54.0,64.0,-68.0,692.0,-150.0
-290.0,-55.0,73.0,-96.0,643.0,-180.0
-264.0,-50.0,71.0,-100.0,550.0,-241.0
-249.0,-43.0,68.0,-95.0,465.0,-297.0
-237.0,-39.0,68.0,-88.0,402.0,-320.0
-256.0,-46.0,78.0,-86.0,366.0,-307.0
-245.0,-34.0,70.0,-52.0,310.0,-287.0
-249.0,-35.0,71.0,-34.0,277.0,-265.0
-231.0,-38.0,70.0,-17.0,259.0,-244.0
-226.0,-33.0,69.0,-14.0,279.0,-236.0
-237.0,-43.0,74.0,-33.0,323.0,-214.0
-238.0,-37.0,70.0,-51.0,343.0,-194.0
-238.0,-37.0,76.0,-68.0,355.0,-182.0
-229.0,-39.0,66.0,-76.0,366.0,-172.0
-231.0,-47.0,71.0,-98.0,381.0,-160.0
-238.0,-47.0,77.0,-119.0,384.0,-154.0
-236.0,-46.0,74.0,-123.0,385.0,-157.0
-237.0,-49.0,79.0,-116.0,383.0,-149.0
-238.0,-50.0,71.0,-85.0,353.0,-147.0
-233.0,-54.0,74.0,-57.0,319.0,-146.0
-231.0,-60.0,75.0,-21.0,297.0,-114.0
-229.0,-65.0,81.0,32.0,269.0,-77.0
-244.0,-68.0,72.0,107.0,231.0,-54.0
-240.0,-58.0,69.0,197.0,179.0,-53.0
-233.0,-54.0,73.0,264.0,174.0,-43.0
-240.0,-59.0,80.0,316.0,206.0,-12.0
-242.0,-51.0,76.0,369.0,219.0,9.0
-241.0,-47.0,70.0,399.0,232.0,33.0
-234.0,-36.0,70.0,398.0,250.0,47.0
-233.0,-35.0,67.0,362.0,283.0,61.0
-234.0,-36.0,72.0,306.0,322.0,91.0
-237.0,-40.0,60.0,244.0,346.0,109.0
-245.0,-45.0,61.0,187.0,354.0,113.0
-246.0,-47.0,58.0,142.0,357.0,115.0
-253.0,-46.0,57.0,106.0,353.0,120.0
-254.0,-51.0,54.0,81.0,343.0,132.0
-255.0,-53.0,53.0,69.0,336.0,142.0
-256.0,-55.0,57.0,68.0,332.0,146.0
-255.0,-56.0,50.0,73.0,312.0,156.0
-251.0,-57.0,48.0,75.0,285.0,167.0
-248.0,-56.0,54.0,77.0,259.0,178.0
-246.0,-58.0,53.0,93.0,230.0,193.0
-242.0,-61.0,60.0,133.0,212.0,211.0
-241.0,-57.0,60.0,189.0,192.0,231.0
-228.0,-55.0,59.0,251.0,180.0,247.0
-227.0,-50.0,61.0,296.0,185.0,264.0
-229.0,-44.0,63.0,334.0,199.0,288.0
-230.0,-34.0,65.0,366.0,210.0,313.0
-236.0,-31.0,72.0,390.0,218.0,329.0
-237.0,-20.0,73.0,408.0,218.0,346.0
-238.0,-16.0,71.0,408.0,209.0,350.0
-236.0,-17.0,72.0,384.0,202.0,339.0
-233.0,-13.0,69.0,353.0,199.0,319.0
-234.0,-27.0,70.0,324.0,202.0,289.0
-240.0,-26.0,77.0,313.0,200.0,251.0
-243.0,-31.0,67.0,323.0,196.0,214.0
-237.0,-32.0,65.0,345.0,190.0,186.0
-238.0,-31.0,66.0,365.0,200.0,169.0
-238.0,-26.0,65.0,380.0,223.0,169.0
-240.0,-22.0,63.0,383.0,254.0,172.0
-240.0,-23.0,67.0,377.0,288.0,174.0
-251.0,-20.0,75.0,360.0,322.0,173.0
-252.0,-17.0,76.0,342.0,346.0,178.0
-253.0,-9.0,77.0,319.0,354.0,186.0
-252.0,-9.0,78.0,287.0,341.0,188.0
-254.0,-4.0,86.0,252.0,318.0,181.0
-252.0,-1.0,75.0,213.0,290.0,169.0
-249.0,1.0,72.0,174.0,263.0,155.0
-247.0,6.0,79.0,144.0,242.0,142.0
-247.0,5.0,75.0,124.0,232.0,131.0
-243.0,2.0,76.0,119.0,228.0,122.0
-242.0,-2.0,79.0,124.0,229.0,116.0
-237.0,0.0,79.0,132.0,230.0,109.0
-243.0,0.0,75.0,137.0,232.0,102.0
-241.0,2.0,74.0,138.0,233.0,97.0
-245.0,6.0,81.0,139.0,231.0,94.0
-248.0,5.0,78.0,145.0,225.0,91.0
-248.0,7.0,80.0,152.0,219.0,88.0
-248.0,8.0,81.0,156.0,214.0,85.0
-251.0,8.0,76.0,154.0,213.0,83.0
-252.0,6.0,74.0,146.0,216.0,83.0
-254.0,10.0,77.0,132.0,224.0,80.0
-255.0,9.0,76.0,118.0,231.0,81.0
-254.0,11.0,76.0,101.0,240.0,74.0
-256.0,11.0,77.0,80.0,242.0,64.0
-259.0,12.0,78.0,61.0,237.0,57.0
-258.0,14.0,76.0,37.0,231.0,54.0
-258.0,16.0,75.0,12.0,223.0,46.0
-258.0,12.0,72.0,-12.0,215.0,41.0
-262.0,10.0,74.0,-34.0,209.0,37.0
-258.0,8.0,68.0,-49.0,199.0,30.0
-264.0,8.0,70.0,-60.0,190.0,27.0
-262.0,6.0,67.0,-65.0,186.0,26.0
-261.0,7.0,66.0,-61.0,185.0,26.0
-262.0,7.0,62.0,-45.0,189.0,27.0
-260.0,8.0,62.0,-27.0,199.0,28.0
-260.0,7.0,57.0,-5.0,208.0,28.0
-256.0,3.0,60.0,16.0,218.0,25.0
-257.0,8.0,61.0,30.0,224.0,21.0
-260.0,8.0,57.0,38.0,225.0,13.0
-257.0,6.0,57.0,35.0,221.0,7.0
-257.0,8.0,59.0,24.0,214.0,3.0
-258.0,8.0,55.0,11.0,203.0,-3.0
-254.0,6.0,58.0,-2.0,190.0,-10.0
-255.0,5.0,51.0,-11.0,179.0,-18.0
-255.0,1.0,54.0,-16.0,166.0,-20.0
-253.0,-1.0,50.0,-19.0,153.0,-18.0
-254.0,0.0,47.0,-17.0,138.0,-21.0
-255.0,-6.0,55.0,-6.0,120.0,-23.0
-249.0,-3.0,49.0,7.0,99.0,-24.0
-250.0,-1.0,46.0,24.0,78.0,-27.0
-250.0,-1.0,46.0,40.0,62.0,-30.0
-251.0,-2.0,47.0,51.0,50.0,-38.0
-252.0,-6.0,54.0,61.0,41.0,-40.0
-251.0,-9.0,50.0,72.0,35.0,-47.0
-255.0,-7.0,59.0,85.0,33.0,-55.0
-256.0,-13.0,64.0,105.0,28.0,-56.0
-251.0,-18.0,64.0,123.0,23.0,-56.0
-251.0,-15.0,65.0,136.0,23.0,-56.0
-251.0,-14.0,66.0,137.0,31.0,-57.0
-248.0,-15.0,65.0,123.0,43.0,-50.0
-251.0,-13.0,62.0,98.0,55.0,-42.0
-251.0,-14.0,65.0,75.0,67.0,-34.0
-250.0,-16.0,67.0,55.0,78.0,-27.0
-247.0,-17.0,70.0,46.0,92.0,-20.0
-245.0,-16.0,67.0,42.0,103.0,-15.0
-246.0,-16.0,66.0,38.0,111.0,-12.0
-246.0,-12.0,66.0,31.0,110.0,-13.0
-243.0,-14.0,66.0,18.0,102.0,-16.0
-244.0,-15.0,69.0,3.0,90.0,-21.0
-245.0,-10.0,69.0,-13.0,77.0,-25.0
-245.0,-11.0,67.0,-25.0,68.0,-29.0
-245.0,-15.0,70.0,-29.0,58.0,-28.0
-244.0,-15.0,69.0,-25.0,54.0,-26.0
-244.0,-17.0,69.0,-18.0,49.0,-23.0
-244.0,-20.0,68.0,-8.0,44.0,-17.0
-244.0,-14.0,64.0,-3.0,41.0,-9.0
-245.0,-11.0,65.0,-1.0,37.0,1.0
-247.0,-11.0,62.0,0.0,38.0,8.0
-249.0,-8.0,63.0,-2.0,33.0,14.0
-249.0,-9.0,66.0,-7.0,28.0,20.0
-252.0,-6.0,66.0,-12.0,20.0,20.0
-251.0,-6.0,68.0,-20.0,13.0,21.0
-255.0,-8.0,68.0,-27.0,8.0,18.0
-253.0,-7.0,71.0,-39.0,10.0,16.0
-250.0,-6.0,66.0,-52.0,15.0,16.0
-250.0,-7.0,62.0,-63.0,22.0,17.0
-250.0,-9.0,65.0,-73.0,30.0,17.0
-252.0,-9.0,64.0,-78.0,38.0,16.0
-250.0,-9.0,65.0,-75.0,43.0,16.0
-247.0,-7.0,65.0,-69.0,48.0,15.0
-248.0,-7.0,62.0,-63.0,55.0,14.0
-249.0,-3.0,64.0,-59.0,64.0,17.0
-245.0,-11.0,65.0,-60.0,71.0,17.0
-246.0,-3.0,67.0,-64.0,76.0,20.0
-244.0,-6.0,64.0,-70.0,78.0,20.0
-248.0,-3.0,65.0,-79.0,76.0,20.0
-247.0,-6.0,67.0,-84.0,70.0,19.0
-249.0,-9.0,67.0,-85.0,61.0,14.0
-246.0,-10.0,69.0,-81.0,51.0,10.0
-246.0,-12.0,67.0,-73.0,43.0,7.0
