25.0,-289.0,-207.0,-1015.0,270.0,265.0
32.0,-287.0,-213.0,-980.0,247.0,291.0
34.0,-284.0,-207.0,-956.0,238.0,314.0
35.0,-277.0,-208.0,-926.0,229.0,334.0
37.0,-275.0,-216.0,-903.0,223.0,349.0
41.0,-270.0,-218.0,-893.0,226.0,359.0
37.0,-263.0,-213.0,-893.0,242.0,369.0
39.0,-261.0,-223.0,-887.0,246.0,379.0
37.0,-260.0,-220.0,-891.0,246.0,381.0
38.0,-262.0,-227.0,-886.0,237.0,382.0
44.0,-260.0,-222.0,-884.0,232.0,381.0
51.0,-258.0,-223.0,-891.0,240.0,379.0
47.0,-249.0,-221.0,-913.0,267.0,378.0
40.0,-257.0,-201.0,-943.0,294.0,381.0
42.0,-255.0,-202.0,-954.0,294.0,381.0
39.0,-247.0,-205.0,-971.0,303.0,385.0
41.0,-245.0,-214.0,-990.0,317.0,393.0
33.0,-240.0,-205.0,-1031.0,335.0,401.0
27.0,-251.0,-218.0,-1081.0,355.0,416.0
20.0,-248.0,-214.0,-1137.0,367.0,429.0
16.0,-253.0,-216.0,-1163.0,370.0,443.0
11.0,-254.0,-217.0,-1180.0,370.0,446.0
8.0,-254.0,-222.0,-1185.0,379.0,458.0
16.0,-260.0,-226.0,-1173.0,391.0,465.0
5.0,-259.0,-225.0,-1148.0,402.0,466.0
4.0,-259.0,-225.0,-1115.0,399.0,464.0
5.0,-251.0,-236.0,-1072.0,384.0,456.0
4.0,-247.0,-231.0,-1055.0,384.0,448.0
5.0,-245.0,-226.0,-1025.0,385.0,447.0
8.0,-238.0,-231.0,-990.0,380.0,441.0
4.0,-242.0,-227.0,-972.0,382.0,432.0
6.0,-231.0,-223.0,-952.0,374.0,424.0
9.0,-225.0,-225.0,-938.0,369.0,402.0
11.0,-223.0,-217.0,-934.0,378.0,384.0
12.0,-222.0,-212.0,-935.0,380.0,366.0
10.0,-213.0,-212.0,-927.0,372.0,343.0
12.0,-204.0,-221.0,-919.0,367.0,326.0
12.0,-197.0,-222.0,-920.0,375.0,309.0
10.0,-199.0,-211.0,-927.0,371.0,292.0
11.0,-190.0,-214.0,-926.0,366.0,271.0
15.0,-190.0,-216.0,-928.0,371.0,252.0
14.0,-188.0,-215.0,-934.0,376.0,230.0
19.0,-184.0,-206.0,-950.0,384.0,207.0
22.0,-178.0,-207.0,-955.0,389.0,185.0
25.0,-179.0,-210.0,-951.0,384.0,161.0
26.0,-176.0,-209.0,-947.0,380.0,142.0
25.0,-171.0,-206.0,-938.0,380.0,123.0
28.0,-175.0,-208.0,-932.0,380.0,109.0
25.0,-173.0,-203.0,-917.0,375.0,97.0
27.0,-174.0,-207.0,-889.0,371.0,89.0
20.0,-170.0,-205.0,-860.0,365.0,80.0
25.0,-169.0,-209.0,-820.0,354.0,71.0
23.0,-169.0,-210.0,-786.0,349.0,60.0
21.0,-160.0,-209.0,-752.0,349.0,45.0
24.0,-158.0,-206.0,-718.0,353.0,29.0
18.0,-153.0,-202.0,-695.0,357.0,13.0
22.0,-145.0,-203.0,-675.0,358.0,-6.0
21.0,-143.0,-203.0,-669.0,363.0,-25.0
19.0,-135.0,-207.0,-669.0,362.0,-46.0
23.0,-133.0,-207.0,-679.0,363.0,-65.0
16.0,-132.0,-206.0,-687.0,358.0,-83.0
18.0,-131.0,-205.0,-702.0,351.0,-97.0
20.0,-130.0,-203.0,-716.0,337.0,-110.0
15.0,-132.0,-208.0,-730.0,331.0,-122.0
19.0,-133.0,-217.0,-744.0,319.0,-132.0
19.0,-131.0,-216.0,-753.0,304.0,-139.0
21.0,-133.0,-218.0,-760.0,285.0,-145.0
21.0,-134.0,-224.0,-766.0,263.0,-150.0
23.0,-137.0,-226.0,-765.0,246.0,-157.0
23.0,-140.0,-231.0,-762.0,228.0,-161.0
26.0,-141.0,-232.0,-753.0,212.0,-164.0
29.0,-138.0,-236.0,-745.0,199.0,-167.0
29.0,-143.0,-235.0,-735.0,190.0,-169.0
31.0,-141.0,-246.0,-722.0,181.0,-168.0
37.0,-141.0,-236.0,-708.0,173.0,-169.0
33.0,-142.0,-242.0,-693.0,169.0,-166.0
35.0,-141.0,-245.0,-675.0,164.0,-165.0
36.0,-141.0,-241.0,-659.0,161.0,-164.0
35.0,-137.0,-242.0,-641.0,159.0,-163.0
36.0,-139.0,-244.0,-622.0,154.0,-161.0
34.0,-139.0,-239.0,-603.0,149.0,-159.0
38.0,-137.0,-242.0,-585.0,144.0,-160.0
35.0,-140.0,-243.0,-567.0,136.0,-157.0
35.0,-138.0,-245.0,-550.0,124.0,-157.0
35.0,-136.0,-247.0,-534.0,112.0,-160.0
34.0,-135.0,-248.0,-522.0,100.0,-162.0
34.0,-135.0,-245.0,-512.0,89.0,-163.0
33.0,-133.0,-246.0,-507.0,77.0,-168.0
34.0,-131.0,-248.0,-503.0,65.0,-171.0
33.0,-132.0,-247.0,-500.0,52.0,-174.0
32.0,-133.0,-250.0,-497.0,41.0,-178.0
35.0,-133.0,-252.0,-493.0,28.0,-184.0
38.0,-132.0,-251.0,-491.0,13.0,-192.0
40.0,-130.0,-253.0,-486.0,0.0,-197.0
36.0,-132.0,-252.0,-479.0,-11.0,-202.0
38.0,-137.0,-252.0,-469.0,-23.0,-211.0
42.0,-134.0,-246.0,-460.0,-31.0,-215.0
39.0,-136.0,-251.0,-449.0,-38.0,-222.0
39.0,-133.0,-253.0,-437.0,-48.0,-229.0
35.0,-136.0,-257.0,-425.0,-55.0,-240.0
40.0,-138.0,-255.0,-413.0,-65.0,-249.0
36.0,-134.0,-256.0,-403.0,-69.0,-263.0
38.0,-136.0,-255.0,-392.0,-72.0,-275.0
38.0,-137.0,-257.0,-382.0,-74.0,-288.0
38.0,-136.0,-257.0,-373.0,-75.0,-301.0
39.0,-132.0,-255.0,-361.0,-74.0,-316.0
40.0,-139.0,-256.0,-350.0,-74.0,-329.0
40.0,-128.0,-256.0,-337.0,-73.0,-345.0
39.0,-134.0,-257.0,-323.0,-74.0,-361.0
39.0,-132.0,-254.0,-314.0,-73.0,-376.0
38.0,-130.0,-256.0,-302.0,-75.0,-393.0
38.0,-132.0,-255.0,-288.0,-75.0,-407.0
41.0,-129.0,-255.0,-276.0,-75.0,-423.0
38.0,-129.0,-251.0,-263.0,-76.0,-437.0
36.0,-129.0,-251.0,-249.0,-78.0,-450.0
34.0,-126.0,-250.0,-233.0,-79.0,-462.0
38.0,-126.0,-245.0,-217.0,-83.0,-474.0
35.0,-124.0,-250.0,-206.0,-87.0,-488.0
35.0,-120.0,-245.0,-193.0,-90.0,-500.0
32.0,-123.0,-244.0,-185.0,-92.0,-510.0
33.0,-121.0,-246.0,-178.0,-94.0,-521.0
28.0,-118.0,-242.0,-171.0,-100.0,-531.0
29.0,-115.0,-244.0,-166.0,-102.0,-543.0
31.0,-120.0,-242.0,-163.0,-106.0,-553.0
31.0,-121.0,-241.0,-159.0,-107.0,-563.0
29.0,-120.0,-241.0,-157.0,-108.0,-573.0
27.0,-120.0,-237.0,-153.0,-109.0,-582.0
25.0,-116.0,-235.0,-147.0,-111.0,-590.0
26.0,-117.0,-238.0,-141.0,-115.0,-597.0
25.0,-108.0,-224.0,-135.0,-119.0,-604.0
25.0,-114.0,-238.0,-129.0,-124.0,-611.0
25.0,-112.0,-232.0,-122.0,-128.0,-615.0
24.0,-112.0,-231.0,-117.0,-133.0,-619.0
24.0,-114.0,-233.0,-110.0,-138.0,-624.0
25.0,-111.0,-231.0,-107.0,-142.0,-629.0
24.0,-108.0,-229.0,-105.0,-145.0,-633.0
25.0,-105.0,-233.0,-100.0,-151.0,-636.0
19.0,-102.0,-230.0,-95.0,-155.0,-642.0
20.0,-99.0,-227.0,-93.0,-162.0,-642.0
18.0,-101.0,-227.0,-90.0,-168.0,-647.0
26.0,-93.0,-230.0,-90.0,-177.0,-651.0
20.0,-99.0,-227.0,-89.0,-185.0,-655.0
21.0,-101.0,-233.0,-88.0,-192.0,-661.0
18.0,-99.0,-230.0,-88.0,-198.0,-665.0
16.0,-98.0,-224.0,-88.0,-207.0,-669.0
17.0,-94.0,-226.0,-90.0,-216.0,-671.0
17.0,-92.0,-226.0,-92.0,-224.0,-672.0
22.0,-92.0,-226.0,-95.0,-231.0,-670.0
21.0,-90.0,-223.0,-100.0,-238.0,-668.0
23.0,-87.0,-216.0,-107.0,-243.0,-661.0
19.0,-88.0,-217.0,-116.0,-248.0,-654.0
25.0,-87.0,-218.0,-124.0,-251.0,-646.0
28.0,-86.0,-215.0,-129.0,-254.0,-638.0
30.0,-86.0,-219.0,-134.0,-255.0,-629.0
29.0,-85.0,-219.0,-137.0,-254.0,-624.0
30.0,-87.0,-218.0,-137.0,-254.0,-623.0
31.0,-89.0,-225.0,-134.0,-252.0,-623.0
32.0,-89.0,-228.0,-129.0,-247.0,-626.0
32.0,-88.0,-220.0,-128.0,-239.0,-632.0
26.0,-89.0,-224.0,-127.0,-227.0,-639.0
23.0,-90.0,-225.0,-127.0,-215.0,-644.0
23.0,-92.0,-226.0,-125.0,-204.0,-650.0
26.0,-93.0,-226.0,-120.0,-192.0,-659.0
21.0,-92.0,-222.0,-113.0,-182.0,-667.0
19.0,-92.0,-224.0,-106.0,-175.0,-670.0
17.0,-91.0,-219.0,-99.0,-176.0,-672.0
15.0,-92.0,-218.0,-85.0,-177.0,-670.0
15.0,-88.0,-215.0,-76.0,-179.0,-670.0
14.0,-89.0,-217.0,-66.0,-187.0,-670.0
16.0,-87.0,-212.0,-60.0,-197.0,-670.0
20.0,-86.0,-215.0,-57.0,-207.0,-666.0
11.0,-85.0,-213.0,-57.0,-218.0,-658.0
12.0,-84.0,-209.0,-62.0,-231.0,-651.0
9.0,-81.0,-211.0,-67.0,-247.0,-652.0
9.0,-79.0,-212.0,-78.0,-270.0,-646.0
9.0,-76.0,-213.0,-83.0,-292.0,-635.0
4.0,-76.0,-214.0,-85.0,-305.0,-633.0
2.0,-74.0,-215.0,-86.0,-328.0,-636.0
3.0,-71.0,-215.0,-98.0,-357.0,-629.0
6.0,-68.0,-214.0,-120.0,-378.0,-615.0
0.0,-69.0,-215.0,-141.0,-390.0,-622.0
4.0,-73.0,-214.0,-174.0,-411.0,-619.0
3.0,-71.0,-214.0,-223.0,-419.0,-605.0
2.0,-74.0,-214.0,-265.0,-416.0,-603.0
6.0,-78.0,-213.0,-302.0,-419.0,-591.0
7.0,-75.0,-214.0,-321.0,-416.0,-583.0
13.0,-79.0,-213.0,-346.0,-410.0,-574.0
14.0,-78.0,-217.0,-384.0,-417.0,-559.0
26.0,-82.0,-222.0,-409.0,-410.0,-551.0
26.0,-80.0,-211.0,-442.0,-398.0,-531.0
27.0,-82.0,-217.0,-461.0,-382.0,-529.0
31.0,-84.0,-216.0,-490.0,-378.0,-517.0
42.0,-83.0,-218.0,-517.0,-360.0,-500.0
36.0,-80.0,-215.0,-546.0,-338.0,-493.0
41.0,-86.0,-214.0,-589.0,-325.0,-474.0
39.0,-86.0,-215.0,-613.0,-301.0,-467.0
36.0,-92.0,-209.0,-614.0,-270.0,-460.0
36.0,-99.0,-203.0,-613.0,-249.0,-454.0
29.0,-89.0,-203.0,-613.0,-225.0,-475.0
23.0,-92.0,-205.0,-591.0,-182.0,-470.0
21.0,-94.0,-204.0,-574.0,-142.0,-470.0
19.0,-93.0,-213.0,-569.0,-122.0,-475.0
9.0,-95.0,-213.0,-567.0,-109.0,-473.0
10.0,-94.0,-225.0,-564.0,-108.0,-470.0
3.0,-94.0,-232.0,-564.0,-108.0,-466.0
6.0,-95.0,-236.0,-552.0,-110.0,-477.0
4.0,-97.0,-241.0,-533.0,-106.0,-489.0
24.0,-129.0,-262.0,-519.0,-98.0,-461.0
8.0,-99.0,-250.0,-553.0,-116.0,-445.0
8.0,-96.0,-256.0,-535.0,-88.0,-439.0
8.0,-101.0,-248.0,-539.0,-57.0,-415.0
13.0,-99.0,-253.0,-539.0,-30.0,-401.0
11.0,-102.0,-250.0,-541.0,25.0,-405.0
9.0,-85.0,-252.0,-550.0,67.0,-436.0
14.0,-101.0,-251.0,-540.0,114.0,-450.0
14.0,-107.0,-248.0,-540.0,166.0,-480.0
20.0,-117.0,-245.0,-556.0,194.0,-503.0
24.0,-111.0,-243.0,-577.0,242.0,-524.0
16.0,-100.0,-248.0,-585.0,282.0,-535.0
12.0,-114.0,-236.0,-581.0,351.0,-574.0
16.0,-112.0,-237.0,-585.0,419.0,-625.0
15.0,-107.0,-241.0,-598.0,487.0,-677.0
10.0,-112.0,-238.0,-595.0,562.0,-714.0
4.0,-109.0,-227.0,-621.0,635.0,-740.0
2.0,-107.0,-227.0,-661.0,696.0,-768.0
-3.0,-111.0,-221.0,-708.0,749.0,-795.0
-25.0,-105.0,-216.0,-739.0,810.0,-838.0
-17.0,-106.0,-232.0,-732.0,869.0,-903.0
-29.0,-104.0,-216.0,-747.0,927.0,-959.0
-29.0,-116.0,-220.0,-738.0,971.0,-1025.0
-32.0,-110.0,-224.0,-730.0,998.0,-1095.0
-31.0,-103.0,-231.0,-724.0,1018.0,-1142.0
-33.0,-104.0,-226.0,-728.0,1052.0,-1181.0
-41.0,-98.0,-225.0,-737.0,1057.0,-1223.0
-41.0,-101.0,-237.0,-751.0,1050.0,-1276.0
-30.0,-81.0,-239.0,-744.0,1054.0,-1351.0
-23.0,-87.0,-234.0,-755.0,1061.0,-1371.0
-2.0,-92.0,-234.0,-785.0,1069.0,-1378.0
-7.0,-92.0,-231.0,-803.0,1077.0,-1389.0
0.0,-75.0,-233.0,-820.0,1071.0,-1414.0
6.0,-72.0,-235.0,-839.0,1070.0,-1396.0
11.0,-64.0,-224.0,-858.0,1063.0,-1376.0
19.0,-69.0,-220.0,-867.0,1075.0,-1399.0
11.0,-42.0,-211.0,-831.0,1078.0,-1419.0
36.0,-50.0,-204.0,-789.0,1073.0,-1377.0
53.0,-54.0,-197.0,-754.0,1085.0,-1325.0
60.0,-65.0,-201.0,-710.0,1109.0,-1256.0
72.0,-71.0,-195.0,-637.0,1166.0,-1169.0
85.0,-75.0,-200.0,-535.0,1235.0,-1081.0
93.0,-81.0,-199.0,-402.0,1342.0,-1022.0
96.0,-111.0,-202.0,-232.0,1474.0,-938.0
82.0,-140.0,-217.0,6.0,1573.0,-854.0
107.0,-175.0,-233.0,364.0,1619.0,-738.0
91.0,-186.0,-244.0,810.0,1679.0,-697.0
94.0,-180.0,-247.0,1303.0,1761.0,-702.0
59.0,-178.0,-230.0,1857.0,1811.0,-615.0
65.0,-139.0,-233.0,2451.0,1807.0,-480.0
107.0,-105.0,-226.0,2934.0,1802.0,-451.0
80.0,-40.0,-245.0,3213.0,1786.0,-493.0
116.0,-12.0,-241.0,3276.0,1818.0,-585.0
96.0,16.0,-225.0,3118.0,1935.0,-734.0
93.0,20.0,-243.0,2843.0,2083.0,-845.0
95.0,12.0,-253.0,2467.0,2198.0,-891.0
116.0,-3.0,-275.0,2042.0,2242.0,-933.0
129.0,-22.0,-291.0,1622.0,2232.0,-1033.0
136.0,-46.0,-284.0,1265.0,2195.0,-1155.0
131.0,-74.0,-275.0,1082.0,2215.0,-1242.0
134.0,-103.0,-257.0,1089.0,2276.0,-1258.0
144.0,-124.0,-247.0,1222.0,2319.0,-1232.0
155.0,-132.0,-239.0,1400.0,2343.0,-1197.0
162.0,-132.0,-249.0,1586.0,2370.0,-1151.0
182.0,-122.0,-244.0,1750.0,2435.0,-1109.0
192.0,-110.0,-245.0,1886.0,2548.0,-1068.0
194.0,-96.0,-251.0,1986.0,2690.0,-1011.0
200.0,-79.0,-251.0,2046.0,2832.0,-944.0
203.0,-65.0,-241.0,2082.0,2956.0,-867.0
196.0,-49.0,-233.0,2114.0,3060.0,-794.0
208.0,-38.0,-218.0,2148.0,3139.0,-726.0
213.0,-16.0,-215.0,2199.0,3198.0,-679.0
226.0,0.0,-216.0,2248.0,3270.0,-623.0
246.0,3.0,-219.0,2270.0,3360.0,-566.0
255.0,30.0,-244.0,2251.0,3462.0,-530.0
283.0,35.0,-249.0,2186.0,3577.0,-506.0
308.0,42.0,-259.0,2115.0,3684.0,-527.0
326.0,49.0,-272.0,2056.0,3786.0,-570.0
328.0,50.0,-291.0,1991.0,3873.0,-644.0
314.0,52.0,-316.0,1901.0,3958.0,-703.0
367.0,15.0,-304.0,1757.0,3995.0,-774.0
378.0,-6.0,-290.0,1631.0,3982.0,-929.0
402.0,-20.0,-283.0,1562.0,3957.0,-1061.0
433.0,-40.0,-292.0,1521.0,3854.0,-1215.0
493.0,-64.0,-271.0,1406.0,3672.0,-1403.0
602.0,-98.0,-247.0,1154.0,3504.0,-1558.0
715.0,-116.0,-206.0,792.0,3456.0,-1629.0
843.0,-133.0,-202.0,465.0,3515.0,-1589.0
1009.0,-151.0,-191.0,201.0,3512.0,-1519.0
1196.0,-150.0,-197.0,24.0,3430.0,-1534.0
1386.0,-123.0,-229.0,-11.0,3319.0,-1701.0
1560.0,-99.0,-251.0,140.0,3149.0,-2107.0
1653.0,-143.0,-219.0,631.0,2888.0,-2730.0
1464.0,-187.0,-208.0,1385.0,2546.0,-3444.0
770.0,-170.0,-215.0,1702.0,2744.0,-3538.0
445.0,-212.0,-103.0,1781.0,3774.0,-3235.0
172.0,-215.0,10.0,1900.0,4157.0,-3206.0
-59.0,-186.0,97.0,1955.0,3635.0,-3335.0
-201.0,-138.0,145.0,2000.0,2889.0,-3410.0
-299.0,-80.0,159.0,1988.0,2419.0,-3303.0
-283.0,-35.0,124.0,1840.0,2223.0,-2993.0
-197.0,6.0,85.0,1511.0,1996.0,-2596.0
-46.0,13.0,37.0,1062.0,1691.0,-2290.0
57.0,16.0,1.0,624.0,1410.0,-2226.0
108.0,17.0,-6.0,315.0,1254.0,-2285.0
149.0,16.0,-4.0,207.0,1268.0,-2271.0
173.0,27.0,1.0,281.0,1370.0,-2268.0
174.0,41.0,10.0,411.0,1461.0,-2277.0
184.0,62.0,24.0,504.0,1497.0,-2293.0
185.0,87.0,45.0,562.0,1439.0,-2317.0
196.0,109.0,55.0,599.0,1307.0,-2324.0
209.0,121.0,61.0,626.0,1158.0,-2318.0
233.0,127.0,41.0,636.0,1043.0,-2277.0
239.0,126.0,16.0,598.0,1010.0,-2210.0
222.0,109.0,3.0,513.0,1103.0,-2128.0
204.0,80.0,1.0,417.0,1262.0,-2038.0
195.0,57.0,-10.0,356.0,1374.0,-1967.0
187.0,37.0,2.0,327.0,1398.0,-1927.0
198.0,23.0,6.0,334.0,1349.0,-1877.0
209.0,10.0,9.0,389.0,1284.0,-1819.0
214.0,6.0,13.0,466.0,1268.0,-1772.0
229.0,12.0,24.0,552.0,1264.0,-1737.0
219.0,15.0,24.0,626.0,1270.0,-1713.0
217.0,24.0,36.0,684.0,1310.0,-1700.0
234.0,38.0,37.0,733.0,1295.0,-1712.0
251.0,58.0,42.0,774.0,1250.0,-1746.0
262.0,70.0,45.0,813.0,1243.0,-1742.0
274.0,93.0,45.0,849.0,1266.0,-1729.0
288.0,121.0,49.0,863.0,1298.0,-1737.0
303.0,142.0,60.0,867.0,1321.0,-1734.0
306.0,168.0,66.0,852.0,1325.0,-1711.0
319.0,192.0,62.0,809.0,1301.0,-1655.0
337.0,211.0,70.0,743.0,1241.0,-1573.0
355.0,230.0,74.0,671.0,1156.0,-1468.0
370.0,246.0,68.0,608.0,1066.0,-1336.0
384.0,248.0,64.0,538.0,982.0,-1174.0
392.0,246.0,64.0,472.0,894.0,-1010.0
398.0,235.0,64.0,430.0,792.0,-838.0
387.0,217.0,54.0,412.0,682.0,-655.0
365.0,201.0,59.0,415.0,584.0,-479.0
344.0,177.0,64.0,433.0,487.0,-274.0
326.0,144.0,72.0,481.0,366.0,-61.0
308.0,123.0,73.0,566.0,219.0,111.0
281.0,96.0,80.0,683.0,73.0,237.0
249.0,84.0,79.0,814.0,-70.0,339.0
227.0,83.0,80.0,936.0,-216.0,435.0
193.0,89.0,76.0,1018.0,-360.0,529.0
187.0,91.0,77.0,1027.0,-516.0,642.0
190.0,91.0,73.0,989.0,-645.0,766.0
187.0,100.0,63.0,918.0,-712.0,858.0
186.0,104.0,62.0,824.0,-716.0,910.0
185.0,107.0,49.0,725.0,-698.0,932.0
185.0,107.0,49.0,622.0,-640.0,931.0
172.0,97.0,55.0,552.0,-547.0,920.0
169.0,91.0,48.0,530.0,-463.0,900.0
175.0,89.0,51.0,531.0,-385.0,879.0
160.0,88.0,52.0,546.0,-329.0,868.0
165.0,84.0,61.0,575.0,-306.0,869.0
176.0,86.0,62.0,603.0,-293.0,861.0
177.0,88.0,75.0,624.0,-268.0,849.0
175.0,84.0,67.0,636.0,-250.0,835.0
178.0,87.0,73.0,637.0,-237.0,814.0
189.0,78.0,70.0,627.0,-224.0,782.0
197.0,83.0,81.0,615.0,-208.0,735.0
197.0,77.0,81.0,597.0,-200.0,695.0
211.0,82.0,77.0,583.0,-187.0,646.0
220.0,81.0,82.0,565.0,-187.0,594.0
241.0,92.0,72.0,541.0,-194.0,538.0
253.0,87.0,89.0,497.0,-164.0,481.0
252.0,70.0,91.0,451.0,-133.0,435.0
259.0,70.0,88.0,420.0,-132.0,390.0
263.0,68.0,77.0,383.0,-154.0,357.0
258.0,69.0,79.0,366.0,-180.0,324.0
260.0,82.0,50.0,350.0,-245.0,327.0
255.0,86.0,22.0,306.0,-277.0,295.0
242.0,81.0,22.0,245.0,-249.0,218.0
227.0,61.0,31.0,205.0,-221.0,140.0
227.0,52.0,34.0,216.0,-210.0,73.0
233.0,45.0,49.0,265.0,-222.0,11.0
239.0,43.0,53.0,360.0,-247.0,-40.0
241.0,51.0,54.0,484.0,-273.0,-77.0
250.0,62.0,44.0,613.0,-292.0,-110.0
248.0,76.0,41.0,712.0,-318.0,-151.0
243.0,91.0,38.0,757.0,-351.0,-207.0
244.0,99.0,32.0,747.0,-399.0,-271.0
248.0,104.0,24.0,697.0,-457.0,-347.0
252.0,108.0,18.0,625.0,-502.0,-415.0
270.0,107.0,11.0,532.0,-546.0,-459.0
278.0,104.0,2.0,446.0,-558.0,-495.0
278.0,105.0,1.0,386.0,-560.0,-517.0
286.0,104.0,-1.0,343.0,-584.0,-533.0
293.0,113.0,-4.0,320.0,-623.0,-538.0
301.0,119.0,0.0,318.0,-644.0,-526.0
296.0,128.0,-8.0,339.0,-652.0,-495.0
305.0,136.0,-19.0,366.0,-661.0,-450.0
304.0,141.0,-18.0,387.0,-673.0,-405.0
313.0,145.0,-25.0,393.0,-677.0,-359.0
313.0,149.0,-32.0,376.0,-657.0,-314.0
311.0,140.0,-35.0,337.0,-637.0,-256.0
314.0,129.0,-40.0,299.0,-607.0,-220.0
311.0,125.0,-48.0,262.0,-577.0,-190.0
312.0,120.0,-49.0,227.0,-542.0,-161.0
309.0,114.0,-56.0,205.0,-493.0,-133.0
303.0,114.0,-60.0,183.0,-442.0,-114.0
292.0,113.0,-60.0,177.0,-407.0,-85.0
282.0,112.0,-61.0,173.0,-391.0,-45.0
283.0,110.0,-63.0,174.0,-377.0,-13.0
278.0,107.0,-58.0,173.0,-350.0,28.0
275.0,103.0,-61.0,189.0,-326.0,48.0
276.0,99.0,-56.0,208.0,-307.0,59.0
275.0,96.0,-50.0,228.0,-288.0,83.0
276.0,97.0,-53.0,250.0,-262.0,105.0
273.0,96.0,-52.0,263.0,-226.0,118.0
268.0,94.0,-46.0,267.0,-189.0,126.0
269.0,90.0,-46.0,263.0,-165.0,133.0
271.0,98.0,-45.0,253.0,-146.0,141.0
267.0,95.0,-42.0,239.0,-131.0,153.0
266.0,96.0,-43.0,221.0,-117.0,166.0
265.0,92.0,-44.0,200.0,-97.0,179.0
262.0,89.0,-44.0,176.0,-75.0,190.0
267.0,89.0,-41.0,151.0,-51.0,197.0
269.0,82.0,-39.0,128.0,-29.0,205.0
267.0,83.0,-34.0,111.0,-2.0,205.0
266.0,81.0,-39.0,92.0,26.0,206.0
270.0,81.0,-31.0,71.0,48.0,208.0
274.0,84.0,-31.0,54.0,72.0,210.0
272.0,81.0,-32.0,35.0,96.0,214.0
270.0,77.0,-31.0,19.0,114.0,217.0
275.0,77.0,-27.0,9.0,112.0,223.0
276.0,77.0,-30.0,-9.0,116.0,226.0
276.0,77.0,-31.0,-24.0,130.0,231.0
281.0,79.0,-35.0,-33.0,138.0,238.0
287.0,75.0,-38.0,-49.0,153.0,244.0
287.0,76.0,-37.0,-64.0,179.0,250.0
284.0,73.0,-40.0,-73.0,196.0,255.0
288.0,67.0,-40.0,-77.0,197.0,261.0
289.0,74.0,-36.0,-76.0,194.0,262.0
297.0,69.0,-40.0,-76.0,195.0,262.0
295.0,69.0,-41.0,-78.0,201.0,263.0
295.0,71.0,-37.0,-84.0,210.0,268.0
297.0,69.0,-38.0,-92.0,218.0,270.0
298.0,72.0,-39.0,-107.0,224.0,272.0
303.0,70.0,-38.0,-123.0,230.0,271.0
294.0,68.0,-38.0,-143.0,240.0,269.0
298.0,66.0,-37.0,-164.0,252.0,270.0
295.0,62.0,-37.0,-181.0,264.0,266.0
290.0,61.0,-33.0,-194.0,276.0,263.0
291.0,57.0,-36.0,-199.0,287.0,259.0
287.0,48.0,-31.0,-197.0,300.0,253.0
281.0,45.0,-25.0,-187.0,314.0,249.0
283.0,45.0,-32.0,-171.0,312.0,246.0
285.0,44.0,-23.0,-158.0,325.0,238.0
272.0,41.0,-20.0,-141.0,356.0,233.0
271.0,43.0,-18.0,-117.0,366.0,235.0
268.0,41.0,-10.0,-101.0,359.0,228.0
260.0,44.0,-9.0,-88.0,352.0,219.0
268.0,40.0,-12.0,-76.0,340.0,214.0
269.0,40.0,-7.0,-72.0,343.0,202.0
256.0,42.0,0.0,-64.0,348.0,197.0
257.0,37.0,0.0,-57.0,338.0,192.0
266.0,37.0,-2.0,-51.0,323.0,180.0
258.0,36.0,4.0,-48.0,333.0,166.0
257.0,36.0,2.0,-43.0,332.0,159.0
255.0,34.0,6.0,-36.0,322.0,152.0
256.0,35.0,5.0,-25.0,303.0,146.0
261.0,35.0,3.0,-25.0,289.0,133.0
256.0,36.0,3.0,-23.0,285.0,120.0
256.0,37.0,8.0,-24.0,280.0,114.0
258.0,38.0,6.0,-20.0,256.0,108.0
261.0,38.0,3.0,-17.0,227.0,99.0
259.0,38.0,9.0,-18.0,210.0,91.0
260.0,35.0,7.0,-18.0,192.0,80.0
263.0,38.0,7.0,-18.0,172.0,74.0
264.0,41.0,2.0,-14.0,156.0,68.0
266.0,43.0,4.0,-15.0,148.0,62.0
267.0,43.0,3.0,-17.0,146.0,55.0
269.0,44.0,4.0,-15.0,141.0,46.0
270.0,40.0,2.0,-9.0,133.0,38.0
271.0,45.0,1.0,0.0,120.0,30.0
270.0,44.0,-4.0,6.0,113.0,23.0
270.0,43.0,3.0,15.0,106.0,17.0
274.0,45.0,-1.0,22.0,97.0,9.0
281.0,46.0,-2.0,29.0,96.0,1.0
266.0,46.0,1.0,35.0,113.0,-9.0
267.0,46.0,1.0,43.0,103.0,-13.0
274.0,48.0,-1.0,49.0,81.0,-17.0
272.0,47.0,1.0,50.0,73.0,-25.0
272.0,49.0,7.0,54.0,64.0,-29.0
271.0,49.0,2.0,53.0,60.0,-34.0
266.0,54.0,6.0,53.0,57.0,-40.0
268.0,44.0,7.0,55.0,40.0,-43.0
272.0,48.0,1.0,56.0,15.0,-43.0
271.0,51.0,1.0,57.0,-5.0,-44.0
273.0,53.0,2.0,57.0,-17.0,-46.0
272.0,52.0,0.0,56.0,-26.0,-47.0
270.0,52.0,0.0,57.0,-33.0,-50.0
270.0,53.0,0.0,56.0,-43.0,-54.0
272.0,51.0,-3.0,58.0,-50.0,-54.0
274.0,52.0,-2.0,58.0,-59.0,-56.0
272.0,51.0,-1.0,58.0,-58.0,-60.0
273.0,52.0,-1.0,60.0,-57.0,-61.0
268.0,51.0,0.0,57.0,-65.0,-61.0
272.0,51.0,1.0,54.0,-72.0,-61.0
272.0,53.0,-4.0,54.0,-78.0,-65.0
273.0,55.0,-1.0,54.0,-84.0,-66.0
271.0,57.0,-6.0,51.0,-90.0,-67.0
275.0,54.0,-7.0,43.0,-92.0,-67.0
274.0,57.0,-4.0,36.0,-95.0,-69.0
273.0,55.0,-5.0,31.0,-99.0,-71.0
270.0,56.0,-8.0,27.0,-103.0,-71.0
274.0,55.0,-6.0,24.0,-105.0,-72.0
272.0,54.0,-5.0,20.0,-108.0,-73.0
273.0,53.0,-21.0,14.0,-108.0,-77.0
274.0,56.0,-11.0,12.0,-110.0,-79.0
274.0,58.0,-11.0,11.0,-111.0,-82.0
274.0,59.0,-13.0,6.0,-111.0,-85.0
274.0,57.0,-14.0,3.0,-111.0,-85.0
273.0,60.0,-14.0,-1.0,-111.0,-87.0
270.0,61.0,-7.0,-4.0,-110.0,-87.0
272.0,59.0,-16.0,-6.0,-107.0,-86.0
275.0,63.0,-8.0,-8.0,-105.0,-84.0
275.0,58.0,-14.0,-13.0,-101.0,-85.0
273.0,59.0,-18.0,-18.0,-96.0,-84.0
276.0,60.0,-26.0,-21.0,-94.0,-84.0
278.0,62.0,-14.0,-22.0,-92.0,-82.0
279.0,60.0,-16.0,-24.0,-90.0,-80.0
276.0,63.0,-17.0,-27.0,-89.0,-77.0
276.0,61.0,-16.0,-28.0,-86.0,-76.0
279.0,62.0,-15.0,-31.0,-82.0,-73.0
277.0,64.0,-19.0,-34.0,-78.0,-70.0
279.0,63.0,-16.0,-34.0,-73.0,-65.0
278.0,62.0,-22.0,-34.0,-68.0,-61.0
279.0,64.0,-19.0,-33.0,-61.0,-57.0
278.0,62.0,-21.0,-33.0,-52.0,-54.0
280.0,62.0,-26.0,-33.0,-44.0,-50.0
279.0,63.0,-18.0,-33.0,-33.0,-46.0
280.0,64.0,-20.0,-30.0,-25.0,-42.0
280.0,63.0,-18.0,-30.0,-19.0,-38.0
280.0,61.0,-17.0,-26.0,-13.0,-34.0
281.0,63.0,-20.0,-24.0,-7.0,-29.0
280.0,64.0,-18.0,-20.0,-1.0,-24.0
280.0,63.0,-19.0,-17.0,3.0,-20.0
280.0,64.0,-17.0,-15.0,7.0,-13.0
277.0,65.0,-19.0,-12.0,12.0,-9.0
274.0,63.0,-18.0,-10.0,16.0,-5.0
279.0,63.0,-19.0,-8.0,18.0,0.0
277.0,63.0,-17.0,-8.0,20.0,4.0
276.0,61.0,-14.0,-7.0,24.0,8.0
274.0,61.0,-18.0,-7.0,27.0,9.0
278.0,58.0,-20.0,-9.0,31.0,12.0
276.0,60.0,-16.0,-9.0,32.0,17.0
274.0,61.0,-19.0,-9.0,39.0,18.0
277.0,60.0,-17.0,-8.0,43.0,20.0
278.0,59.0,-16.0,-8.0,46.0,22.0
279.0,54.0,-14.0,-8.0,54.0,25.0
272.0,57.0,-17.0,-6.0,60.0,27.0
277.0,60.0,-10.0,-8.0,57.0,27.0
275.0,57.0,-15.0,-11.0,56.0,27.0
273.0,62.0,-14.0,-15.0,58.0,28.0
274.0,59.0,-13.0,-18.0,63.0,30.0
277.0,59.0,-12.0,-19.0,66.0,29.0
275.0,56.0,-17.0,-19.0,69.0,28.0
273.0,53.0,-11.0,-20.0,76.0,28.0
273.0,57.0,-11.0,-19.0,79.0,27.0
276.0,56.0,-11.0,-23.0,79.0,26.0
274.0,57.0,-8.0,-25.0,77.0,24.0
277.0,64.0,-7.0,-24.0,70.0,25.0
276.0,59.0,-10.0,-24.0,62.0,25.0
273.0,58.0,-8.0,-27.0,57.0,27.0
275.0,56.0,-11.0,-30.0,57.0,24.0
275.0,52.0,-9.0,-30.0,54.0,26.0
275.0,52.0,-12.0,-30.0,54.0,24.0
274.0,58.0,-9.0,-32.0,58.0,24.0
277.0,51.0,-4.0,-33.0,64.0,23.0
266.0,57.0,-8.0,-33.0,64.0,21.0
273.0,55.0,-10.0,-31.0,57.0,22.0
274.0,54.0,-11.0,-29.0,50.0,19.0
274.0,53.0,0.0,-27.0,46.0,17.0
270.0,56.0,-11.0,-24.0,42.0,16.0
273.0,55.0,-7.0,-25.0,39.0,15.0
272.0,50.0,-7.0,-26.0,38.0,12.0
273.0,55.0,-11.0,-24.0,38.0,10.0
271.0,55.0,-7.0,-25.0,36.0,7.0
271.0,58.0,-10.0,-25.0,32.0,4.0
275.0,54.0,-10.0,-25.0,29.0,2.0
273.0,58.0,-10.0,-25.0,27.0,-1.0
275.0,54.0,-8.0,-27.0,26.0,-3.0
271.0,54.0,-4.0,-29.0,25.0,-5.0
274.0,54.0,-2.0,-30.0,20.0,-8.0
274.0,53.0,-8.0,-30.0,18.0,-11.0
273.0,57.0,-13.0,-30.0,15.0,-14.0
270.0,53.0,-7.0,-29.0,10.0,-16.0
275.0,55.0,-7.0,-30.0,6.0,-16.0
275.0,54.0,-3.0,-29.0,6.0,-18.0
