13.0,-70.0,-248.0,62.0,208.0,129.0
9.0,-70.0,-247.0,63.0,207.0,131.0
12.0,-70.0,-247.0,64.0,204.0,138.0
10.0,-69.0,-248.0,65.0,203.0,140.0
13.0,-69.0,-250.0,68.0,201.0,140.0
13.0,-69.0,-249.0,68.0,197.0,138.0
13.0,-68.0,-252.0,69.0,194.0,135.0
12.0,-69.0,-250.0,66.0,193.0,129.0
13.0,-68.0,-248.0,63.0,189.0,127.0
8.0,-66.0,-250.0,59.0,184.0,122.0
11.0,-69.0,-249.0,56.0,178.0,121.0
8.0,-68.0,-250.0,56.0,172.0,118.0
10.0,-70.0,-248.0,62.0,166.0,120.0
11.0,-69.0,-251.0,69.0,163.0,116.0
9.0,-69.0,-249.0,71.0,162.0,113.0
8.0,-72.0,-247.0,71.0,164.0,109.0
11.0,-71.0,-248.0,74.0,165.0,107.0
13.0,-71.0,-247.0,79.0,168.0,106.0
10.0,-69.0,-244.0,82.0,173.0,106.0
14.0,-69.0,-243.0,88.0,176.0,107.0
14.0,-72.0,-245.0,94.0,179.0,107.0
9.0,-68.0,-245.0,98.0,182.0,107.0
11.0,-70.0,-242.0,98.0,185.0,109.0
12.0,-68.0,-247.0,97.0,187.0,104.0
9.0,-70.0,-245.0,95.0,187.0,105.0
7.0,-69.0,-246.0,94.0,186.0,100.0
5.0,-68.0,-241.0,92.0,187.0,94.0
7.0,-69.0,-244.0,88.0,185.0,88.0
4.0,-69.0,-237.0,87.0,182.0,81.0
5.0,-68.0,-241.0,80.0,179.0,68.0
8.0,-68.0,-244.0,74.0,174.0,60.0
3.0,-66.0,-237.0,66.0,168.0,51.0
4.0,-68.0,-243.0,57.0,158.0,44.0
5.0,-68.0,-245.0,50.0,153.0,33.0
3.0,-68.0,-242.0,43.0,148.0,32.0
2.0,-66.0,-238.0,37.0,146.0,26.0
3.0,-68.0,-240.0,30.0,142.0,25.0
7.0,-66.0,-238.0,22.0,139.0,22.0
7.0,-68.0,-237.0,18.0,141.0,17.0
8.0,-67.0,-242.0,13.0,142.0,11.0
13.0,-68.0,-238.0,7.0,144.0,8.0
14.0,-71.0,-238.0,-1.0,145.0,2.0
13.0,-69.0,-242.0,-8.0,147.0,-1.0
13.0,-70.0,-239.0,-13.0,148.0,-6.0
12.0,-70.0,-239.0,-18.0,150.0,-9.0
13.0,-69.0,-241.0,-18.0,151.0,-14.0
16.0,-71.0,-240.0,-18.0,153.0,-18.0
13.0,-71.0,-240.0,-14.0,158.0,-20.0
19.0,-75.0,-246.0,-9.0,164.0,-23.0
12.0,-72.0,-242.0,0.0,169.0,-27.0
17.0,-73.0,-242.0,10.0,170.0,-24.0
16.0,-76.0,-242.0,21.0,171.0,-26.0
15.0,-72.0,-242.0,32.0,171.0,-22.0
17.0,-70.0,-243.0,41.0,171.0,-19.0
14.0,-71.0,-238.0,47.0,169.0,-13.0
14.0,-69.0,-241.0,49.0,166.0,-14.0
11.0,-72.0,-240.0,50.0,167.0,-11.0
9.0,-68.0,-240.0,51.0,164.0,-11.0
9.0,-70.0,-240.0,50.0,164.0,-10.0
9.0,-69.0,-240.0,50.0,164.0,-13.0
8.0,-68.0,-238.0,46.0,164.0,-12.0
9.0,-68.0,-239.0,44.0,161.0,-16.0
8.0,-67.0,-245.0,41.0,159.0,-15.0
10.0,-69.0,-242.0,38.0,158.0,-18.0
7.0,-69.0,-240.0,35.0,157.0,-17.0
9.0,-70.0,-243.0,28.0,156.0,-17.0
13.0,-70.0,-244.0,22.0,154.0,-13.0
14.0,-70.0,-246.0,14.0,150.0,-15.0
12.0,-70.0,-244.0,6.0,150.0,-12.0
15.0,-72.0,-240.0,-1.0,149.0,-14.0
14.0,-70.0,-242.0,-6.0,148.0,-15.0
16.0,-69.0,-239.0,-12.0,150.0,-17.0
17.0,-71.0,-238.0,-16.0,151.0,-16.0
14.0,-68.0,-242.0,-20.0,153.0,-19.0
19.0,-72.0,-241.0,-24.0,156.0,-17.0
17.0,-69.0,-240.0,-28.0,161.0,-19.0
14.0,-68.0,-245.0,-33.0,164.0,-17.0
12.0,-68.0,-241.0,-40.0,169.0,-21.0
14.0,-68.0,-247.0,-49.0,173.0,-20.0
13.0,-69.0,-245.0,-55.0,176.0,-21.0
14.0,-71.0,-247.0,-60.0,180.0,-18.0
14.0,-69.0,-244.0,-62.0,182.0,-20.0
15.0,-69.0,-246.0,-62.0,183.0,-17.0
13.0,-68.0,-247.0,-63.0,182.0,-20.0
12.0,-68.0,-245.0,-68.0,182.0,-15.0
15.0,-68.0,-245.0,-68.0,183.0,-20.0
13.0,-68.0,-246.0,-69.0,185.0,-18.0
13.0,-69.0,-247.0,-71.0,186.0,-21.0
10.0,-70.0,-245.0,-71.0,186.0,-20.0
14.0,-69.0,-246.0,-69.0,184.0,-23.0
14.0,-70.0,-241.0,-66.0,183.0,-20.0
13.0,-67.0,-248.0,-63.0,182.0,-25.0
16.0,-67.0,-245.0,-59.0,181.0,-26.0
14.0,-67.0,-244.0,-59.0,184.0,-33.0
15.0,-66.0,-250.0,-59.0,187.0,-32.0
15.0,-67.0,-248.0,-61.0,194.0,-35.0
18.0,-70.0,-247.0,-62.0,200.0,-35.0
17.0,-67.0,-247.0,-66.0,205.0,-40.0
17.0,-68.0,-246.0,-71.0,215.0,-35.0
18.0,-67.0,-247.0,-76.0,224.0,-35.0
16.0,-67.0,-242.0,-81.0,229.0,-31.0
21.0,-69.0,-243.0,-86.0,236.0,-31.0
18.0,-65.0,-249.0,-93.0,242.0,-25.0
21.0,-66.0,-246.0,-97.0,248.0,-22.0
14.0,-66.0,-250.0,-101.0,254.0,-17.0
19.0,-68.0,-245.0,-103.0,257.0,-17.0
14.0,-67.0,-249.0,-104.0,259.0,-12.0
12.0,-68.0,-249.0,-109.0,257.0,-15.0
13.0,-65.0,-247.0,-116.0,254.0,-12.0
11.0,-67.0,-246.0,-124.0,249.0,-15.0
10.0,-67.0,-251.0,-129.0,244.0,-12.0
11.0,-67.0,-251.0,-133.0,239.0,-14.0
12.0,-68.0,-250.0,-134.0,234.0,-12.0
10.0,-68.0,-249.0,-137.0,231.0,-14.0
11.0,-69.0,-250.0,-137.0,230.0,-11.0
9.0,-68.0,-254.0,-137.0,231.0,-12.0
13.0,-69.0,-253.0,-137.0,234.0,-8.0
14.0,-69.0,-249.0,-131.0,235.0,-6.0
17.0,-70.0,-252.0,-127.0,239.0,-1.0
15.0,-71.0,-253.0,-121.0,241.0,0.0
17.0,-67.0,-253.0,-118.0,242.0,5.0
17.0,-67.0,-251.0,-116.0,247.0,9.0
19.0,-67.0,-256.0,-118.0,252.0,16.0
21.0,-67.0,-253.0,-120.0,256.0,21.0
19.0,-66.0,-257.0,-124.0,263.0,27.0
23.0,-68.0,-255.0,-130.0,269.0,29.0
24.0,-70.0,-252.0,-133.0,275.0,37.0
22.0,-69.0,-256.0,-136.0,283.0,40.0
23.0,-72.0,-253.0,-139.0,297.0,51.0
22.0,-71.0,-257.0,-142.0,306.0,57.0
20.0,-69.0,-252.0,-144.0,315.0,65.0
21.0,-72.0,-256.0,-144.0,324.0,68.0
24.0,-76.0,-251.0,-145.0,329.0,74.0
21.0,-74.0,-253.0,-141.0,335.0,73.0
21.0,-73.0,-253.0,-138.0,340.0,75.0
20.0,-75.0,-254.0,-135.0,345.0,73.0
21.0,-77.0,-250.0,-132.0,348.0,74.0
18.0,-77.0,-253.0,-129.0,351.0,70.0
17.0,-73.0,-253.0,-125.0,358.0,71.0
19.0,-70.0,-251.0,-121.0,364.0,70.0
16.0,-68.0,-252.0,-116.0,370.0,75.0
19.0,-69.0,-254.0,-112.0,376.0,76.0
19.0,-68.0,-252.0,-109.0,385.0,83.0
18.0,-69.0,-253.0,-108.0,392.0,86.0
17.0,-67.0,-250.0,-107.0,401.0,94.0
18.0,-64.0,-248.0,-110.0,408.0,100.0
16.0,-68.0,-250.0,-115.0,415.0,108.0
19.0,-66.0,-248.0,-120.0,424.0,111.0
18.0,-67.0,-251.0,-126.0,433.0,123.0
16.0,-66.0,-244.0,-131.0,449.0,128.0
16.0,-66.0,-247.0,-134.0,459.0,137.0
22.0,-68.0,-246.0,-136.0,471.0,141.0
26.0,-68.0,-243.0,-138.0,481.0,146.0
25.0,-68.0,-238.0,-142.0,489.0,146.0
21.0,-68.0,-240.0,-145.0,497.0,148.0
20.0,-70.0,-237.0,-149.0,502.0,150.0
24.0,-71.0,-240.0,-148.0,509.0,153.0
21.0,-73.0,-237.0,-151.0,515.0,152.0
24.0,-75.0,-237.0,-153.0,522.0,154.0
19.0,-73.0,-239.0,-152.0,527.0,154.0
20.0,-73.0,-239.0,-153.0,534.0,158.0
23.0,-71.0,-241.0,-154.0,542.0,157.0
19.0,-69.0,-238.0,-156.0,554.0,162.0
20.0,-68.0,-241.0,-163.0,565.0,165.0
18.0,-66.0,-235.0,-171.0,577.0,169.0
18.0,-66.0,-237.0,-177.0,589.0,175.0
17.0,-64.0,-231.0,-179.0,600.0,185.0
18.0,-65.0,-227.0,-181.0,609.0,193.0
20.0,-64.0,-228.0,-182.0,618.0,205.0
20.0,-63.0,-224.0,-185.0,626.0,210.0
25.0,-63.0,-223.0,-192.0,634.0,217.0
25.0,-65.0,-224.0,-199.0,639.0,222.0
28.0,-65.0,-226.0,-210.0,647.0,227.0
27.0,-64.0,-227.0,-222.0,653.0,229.0
28.0,-65.0,-227.0,-238.0,665.0,232.0
29.0,-66.0,-224.0,-256.0,675.0,236.0
23.0,-65.0,-225.0,-270.0,688.0,245.0
21.0,-67.0,-223.0,-286.0,699.0,253.0
24.0,-66.0,-222.0,-299.0,712.0,267.0
27.0,-65.0,-225.0,-315.0,723.0,274.0
27.0,-73.0,-220.0,-326.0,734.0,285.0
29.0,-66.0,-227.0,-339.0,743.0,292.0
31.0,-66.0,-222.0,-350.0,751.0,303.0
33.0,-64.0,-226.0,-361.0,759.0,313.0
35.0,-68.0,-225.0,-368.0,765.0,324.0
34.0,-69.0,-228.0,-366.0,767.0,333.0
31.0,-69.0,-225.0,-360.0,769.0,342.0
34.0,-68.0,-225.0,-350.0,772.0,350.0
31.0,-70.0,-228.0,-340.0,774.0,360.0
35.0,-70.0,-225.0,-323.0,776.0,367.0
31.0,-68.0,-227.0,-302.0,778.0,375.0
31.0,-69.0,-228.0,-279.0,783.0,382.0
33.0,-68.0,-224.0,-254.0,791.0,388.0
33.0,-68.0,-231.0,-231.0,803.0,393.0
34.0,-69.0,-228.0,-212.0,814.0,399.0
31.0,-68.0,-227.0,-192.0,825.0,404.0
33.0,-67.0,-221.0,-175.0,836.0,410.0
30.0,-68.0,-225.0,-156.0,842.0,419.0
31.0,-70.0,-221.0,-138.0,848.0,430.0
28.0,-66.0,-223.0,-127.0,858.0,442.0
28.0,-63.0,-220.0,-122.0,869.0,453.0
27.0,-63.0,-218.0,-126.0,880.0,465.0
27.0,-62.0,-218.0,-133.0,892.0,477.0
29.0,-65.0,-209.0,-141.0,906.0,490.0
28.0,-66.0,-206.0,-149.0,919.0,502.0
29.0,-67.0,-202.0,-152.0,932.0,512.0
29.0,-68.0,-204.0,-151.0,944.0,519.0
32.0,-72.0,-206.0,-146.0,952.0,524.0
28.0,-71.0,-202.0,-138.0,958.0,526.0
27.0,-73.0,-201.0,-125.0,969.0,529.0
27.0,-78.0,-201.0,-105.0,982.0,532.0
27.0,-79.0,-202.0,-81.0,998.0,536.0
31.0,-80.0,-205.0,-55.0,1017.0,542.0
31.0,-75.0,-203.0,-25.0,1035.0,549.0
32.0,-74.0,-201.0,4.0,1052.0,558.0
36.0,-72.0,-195.0,31.0,1063.0,571.0
35.0,-72.0,-200.0,58.0,1075.0,584.0
39.0,-73.0,-194.0,83.0,1086.0,601.0
40.0,-71.0,-188.0,109.0,1101.0,621.0
42.0,-75.0,-189.0,132.0,1125.0,650.0
41.0,-75.0,-185.0,164.0,1156.0,676.0
41.0,-79.0,-182.0,195.0,1189.0,703.0
41.0,-82.0,-175.0,230.0,1220.0,730.0
37.0,-83.0,-177.0,268.0,1248.0,757.0
36.0,-80.0,-173.0,305.0,1268.0,775.0
35.0,-82.0,-170.0,340.0,1289.0,789.0
30.0,-82.0,-171.0,374.0,1312.0,792.0
25.0,-83.0,-166.0,403.0,1337.0,791.0
24.0,-80.0,-161.0,429.0,1363.0,786.0
24.0,-78.0,-156.0,453.0,1402.0,786.0
23.0,-76.0,-151.0,481.0,1429.0,789.0
22.0,-75.0,-146.0,502.0,1459.0,797.0
21.0,-78.0,-138.0,522.0,1489.0,810.0
24.0,-79.0,-133.0,542.0,1513.0,831.0
28.0,-77.0,-127.0,563.0,1537.0,857.0
31.0,-80.0,-120.0,578.0,1561.0,892.0
33.0,-85.0,-125.0,597.0,1595.0,926.0
38.0,-91.0,-118.0,621.0,1631.0,955.0
40.0,-94.0,-117.0,650.0,1672.0,975.0
42.0,-99.0,-121.0,686.0,1721.0,996.0
36.0,-106.0,-118.0,740.0,1753.0,1017.0
30.0,-117.0,-120.0,804.0,1777.0,1038.0
28.0,-120.0,-117.0,905.0,1797.0,1056.0
26.0,-115.0,-119.0,1046.0,1809.0,1063.0
19.0,-103.0,-125.0,1187.0,1806.0,1052.0
10.0,-87.0,-123.0,1297.0,1784.0,1032.0
12.0,-78.0,-124.0,1367.0,1754.0,1004.0
10.0,-78.0,-119.0,1409.0,1728.0,980.0
6.0,-72.0,-111.0,1429.0,1704.0,956.0
-1.0,-74.0,-101.0,1455.0,1686.0,934.0
8.0,-75.0,-92.0,1492.0,1669.0,919.0
11.0,-81.0,-81.0,1531.0,1671.0,910.0
17.0,-76.0,-80.0,1571.0,1682.0,896.0
21.0,-66.0,-84.0,1605.0,1693.0,870.0
22.0,-49.0,-90.0,1602.0,1698.0,830.0
27.0,-36.0,-96.0,1550.0,1701.0,793.0
32.0,-37.0,-95.0,1467.0,1714.0,758.0
35.0,-48.0,-79.0,1394.0,1755.0,725.0
33.0,-54.0,-69.0,1358.0,1832.0,683.0
39.0,-75.0,-64.0,1370.0,1935.0,630.0
40.0,-92.0,-57.0,1389.0,2076.0,553.0
41.0,-102.0,-56.0,1385.0,2179.0,457.0
40.0,-109.0,-58.0,1362.0,2255.0,357.0
38.0,-117.0,-65.0,1311.0,2311.0,273.0
44.0,-129.0,-71.0,1250.0,2349.0,203.0
44.0,-127.0,-70.0,1208.0,2372.0,158.0
53.0,-133.0,-84.0,1207.0,2385.0,128.0
58.0,-122.0,-82.0,1196.0,2377.0,119.0
61.0,-105.0,-99.0,1188.0,2362.0,114.0
63.0,-99.0,-104.0,1152.0,2345.0,109.0
61.0,-93.0,-99.0,1087.0,2300.0,76.0
55.0,-108.0,-107.0,1022.0,2271.0,45.0
47.0,-131.0,-116.0,1006.0,2260.0,11.0
26.0,-154.0,-120.0,1052.0,2277.0,-12.0
23.0,-170.0,-138.0,1152.0,2316.0,-34.0
23.0,-169.0,-139.0,1279.0,2364.0,-64.0
23.0,-162.0,-141.0,1410.0,2401.0,-105.0
20.0,-153.0,-138.0,1524.0,2438.0,-143.0
31.0,-142.0,-120.0,1609.0,2462.0,-182.0
42.0,-128.0,-99.0,1668.0,2462.0,-205.0
52.0,-108.0,-85.0,1697.0,2443.0,-222.0
73.0,-98.0,-81.0,1672.0,2430.0,-238.0
97.0,-82.0,-84.0,1617.0,2428.0,-261.0
119.0,-83.0,-82.0,1551.0,2446.0,-287.0
135.0,-80.0,-83.0,1502.0,2481.0,-314.0
140.0,-77.0,-75.0,1485.0,2555.0,-328.0
154.0,-79.0,-74.0,1493.0,2703.0,-328.0
175.0,-71.0,-78.0,1532.0,2903.0,-334.0
207.0,-79.0,-66.0,1552.0,3131.0,-358.0
248.0,-81.0,-51.0,1561.0,3335.0,-403.0
302.0,-82.0,-45.0,1585.0,3529.0,-476.0
369.0,-82.0,-36.0,1616.0,3754.0,-546.0
428.0,-85.0,-24.0,1623.0,3925.0,-668.0
518.0,-82.0,-16.0,1613.0,4112.0,-814.0
637.0,-109.0,-29.0,1583.0,4290.0,-1043.0
772.0,-190.0,-31.0,1526.0,4495.0,-1357.0
1086.0,-424.0,9.0,1554.0,4854.0,-1696.0
1738.0,-965.0,247.0,1793.0,5478.0,-2228.0
2305.0,-1531.0,329.0,2375.0,6252.0,-3381.0
2878.0,-1543.0,111.0,2564.0,5919.0,-5214.0
2973.0,-967.0,-65.0,2081.0,4879.0,-6861.0
1774.0,-313.0,-27.0,1897.0,4495.0,-5626.0
605.0,-124.0,16.0,1971.0,4029.0,-2928.0
91.0,25.0,135.0,1761.0,3225.0,-802.0
-159.0,20.0,335.0,1890.0,2375.0,-123.0
-372.0,-49.0,394.0,2729.0,1896.0,-650.0
-491.0,-94.0,323.0,3846.0,1911.0,-1766.0
-418.0,-114.0,78.0,4482.0,2216.0,-3267.0
-366.0,-134.0,6.0,4196.0,2559.0,-4932.0
-220.0,-153.0,-18.0,3533.0,2685.0,-6346.0
83.0,-152.0,-58.0,3058.0,2711.0,-7226.0
279.0,-128.0,14.0,2738.0,2938.0,-7633.0
415.0,-57.0,65.0,2560.0,3060.0,-7328.0
536.0,9.0,45.0,2329.0,2978.0,-6441.0
599.0,94.0,17.0,1952.0,2914.0,-5194.0
454.0,111.0,72.0,1513.0,2895.0,-3860.0
341.0,143.0,168.0,1448.0,2534.0,-2657.0
239.0,192.0,235.0,1686.0,2113.0,-1699.0
158.0,268.0,345.0,1855.0,1878.0,-1023.0
88.0,367.0,425.0,1763.0,1733.0,-599.0
34.0,429.0,464.0,1250.0,1461.0,-423.0
-20.0,481.0,440.0,370.0,831.0,-484.0
-21.0,509.0,425.0,-847.0,251.0,-552.0
-41.0,514.0,401.0,-1546.0,-165.0,-569.0
9.0,493.0,400.0,-1817.0,-505.0,-490.0
77.0,437.0,392.0,-1658.0,-859.0,-334.0
76.0,381.0,365.0,-1270.0,-1162.0,-98.0
107.0,234.0,326.0,-812.0,-1416.0,407.0
167.0,139.0,229.0,-393.0,-1679.0,1021.0
182.0,38.0,138.0,-161.0,-1715.0,1569.0
155.0,-63.0,82.0,-312.0,-1574.0,1863.0
167.0,-192.0,10.0,-742.0,-1365.0,1775.0
243.0,-302.0,-6.0,-1348.0,-949.0,1402.0
332.0,-330.0,34.0,-1638.0,-492.0,935.0
340.0,-305.0,64.0,-1543.0,-8.0,518.0
332.0,-266.0,73.0,-1110.0,420.0,272.0
325.0,-197.0,65.0,-467.0,625.0,121.0
286.0,-112.0,68.0,133.0,714.0,-22.0
258.0,-49.0,86.0,497.0,782.0,-120.0
230.0,17.0,131.0,635.0,821.0,-158.0
213.0,69.0,165.0,657.0,825.0,-164.0
191.0,123.0,190.0,613.0,820.0,-131.0
165.0,167.0,199.0,454.0,837.0,-66.0
131.0,201.0,213.0,216.0,855.0,-10.0
108.0,219.0,229.0,-50.0,792.0,-9.0
100.0,223.0,216.0,-284.0,663.0,-51.0
80.0,224.0,206.0,-500.0,551.0,-143.0
93.0,202.0,176.0,-679.0,478.0,-226.0
112.0,173.0,142.0,-795.0,489.0,-268.0
148.0,129.0,125.0,-840.0,553.0,-269.0
147.0,75.0,113.0,-785.0,660.0,-269.0
162.0,20.0,114.0,-670.0,771.0,-252.0
161.0,-25.0,104.0,-536.0,889.0,-256.0
154.0,-51.0,95.0,-443.0,957.0,-246.0
148.0,-68.0,86.0,-405.0,962.0,-208.0
121.0,-74.0,74.0,-373.0,921.0,-122.0
105.0,-67.0,65.0,-363.0,840.0,-15.0
97.0,-45.0,74.0,-336.0,743.0,84.0
72.0,-6.0,75.0,-259.0,664.0,160.0
72.0,29.0,95.0,-198.0,586.0,245.0
80.0,65.0,124.0,-151.0,532.0,284.0
90.0,86.0,144.0,-108.0,505.0,273.0
94.0,121.0,165.0,-71.0,513.0,205.0
118.0,139.0,186.0,-89.0,532.0,130.0
152.0,148.0,209.0,-142.0,564.0,33.0
177.0,149.0,215.0,-196.0,599.0,-54.0
214.0,133.0,231.0,-246.0,639.0,-120.0
229.0,122.0,234.0,-254.0,682.0,-150.0
237.0,101.0,229.0,-219.0,715.0,-127.0
241.0,76.0,217.0,-165.0,725.0,-44.0
247.0,55.0,217.0,-121.0,719.0,51.0
240.0,37.0,213.0,-85.0,715.0,155.0
223.0,26.0,214.0,-71.0,679.0,270.0
204.0,15.0,227.0,-76.0,630.0,355.0
192.0,10.0,234.0,-74.0,561.0,409.0
186.0,3.0,239.0,-66.0,480.0,465.0
173.0,7.0,232.0,-33.0,406.0,464.0
169.0,6.0,229.0,3.0,351.0,447.0
172.0,17.0,212.0,35.0,304.0,417.0
168.0,16.0,212.0,62.0,271.0,367.0
170.0,17.0,217.0,92.0,244.0,302.0
170.0,14.0,215.0,133.0,230.0,251.0
174.0,4.0,218.0,172.0,224.0,192.0
179.0,1.0,217.0,212.0,226.0,157.0
180.0,-3.0,216.0,225.0,231.0,129.0
181.0,0.0,197.0,227.0,236.0,111.0
188.0,-16.0,213.0,218.0,231.0,99.0
200.0,-20.0,201.0,206.0,211.0,100.0
174.0,-20.0,192.0,194.0,173.0,102.0
178.0,-30.0,190.0,185.0,124.0,109.0
172.0,-25.0,179.0,175.0,66.0,115.0
176.0,-22.0,165.0,162.0,2.0,127.0
169.0,-23.0,164.0,154.0,-58.0,137.0
161.0,-24.0,161.0,158.0,-124.0,151.0
158.0,-21.0,161.0,161.0,-173.0,157.0
154.0,-25.0,164.0,166.0,-225.0,161.0
144.0,-13.0,165.0,173.0,-277.0,156.0
146.0,-7.0,163.0,171.0,-334.0,149.0
140.0,-4.0,159.0,156.0,-388.0,137.0
140.0,2.0,154.0,126.0,-437.0,121.0
153.0,1.0,148.0,84.0,-478.0,97.0
154.0,1.0,146.0,44.0,-501.0,68.0
146.0,-3.0,140.0,3.0,-514.0,38.0
159.0,-9.0,140.0,-22.0,-524.0,11.0
169.0,-11.0,136.0,-21.0,-511.0,-18.0
182.0,-20.0,135.0,-7.0,-498.0,-41.0
192.0,-24.0,144.0,18.0,-482.0,-68.0
208.0,-26.0,143.0,44.0,-470.0,-86.0
208.0,-20.0,143.0,59.0,-460.0,-97.0
207.0,-18.0,139.0,60.0,-473.0,-96.0
215.0,-12.0,139.0,57.0,-498.0,-87.0
213.0,-14.0,140.0,49.0,-524.0,-70.0
216.0,-14.0,146.0,46.0,-553.0,-64.0
220.0,-23.0,151.0,57.0,-579.0,-68.0
218.0,-28.0,154.0,72.0,-583.0,-80.0
209.0,-28.0,152.0,84.0,-587.0,-86.0
200.0,-28.0,146.0,91.0,-600.0,-91.0
192.0,-32.0,146.0,101.0,-614.0,-85.0
183.0,-36.0,153.0,115.0,-634.0,-74.0
178.0,-40.0,148.0,125.0,-646.0,-56.0
177.0,-43.0,141.0,124.0,-652.0,-37.0
181.0,-48.0,131.0,107.0,-660.0,-31.0
185.0,-48.0,128.0,78.0,-665.0,-40.0
193.0,-53.0,118.0,57.0,-672.0,-55.0
206.0,-54.0,110.0,60.0,-681.0,-71.0
210.0,-52.0,101.0,69.0,-662.0,-73.0
207.0,-54.0,96.0,72.0,-652.0,-57.0
211.0,-47.0,98.0,82.0,-663.0,-50.0
216.0,-41.0,99.0,103.0,-672.0,-54.0
222.0,-35.0,95.0,123.0,-684.0,-50.0
218.0,-25.0,98.0,137.0,-693.0,-35.0
221.0,-21.0,100.0,137.0,-709.0,-14.0
225.0,-15.0,108.0,138.0,-724.0,1.0
224.0,-7.0,112.0,151.0,-732.0,27.0
235.0,-2.0,113.0,172.0,-739.0,47.0
239.0,2.0,115.0,174.0,-752.0,69.0
251.0,4.0,110.0,171.0,-780.0,89.0
258.0,4.0,106.0,165.0,-807.0,110.0
261.0,2.0,87.0,158.0,-835.0,132.0
275.0,-4.0,77.0,146.0,-861.0,157.0
271.0,-7.0,72.0,133.0,-871.0,172.0
270.0,-16.0,70.0,129.0,-870.0,190.0
266.0,-22.0,71.0,137.0,-860.0,211.0
262.0,-26.0,72.0,153.0,-845.0,233.0
258.0,-28.0,77.0,171.0,-825.0,250.0
256.0,-28.0,75.0,175.0,-804.0,260.0
242.0,-22.0,73.0,164.0,-780.0,258.0
242.0,-27.0,75.0,147.0,-763.0,254.0
242.0,-24.0,80.0,136.0,-738.0,238.0
244.0,-20.0,77.0,133.0,-712.0,218.0
241.0,-18.0,80.0,136.0,-689.0,197.0
248.0,-9.0,83.0,145.0,-674.0,184.0
253.0,-7.0,81.0,149.0,-663.0,172.0
256.0,-8.0,80.0,153.0,-651.0,152.0
265.0,-13.0,78.0,167.0,-636.0,129.0
263.0,-18.0,75.0,173.0,-620.0,103.0
263.0,-16.0,72.0,189.0,-620.0,74.0
270.0,-17.0,67.0,210.0,-607.0,54.0
270.0,-20.0,67.0,219.0,-584.0,34.0
259.0,-17.0,57.0,220.0,-559.0,20.0
259.0,-20.0,60.0,227.0,-547.0,19.0
261.0,-18.0,59.0,240.0,-532.0,17.0
259.0,-15.0,56.0,250.0,-507.0,12.0
257.0,-10.0,60.0,247.0,-479.0,4.0
253.0,-3.0,63.0,245.0,-445.0,4.0
252.0,-1.0,64.0,231.0,-414.0,10.0
246.0,4.0,71.0,207.0,-389.0,19.0
242.0,0.0,70.0,178.0,-372.0,40.0
243.0,-1.0,72.0,146.0,-367.0,61.0
242.0,-2.0,68.0,128.0,-363.0,76.0
244.0,-4.0,72.0,105.0,-357.0,87.0
249.0,-9.0,65.0,77.0,-353.0,78.0
249.0,-17.0,66.0,45.0,-341.0,60.0
252.0,-21.0,62.0,6.0,-328.0,41.0
254.0,-26.0,53.0,-29.0,-306.0,13.0
257.0,-31.0,49.0,-48.0,-289.0,-8.0
255.0,-33.0,54.0,-61.0,-274.0,-22.0
261.0,-38.0,50.0,-67.0,-259.0,-34.0
248.0,-37.0,50.0,-60.0,-238.0,-37.0
260.0,-29.0,59.0,-53.0,-213.0,-26.0
265.0,-17.0,59.0,-58.0,-196.0,7.0
257.0,-17.0,62.0,-65.0,-169.0,33.0
254.0,-13.0,64.0,-78.0,-146.0,49.0
262.0,-4.0,65.0,-97.0,-111.0,84.0
251.0,-3.0,66.0,-114.0,-83.0,111.0
252.0,-1.0,62.0,-121.0,-88.0,89.0
250.0,0.0,58.0,-123.0,-90.0,54.0
269.0,-1.0,63.0,-119.0,-73.0,17.0
270.0,-12.0,51.0,-115.0,-67.0,-1.0
265.0,-19.0,50.0,-122.0,-58.0,-16.0
266.0,-30.0,52.0,-129.0,-53.0,-31.0
277.0,-42.0,53.0,-124.0,-50.0,-64.0
274.0,-51.0,49.0,-111.0,-34.0,-91.0
267.0,-60.0,44.0,-104.0,-16.0,-106.0
259.0,-68.0,49.0,-87.0,8.0,-120.0
258.0,-71.0,48.0,-59.0,28.0,-126.0
248.0,-69.0,48.0,-26.0,49.0,-127.0
243.0,-67.0,52.0,20.0,69.0,-128.0
241.0,-57.0,58.0,67.0,91.0,-128.0
239.0,-44.0,62.0,94.0,121.0,-131.0
235.0,-30.0,64.0,103.0,148.0,-133.0
230.0,-13.0,72.0,99.0,169.0,-139.0
224.0,-3.0,81.0,83.0,182.0,-148.0
222.0,6.0,80.0,53.0,188.0,-162.0
222.0,12.0,90.0,12.0,184.0,-174.0
223.0,18.0,88.0,-47.0,174.0,-190.0
225.0,13.0,95.0,-90.0,158.0,-202.0
229.0,13.0,93.0,-123.0,138.0,-214.0
239.0,-1.0,91.0,-142.0,116.0,-222.0
247.0,-3.0,87.0,-151.0,94.0,-232.0
256.0,-11.0,80.0,-149.0,75.0,-235.0
261.0,-21.0,79.0,-138.0,54.0,-234.0
266.0,-26.0,71.0,-123.0,33.0,-220.0
267.0,-28.0,72.0,-103.0,18.0,-199.0
265.0,-27.0,71.0,-84.0,7.0,-159.0
265.0,-31.0,66.0,-56.0,2.0,-122.0
261.0,-29.0,67.0,-36.0,-2.0,-82.0
256.0,-20.0,62.0,-15.0,0.0,-46.0
250.0,-13.0,62.0,6.0,4.0,-14.0
247.0,-6.0,64.0,22.0,11.0,11.0
245.0,-4.0,64.0,31.0,22.0,29.0
244.0,3.0,61.0,33.0,34.0,35.0
241.0,13.0,59.0,28.0,44.0,41.0
244.0,13.0,65.0,20.0,56.0,41.0
242.0,16.0,64.0,9.0,67.0,43.0
244.0,12.0,66.0,-3.0,79.0,42.0
245.0,6.0,63.0,-17.0,87.0,45.0
245.0,5.0,63.0,-31.0,92.0,43.0
251.0,-1.0,66.0,-42.0,96.0,46.0
253.0,-5.0,67.0,-49.0,98.0,45.0
251.0,-11.0,68.0,-54.0,100.0,44.0
255.0,-14.0,64.0,-58.0,107.0,41.0
252.0,-17.0,63.0,-61.0,111.0,38.0
256.0,-18.0,70.0,-56.0,114.0,35.0
253.0,-19.0,69.0,-51.0,117.0,35.0
250.0,-14.0,68.0,-39.0,122.0,32.0
251.0,-13.0,73.0,-26.0,125.0,33.0
249.0,-11.0,74.0,-13.0,126.0,29.0
250.0,-10.0,74.0,-1.0,126.0,27.0
247.0,-6.0,77.0,13.0,126.0,21.0
247.0,-6.0,78.0,20.0,125.0,18.0
244.0,-6.0,75.0,22.0,126.0,10.0
243.0,-4.0,75.0,18.0,125.0,4.0
242.0,-4.0,79.0,12.0,125.0,-8.0
238.0,-8.0,78.0,10.0,122.0,-16.0
242.0,-6.0,78.0,8.0,119.0,-26.0
241.0,-7.0,81.0,2.0,114.0,-34.0
239.0,-8.0,76.0,-4.0,110.0,-43.0
239.0,-8.0,75.0,-13.0,106.0,-47.0
242.0,-15.0,77.0,-17.0,102.0,-54.0
244.0,-13.0,75.0,-18.0,102.0,-54.0
243.0,-12.0,75.0,-15.0,101.0,-57.0
241.0,-13.0,77.0,-12.0,100.0,-53.0
243.0,-12.0,76.0,-7.0,97.0,-51.0
244.0,-14.0,78.0,-4.0,94.0,-38.0
243.0,-8.0,79.0,2.0,89.0,-31.0
239.0,-13.0,82.0,8.0,86.0,-20.0
239.0,-7.0,79.0,13.0,81.0,-14.0
238.0,-6.0,80.0,13.0,74.0,-7.0
238.0,-4.0,77.0,9.0,69.0,-6.0
239.0,-4.0,78.0,4.0,63.0,-1.0
238.0,-3.0,80.0,-2.0,57.0,1.0
240.0,-3.0,80.0,-2.0,50.0,6.0
240.0,-4.0,76.0,-3.0,43.0,6.0
243.0,-8.0,75.0,-1.0,39.0,9.0
243.0,-9.0,76.0,1.0,35.0,8.0
243.0,-10.0,75.0,2.0,31.0,10.0
244.0,-11.0,72.0,0.0,27.0,11.0
245.0,-12.0,74.0,-2.0,25.0,16.0
245.0,-12.0,73.0,-5.0,21.0,16.0
246.0,-8.0,75.0,-6.0,20.0,20.0
247.0,-10.0,69.0,-8.0,18.0,22.0
251.0,-9.0,72.0,-9.0,17.0,26.0
246.0,-11.0,72.0,-9.0,16.0,26.0
247.0,-10.0,71.0,-8.0,17.0,29.0
247.0,-9.0,71.0,-1.0,20.0,28.0
246.0,-11.0,70.0,2.0,23.0,29.0
247.0,-9.0,69.0,5.0,27.0,26.0
248.0,-12.0,70.0,4.0,31.0,25.0
247.0,-6.0,69.0,1.0,35.0,18.0
246.0,-7.0,71.0,-5.0,39.0,16.0
244.0,-7.0,71.0,-9.0,44.0,8.0
245.0,-5.0,71.0,-14.0,47.0,5.0
245.0,-9.0,72.0,-18.0,53.0,-2.0
245.0,-7.0,67.0,-18.0,58.0,-3.0
247.0,-5.0,72.0,-19.0,60.0,-8.0
246.0,-8.0,74.0,-20.0,61.0,-8.0
247.0,-10.0,71.0,-23.0,61.0,-10.0
249.0,-13.0,68.0,-24.0,63.0,-8.0
244.0,-9.0,70.0,-24.0,66.0,-10.0
246.0,-12.0,70.0,-24.0,69.0,-10.0
246.0,-13.0,72.0,-24.0,72.0,-15.0
245.0,-13.0,70.0,-22.0,71.0,-14.0
245.0,-11.0,74.0,-22.0,72.0,-15.0
246.0,-11.0,70.0,-24.0,70.0,-12.0
245.0,-9.0,71.0,-26.0,68.0,-12.0
246.0,-8.0,72.0,-27.0,68.0,-9.0
245.0,-11.0,71.0,-27.0,69.0,-9.0
244.0,-11.0,74.0,-25.0,68.0,-5.0
244.0,-13.0,72.0,-23.0,69.0,-8.0
245.0,-13.0,74.0,-22.0,67.0,-6.0
