17.0,-138.0,-271.0,-147.0,-4.0,7.0
14.0,-135.0,-270.0,-137.0,-6.0,9.0
15.0,-134.0,-271.0,-127.0,-7.0,12.0
18.0,-134.0,-268.0,-116.0,-9.0,13.0
19.0,-134.0,-272.0,-103.0,-10.0,13.0
17.0,-133.0,-267.0,-89.0,-9.0,12.0
13.0,-133.0,-267.0,-75.0,-8.0,12.0
15.0,-130.0,-265.0,-62.0,-8.0,9.0
18.0,-132.0,-269.0,-47.0,-7.0,7.0
14.0,-127.0,-265.0,-37.0,-9.0,2.0
17.0,-119.0,-267.0,-27.0,-10.0,0.0
14.0,-124.0,-260.0,-21.0,-12.0,-5.0
12.0,-123.0,-263.0,-18.0,-15.0,-10.0
12.0,-120.0,-263.0,-14.0,-17.0,-16.0
11.0,-121.0,-263.0,-16.0,-19.0,-22.0
12.0,-118.0,-261.0,-18.0,-23.0,-31.0
10.0,-118.0,-262.0,-22.0,-27.0,-36.0
12.0,-117.0,-260.0,-30.0,-29.0,-40.0
10.0,-116.0,-257.0,-34.0,-30.0,-46.0
8.0,-120.0,-259.0,-41.0,-34.0,-53.0
10.0,-117.0,-262.0,-49.0,-37.0,-58.0
11.0,-115.0,-258.0,-54.0,-37.0,-63.0
6.0,-114.0,-259.0,-60.0,-37.0,-70.0
7.0,-116.0,-259.0,-62.0,-39.0,-75.0
6.0,-116.0,-262.0,-67.0,-40.0,-82.0
9.0,-119.0,-259.0,-68.0,-43.0,-89.0
8.0,-117.0,-257.0,-70.0,-41.0,-95.0
7.0,-114.0,-259.0,-72.0,-42.0,-103.0
13.0,-119.0,-260.0,-69.0,-41.0,-109.0
11.0,-113.0,-257.0,-68.0,-39.0,-112.0
9.0,-115.0,-260.0,-66.0,-38.0,-116.0
13.0,-111.0,-261.0,-66.0,-37.0,-120.0
13.0,-113.0,-255.0,-68.0,-35.0,-123.0
11.0,-116.0,-260.0,-66.0,-36.0,-125.0
12.0,-112.0,-258.0,-66.0,-36.0,-125.0
11.0,-114.0,-259.0,-65.0,-35.0,-127.0
12.0,-114.0,-261.0,-68.0,-34.0,-127.0
12.0,-114.0,-257.0,-68.0,-32.0,-126.0
12.0,-117.0,-258.0,-67.0,-32.0,-125.0
13.0,-117.0,-260.0,-70.0,-32.0,-128.0
11.0,-114.0,-256.0,-72.0,-31.0,-128.0
7.0,-117.0,-261.0,-76.0,-30.0,-126.0
13.0,-116.0,-261.0,-79.0,-29.0,-125.0
14.0,-119.0,-258.0,-82.0,-27.0,-122.0
16.0,-120.0,-259.0,-86.0,-24.0,-121.0
15.0,-120.0,-260.0,-89.0,-23.0,-118.0
12.0,-119.0,-265.0,-90.0,-21.0,-116.0
15.0,-125.0,-262.0,-91.0,-21.0,-113.0
15.0,-121.0,-267.0,-91.0,-19.0,-112.0
13.0,-124.0,-267.0,-92.0,-18.0,-108.0
9.0,-123.0,-268.0,-92.0,-17.0,-106.0
11.0,-125.0,-267.0,-95.0,-17.0,-102.0
13.0,-122.0,-267.0,-96.0,-15.0,-98.0
17.0,-124.0,-273.0,-96.0,-14.0,-94.0
15.0,-126.0,-268.0,-97.0,-13.0,-90.0
13.0,-125.0,-266.0,-99.0,-11.0,-87.0
12.0,-125.0,-267.0,-103.0,-13.0,-82.0
13.0,-127.0,-270.0,-108.0,-15.0,-80.0
13.0,-126.0,-263.0,-112.0,-18.0,-77.0
11.0,-124.0,-270.0,-117.0,-19.0,-74.0
13.0,-129.0,-265.0,-119.0,-23.0,-72.0
11.0,-129.0,-265.0,-120.0,-27.0,-70.0
10.0,-130.0,-271.0,-118.0,-33.0,-70.0
11.0,-128.0,-274.0,-115.0,-40.0,-71.0
12.0,-135.0,-264.0,-114.0,-51.0,-72.0
8.0,-129.0,-269.0,-112.0,-62.0,-75.0
5.0,-128.0,-270.0,-107.0,-72.0,-80.0
3.0,-126.0,-267.0,-104.0,-82.0,-85.0
4.0,-130.0,-269.0,-104.0,-91.0,-91.0
7.0,-127.0,-266.0,-103.0,-97.0,-96.0
2.0,-126.0,-267.0,-102.0,-100.0,-102.0
6.0,-123.0,-264.0,-104.0,-104.0,-106.0
4.0,-125.0,-263.0,-108.0,-106.0,-110.0
6.0,-121.0,-264.0,-111.0,-108.0,-115.0
10.0,-120.0,-264.0,-115.0,-107.0,-116.0
2.0,-118.0,-269.0,-124.0,-103.0,-120.0
11.0,-119.0,-260.0,-132.0,-99.0,-122.0
10.0,-115.0,-260.0,-140.0,-92.0,-128.0
12.0,-110.0,-259.0,-151.0,-86.0,-131.0
13.0,-114.0,-259.0,-158.0,-77.0,-137.0
11.0,-115.0,-258.0,-164.0,-71.0,-144.0
12.0,-115.0,-262.0,-171.0,-62.0,-151.0
16.0,-114.0,-255.0,-179.0,-52.0,-156.0
17.0,-120.0,-256.0,-186.0,-45.0,-163.0
18.0,-112.0,-256.0,-195.0,-38.0,-169.0
18.0,-118.0,-254.0,-203.0,-31.0,-175.0
17.0,-113.0,-259.0,-213.0,-22.0,-182.0
24.0,-113.0,-258.0,-223.0,-14.0,-184.0
21.0,-113.0,-255.0,-229.0,-6.0,-187.0
22.0,-112.0,-262.0,-236.0,1.0,-188.0
23.0,-113.0,-258.0,-245.0,10.0,-192.0
24.0,-112.0,-260.0,-251.0,17.0,-194.0
23.0,-111.0,-260.0,-260.0,27.0,-195.0
25.0,-109.0,-261.0,-265.0,34.0,-196.0
24.0,-110.0,-257.0,-266.0,42.0,-196.0
24.0,-113.0,-258.0,-267.0,47.0,-197.0
24.0,-118.0,-258.0,-266.0,47.0,-200.0
14.0,-113.0,-255.0,-266.0,44.0,-203.0
20.0,-118.0,-256.0,-265.0,43.0,-208.0
18.0,-121.0,-258.0,-260.0,39.0,-211.0
18.0,-123.0,-256.0,-255.0,36.0,-214.0
13.0,-121.0,-256.0,-244.0,27.0,-222.0
13.0,-119.0,-260.0,-230.0,16.0,-232.0
8.0,-119.0,-254.0,-216.0,8.0,-245.0
11.0,-112.0,-250.0,-205.0,-2.0,-258.0
8.0,-114.0,-257.0,-206.0,-2.0,-260.0
11.0,-115.0,-260.0,-194.0,-6.0,-275.0
10.0,-112.0,-256.0,-194.0,0.0,-279.0
3.0,-102.0,-255.0,-189.0,-1.0,-287.0
7.0,-103.0,-254.0,-190.0,-1.0,-293.0
7.0,-97.0,-251.0,-204.0,0.0,-291.0
9.0,-93.0,-254.0,-218.0,2.0,-291.0
6.0,-90.0,-259.0,-241.0,5.0,-286.0
6.0,-88.0,-256.0,-269.0,4.0,-285.0
7.0,-92.0,-257.0,-300.0,3.0,-286.0
11.0,-90.0,-257.0,-334.0,0.0,-282.0
11.0,-93.0,-263.0,-363.0,-3.0,-286.0
8.0,-95.0,-256.0,-393.0,-2.0,-287.0
4.0,-96.0,-261.0,-416.0,-7.0,-292.0
8.0,-98.0,-257.0,-435.0,-8.0,-297.0
13.0,-99.0,-259.0,-455.0,-15.0,-301.0
11.0,-97.0,-257.0,-463.0,-24.0,-308.0
9.0,-97.0,-254.0,-472.0,-30.0,-309.0
10.0,-100.0,-253.0,-479.0,-37.0,-313.0
11.0,-101.0,-250.0,-486.0,-44.0,-315.0
8.0,-98.0,-254.0,-493.0,-50.0,-317.0
6.0,-99.0,-252.0,-502.0,-53.0,-317.0
8.0,-99.0,-249.0,-509.0,-59.0,-317.0
12.0,-102.0,-250.0,-517.0,-62.0,-315.0
13.0,-102.0,-254.0,-524.0,-67.0,-311.0
13.0,-101.0,-249.0,-532.0,-72.0,-307.0
14.0,-101.0,-250.0,-541.0,-76.0,-301.0
13.0,-100.0,-247.0,-551.0,-79.0,-294.0
17.0,-102.0,-249.0,-569.0,-83.0,-287.0
18.0,-101.0,-252.0,-575.0,-85.0,-280.0
24.0,-103.0,-250.0,-578.0,-89.0,-274.0
24.0,-101.0,-251.0,-582.0,-91.0,-266.0
25.0,-100.0,-251.0,-582.0,-94.0,-262.0
29.0,-103.0,-247.0,-584.0,-101.0,-260.0
26.0,-102.0,-242.0,-590.0,-107.0,-262.0
26.0,-102.0,-248.0,-590.0,-115.0,-262.0
24.0,-101.0,-245.0,-589.0,-123.0,-263.0
24.0,-98.0,-244.0,-593.0,-132.0,-262.0
25.0,-98.0,-246.0,-595.0,-143.0,-258.0
23.0,-99.0,-245.0,-601.0,-155.0,-255.0
21.0,-101.0,-247.0,-607.0,-169.0,-252.0
19.0,-98.0,-247.0,-606.0,-187.0,-246.0
21.0,-98.0,-248.0,-600.0,-206.0,-241.0
23.0,-103.0,-252.0,-592.0,-224.0,-235.0
24.0,-98.0,-250.0,-583.0,-240.0,-228.0
26.0,-99.0,-255.0,-573.0,-255.0,-220.0
32.0,-95.0,-259.0,-562.0,-268.0,-214.0
30.0,-98.0,-256.0,-551.0,-276.0,-209.0
35.0,-99.0,-255.0,-535.0,-284.0,-207.0
35.0,-94.0,-255.0,-522.0,-291.0,-206.0
34.0,-94.0,-255.0,-504.0,-295.0,-204.0
37.0,-95.0,-259.0,-486.0,-297.0,-204.0
39.0,-96.0,-259.0,-471.0,-299.0,-205.0
41.0,-95.0,-256.0,-456.0,-297.0,-204.0
39.0,-97.0,-260.0,-440.0,-296.0,-210.0
39.0,-100.0,-258.0,-431.0,-292.0,-217.0
36.0,-99.0,-257.0,-420.0,-289.0,-226.0
27.0,-101.0,-264.0,-413.0,-285.0,-236.0
28.0,-99.0,-263.0,-411.0,-279.0,-249.0
26.0,-100.0,-265.0,-416.0,-275.0,-262.0
19.0,-105.0,-264.0,-423.0,-266.0,-272.0
20.0,-108.0,-264.0,-435.0,-257.0,-281.0
19.0,-112.0,-268.0,-447.0,-246.0,-291.0
16.0,-113.0,-268.0,-465.0,-231.0,-304.0
16.0,-113.0,-265.0,-487.0,-217.0,-320.0
16.0,-117.0,-266.0,-501.0,-207.0,-335.0
16.0,-120.0,-261.0,-505.0,-200.0,-354.0
22.0,-119.0,-259.0,-497.0,-197.0,-367.0
19.0,-117.0,-266.0,-482.0,-191.0,-378.0
27.0,-117.0,-260.0,-467.0,-190.0,-387.0
29.0,-114.0,-258.0,-455.0,-187.0,-395.0
30.0,-111.0,-258.0,-446.0,-181.0,-397.0
31.0,-114.0,-257.0,-440.0,-173.0,-397.0
30.0,-104.0,-256.0,-439.0,-161.0,-393.0
34.0,-101.0,-257.0,-440.0,-151.0,-389.0
30.0,-94.0,-260.0,-443.0,-138.0,-386.0
31.0,-94.0,-258.0,-449.0,-126.0,-382.0
29.0,-88.0,-260.0,-459.0,-111.0,-380.0
30.0,-89.0,-262.0,-471.0,-102.0,-377.0
23.0,-87.0,-264.0,-481.0,-92.0,-377.0
24.0,-90.0,-262.0,-490.0,-85.0,-376.0
20.0,-90.0,-266.0,-496.0,-80.0,-377.0
19.0,-94.0,-266.0,-499.0,-77.0,-377.0
21.0,-95.0,-263.0,-499.0,-76.0,-378.0
21.0,-97.0,-260.0,-495.0,-77.0,-378.0
23.0,-96.0,-262.0,-489.0,-80.0,-378.0
21.0,-94.0,-256.0,-487.0,-87.0,-379.0
19.0,-93.0,-246.0,-489.0,-96.0,-381.0
18.0,-91.0,-241.0,-490.0,-108.0,-381.0
17.0,-84.0,-234.0,-498.0,-125.0,-385.0
14.0,-87.0,-230.0,-514.0,-140.0,-388.0
16.0,-84.0,-225.0,-539.0,-159.0,-391.0
16.0,-78.0,-224.0,-573.0,-179.0,-394.0
12.0,-79.0,-218.0,-617.0,-199.0,-396.0
13.0,-78.0,-218.0,-667.0,-218.0,-397.0
12.0,-81.0,-217.0,-725.0,-235.0,-399.0
8.0,-79.0,-218.0,-785.0,-257.0,-398.0
12.0,-84.0,-210.0,-850.0,-282.0,-398.0
9.0,-83.0,-209.0,-917.0,-308.0,-396.0
10.0,-80.0,-213.0,-989.0,-338.0,-395.0
10.0,-75.0,-210.0,-1065.0,-366.0,-391.0
9.0,-75.0,-208.0,-1146.0,-398.0,-393.0
13.0,-75.0,-200.0,-1231.0,-441.0,-396.0
15.0,-71.0,-193.0,-1330.0,-487.0,-399.0
18.0,-64.0,-187.0,-1433.0,-544.0,-405.0
13.0,-59.0,-181.0,-1557.0,-609.0,-408.0
14.0,-49.0,-175.0,-1702.0,-683.0,-417.0
12.0,-46.0,-170.0,-1870.0,-762.0,-418.0
16.0,-39.0,-181.0,-2050.0,-854.0,-419.0
15.0,-37.0,-182.0,-2226.0,-950.0,-411.0
12.0,-42.0,-174.0,-2399.0,-1043.0,-402.0
15.0,-50.0,-186.0,-2534.0,-1168.0,-409.0
14.0,-66.0,-178.0,-2631.0,-1272.0,-423.0
-1.0,-67.0,-194.0,-2679.0,-1363.0,-478.0
-5.0,-107.0,-203.0,-2674.0,-1428.0,-506.0
-25.0,-125.0,-202.0,-2580.0,-1500.0,-550.0
-26.0,-118.0,-218.0,-2416.0,-1576.0,-628.0
-30.0,-115.0,-235.0,-2223.0,-1601.0,-701.0
-42.0,-112.0,-231.0,-2003.0,-1603.0,-765.0
-56.0,-101.0,-244.0,-1787.0,-1615.0,-842.0
-58.0,-87.0,-229.0,-1568.0,-1624.0,-916.0
-58.0,-70.0,-232.0,-1358.0,-1634.0,-993.0
-60.0,-62.0,-225.0,-1171.0,-1655.0,-1052.0
-63.0,-46.0,-233.0,-1019.0,-1703.0,-1115.0
-61.0,-34.0,-230.0,-899.0,-1750.0,-1170.0
-66.0,-37.0,-227.0,-791.0,-1813.0,-1235.0
-64.0,-29.0,-227.0,-697.0,-1916.0,-1325.0
-61.0,-27.0,-231.0,-626.0,-2006.0,-1418.0
-63.0,-36.0,-224.0,-536.0,-2072.0,-1479.0
-61.0,-37.0,-229.0,-425.0,-2159.0,-1556.0
-58.0,-36.0,-238.0,-312.0,-2259.0,-1643.0
-56.0,-49.0,-241.0,-205.0,-2328.0,-1721.0
-61.0,-51.0,-241.0,-78.0,-2394.0,-1796.0
-61.0,-57.0,-246.0,63.0,-2439.0,-1847.0
-60.0,-58.0,-246.0,223.0,-2485.0,-1901.0
-57.0,-50.0,-241.0,320.0,-2525.0,-1957.0
-58.0,-52.0,-235.0,397.0,-2549.0,-1997.0
-62.0,-53.0,-228.0,472.0,-2563.0,-2027.0
-60.0,-48.0,-223.0,536.0,-2582.0,-2048.0
-60.0,-47.0,-229.0,589.0,-2608.0,-2068.0
-53.0,-48.0,-228.0,629.0,-2641.0,-2081.0
-55.0,-48.0,-232.0,665.0,-2667.0,-2083.0
-59.0,-54.0,-222.0,708.0,-2687.0,-2069.0
-53.0,-55.0,-230.0,751.0,-2711.0,-2039.0
-59.0,-49.0,-220.0,768.0,-2730.0,-2011.0
-64.0,-50.0,-222.0,773.0,-2751.0,-1977.0
-69.0,-43.0,-230.0,794.0,-2768.0,-1940.0
-75.0,-45.0,-230.0,817.0,-2783.0,-1911.0
-88.0,-42.0,-231.0,833.0,-2801.0,-1880.0
-98.0,-31.0,-233.0,846.0,-2821.0,-1845.0
-104.0,-21.0,-230.0,850.0,-2841.0,-1803.0
-109.0,-5.0,-236.0,837.0,-2858.0,-1754.0
-105.0,3.0,-236.0,815.0,-2872.0,-1699.0
-105.0,18.0,-246.0,778.0,-2878.0,-1637.0
-102.0,23.0,-248.0,722.0,-2880.0,-1576.0
-95.0,13.0,-247.0,659.0,-2880.0,-1518.0
-86.0,-2.0,-255.0,625.0,-2872.0,-1464.0
-81.0,0.0,-256.0,576.0,-2845.0,-1410.0
-78.0,-9.0,-263.0,528.0,-2819.0,-1356.0
-78.0,-18.0,-271.0,510.0,-2787.0,-1312.0
-79.0,-27.0,-262.0,483.0,-2738.0,-1263.0
-87.0,-33.0,-259.0,465.0,-2693.0,-1228.0
-103.0,-37.0,-265.0,477.0,-2655.0,-1205.0
-117.0,-37.0,-258.0,477.0,-2629.0,-1171.0
-142.0,-30.0,-260.0,482.0,-2629.0,-1148.0
-157.0,-26.0,-265.0,508.0,-2650.0,-1134.0
-182.0,-23.0,-263.0,512.0,-2694.0,-1107.0
-203.0,-21.0,-257.0,511.0,-2765.0,-1089.0
-226.0,-18.0,-260.0,510.0,-2852.0,-1071.0
-236.0,-17.0,-258.0,537.0,-2942.0,-1057.0
-276.0,-28.0,-263.0,542.0,-3022.0,-1024.0
-309.0,-30.0,-248.0,549.0,-3115.0,-996.0
-314.0,-40.0,-232.0,578.0,-3211.0,-957.0
-329.0,-43.0,-216.0,629.0,-3294.0,-919.0
-330.0,-59.0,-223.0,701.0,-3382.0,-893.0
-354.0,-65.0,-216.0,756.0,-3463.0,-831.0
-355.0,-78.0,-205.0,814.0,-3562.0,-762.0
-358.0,-84.0,-197.0,868.0,-3674.0,-700.0
-370.0,-89.0,-189.0,899.0,-3788.0,-647.0
-396.0,-96.0,-179.0,909.0,-3907.0,-601.0
-398.0,-106.0,-173.0,908.0,-4037.0,-555.0
-403.0,-108.0,-177.0,933.0,-4154.0,-503.0
-402.0,-109.0,-178.0,995.0,-4255.0,-429.0
-409.0,-99.0,-181.0,1078.0,-4338.0,-333.0
-391.0,-75.0,-174.0,1140.0,-4399.0,-219.0
-373.0,-29.0,-167.0,1132.0,-4430.0,-104.0
-398.0,-22.0,-155.0,1077.0,-4441.0,12.0
-440.0,-51.0,-130.0,1007.0,-4484.0,111.0
-483.0,-101.0,-111.0,922.0,-4567.0,164.0
-583.0,-123.0,-78.0,850.0,-4625.0,188.0
-583.0,-127.0,-63.0,870.0,-4665.0,289.0
-608.0,-113.0,-63.0,963.0,-4631.0,458.0
-683.0,-97.0,-25.0,1072.0,-4564.0,692.0
-699.0,-90.0,-26.0,1134.0,-4565.0,944.0
-767.0,-104.0,-3.0,1228.0,-4454.0,1209.0
-817.0,-93.0,-2.0,1402.0,-4370.0,1501.0
-741.0,-75.0,16.0,1544.0,-4268.0,1787.0
-659.0,-64.0,19.0,1601.0,-4099.0,2006.0
-540.0,-51.0,39.0,1615.0,-3863.0,2150.0
-393.0,-24.0,58.0,1612.0,-3631.0,2235.0
-312.0,-12.0,87.0,1579.0,-3380.0,2263.0
-215.0,8.0,107.0,1528.0,-3193.0,2270.0
-179.0,19.0,107.0,1464.0,-3049.0,2253.0
-201.0,36.0,110.0,1412.0,-2958.0,2223.0
-206.0,48.0,100.0,1382.0,-2919.0,2194.0
-224.0,66.0,95.0,1345.0,-2854.0,2172.0
-268.0,49.0,102.0,1292.0,-2735.0,2183.0
-256.0,49.0,89.0,1231.0,-2677.0,2148.0
-252.0,38.0,92.0,1187.0,-2566.0,2122.0
-248.0,30.0,106.0,1159.0,-2456.0,2036.0
-236.0,29.0,102.0,1161.0,-2341.0,1858.0
-188.0,20.0,87.0,1185.0,-2224.0,1759.0
-180.0,31.0,74.0,1268.0,-2074.0,1636.0
-187.0,47.0,83.0,1399.0,-1943.0,1499.0
-202.0,101.0,89.0,1547.0,-1826.0,1374.0
-242.0,73.0,117.0,1600.0,-1648.0,1294.0
-254.0,102.0,119.0,1651.0,-1595.0,1076.0
-231.0,146.0,97.0,1661.0,-1513.0,872.0
-266.0,127.0,113.0,1592.0,-1341.0,718.0
-236.0,137.0,97.0,1554.0,-1272.0,497.0
-264.0,151.0,123.0,1391.0,-1079.0,301.0
-205.0,174.0,85.0,1240.0,-938.0,121.0
-203.0,142.0,101.0,1087.0,-768.0,-61.0
-163.0,137.0,87.0,980.0,-657.0,-252.0
-129.0,132.0,79.0,892.0,-578.0,-408.0
-124.0,116.0,87.0,790.0,-497.0,-502.0
-112.0,114.0,92.0,678.0,-467.0,-570.0
-105.0,109.0,88.0,562.0,-437.0,-609.0
-98.0,94.0,91.0,466.0,-424.0,-635.0
-120.0,78.0,96.0,400.0,-415.0,-661.0
-127.0,62.0,104.0,356.0,-441.0,-684.0
-135.0,53.0,115.0,331.0,-473.0,-706.0
-130.0,43.0,113.0,310.0,-510.0,-718.0
-135.0,45.0,113.0,291.0,-538.0,-726.0
-128.0,37.0,116.0,274.0,-571.0,-729.0
-122.0,40.0,118.0,255.0,-606.0,-732.0
-123.0,42.0,121.0,235.0,-643.0,-730.0
-121.0,34.0,122.0,214.0,-677.0,-724.0
-95.0,73.0,90.0,192.0,-709.0,-717.0
-129.0,40.0,135.0,84.0,-687.0,-693.0
-114.0,29.0,131.0,68.0,-743.0,-666.0
-121.0,33.0,144.0,92.0,-756.0,-646.0
-145.0,20.0,136.0,100.0,-748.0,-640.0
-142.0,17.0,130.0,88.0,-748.0,-646.0
-160.0,10.0,128.0,63.0,-726.0,-654.0
-148.0,10.0,115.0,62.0,-708.0,-675.0
-162.0,16.0,108.0,62.0,-668.0,-680.0
-180.0,9.0,115.0,85.0,-635.0,-672.0
-226.0,-2.0,129.0,106.0,-625.0,-663.0
-155.0,3.0,108.0,112.0,-649.0,-638.0
-189.0,-7.0,121.0,84.0,-603.0,-606.0
-193.0,-7.0,127.0,115.0,-588.0,-576.0
-191.0,-4.0,131.0,153.0,-590.0,-557.0
-198.0,0.0,130.0,189.0,-588.0,-529.0
-194.0,-2.0,134.0,203.0,-587.0,-493.0
-193.0,4.0,141.0,196.0,-575.0,-460.0
-193.0,0.0,139.0,169.0,-561.0,-441.0
-171.0,0.0,138.0,167.0,-557.0,-413.0
-169.0,-2.0,147.0,189.0,-530.0,-396.0
-169.0,-2.0,147.0,212.0,-504.0,-381.0
-154.0,0.0,154.0,225.0,-477.0,-368.0
-147.0,0.0,158.0,240.0,-440.0,-351.0
-141.0,3.0,155.0,258.0,-414.0,-348.0
-152.0,3.0,160.0,257.0,-385.0,-352.0
-141.0,-1.0,166.0,252.0,-357.0,-338.0
-133.0,1.0,163.0,257.0,-323.0,-330.0
-138.0,0.0,163.0,256.0,-278.0,-323.0
-158.0,6.0,156.0,256.0,-222.0,-316.0
-123.0,15.0,164.0,238.0,-173.0,-313.0
-130.0,17.0,162.0,195.0,-107.0,-309.0
-141.0,1.0,153.0,187.0,-49.0,-284.0
-129.0,5.0,162.0,243.0,-27.0,-266.0
-136.0,12.0,161.0,286.0,9.0,-249.0
-138.0,18.0,154.0,299.0,57.0,-228.0
-150.0,20.0,158.0,291.0,113.0,-198.0
-147.0,23.0,157.0,271.0,147.0,-187.0
-147.0,32.0,154.0,237.0,183.0,-167.0
-159.0,30.0,155.0,213.0,232.0,-128.0
-159.0,33.0,158.0,203.0,269.0,-96.0
-167.0,27.0,155.0,192.0,296.0,-71.0
-166.0,33.0,145.0,170.0,317.0,-60.0
-162.0,40.0,141.0,146.0,345.0,-30.0
-171.0,28.0,149.0,133.0,404.0,20.0
-171.0,29.0,150.0,138.0,430.0,54.0
-171.0,29.0,152.0,140.0,434.0,70.0
-174.0,28.0,157.0,136.0,432.0,84.0
-169.0,30.0,153.0,144.0,415.0,90.0
-167.0,32.0,153.0,158.0,408.0,100.0
-164.0,37.0,140.0,180.0,417.0,109.0
-157.0,31.0,145.0,193.0,452.0,134.0
-177.0,27.0,158.0,195.0,478.0,135.0
-188.0,30.0,158.0,224.0,460.0,133.0
-160.0,25.0,158.0,234.0,437.0,139.0
-179.0,7.0,166.0,217.0,403.0,105.0
-169.0,18.0,143.0,262.0,305.0,35.0
-153.0,27.0,137.0,304.0,272.0,1.0
-171.0,36.0,129.0,339.0,270.0,-12.0
-191.0,41.0,122.0,373.0,278.0,-14.0
-195.0,44.0,121.0,379.0,274.0,-10.0
-195.0,40.0,116.0,362.0,254.0,-9.0
-196.0,42.0,117.0,341.0,221.0,-15.0
-199.0,43.0,112.0,317.0,190.0,-25.0
-194.0,42.0,110.0,290.0,164.0,-35.0
-199.0,46.0,114.0,257.0,140.0,-44.0
-193.0,48.0,105.0,219.0,115.0,-59.0
-189.0,43.0,108.0,190.0,92.0,-71.0
-194.0,45.0,104.0,176.0,76.0,-80.0
-191.0,43.0,100.0,164.0,57.0,-92.0
-189.0,40.0,100.0,140.0,44.0,-103.0
-192.0,42.0,104.0,118.0,28.0,-117.0
-190.0,35.0,104.0,86.0,8.0,-135.0
-188.0,30.0,106.0,51.0,-10.0,-153.0
-189.0,30.0,112.0,14.0,-25.0,-171.0
-187.0,29.0,108.0,-20.0,-37.0,-186.0
-187.0,29.0,109.0,-50.0,-39.0,-200.0
-192.0,18.0,109.0,-68.0,-40.0,-211.0
-195.0,18.0,106.0,-82.0,-42.0,-219.0
-194.0,13.0,109.0,-99.0,-45.0,-225.0
-198.0,7.0,112.0,-105.0,-41.0,-225.0
-203.0,8.0,111.0,-107.0,-43.0,-228.0
-201.0,1.0,113.0,-111.0,-40.0,-226.0
-202.0,2.0,117.0,-105.0,-39.0,-222.0
-201.0,0.0,120.0,-99.0,-31.0,-219.0
-199.0,-7.0,116.0,-94.0,-19.0,-214.0
-201.0,-3.0,113.0,-82.0,-8.0,-207.0
-199.0,-11.0,112.0,-71.0,5.0,-202.0
-202.0,-12.0,118.0,-62.0,19.0,-195.0
-200.0,-13.0,118.0,-60.0,33.0,-189.0
-196.0,-16.0,113.0,-51.0,41.0,-185.0
-201.0,-15.0,113.0,-42.0,57.0,-177.0
-199.0,-18.0,116.0,-31.0,72.0,-167.0
-199.0,-18.0,110.0,-19.0,80.0,-158.0
-199.0,-13.0,114.0,-15.0,89.0,-148.0
-192.0,-17.0,108.0,-10.0,100.0,-137.0
-198.0,-18.0,108.0,-9.0,112.0,-131.0
-198.0,-21.0,109.0,-2.0,116.0,-121.0
-198.0,-26.0,100.0,9.0,118.0,-111.0
-198.0,-18.0,102.0,12.0,115.0,-102.0
-197.0,-17.0,106.0,5.0,116.0,-93.0
-195.0,-18.0,108.0,-15.0,119.0,-86.0
-199.0,-22.0,104.0,-30.0,120.0,-78.0
-201.0,-20.0,104.0,-34.0,109.0,-72.0
-200.0,-18.0,98.0,-35.0,101.0,-66.0
-198.0,-19.0,97.0,-48.0,94.0,-62.0
-196.0,-22.0,96.0,-63.0,91.0,-57.0
-197.0,-19.0,96.0,-75.0,87.0,-53.0
-201.0,-18.0,96.0,-85.0,82.0,-51.0
-197.0,-18.0,97.0,-94.0,77.0,-46.0
-195.0,-19.0,98.0,-104.0,73.0,-44.0
-196.0,-22.0,93.0,-112.0,66.0,-39.0
-196.0,-21.0,98.0,-121.0,62.0,-37.0
-196.0,-23.0,94.0,-126.0,57.0,-34.0
-197.0,-22.0,100.0,-132.0,53.0,-29.0
-193.0,-20.0,99.0,-137.0,43.0,-27.0
-194.0,-24.0,101.0,-141.0,38.0,-24.0
-193.0,-21.0,99.0,-141.0,30.0,-19.0
-193.0,-24.0,98.0,-141.0,27.0,-14.0
-197.0,-26.0,100.0,-143.0,23.0,-11.0
-190.0,-21.0,98.0,-140.0,16.0,-6.0
-200.0,-25.0,101.0,-137.0,17.0,-2.0
-194.0,-19.0,102.0,-133.0,11.0,0.0
-194.0,-19.0,100.0,-127.0,7.0,4.0
-185.0,-18.0,100.0,-116.0,4.0,9.0
-196.0,-21.0,105.0,-106.0,-4.0,15.0
-194.0,-22.0,101.0,-95.0,-6.0,20.0
-193.0,-19.0,101.0,-94.0,-5.0,24.0
-196.0,-20.0,98.0,-94.0,-5.0,27.0
-196.0,-18.0,100.0,-93.0,-5.0,31.0
-198.0,-12.0,103.0,-90.0,-5.0,34.0
-195.0,-12.0,106.0,-83.0,-7.0,37.0
-195.0,-13.0,105.0,-79.0,-7.0,38.0
-197.0,-9.0,107.0,-74.0,-8.0,41.0
-196.0,-12.0,106.0,-68.0,-9.0,41.0
-194.0,-12.0,108.0,-60.0,-10.0,42.0
-197.0,-8.0,110.0,-53.0,-11.0,40.0
-196.0,-10.0,112.0,-47.0,-12.0,39.0
-197.0,-8.0,109.0,-39.0,-13.0,38.0
-195.0,-3.0,107.0,-31.0,-11.0,35.0
-191.0,-8.0,105.0,-27.0,-9.0,35.0
-197.0,-8.0,103.0,-22.0,-5.0,34.0
-193.0,-9.0,108.0,-18.0,-2.0,31.0
-193.0,-6.0,110.0,-12.0,1.0,30.0
-195.0,-5.0,106.0,-8.0,3.0,26.0
-193.0,-5.0,107.0,-4.0,5.0,23.0
-194.0,-5.0,108.0,-3.0,7.0,22.0
-192.0,-6.0,109.0,0.0,8.0,19.0
-193.0,-3.0,109.0,0.0,8.0,14.0
-192.0,-1.0,106.0,-3.0,9.0,14.0
-191.0,-2.0,105.0,-7.0,11.0,12.0
-192.0,-6.0,105.0,-11.0,12.0,10.0
-192.0,-6.0,108.0,-18.0,11.0,7.0
-195.0,0.0,108.0,-26.0,10.0,4.0
-191.0,0.0,107.0,-36.0,9.0,2.0
-190.0,-5.0,110.0,-46.0,7.0,-3.0
-192.0,-6.0,108.0,-54.0,2.0,-6.0
-193.0,-1.0,106.0,-60.0,0.0,-9.0
-193.0,-7.0,105.0,-66.0,-3.0,-11.0
-195.0,-9.0,107.0,-67.0,-5.0,-14.0
-193.0,-10.0,109.0,-64.0,-8.0,-19.0
-192.0,-9.0,110.0,-60.0,-8.0,-20.0
-193.0,-13.0,104.0,-53.0,-10.0,-24.0
-197.0,-10.0,105.0,-47.0,-10.0,-26.0
-193.0,-12.0,106.0,-40.0,-8.0,-30.0
-194.0,-10.0,109.0,-33.0,-7.0,-31.0
-193.0,-13.0,107.0,-29.0,-4.0,-33.0
-192.0,-13.0,109.0,-26.0,-1.0,-33.0
-196.0,-13.0,107.0,-23.0,4.0,-34.0
-194.0,-10.0,107.0,-23.0,8.0,-33.0
-195.0,-13.0,106.0,-24.0,12.0,-33.0
-194.0,-11.0,109.0,-28.0,16.0,-33.0
-194.0,-10.0,111.0,-28.0,20.0,-29.0
-192.0,-10.0,108.0,-30.0,22.0,-26.0
-192.0,-16.0,108.0,-33.0,27.0,-24.0
-192.0,-12.0,107.0,-34.0,32.0,-21.0
-193.0,-12.0,104.0,-35.0,35.0,-19.0
-192.0,-12.0,107.0,-41.0,35.0,-18.0
-194.0,-12.0,107.0,-44.0,36.0,-14.0
-192.0,-13.0,106.0,-49.0,35.0,-12.0
-191.0,-12.0,109.0,-57.0,35.0,-10.0
-192.0,-13.0,105.0,-65.0,35.0,-8.0
-192.0,-15.0,103.0,-75.0,33.0,-5.0
-193.0,-9.0,108.0,-81.0,30.0,-4.0
-194.0,-11.0,106.0,-91.0,28.0,-3.0
-193.0,-13.0,111.0,-95.0,26.0,0.0
-193.0,-11.0,103.0,-100.0,24.0,1.0
-193.0,-12.0,106.0,-103.0,22.0,3.0
-194.0,-12.0,103.0,-107.0,21.0,4.0
-193.0,-12.0,108.0,-105.0,17.0,4.0
-195.0,-11.0,103.0,-104.0,14.0,5.0
-195.0,-14.0,102.0,-103.0,12.0,5.0
-198.0,-9.0,106.0,-99.0,11.0,5.0
-200.0,-11.0,108.0,-95.0,10.0,5.0
-194.0,-9.0,106.0,-89.0,8.0,4.0
-194.0,-18.0,102.0,-83.0,6.0,5.0
-205.0,-12.0,98.0,-78.0,6.0,5.0
-199.0,-15.0,106.0,-72.0,5.0,3.0
-197.0,-12.0,105.0,-67.0,4.0,3.0
-196.0,-15.0,103.0,-59.0,3.0,3.0
-195.0,-14.0,107.0,-50.0,2.0,1.0
-197.0,-15.0,106.0,-40.0,0.0,0.0
-198.0,-15.0,106.0,-30.0,-1.0,0.0
-195.0,-14.0,102.0,-19.0,0.0,0.0
-199.0,-13.0,108.0,-10.0,2.0,0.0
-195.0,-16.0,101.0,-4.0,2.0,0.0
-200.0,-12.0,105.0,2.0,1.0,-1.0
-194.0,-11.0,108.0,6.0,3.0,0.0
-196.0,-9.0,103.0,7.0,4.0,1.0
-193.0,-10.0,108.0,7.0,6.0,5.0
-193.0,-8.0,105.0,3.0,8.0,5.0
-192.0,-9.0,107.0,0.0,10.0,6.0
-194.0,-7.0,112.0,-6.0,11.0,7.0
-192.0,-7.0,112.0,-12.0,15.0,8.0
-187.0,-6.0,108.0,-20.0,17.0,10.0
-191.0,-7.0,110.0,-29.0,19.0,11.0
-192.0,-13.0,108.0,-36.0,23.0,11.0
-186.0,-13.0,109.0,-40.0,25.0,10.0
-189.0,-11.0,107.0,-43.0,29.0,9.0
-191.0,-11.0,111.0,-45.0,33.0,9.0
-191.0,-11.0,111.0,-45.0,35.0,7.0
-191.0,-14.0,107.0,-45.0,42.0,6.0
-193.0,-10.0,107.0,-44.0,46.0,6.0
-190.0,-13.0,108.0,-48.0,50.0,6.0
-195.0,-7.0,106.0,-47.0,51.0,4.0
-193.0,-13.0,112.0,-48.0,54.0,4.0
-194.0,-10.0,104.0,-46.0,57.0,3.0
-194.0,-11.0,105.0,-47.0,58.0,3.0
-190.0,-9.0,104.0,-48.0,57.0,3.0
-194.0,-7.0,104.0,-50.0,59.0,4.0
-195.0,-10.0,105.0,-51.0,57.0,3.0
-195.0,-8.0,102.0,-52.0,58.0,2.0
-193.0,-11.0,104.0,-51.0,56.0,3.0
-193.0,-10.0,105.0,-51.0,55.0,3.0
-194.0,-6.0,106.0,-48.0,54.0,4.0
-194.0,-11.0,104.0,-43.0,52.0,3.0
-197.0,-11.0,99.0,-37.0,49.0,2.0
-196.0,-6.0,104.0,-32.0,47.0,2.0
-194.0,-7.0,106.0,-25.0,44.0,2.0
-196.0,-10.0,107.0,-18.0,42.0,0.0
-194.0,-10.0,106.0,-8.0,39.0,0.0
-196.0,-11.0,102.0,1.0,37.0,-2.0
-195.0,-10.0,103.0,10.0,33.0,-2.0
-197.0,-11.0,102.0,19.0,31.0,-1.0
-193.0,-11.0,104.0,25.0,27.0,-2.0
-197.0,-9.0,107.0,34.0,27.0,-3.0
-195.0,-9.0,104.0,38.0,24.0,-3.0
-197.0,-8.0,105.0,43.0,23.0,-3.0
-196.0,-11.0,99.0,46.0,21.0,-4.0
-198.0,-12.0,102.0,48.0,19.0,-4.0
-204.0,-11.0,101.0,53.0,17.0,-4.0
-195.0,-12.0,99.0,55.0,16.0,-5.0
-197.0,-9.0,102.0,56.0,15.0,-4.0
-201.0,-8.0,98.0,56.0,14.0,-6.0
-195.0,-10.0,103.0,57.0,12.0,-5.0
-197.0,-6.0,103.0,56.0,12.0,-7.0
-196.0,-9.0,101.0,50.0,10.0,-6.0
-201.0,-7.0,104.0,45.0,10.0,-6.0
