-3.0,-248.0,-78.0,-4.0,69.0,9.0
-4.0,-247.0,-75.0,-4.0,70.0,9.0
-3.0,-247.0,-77.0,-5.0,74.0,7.0
0.0,-245.0,-74.0,-6.0,75.0,9.0
-1.0,-246.0,-74.0,-7.0,78.0,7.0
-2.0,-247.0,-72.0,-8.0,79.0,10.0
-1.0,-247.0,-74.0,-7.0,79.0,8.0
-2.0,-246.0,-78.0,-5.0,80.0,10.0
-3.0,-247.0,-76.0,-5.0,82.0,11.0
-3.0,-246.0,-73.0,-5.0,82.0,15.0
3.0,-245.0,-73.0,-6.0,82.0,14.0
-6.0,-245.0,-76.0,-6.0,81.0,19.0
-3.0,-246.0,-76.0,-8.0,79.0,18.0
-4.0,-245.0,-78.0,-9.0,80.0,21.0
-5.0,-245.0,-77.0,-13.0,81.0,18.0
-2.0,-245.0,-79.0,-14.0,80.0,21.0
-5.0,-245.0,-76.0,-14.0,80.0,19.0
-4.0,-244.0,-79.0,-17.0,81.0,21.0
-3.0,-247.0,-78.0,-20.0,82.0,18.0
-4.0,-247.0,-78.0,-22.0,82.0,20.0
-7.0,-242.0,-78.0,-24.0,83.0,16.0
-2.0,-244.0,-77.0,-27.0,84.0,17.0
-4.0,-242.0,-80.0,-29.0,85.0,13.0
-6.0,-247.0,-78.0,-32.0,86.0,13.0
-8.0,-246.0,-81.0,-35.0,85.0,9.0
-5.0,-246.0,-76.0,-38.0,86.0,11.0
-4.0,-247.0,-78.0,-40.0,84.0,7.0
-8.0,-250.0,-77.0,-37.0,84.0,9.0
-8.0,-249.0,-78.0,-37.0,83.0,7.0
-4.0,-251.0,-78.0,-38.0,85.0,8.0
-4.0,-247.0,-79.0,-35.0,81.0,4.0
-4.0,-247.0,-81.0,-37.0,84.0,5.0
-6.0,-245.0,-83.0,-39.0,83.0,5.0
-4.0,-243.0,-82.0,-40.0,82.0,11.0
-5.0,-246.0,-82.0,-40.0,80.0,10.0
-3.0,-244.0,-82.0,-43.0,78.0,12.0
-5.0,-246.0,-82.0,-43.0,75.0,11.0
-6.0,-244.0,-77.0,-44.0,74.0,14.0
-6.0,-244.0,-78.0,-41.0,71.0,12.0
-2.0,-245.0,-80.0,-41.0,70.0,15.0
-2.0,-243.0,-78.0,-39.0,70.0,13.0
-4.0,-244.0,-82.0,-40.0,70.0,13.0
-3.0,-242.0,-86.0,-42.0,70.0,9.0
-4.0,-242.0,-84.0,-44.0,68.0,9.0
-2.0,-243.0,-87.0,-47.0,68.0,6.0
-4.0,-242.0,-87.0,-53.0,63.0,6.0
-5.0,-244.0,-81.0,-57.0,62.0,0.0
-3.0,-244.0,-87.0,-61.0,60.0,0.0
-7.0,-245.0,-82.0,-61.0,59.0,-6.0
-5.0,-242.0,-83.0,-62.0,60.0,-7.0
-1.0,-243.0,-84.0,-63.0,62.0,-10.0
-7.0,-242.0,-84.0,-63.0,61.0,-9.0
-3.0,-242.0,-83.0,-63.0,62.0,-13.0
-5.0,-243.0,-85.0,-63.0,63.0,-12.0
-5.0,-243.0,-84.0,-64.0,63.0,-13.0
-4.0,-245.0,-84.0,-65.0,63.0,-13.0
-5.0,-247.0,-84.0,-65.0,63.0,-15.0
-5.0,-243.0,-85.0,-65.0,63.0,-13.0
-5.0,-243.0,-86.0,-68.0,63.0,-12.0
-1.0,-245.0,-88.0,-69.0,64.0,-11.0
0.0,-244.0,-84.0,-71.0,66.0,-12.0
2.0,-244.0,-86.0,-71.0,69.0,-12.0
2.0,-244.0,-84.0,-73.0,73.0,-13.0
1.0,-246.0,-82.0,-72.0,76.0,-10.0
3.0,-244.0,-86.0,-73.0,80.0,-13.0
-4.0,-239.0,-84.0,-73.0,82.0,-12.0
-2.0,-245.0,-83.0,-70.0,85.0,-12.0
-1.0,-239.0,-91.0,-71.0,88.0,-10.0
1.0,-245.0,-85.0,-73.0,91.0,-10.0
3.0,-241.0,-86.0,-75.0,93.0,-9.0
0.0,-242.0,-91.0,-82.0,98.0,-10.0
0.0,-239.0,-88.0,-88.0,102.0,-8.0
-1.0,-241.0,-90.0,-97.0,108.0,-8.0
-3.0,-238.0,-91.0,-101.0,113.0,-7.0
-2.0,-241.0,-84.0,-105.0,117.0,-8.0
-3.0,-241.0,-81.0,-107.0,119.0,-6.0
-5.0,-241.0,-81.0,-107.0,121.0,-7.0
-4.0,-244.0,-82.0,-101.0,124.0,-7.0
-3.0,-243.0,-85.0,-99.0,125.0,-7.0
-4.0,-245.0,-82.0,-94.0,127.0,-8.0
-3.0,-244.0,-83.0,-94.0,129.0,-10.0
-2.0,-242.0,-85.0,-96.0,131.0,-11.0
-3.0,-240.0,-85.0,-102.0,134.0,-15.0
1.0,-241.0,-87.0,-110.0,140.0,-18.0
1.0,-236.0,-86.0,-120.0,146.0,-24.0
-2.0,-233.0,-87.0,-130.0,153.0,-29.0
-1.0,-235.0,-87.0,-139.0,158.0,-32.0
-4.0,-235.0,-87.0,-145.0,162.0,-37.0
-2.0,-234.0,-81.0,-149.0,165.0,-40.0
0.0,-237.0,-82.0,-151.0,164.0,-42.0
0.0,-235.0,-79.0,-147.0,165.0,-45.0
-1.0,-233.0,-78.0,-144.0,162.0,-44.0
-1.0,-230.0,-81.0,-140.0,161.0,-44.0
2.0,-230.0,-81.0,-137.0,161.0,-44.0
3.0,-229.0,-78.0,-136.0,162.0,-42.0
6.0,-226.0,-77.0,-136.0,161.0,-42.0
4.0,-226.0,-75.0,-137.0,159.0,-42.0
7.0,-227.0,-70.0,-135.0,157.0,-42.0
5.0,-228.0,-69.0,-131.0,153.0,-40.0
6.0,-228.0,-70.0,-124.0,148.0,-40.0
6.0,-228.0,-65.0,-114.0,143.0,-39.0
9.0,-230.0,-59.0,-104.0,138.0,-40.0
7.0,-230.0,-57.0,-93.0,133.0,-41.0
8.0,-231.0,-57.0,-80.0,123.0,-43.0
7.0,-230.0,-56.0,-69.0,112.0,-45.0
8.0,-229.0,-57.0,-60.0,102.0,-50.0
8.0,-229.0,-57.0,-54.0,91.0,-53.0
5.0,-227.0,-61.0,-52.0,79.0,-57.0
5.0,-229.0,-65.0,-53.0,69.0,-60.0
9.0,-230.0,-63.0,-60.0,62.0,-65.0
7.0,-229.0,-64.0,-65.0,54.0,-65.0
6.0,-230.0,-66.0,-74.0,48.0,-68.0
7.0,-230.0,-65.0,-80.0,40.0,-69.0
8.0,-232.0,-67.0,-85.0,34.0,-72.0
5.0,-227.0,-63.0,-90.0,25.0,-71.0
6.0,-233.0,-65.0,-91.0,17.0,-72.0
4.0,-233.0,-66.0,-92.0,8.0,-70.0
4.0,-234.0,-69.0,-88.0,-3.0,-70.0
0.0,-237.0,-69.0,-85.0,-12.0,-66.0
-2.0,-236.0,-68.0,-85.0,-24.0,-61.0
5.0,-239.0,-69.0,-89.0,-38.0,-56.0
6.0,-242.0,-71.0,-93.0,-44.0,-57.0
10.0,-247.0,-69.0,-92.0,-50.0,-51.0
6.0,-248.0,-70.0,-93.0,-53.0,-49.0
6.0,-250.0,-70.0,-92.0,-56.0,-43.0
10.0,-257.0,-73.0,-90.0,-59.0,-39.0
5.0,-256.0,-68.0,-85.0,-56.0,-34.0
10.0,-260.0,-67.0,-76.0,-54.0,-31.0
10.0,-259.0,-70.0,-63.0,-48.0,-27.0
12.0,-261.0,-70.0,-49.0,-42.0,-22.0
19.0,-263.0,-71.0,-33.0,-34.0,-13.0
17.0,-265.0,-68.0,-16.0,-27.0,-8.0
17.0,-260.0,-69.0,0.0,-20.0,5.0
19.0,-260.0,-67.0,12.0,-14.0,12.0
20.0,-259.0,-69.0,23.0,-8.0,25.0
19.0,-259.0,-72.0,34.0,-2.0,33.0
18.0,-257.0,-73.0,40.0,0.0,43.0
19.0,-254.0,-71.0,44.0,3.0,51.0
19.0,-253.0,-72.0,46.0,3.0,65.0
11.0,-246.0,-71.0,45.0,5.0,76.0
14.0,-241.0,-86.0,43.0,7.0,89.0
17.0,-245.0,-72.0,39.0,6.0,98.0
18.0,-245.0,-73.0,32.0,7.0,111.0
17.0,-244.0,-73.0,24.0,6.0,119.0
18.0,-242.0,-74.0,14.0,8.0,129.0
12.0,-241.0,-73.0,3.0,7.0,133.0
10.0,-242.0,-70.0,-7.0,6.0,141.0
6.0,-241.0,-69.0,-17.0,3.0,143.0
6.0,-239.0,-75.0,-28.0,0.0,151.0
2.0,-239.0,-75.0,-39.0,-5.0,153.0
0.0,-240.0,-75.0,-51.0,-9.0,157.0
-1.0,-237.0,-81.0,-63.0,-14.0,157.0
-3.0,-239.0,-81.0,-80.0,-21.0,159.0
-4.0,-240.0,-82.0,-101.0,-30.0,154.0
-7.0,-239.0,-84.0,-119.0,-37.0,152.0
-7.0,-241.0,-82.0,-136.0,-46.0,142.0
-11.0,-241.0,-86.0,-150.0,-53.0,138.0
-13.0,-238.0,-85.0,-162.0,-62.0,128.0
-17.0,-240.0,-86.0,-172.0,-73.0,121.0
-19.0,-241.0,-91.0,-183.0,-82.0,105.0
-21.0,-241.0,-88.0,-196.0,-90.0,93.0
-22.0,-241.0,-87.0,-212.0,-101.0,71.0
-24.0,-240.0,-91.0,-233.0,-112.0,55.0
-22.0,-239.0,-92.0,-249.0,-119.0,30.0
-23.0,-237.0,-92.0,-263.0,-126.0,7.0
-26.0,-237.0,-89.0,-277.0,-136.0,-22.0
-30.0,-234.0,-93.0,-292.0,-146.0,-49.0
-30.0,-236.0,-88.0,-302.0,-157.0,-80.0
-29.0,-230.0,-92.0,-308.0,-168.0,-108.0
-32.0,-223.0,-86.0,-312.0,-178.0,-139.0
-36.0,-220.0,-89.0,-317.0,-187.0,-173.0
-38.0,-213.0,-87.0,-326.0,-197.0,-206.0
-40.0,-207.0,-89.0,-336.0,-206.0,-231.0
-38.0,-204.0,-92.0,-348.0,-213.0,-255.0
-39.0,-197.0,-90.0,-366.0,-216.0,-275.0
-37.0,-195.0,-92.0,-388.0,-218.0,-295.0
-36.0,-189.0,-94.0,-410.0,-216.0,-311.0
-36.0,-186.0,-91.0,-440.0,-211.0,-326.0
-35.0,-184.0,-92.0,-471.0,-208.0,-337.0
-35.0,-177.0,-90.0,-504.0,-203.0,-351.0
-27.0,-173.0,-95.0,-543.0,-190.0,-359.0
-31.0,-173.0,-92.0,-573.0,-171.0,-367.0
-31.0,-170.0,-89.0,-599.0,-151.0,-369.0
-29.0,-172.0,-94.0,-619.0,-132.0,-373.0
-23.0,-172.0,-89.0,-628.0,-110.0,-374.0
-28.0,-175.0,-86.0,-628.0,-86.0,-377.0
-28.0,-177.0,-81.0,-621.0,-59.0,-371.0
-26.0,-178.0,-83.0,-607.0,-29.0,-364.0
-25.0,-179.0,-84.0,-588.0,3.0,-343.0
-22.0,-181.0,-78.0,-568.0,44.0,-324.0
-21.0,-185.0,-81.0,-556.0,81.0,-297.0
-16.0,-182.0,-76.0,-542.0,116.0,-270.0
-21.0,-182.0,-73.0,-525.0,152.0,-236.0
-20.0,-178.0,-74.0,-509.0,192.0,-202.0
-18.0,-179.0,-70.0,-496.0,232.0,-161.0
-12.0,-181.0,-63.0,-489.0,276.0,-124.0
-11.0,-184.0,-65.0,-479.0,324.0,-85.0
-9.0,-186.0,-62.0,-472.0,371.0,-51.0
-5.0,-187.0,-58.0,-456.0,430.0,-7.0
3.0,-192.0,-55.0,-441.0,479.0,23.0
6.0,-192.0,-50.0,-426.0,528.0,53.0
14.0,-195.0,-51.0,-410.0,578.0,75.0
20.0,-198.0,-47.0,-392.0,627.0,97.0
25.0,-203.0,-51.0,-374.0,677.0,112.0
35.0,-202.0,-54.0,-358.0,728.0,126.0
36.0,-201.0,-50.0,-346.0,772.0,134.0
39.0,-198.0,-50.0,-341.0,813.0,139.0
45.0,-201.0,-52.0,-342.0,852.0,137.0
42.0,-197.0,-53.0,-347.0,873.0,136.0
41.0,-199.0,-50.0,-357.0,887.0,136.0
39.0,-202.0,-46.0,-365.0,899.0,138.0
38.0,-206.0,-41.0,-366.0,909.0,142.0
31.0,-206.0,-43.0,-359.0,920.0,150.0
21.0,-205.0,-40.0,-345.0,931.0,163.0
15.0,-208.0,-41.0,-328.0,941.0,179.0
1.0,-207.0,-46.0,-314.0,949.0,198.0
-1.0,-209.0,-46.0,-310.0,951.0,223.0
-8.0,-207.0,-45.0,-314.0,951.0,242.0
-12.0,-208.0,-40.0,-320.0,947.0,260.0
-18.0,-209.0,-45.0,-325.0,946.0,280.0
-17.0,-208.0,-46.0,-332.0,945.0,301.0
-19.0,-211.0,-48.0,-340.0,948.0,317.0
-19.0,-216.0,-45.0,-347.0,945.0,330.0
-11.0,-220.0,-44.0,-357.0,938.0,337.0
-8.0,-222.0,-43.0,-367.0,930.0,336.0
-8.0,-228.0,-42.0,-369.0,919.0,331.0
5.0,-238.0,-38.0,-370.0,909.0,327.0
8.0,-239.0,-43.0,-365.0,897.0,318.0
20.0,-246.0,-39.0,-360.0,875.0,304.0
23.0,-253.0,-41.0,-356.0,851.0,294.0
32.0,-253.0,-39.0,-355.0,821.0,285.0
35.0,-253.0,-34.0,-355.0,788.0,273.0
44.0,-250.0,-35.0,-354.0,750.0,260.0
52.0,-241.0,-44.0,-349.0,711.0,245.0
57.0,-234.0,-40.0,-357.0,667.0,217.0
53.0,-233.0,-49.0,-370.0,637.0,198.0
52.0,-226.0,-53.0,-394.0,615.0,182.0
42.0,-216.0,-57.0,-426.0,596.0,177.0
32.0,-217.0,-61.0,-472.0,564.0,175.0
22.0,-213.0,-65.0,-534.0,512.0,173.0
7.0,-210.0,-64.0,-603.0,446.0,167.0
-1.0,-215.0,-58.0,-652.0,368.0,165.0
-5.0,-214.0,-57.0,-663.0,282.0,144.0
-14.0,-213.0,-63.0,-653.0,201.0,115.0
-27.0,-203.0,-68.0,-641.0,110.0,91.0
-18.0,-195.0,-68.0,-640.0,36.0,63.0
-54.0,-188.0,-67.0,-641.0,-30.0,28.0
-44.0,-175.0,-66.0,-660.0,-100.0,21.0
-68.0,-160.0,-59.0,-689.0,-169.0,-22.0
-63.0,-160.0,-63.0,-708.0,-236.0,-68.0
-64.0,-150.0,-62.0,-734.0,-304.0,-104.0
-67.0,-148.0,-65.0,-780.0,-375.0,-136.0
-75.0,-142.0,-65.0,-829.0,-444.0,-176.0
-76.0,-143.0,-58.0,-889.0,-541.0,-198.0
-86.0,-145.0,-64.0,-936.0,-611.0,-223.0
-82.0,-147.0,-64.0,-963.0,-687.0,-237.0
-82.0,-151.0,-72.0,-976.0,-749.0,-246.0
-80.0,-154.0,-77.0,-984.0,-800.0,-246.0
-74.0,-161.0,-87.0,-982.0,-831.0,-253.0
-73.0,-160.0,-92.0,-975.0,-850.0,-265.0
-67.0,-155.0,-109.0,-966.0,-849.0,-284.0
-52.0,-152.0,-127.0,-959.0,-829.0,-307.0
-44.0,-157.0,-152.0,-955.0,-773.0,-324.0
-35.0,-155.0,-165.0,-967.0,-709.0,-327.0
-19.0,-141.0,-172.0,-985.0,-650.0,-335.0
-5.0,-140.0,-174.0,-1003.0,-615.0,-349.0
8.0,-142.0,-174.0,-1028.0,-600.0,-372.0
22.0,-147.0,-177.0,-1063.0,-597.0,-393.0
39.0,-159.0,-183.0,-1101.0,-593.0,-410.0
53.0,-162.0,-182.0,-1140.0,-576.0,-406.0
60.0,-164.0,-186.0,-1164.0,-548.0,-388.0
79.0,-159.0,-186.0,-1172.0,-506.0,-368.0
88.0,-160.0,-197.0,-1164.0,-461.0,-357.0
95.0,-163.0,-209.0,-1165.0,-401.0,-333.0
96.0,-169.0,-212.0,-1184.0,-327.0,-319.0
99.0,-180.0,-223.0,-1222.0,-244.0,-299.0
97.0,-186.0,-226.0,-1278.0,-150.0,-286.0
88.0,-195.0,-232.0,-1339.0,-49.0,-272.0
80.0,-206.0,-246.0,-1403.0,61.0,-258.0
67.0,-212.0,-251.0,-1486.0,182.0,-228.0
48.0,-215.0,-252.0,-1584.0,323.0,-210.0
32.0,-220.0,-251.0,-1655.0,423.0,-192.0
19.0,-225.0,-252.0,-1724.0,510.0,-182.0
13.0,-230.0,-257.0,-1785.0,586.0,-172.0
2.0,-229.0,-260.0,-1852.0,653.0,-171.0
1.0,-224.0,-271.0,-1931.0,711.0,-163.0
0.0,-218.0,-278.0,-2018.0,762.0,-166.0
0.0,-208.0,-290.0,-2115.0,811.0,-169.0
1.0,-206.0,-295.0,-2212.0,857.0,-182.0
0.0,-203.0,-306.0,-2323.0,898.0,-191.0
4.0,-200.0,-318.0,-2416.0,923.0,-201.0
9.0,-197.0,-340.0,-2514.0,942.0,-207.0
16.0,-201.0,-352.0,-2628.0,963.0,-225.0
35.0,-198.0,-370.0,-2758.0,983.0,-244.0
50.0,-199.0,-378.0,-2902.0,1010.0,-281.0
55.0,-202.0,-385.0,-3042.0,1032.0,-326.0
67.0,-211.0,-391.0,-3178.0,1046.0,-382.0
73.0,-219.0,-385.0,-3300.0,1045.0,-455.0
76.0,-224.0,-377.0,-3412.0,1024.0,-521.0
70.0,-224.0,-366.0,-3475.0,989.0,-577.0
60.0,-222.0,-349.0,-3510.0,946.0,-631.0
50.0,-219.0,-332.0,-3528.0,892.0,-672.0
31.0,-213.0,-307.0,-3531.0,820.0,-716.0
17.0,-214.0,-279.0,-3525.0,732.0,-747.0
-10.0,-210.0,-251.0,-3511.0,617.0,-777.0
-23.0,-206.0,-230.0,-3497.0,478.0,-785.0
-41.0,-208.0,-215.0,-3501.0,323.0,-784.0
-54.0,-215.0,-186.0,-3535.0,116.0,-774.0
-60.0,-223.0,-159.0,-3565.0,-62.0,-777.0
-59.0,-235.0,-136.0,-3576.0,-229.0,-783.0
-47.0,-246.0,-113.0,-3573.0,-365.0,-795.0
-42.0,-252.0,-86.0,-3549.0,-463.0,-798.0
-37.0,-244.0,-64.0,-3512.0,-518.0,-803.0
-35.0,-237.0,-48.0,-3457.0,-543.0,-791.0
-25.0,-223.0,-26.0,-3403.0,-549.0,-778.0
-19.0,-202.0,-9.0,-3373.0,-552.0,-766.0
-11.0,-181.0,7.0,-3375.0,-547.0,-755.0
-6.0,-160.0,11.0,-3419.0,-528.0,-722.0
-1.0,-144.0,9.0,-3485.0,-504.0,-666.0
11.0,-132.0,3.0,-3583.0,-472.0,-596.0
26.0,-128.0,-4.0,-3678.0,-444.0,-535.0
33.0,-118.0,-23.0,-3739.0,-424.0,-469.0
34.0,-113.0,-43.0,-3735.0,-408.0,-405.0
32.0,-108.0,-73.0,-3669.0,-392.0,-350.0
22.0,-104.0,-92.0,-3570.0,-362.0,-298.0
24.0,-103.0,-116.0,-3455.0,-321.0,-244.0
32.0,-98.0,-126.0,-3310.0,-284.0,-203.0
46.0,-82.0,-137.0,-3192.0,-263.0,-154.0
52.0,-65.0,-154.0,-3088.0,-280.0,-114.0
67.0,-28.0,-177.0,-3012.0,-346.0,-88.0
64.0,5.0,-81.0,-2969.0,-430.0,-97.0
58.0,56.0,-57.0,-2789.0,-563.0,-129.0
60.0,105.0,-111.0,-2433.0,-715.0,-240.0
4.0,362.0,-355.0,-1740.0,-972.0,-457.0
-57.0,374.0,-262.0,-1145.0,-1343.0,-737.0
0.0,388.0,-368.0,-984.0,-1334.0,-878.0
-176.0,272.0,-371.0,-1571.0,-1347.0,-974.0
-162.0,213.0,-175.0,-2254.0,-725.0,-551.0
-193.0,386.0,-338.0,-1764.0,-939.0,-353.0
-180.0,334.0,-272.0,-1459.0,-731.0,-135.0
-137.0,442.0,-419.0,-1353.0,-499.0,92.0
-117.0,583.0,-489.0,-1070.0,-891.0,37.0
-77.0,689.0,-493.0,-970.0,-1421.0,-187.0
-60.0,618.0,-453.0,-614.0,-1669.0,-280.0
-45.0,558.0,-463.0,-187.0,-1713.0,-371.0
67.0,403.0,-579.0,-24.0,-1680.0,-478.0
19.0,174.0,-592.0,272.0,-1301.0,-397.0
-79.0,-39.0,-550.0,435.0,-996.0,-294.0
-54.0,-305.0,-468.0,477.0,-1019.0,-314.0
-8.0,37.0,-633.0,340.0,-1235.0,-382.0
-20.0,-19.0,-602.0,222.0,-1174.0,-308.0
-49.0,-234.0,-549.0,204.0,-1092.0,-248.0
-8.0,-8.0,-547.0,195.0,-1176.0,-124.0
74.0,260.0,-623.0,145.0,-1183.0,-56.0
0.0,203.0,-539.0,263.0,-1093.0,-67.0
80.0,25.0,-433.0,293.0,-1079.0,-95.0
83.0,134.0,-417.0,244.0,-1031.0,-51.0
96.0,323.0,-416.0,113.0,-912.0,-19.0
23.0,296.0,-422.0,24.0,-743.0,-64.0
-13.0,343.0,-450.0,-90.0,-589.0,-25.0
-6.0,212.0,-455.0,-111.0,-508.0,45.0
15.0,205.0,-355.0,-147.0,-430.0,51.0
-17.0,299.0,-402.0,-197.0,-462.0,1.0
-40.0,335.0,-426.0,-306.0,-456.0,-44.0
-38.0,142.0,-316.0,-433.0,-453.0,-50.0
8.0,142.0,-325.0,-334.0,-453.0,-36.0
-3.0,180.0,-324.0,-198.0,-440.0,-3.0
-58.0,128.0,-276.0,-138.0,-374.0,14.0
-18.0,140.0,-268.0,-115.0,-305.0,76.0
-17.0,141.0,-261.0,-184.0,-292.0,80.0
-73.0,108.0,-244.0,-230.0,-270.0,21.0
-11.0,116.0,-269.0,-155.0,-299.0,64.0
-20.0,147.0,-278.0,-48.0,-305.0,59.0
-26.0,135.0,-253.0,1.0,-317.0,41.0
-53.0,63.0,-203.0,74.0,-301.0,34.0
-58.0,182.0,-232.0,137.0,-270.0,66.0
-32.0,227.0,-261.0,85.0,-257.0,62.0
-32.0,110.0,-219.0,21.0,-243.0,74.0
-1.0,107.0,-206.0,72.0,-240.0,77.0
-3.0,114.0,-190.0,128.0,-238.0,23.0
-22.0,191.0,-233.0,137.0,-187.0,-15.0
-26.0,206.0,-225.0,78.0,-186.0,-31.0
-29.0,155.0,-203.0,6.0,-226.0,-47.0
-32.0,163.0,-206.0,14.0,-268.0,-13.0
-57.0,170.0,-193.0,0.0,-262.0,14.0
-29.0,170.0,-196.0,-46.0,-262.0,37.0
-54.0,156.0,-192.0,-74.0,-237.0,38.0
-66.0,146.0,-183.0,-61.0,-220.0,39.0
-60.0,169.0,-200.0,-14.0,-204.0,79.0
-65.0,178.0,-196.0,16.0,-193.0,89.0
-35.0,164.0,-197.0,10.0,-214.0,106.0
-45.0,182.0,-201.0,-6.0,-211.0,92.0
-61.0,171.0,-202.0,-38.0,-204.0,89.0
-56.0,178.0,-207.0,-78.0,-212.0,92.0
-58.0,150.0,-194.0,-113.0,-219.0,84.0
-52.0,169.0,-212.0,-127.0,-228.0,86.0
-49.0,121.0,-202.0,-136.0,-219.0,60.0
-60.0,119.0,-201.0,-80.0,-203.0,58.0
-63.0,159.0,-208.0,4.0,-185.0,73.0
-53.0,149.0,-206.0,27.0,-182.0,67.0
-72.0,155.0,-207.0,54.0,-164.0,55.0
-60.0,151.0,-214.0,102.0,-166.0,60.0
-51.0,123.0,-236.0,113.0,-181.0,48.0
-53.0,120.0,-243.0,61.0,-183.0,20.0
-45.0,97.0,-238.0,-21.0,-183.0,-1.0
-49.0,88.0,-240.0,-66.0,-173.0,-33.0
-44.0,78.0,-239.0,-65.0,-164.0,-48.0
-47.0,76.0,-241.0,-41.0,-157.0,-58.0
-49.0,86.0,-239.0,-14.0,-155.0,-62.0
-56.0,86.0,-238.0,7.0,-161.0,-70.0
-61.0,85.0,-234.0,34.0,-163.0,-71.0
-60.0,84.0,-236.0,64.0,-161.0,-80.0
-56.0,82.0,-236.0,95.0,-157.0,-83.0
-60.0,80.0,-240.0,127.0,-151.0,-91.0
-62.0,79.0,-245.0,159.0,-138.0,-92.0
-64.0,82.0,-248.0,186.0,-128.0,-98.0
-62.0,77.0,-251.0,220.0,-114.0,-97.0
-63.0,76.0,-251.0,242.0,-104.0,-101.0
-63.0,73.0,-258.0,263.0,-95.0,-100.0
-67.0,71.0,-257.0,279.0,-82.0,-102.0
-63.0,66.0,-258.0,286.0,-70.0,-100.0
-60.0,64.0,-263.0,291.0,-58.0,-100.0
-61.0,62.0,-263.0,292.0,-48.0,-98.0
-62.0,59.0,-267.0,293.0,-37.0,-99.0
-64.0,61.0,-269.0,289.0,-25.0,-95.0
-66.0,58.0,-270.0,282.0,-5.0,-97.0
-65.0,59.0,-265.0,273.0,17.0,-92.0
-67.0,54.0,-264.0,266.0,29.0,-91.0
-63.0,56.0,-263.0,261.0,33.0,-81.0
-60.0,56.0,-269.0,254.0,34.0,-74.0
-66.0,51.0,-251.0,247.0,33.0,-68.0
-71.0,60.0,-264.0,237.0,33.0,-66.0
-67.0,63.0,-269.0,230.0,33.0,-62.0
-62.0,68.0,-270.0,223.0,35.0,-59.0
-69.0,63.0,-276.0,219.0,40.0,-56.0
-61.0,60.0,-271.0,222.0,41.0,-58.0
-59.0,63.0,-263.0,219.0,40.0,-59.0
-65.0,55.0,-274.0,215.0,41.0,-61.0
-49.0,54.0,-256.0,216.0,40.0,-62.0
-58.0,58.0,-265.0,213.0,42.0,-62.0
-60.0,53.0,-258.0,203.0,41.0,-59.0
-62.0,53.0,-257.0,203.0,41.0,-60.0
-62.0,53.0,-263.0,206.0,41.0,-57.0
-54.0,56.0,-252.0,194.0,41.0,-61.0
-61.0,57.0,-255.0,183.0,40.0,-57.0
-53.0,52.0,-260.0,172.0,39.0,-58.0
-58.0,49.0,-252.0,160.0,39.0,-59.0
-63.0,55.0,-260.0,158.0,38.0,-65.0
-63.0,52.0,-255.0,147.0,41.0,-63.0
-64.0,51.0,-255.0,134.0,39.0,-60.0
-58.0,47.0,-252.0,126.0,40.0,-58.0
-61.0,50.0,-252.0,120.0,39.0,-56.0
-59.0,47.0,-256.0,117.0,37.0,-54.0
-73.0,51.0,-249.0,125.0,45.0,-47.0
-55.0,53.0,-260.0,142.0,45.0,-33.0
-54.0,49.0,-257.0,111.0,36.0,-33.0
-59.0,46.0,-250.0,90.0,27.0,-36.0
-62.0,52.0,-255.0,77.0,23.0,-38.0
-60.0,49.0,-251.0,67.0,23.0,-39.0
-61.0,47.0,-251.0,59.0,23.0,-37.0
-60.0,52.0,-251.0,53.0,25.0,-35.0
-61.0,48.0,-252.0,46.0,26.0,-33.0
-60.0,51.0,-255.0,44.0,25.0,-32.0
-60.0,44.0,-252.0,38.0,26.0,-28.0
-62.0,49.0,-252.0,31.0,27.0,-25.0
-62.0,52.0,-257.0,25.0,28.0,-21.0
-60.0,51.0,-256.0,18.0,28.0,-18.0
-61.0,50.0,-253.0,12.0,29.0,-17.0
-59.0,52.0,-256.0,5.0,29.0,-14.0
-60.0,54.0,-254.0,0.0,29.0,-13.0
-61.0,51.0,-251.0,-7.0,27.0,-11.0
-61.0,50.0,-255.0,-11.0,26.0,-10.0
-61.0,52.0,-253.0,-16.0,23.0,-9.0
-61.0,54.0,-250.0,-21.0,20.0,-9.0
-62.0,53.0,-255.0,-25.0,20.0,-8.0
-62.0,55.0,-255.0,-29.0,20.0,-7.0
-62.0,53.0,-250.0,-34.0,22.0,-6.0
-62.0,53.0,-252.0,-38.0,23.0,-4.0
-63.0,50.0,-255.0,-42.0,25.0,-4.0
-62.0,54.0,-255.0,-47.0,28.0,-1.0
-64.0,56.0,-256.0,-49.0,31.0,0.0
-64.0,53.0,-252.0,-52.0,33.0,2.0
-62.0,56.0,-256.0,-55.0,36.0,3.0
-65.0,53.0,-255.0,-55.0,38.0,5.0
-64.0,55.0,-251.0,-58.0,42.0,5.0
-64.0,54.0,-257.0,-60.0,44.0,7.0
-64.0,55.0,-254.0,-61.0,47.0,7.0
-64.0,54.0,-253.0,-62.0,49.0,10.0
-62.0,56.0,-255.0,-63.0,53.0,11.0
-64.0,55.0,-251.0,-64.0,57.0,12.0
-64.0,55.0,-251.0,-64.0,59.0,12.0
-64.0,58.0,-251.0,-63.0,62.0,13.0
-65.0,58.0,-255.0,-60.0,63.0,13.0
-60.0,55.0,-251.0,-59.0,64.0,14.0
-62.0,59.0,-253.0,-57.0,67.0,13.0
-67.0,56.0,-254.0,-55.0,67.0,14.0
-62.0,57.0,-254.0,-53.0,70.0,13.0
-62.0,57.0,-252.0,-52.0,73.0,15.0
-64.0,58.0,-254.0,-50.0,74.0,15.0
-62.0,58.0,-252.0,-48.0,76.0,15.0
-63.0,56.0,-250.0,-46.0,79.0,14.0
-62.0,53.0,-253.0,-45.0,80.0,17.0
-61.0,56.0,-251.0,-43.0,80.0,14.0
-61.0,57.0,-253.0,-41.0,80.0,14.0
-64.0,58.0,-250.0,-38.0,81.0,12.0
-60.0,55.0,-250.0,-36.0,82.0,13.0
-60.0,54.0,-251.0,-34.0,82.0,12.0
-62.0,57.0,-254.0,-32.0,83.0,13.0
-61.0,57.0,-250.0,-31.0,84.0,10.0
-60.0,57.0,-254.0,-28.0,85.0,12.0
-62.0,55.0,-249.0,-25.0,85.0,10.0
-63.0,56.0,-252.0,-23.0,86.0,11.0
-61.0,57.0,-250.0,-25.0,86.0,8.0
-62.0,57.0,-249.0,-23.0,87.0,11.0
-61.0,57.0,-251.0,-22.0,89.0,7.0
-61.0,57.0,-251.0,-20.0,90.0,9.0
-62.0,58.0,-247.0,-17.0,90.0,6.0
-59.0,58.0,-253.0,-15.0,91.0,7.0
-62.0,58.0,-252.0,-15.0,92.0,4.0
-63.0,60.0,-253.0,-13.0,89.0,6.0
-61.0,58.0,-249.0,-11.0,89.0,3.0
-60.0,55.0,-251.0,-12.0,88.0,5.0
-57.0,56.0,-253.0,-9.0,88.0,2.0
-62.0,58.0,-254.0,-8.0,86.0,3.0
-61.0,57.0,-252.0,-7.0,86.0,1.0
-62.0,54.0,-255.0,-6.0,84.0,4.0
-63.0,57.0,-251.0,-5.0,83.0,1.0
-61.0,55.0,-250.0,-6.0,83.0,3.0
-61.0,56.0,-253.0,-5.0,82.0,1.0
-60.0,57.0,-255.0,-5.0,81.0,2.0
-58.0,57.0,-256.0,-5.0,80.0,-1.0
-62.0,56.0,-251.0,-4.0,77.0,0.0
-58.0,57.0,-252.0,-4.0,77.0,-2.0
-61.0,57.0,-255.0,-2.0,75.0,-1.0
-59.0,56.0,-257.0,-2.0,73.0,-3.0
-60.0,55.0,-252.0,-2.0,70.0,0.0
-58.0,56.0,-255.0,-4.0,68.0,-4.0
-61.0,56.0,-257.0,-2.0,66.0,-2.0
-60.0,58.0,-255.0,-3.0,64.0,-4.0
-61.0,58.0,-252.0,-4.0,63.0,-4.0
-61.0,57.0,-253.0,-4.0,62.0,-5.0
-60.0,58.0,-253.0,-4.0,62.0,-2.0
-61.0,58.0,-252.0,-6.0,61.0,-5.0
-62.0,57.0,-253.0,-7.0,61.0,-2.0
-59.0,52.0,-250.0,-7.0,59.0,-3.0
-61.0,55.0,-254.0,-9.0,59.0,-3.0
-63.0,57.0,-255.0,-9.0,59.0,-4.0
-62.0,53.0,-252.0,-8.0,58.0,-2.0
-57.0,55.0,-249.0,-8.0,58.0,-4.0
-60.0,54.0,-256.0,-8.0,57.0,-2.0
-61.0,56.0,-255.0,-6.0,57.0,-5.0
-59.0,54.0,-252.0,-6.0,57.0,-4.0
-56.0,54.0,-254.0,-6.0,55.0,-5.0
-62.0,55.0,-255.0,-5.0,56.0,-3.0
-58.0,55.0,-254.0,-3.0,56.0,-6.0
-59.0,55.0,-251.0,-5.0,53.0,-4.0
-58.0,55.0,-249.0,-5.0,54.0,-5.0
-56.0,55.0,-253.0,-4.0,53.0,-4.0
-59.0,54.0,-252.0,-3.0,51.0,-6.0
-59.0,56.0,-255.0,0.0,50.0,-5.0
-59.0,55.0,-256.0,1.0,50.0,-8.0
-59.0,57.0,-255.0,2.0,49.0,-4.0
-62.0,58.0,-251.0,1.0,49.0,-9.0
-62.0,55.0,-255.0,1.0,48.0,-6.0
-61.0,57.0,-252.0,1.0,48.0,-8.0
-62.0,55.0,-252.0,1.0,46.0,-5.0
-61.0,56.0,-253.0,0.0,47.0,-7.0
-61.0,56.0,-255.0,-1.0,47.0,-6.0
-61.0,54.0,-251.0,-2.0,47.0,-8.0
-63.0,56.0,-251.0,-1.0,47.0,-5.0
-60.0,57.0,-253.0,-3.0,48.0,-8.0
-60.0,57.0,-253.0,-4.0,50.0,-6.0
-61.0,55.0,-252.0,-4.0,52.0,-6.0
-61.0,57.0,-253.0,-5.0,52.0,-4.0
-62.0,55.0,-252.0,-6.0,53.0,-5.0
-59.0,54.0,-251.0,-4.0,54.0,-4.0
-58.0,57.0,-251.0,-5.0,55.0,-7.0
-59.0,53.0,-252.0,-5.0,55.0,-5.0
-60.0,54.0,-251.0,-7.0,54.0,-5.0
-63.0,57.0,-255.0,-7.0,54.0,-3.0
-60.0,55.0,-250.0,-8.0,54.0,-4.0
-60.0,52.0,-253.0,-8.0,55.0,-4.0
-63.0,55.0,-253.0,-11.0,56.0,-4.0
-63.0,56.0,-254.0,-12.0,56.0,-3.0
-58.0,55.0,-258.0,-14.0,58.0,-3.0
-62.0,57.0,-252.0,-14.0,58.0,-2.0
-61.0,54.0,-252.0,-17.0,60.0,-2.0
-60.0,55.0,-252.0,-16.0,60.0,-1.0
-61.0,53.0,-253.0,-17.0,63.0,-1.0
-62.0,55.0,-252.0,-18.0,61.0,0.0
-60.0,55.0,-254.0,-20.0,63.0,-1.0
-63.0,56.0,-254.0,-22.0,63.0,-1.0
-61.0,56.0,-256.0,-22.0,61.0,0.0
-63.0,55.0,-254.0,-25.0,63.0,0.0
-62.0,55.0,-250.0,-26.0,62.0,2.0
-60.0,55.0,-251.0,-26.0,62.0,1.0
-62.0,54.0,-252.0,-27.0,63.0,1.0
-63.0,58.0,-251.0,-27.0,63.0,2.0
-63.0,58.0,-255.0,-28.0,63.0,2.0
-61.0,54.0,-253.0,-28.0,63.0,2.0
-61.0,56.0,-255.0,-27.0,64.0,1.0
