1.0,-123.0,-227.0,-908.0,30.0,10.0
2.0,-121.0,-219.0,-894.0,36.0,-5.0
7.0,-120.0,-224.0,-894.0,32.0,-2.0
2.0,-116.0,-218.0,-892.0,35.0,-3.0
5.0,-119.0,-217.0,-871.0,35.0,-12.0
-4.0,-118.0,-219.0,-854.0,33.0,-17.0
6.0,-111.0,-219.0,-845.0,35.0,-25.0
6.0,-114.0,-215.0,-844.0,35.0,-26.0
7.0,-110.0,-213.0,-842.0,42.0,-24.0
8.0,-112.0,-212.0,-845.0,43.0,-23.0
8.0,-112.0,-213.0,-844.0,40.0,-22.0
6.0,-99.0,-211.0,-859.0,39.0,-29.0
5.0,-101.0,-215.0,-867.0,37.0,-28.0
9.0,-98.0,-212.0,-871.0,41.0,-27.0
10.0,-95.0,-216.0,-885.0,42.0,-30.0
-1.0,-94.0,-210.0,-904.0,52.0,-44.0
12.0,-94.0,-213.0,-921.0,49.0,-45.0
11.0,-89.0,-218.0,-926.0,48.0,-15.0
2.0,-92.0,-221.0,-921.0,46.0,-16.0
10.0,-89.0,-216.0,-919.0,42.0,-37.0
9.0,-88.0,-225.0,-921.0,39.0,-35.0
7.0,-88.0,-227.0,-919.0,43.0,-30.0
6.0,-90.0,-227.0,-917.0,48.0,-32.0
8.0,-85.0,-226.0,-914.0,50.0,-36.0
4.0,-86.0,-227.0,-911.0,45.0,-27.0
7.0,-82.0,-225.0,-913.0,47.0,-16.0
-2.0,-92.0,-232.0,-915.0,42.0,-15.0
9.0,-83.0,-231.0,-916.0,40.0,-40.0
6.0,-77.0,-229.0,-908.0,34.0,-36.0
5.0,-80.0,-235.0,-900.0,33.0,-33.0
-2.0,-79.0,-236.0,-901.0,31.0,-40.0
11.0,-72.0,-238.0,-917.0,23.0,-50.0
13.0,-69.0,-240.0,-926.0,22.0,-32.0
5.0,-71.0,-240.0,-920.0,17.0,-21.0
9.0,-72.0,-244.0,-914.0,22.0,-18.0
10.0,-72.0,-245.0,-917.0,27.0,-6.0
12.0,-63.0,-241.0,-927.0,23.0,-4.0
15.0,-64.0,-246.0,-917.0,28.0,-6.0
14.0,-64.0,-250.0,-902.0,29.0,-2.0
13.0,-59.0,-250.0,-889.0,26.0,2.0
13.0,-59.0,-250.0,-882.0,29.0,4.0
14.0,-51.0,-248.0,-891.0,37.0,23.0
15.0,-53.0,-254.0,-893.0,33.0,17.0
16.0,-52.0,-254.0,-894.0,31.0,20.0
16.0,-44.0,-246.0,-918.0,39.0,61.0
3.0,-44.0,-255.0,-957.0,58.0,72.0
10.0,-45.0,-256.0,-934.0,53.0,41.0
9.0,-46.0,-256.0,-895.0,44.0,21.0
9.0,-45.0,-254.0,-866.0,35.0,11.0
8.0,-43.0,-254.0,-848.0,25.0,7.0
12.0,-44.0,-256.0,-836.0,19.0,6.0
16.0,-41.0,-254.0,-822.0,12.0,7.0
15.0,-42.0,-257.0,-809.0,4.0,8.0
15.0,-43.0,-250.0,-799.0,-2.0,8.0
14.0,-39.0,-253.0,-789.0,-7.0,7.0
14.0,-32.0,-251.0,-779.0,-7.0,7.0
14.0,-36.0,-252.0,-765.0,-6.0,9.0
14.0,-36.0,-250.0,-752.0,-9.0,8.0
15.0,-35.0,-247.0,-743.0,-8.0,6.0
15.0,-32.0,-248.0,-733.0,-8.0,5.0
11.0,-27.0,-246.0,-724.0,-8.0,5.0
11.0,-30.0,-245.0,-715.0,-10.0,4.0
16.0,-29.0,-245.0,-704.0,-12.0,5.0
13.0,-28.0,-243.0,-693.0,-13.0,4.0
7.0,-25.0,-242.0,-683.0,-15.0,6.0
10.0,-22.0,-238.0,-673.0,-20.0,6.0
10.0,-21.0,-246.0,-664.0,-24.0,5.0
14.0,-26.0,-247.0,-657.0,-30.0,1.0
8.0,-22.0,-242.0,-646.0,-32.0,-3.0
8.0,-16.0,-243.0,-633.0,-34.0,-12.0
5.0,-17.0,-240.0,-620.0,-34.0,-17.0
10.0,-14.0,-246.0,-611.0,-37.0,-24.0
11.0,-12.0,-241.0,-606.0,-33.0,-30.0
10.0,-10.0,-243.0,-602.0,-31.0,-37.0
13.0,-13.0,-240.0,-601.0,-27.0,-45.0
14.0,-10.0,-241.0,-600.0,-25.0,-50.0
10.0,-4.0,-243.0,-597.0,-23.0,-58.0
15.0,-6.0,-240.0,-597.0,-19.0,-65.0
11.0,-1.0,-243.0,-597.0,-18.0,-67.0
11.0,-4.0,-250.0,-597.0,-17.0,-71.0
13.0,-1.0,-247.0,-597.0,-19.0,-71.0
11.0,2.0,-245.0,-595.0,-21.0,-72.0
12.0,4.0,-247.0,-594.0,-24.0,-73.0
11.0,4.0,-247.0,-594.0,-25.0,-74.0
15.0,4.0,-253.0,-592.0,-26.0,-72.0
14.0,7.0,-250.0,-591.0,-29.0,-75.0
10.0,8.0,-250.0,-589.0,-30.0,-72.0
10.0,12.0,-250.0,-588.0,-32.0,-74.0
14.0,11.0,-248.0,-586.0,-33.0,-72.0
15.0,10.0,-249.0,-583.0,-32.0,-71.0
14.0,12.0,-247.0,-582.0,-31.0,-69.0
16.0,14.0,-247.0,-577.0,-30.0,-69.0
16.0,13.0,-251.0,-572.0,-29.0,-64.0
14.0,14.0,-248.0,-567.0,-27.0,-57.0
13.0,15.0,-248.0,-559.0,-25.0,-52.0
15.0,11.0,-250.0,-548.0,-22.0,-45.0
11.0,18.0,-250.0,-535.0,-19.0,-40.0
9.0,16.0,-247.0,-519.0,-18.0,-37.0
4.0,18.0,-246.0,-508.0,-21.0,-33.0
8.0,17.0,-248.0,-498.0,-25.0,-27.0
7.0,17.0,-249.0,-491.0,-28.0,-23.0
6.0,20.0,-247.0,-484.0,-28.0,-18.0
5.0,22.0,-241.0,-479.0,-26.0,-14.0
5.0,24.0,-249.0,-473.0,-23.0,-13.0
6.0,22.0,-244.0,-470.0,-22.0,-10.0
8.0,23.0,-242.0,-470.0,-20.0,-7.0
7.0,26.0,-242.0,-470.0,-18.0,-4.0
7.0,29.0,-240.0,-472.0,-20.0,-4.0
7.0,26.0,-241.0,-473.0,-18.0,-3.0
9.0,26.0,-241.0,-474.0,-19.0,-3.0
9.0,26.0,-239.0,-472.0,-22.0,-3.0
6.0,25.0,-238.0,-470.0,-23.0,-3.0
6.0,26.0,-238.0,-467.0,-24.0,-2.0
4.0,23.0,-237.0,-463.0,-24.0,-2.0
7.0,20.0,-236.0,-460.0,-24.0,-1.0
4.0,23.0,-239.0,-457.0,-24.0,3.0
4.0,24.0,-237.0,-454.0,-27.0,5.0
3.0,24.0,-234.0,-452.0,-31.0,7.0
9.0,26.0,-232.0,-448.0,-38.0,9.0
3.0,22.0,-233.0,-444.0,-41.0,10.0
5.0,25.0,-231.0,-438.0,-43.0,10.0
5.0,24.0,-229.0,-432.0,-45.0,11.0
4.0,25.0,-230.0,-426.0,-47.0,14.0
6.0,24.0,-233.0,-424.0,-47.0,15.0
4.0,27.0,-226.0,-422.0,-45.0,17.0
3.0,26.0,-229.0,-420.0,-42.0,17.0
7.0,26.0,-222.0,-419.0,-41.0,20.0
7.0,33.0,-226.0,-421.0,-40.0,20.0
8.0,28.0,-225.0,-422.0,-37.0,19.0
10.0,31.0,-230.0,-426.0,-34.0,19.0
6.0,31.0,-230.0,-432.0,-32.0,18.0
9.0,29.0,-229.0,-436.0,-33.0,16.0
6.0,33.0,-229.0,-441.0,-33.0,15.0
5.0,31.0,-232.0,-443.0,-35.0,16.0
8.0,29.0,-235.0,-444.0,-36.0,16.0
15.0,34.0,-228.0,-444.0,-37.0,17.0
7.0,29.0,-235.0,-444.0,-37.0,19.0
5.0,29.0,-238.0,-442.0,-35.0,22.0
5.0,35.0,-240.0,-439.0,-32.0,25.0
4.0,32.0,-236.0,-436.0,-27.0,29.0
6.0,34.0,-241.0,-436.0,-23.0,32.0
6.0,33.0,-236.0,-435.0,-16.0,34.0
3.0,33.0,-236.0,-437.0,-10.0,36.0
7.0,34.0,-237.0,-439.0,-4.0,38.0
4.0,36.0,-238.0,-441.0,-1.0,41.0
6.0,34.0,-240.0,-445.0,4.0,42.0
6.0,35.0,-238.0,-449.0,5.0,43.0
6.0,33.0,-241.0,-452.0,9.0,44.0
5.0,34.0,-238.0,-453.0,12.0,44.0
8.0,33.0,-231.0,-455.0,12.0,46.0
5.0,34.0,-239.0,-456.0,8.0,45.0
6.0,36.0,-238.0,-457.0,6.0,46.0
4.0,37.0,-241.0,-463.0,3.0,46.0
4.0,35.0,-238.0,-468.0,0.0,46.0
4.0,40.0,-242.0,-475.0,1.0,47.0
5.0,33.0,-241.0,-481.0,-1.0,46.0
7.0,36.0,-240.0,-487.0,-4.0,46.0
1.0,33.0,-235.0,-489.0,-7.0,50.0
4.0,32.0,-238.0,-490.0,-8.0,50.0
3.0,31.0,-240.0,-491.0,-12.0,52.0
7.0,35.0,-237.0,-490.0,-15.0,52.0
3.0,34.0,-237.0,-492.0,-19.0,56.0
2.0,33.0,-237.0,-492.0,-24.0,62.0
4.0,34.0,-233.0,-491.0,-31.0,67.0
4.0,29.0,-237.0,-489.0,-36.0,71.0
0.0,31.0,-231.0,-488.0,-37.0,75.0
1.0,28.0,-230.0,-483.0,-39.0,80.0
4.0,28.0,-227.0,-480.0,-39.0,85.0
2.0,28.0,-226.0,-476.0,-40.0,90.0
1.0,30.0,-226.0,-473.0,-39.0,93.0
1.0,28.0,-227.0,-470.0,-42.0,99.0
3.0,32.0,-227.0,-471.0,-47.0,101.0
5.0,32.0,-231.0,-472.0,-54.0,106.0
3.0,31.0,-227.0,-476.0,-60.0,109.0
2.0,33.0,-228.0,-480.0,-66.0,112.0
0.0,33.0,-226.0,-483.0,-71.0,116.0
-1.0,31.0,-231.0,-487.0,-75.0,116.0
-1.0,30.0,-230.0,-491.0,-79.0,116.0
0.0,30.0,-225.0,-493.0,-82.0,117.0
-3.0,29.0,-225.0,-492.0,-83.0,120.0
-2.0,27.0,-224.0,-491.0,-83.0,123.0
-4.0,27.0,-221.0,-488.0,-83.0,129.0
-4.0,25.0,-220.0,-488.0,-85.0,134.0
-5.0,28.0,-221.0,-486.0,-86.0,140.0
-4.0,25.0,-217.0,-488.0,-86.0,149.0
-4.0,30.0,-216.0,-488.0,-86.0,153.0
-4.0,28.0,-210.0,-489.0,-83.0,163.0
-4.0,29.0,-216.0,-494.0,-81.0,169.0
-4.0,33.0,-214.0,-502.0,-79.0,176.0
-4.0,30.0,-214.0,-513.0,-80.0,188.0
-4.0,33.0,-208.0,-528.0,-78.0,197.0
-3.0,28.0,-210.0,-541.0,-76.0,207.0
-4.0,32.0,-207.0,-555.0,-73.0,220.0
-4.0,36.0,-205.0,-572.0,-69.0,229.0
-4.0,35.0,-205.0,-591.0,-66.0,243.0
-4.0,36.0,-203.0,-612.0,-63.0,252.0
-6.0,30.0,-199.0,-634.0,-60.0,262.0
-4.0,29.0,-201.0,-653.0,-58.0,273.0
-6.0,28.0,-199.0,-673.0,-60.0,282.0
-6.0,26.0,-200.0,-691.0,-64.0,294.0
-3.0,29.0,-204.0,-705.0,-70.0,305.0
-4.0,26.0,-195.0,-717.0,-73.0,314.0
-3.0,20.0,-193.0,-723.0,-73.0,324.0
-2.0,16.0,-186.0,-727.0,-74.0,335.0
0.0,11.0,-186.0,-729.0,-74.0,345.0
0.0,10.0,-187.0,-734.0,-76.0,357.0
1.0,8.0,-184.0,-737.0,-77.0,365.0
-3.0,14.0,-181.0,-735.0,-76.0,379.0
-1.0,8.0,-183.0,-734.0,-70.0,392.0
1.0,6.0,-178.0,-736.0,-58.0,407.0
2.0,-1.0,-176.0,-739.0,-44.0,421.0
7.0,-2.0,-171.0,-745.0,-23.0,433.0
5.0,2.0,-171.0,-745.0,-5.0,440.0
8.0,-3.0,-164.0,-735.0,15.0,443.0
4.0,-1.0,-162.0,-719.0,38.0,445.0
7.0,-4.0,-156.0,-702.0,58.0,447.0
5.0,-4.0,-157.0,-682.0,78.0,450.0
-1.0,-5.0,-157.0,-656.0,101.0,448.0
-3.0,-6.0,-158.0,-623.0,128.0,446.0
-5.0,-4.0,-158.0,-585.0,156.0,446.0
-6.0,-2.0,-157.0,-545.0,184.0,445.0
-16.0,1.0,-145.0,-511.0,211.0,446.0
-20.0,8.0,-142.0,-492.0,230.0,449.0
-27.0,10.0,-136.0,-486.0,239.0,451.0
-34.0,11.0,-132.0,-480.0,244.0,458.0
-38.0,11.0,-136.0,-473.0,239.0,469.0
-47.0,8.0,-136.0,-462.0,226.0,483.0
-50.0,0.0,-133.0,-449.0,208.0,499.0
-47.0,-3.0,-136.0,-436.0,183.0,516.0
-43.0,-8.0,-137.0,-422.0,147.0,531.0
-39.0,-6.0,-135.0,-405.0,103.0,547.0
-38.0,-1.0,-133.0,-391.0,53.0,552.0
-38.0,-3.0,-131.0,-387.0,2.0,554.0
-36.0,-4.0,-132.0,-392.0,-34.0,545.0
-34.0,-4.0,-133.0,-388.0,-39.0,532.0
-35.0,4.0,-132.0,-358.0,-20.0,515.0
-36.0,10.0,-137.0,-293.0,13.0,495.0
-32.0,9.0,-144.0,-202.0,57.0,471.0
-38.0,5.0,-156.0,-73.0,121.0,448.0
-40.0,6.0,-174.0,82.0,209.0,438.0
-51.0,19.0,-190.0,240.0,323.0,447.0
-48.0,26.0,-204.0,393.0,449.0,468.0
-52.0,37.0,-206.0,539.0,585.0,497.0
-47.0,48.0,-212.0,679.0,731.0,539.0
-39.0,62.0,-204.0,810.0,876.0,600.0
-22.0,79.0,-205.0,900.0,989.0,685.0
-5.0,91.0,-200.0,935.0,1069.0,790.0
3.0,100.0,-201.0,925.0,1116.0,908.0
3.0,109.0,-184.0,885.0,1147.0,1030.0
7.0,105.0,-177.0,844.0,1165.0,1143.0
10.0,96.0,-166.0,817.0,1186.0,1266.0
12.0,90.0,-159.0,816.0,1220.0,1391.0
16.0,87.0,-155.0,831.0,1258.0,1506.0
22.0,76.0,-154.0,855.0,1302.0,1594.0
37.0,70.0,-144.0,893.0,1363.0,1641.0
46.0,66.0,-144.0,944.0,1440.0,1653.0
40.0,67.0,-136.0,1001.0,1530.0,1644.0
41.0,62.0,-130.0,1058.0,1615.0,1633.0
48.0,61.0,-126.0,1092.0,1705.0,1625.0
44.0,68.0,-118.0,1098.0,1801.0,1603.0
42.0,67.0,-111.0,1068.0,1889.0,1590.0
43.0,63.0,-107.0,1017.0,1973.0,1592.0
34.0,67.0,-120.0,959.0,2057.0,1618.0
40.0,72.0,-149.0,881.0,2135.0,1661.0
50.0,68.0,-158.0,784.0,2221.0,1711.0
58.0,68.0,-157.0,718.0,2297.0,1769.0
59.0,76.0,-163.0,689.0,2340.0,1826.0
66.0,84.0,-163.0,662.0,2376.0,1870.0
75.0,94.0,-168.0,636.0,2412.0,1909.0
92.0,102.0,-168.0,602.0,2458.0,1926.0
103.0,117.0,-166.0,562.0,2525.0,1911.0
120.0,124.0,-164.0,509.0,2611.0,1888.0
141.0,136.0,-168.0,432.0,2726.0,1857.0
174.0,148.0,-183.0,334.0,2843.0,1813.0
191.0,161.0,-209.0,215.0,2940.0,1754.0
201.0,168.0,-230.0,70.0,3019.0,1690.0
217.0,169.0,-253.0,-87.0,3106.0,1607.0
226.0,158.0,-282.0,-253.0,3208.0,1524.0
220.0,140.0,-297.0,-417.0,3305.0,1437.0
212.0,120.0,-307.0,-578.0,3383.0,1361.0
203.0,95.0,-305.0,-719.0,3440.0,1293.0
181.0,58.0,-294.0,-830.0,3497.0,1241.0
147.0,19.0,-263.0,-896.0,3556.0,1194.0
116.0,-18.0,-225.0,-918.0,3605.0,1167.0
97.0,-42.0,-191.0,-864.0,3643.0,1140.0
92.0,-47.0,-148.0,-774.0,3651.0,1113.0
95.0,-32.0,-123.0,-687.0,3617.0,1069.0
103.0,-4.0,-101.0,-633.0,3540.0,1017.0
120.0,37.0,-73.0,-605.0,3449.0,957.0
139.0,68.0,-57.0,-599.0,3367.0,879.0
161.0,117.0,-30.0,-607.0,3317.0,784.0
178.0,168.0,-13.0,-623.0,3301.0,663.0
201.0,217.0,-13.0,-648.0,3328.0,499.0
209.0,264.0,-18.0,-683.0,3393.0,302.0
227.0,287.0,-16.0,-720.0,3487.0,91.0
254.0,298.0,-20.0,-741.0,3613.0,-118.0
324.0,308.0,-2.0,-745.0,3788.0,-348.0
387.0,299.0,3.0,-674.0,4103.0,-680.0
455.0,300.0,-26.0,-533.0,4356.0,-946.0
299.0,307.0,-65.0,-547.0,4671.0,-1070.0
316.0,336.0,-61.0,-798.0,4807.0,-881.0
398.0,355.0,-14.0,-1200.0,4664.0,-631.0
483.0,418.0,19.0,-1524.0,4348.0,-381.0
535.0,473.0,41.0,-1708.0,4000.0,-37.0
668.0,556.0,40.0,-1658.0,3685.0,314.0
817.0,604.0,-25.0,-1367.0,3456.0,552.0
933.0,544.0,-93.0,-897.0,3358.0,845.0
984.0,443.0,-141.0,-376.0,3176.0,1350.0
1018.0,383.0,-135.0,98.0,2823.0,1963.0
990.0,342.0,-100.0,485.0,2532.0,2490.0
934.0,345.0,-81.0,753.0,2417.0,2908.0
869.0,381.0,-66.0,867.0,2407.0,3144.0
816.0,417.0,-63.0,813.0,2439.0,3187.0
754.0,443.0,-29.0,601.0,2521.0,3103.0
683.0,458.0,38.0,295.0,2616.0,2922.0
601.0,464.0,108.0,-3.0,2735.0,2669.0
508.0,429.0,177.0,-246.0,2881.0,2344.0
424.0,388.0,209.0,-418.0,3009.0,1960.0
322.0,295.0,236.0,-510.0,3055.0,1565.0
226.0,190.0,245.0,-544.0,2995.0,1194.0
179.0,80.0,248.0,-492.0,2873.0,881.0
127.0,20.0,232.0,-306.0,2729.0,619.0
102.0,-12.0,213.0,-38.0,2557.0,441.0
87.0,-47.0,209.0,238.0,2355.0,312.0
77.0,-65.0,204.0,466.0,2146.0,209.0
82.0,-63.0,201.0,631.0,1944.0,128.0
89.0,-49.0,190.0,733.0,1762.0,54.0
89.0,-34.0,183.0,774.0,1622.0,-37.0
91.0,-10.0,168.0,775.0,1508.0,-112.0
78.0,-1.0,157.0,753.0,1423.0,-165.0
68.0,11.0,148.0,726.0,1346.0,-197.0
68.0,13.0,146.0,716.0,1282.0,-213.0
78.0,15.0,141.0,744.0,1225.0,-217.0
84.0,20.0,140.0,791.0,1180.0,-210.0
91.0,14.0,133.0,839.0,1168.0,-181.0
95.0,5.0,134.0,859.0,1144.0,-126.0
99.0,-3.0,129.0,841.0,1099.0,-58.0
107.0,-15.0,125.0,817.0,1045.0,24.0
109.0,-22.0,118.0,802.0,989.0,112.0
101.0,-24.0,110.0,788.0,945.0,212.0
98.0,-24.0,108.0,758.0,901.0,314.0
92.0,-13.0,111.0,716.0,851.0,420.0
104.0,0.0,109.0,682.0,805.0,514.0
131.0,13.0,116.0,658.0,780.0,591.0
153.0,29.0,115.0,659.0,758.0,640.0
162.0,39.0,115.0,669.0,739.0,673.0
170.0,46.0,119.0,654.0,709.0,713.0
172.0,50.0,122.0,608.0,680.0,754.0
183.0,47.0,121.0,547.0,641.0,792.0
191.0,44.0,118.0,484.0,597.0,819.0
193.0,36.0,109.0,428.0,555.0,834.0
206.0,30.0,97.0,379.0,500.0,849.0
209.0,23.0,87.0,334.0,451.0,850.0
223.0,22.0,81.0,300.0,424.0,860.0
220.0,20.0,71.0,261.0,397.0,865.0
238.0,20.0,72.0,223.0,357.0,856.0
238.0,16.0,63.0,193.0,337.0,845.0
252.0,10.0,61.0,161.0,331.0,830.0
264.0,10.0,56.0,135.0,337.0,802.0
276.0,15.0,57.0,122.0,344.0,760.0
277.0,19.0,58.0,109.0,341.0,713.0
292.0,22.0,51.0,91.0,323.0,658.0
304.0,25.0,48.0,54.0,316.0,601.0
309.0,24.0,51.0,6.0,328.0,548.0
309.0,27.0,47.0,-39.0,337.0,501.0
312.0,27.0,48.0,-82.0,339.0,454.0
317.0,19.0,48.0,-113.0,335.0,410.0
318.0,14.0,52.0,-135.0,328.0,367.0
318.0,15.0,50.0,-151.0,315.0,322.0
317.0,12.0,52.0,-168.0,301.0,283.0
320.0,9.0,60.0,-181.0,287.0,246.0
323.0,4.0,65.0,-187.0,274.0,215.0
319.0,4.0,70.0,-188.0,262.0,186.0
317.0,4.0,73.0,-189.0,251.0,159.0
313.0,4.0,76.0,-191.0,243.0,138.0
304.0,2.0,75.0,-192.0,236.0,116.0
299.0,0.0,78.0,-193.0,233.0,94.0
293.0,-1.0,80.0,-196.0,229.0,73.0
286.0,-2.0,82.0,-203.0,222.0,51.0
278.0,-4.0,82.0,-210.0,214.0,32.0
271.0,-3.0,86.0,-214.0,207.0,10.0
257.0,-6.0,88.0,-222.0,204.0,-8.0
249.0,-11.0,87.0,-225.0,197.0,-18.0
243.0,-10.0,94.0,-221.0,185.0,-32.0
234.0,-17.0,99.0,-210.0,169.0,-55.0
223.0,-18.0,99.0,-197.0,146.0,-74.0
216.0,-16.0,104.0,-187.0,122.0,-89.0
213.0,-13.0,110.0,-181.0,98.0,-99.0
206.0,-10.0,108.0,-179.0,63.0,-110.0
203.0,-10.0,107.0,-180.0,27.0,-121.0
200.0,-10.0,109.0,-181.0,-10.0,-128.0
198.0,-10.0,105.0,-192.0,-43.0,-137.0
201.0,-16.0,109.0,-206.0,-70.0,-150.0
202.0,-15.0,107.0,-214.0,-89.0,-169.0
204.0,-20.0,110.0,-216.0,-106.0,-189.0
204.0,-19.0,107.0,-210.0,-122.0,-200.0
203.0,-18.0,108.0,-200.0,-143.0,-202.0
204.0,-13.0,107.0,-196.0,-168.0,-206.0
204.0,-5.0,111.0,-190.0,-179.0,-202.0
208.0,-2.0,112.0,-169.0,-193.0,-194.0
209.0,-3.0,111.0,-150.0,-206.0,-191.0
213.0,-2.0,109.0,-130.0,-222.0,-194.0
209.0,-1.0,109.0,-112.0,-249.0,-198.0
211.0,4.0,106.0,-98.0,-283.0,-200.0
212.0,1.0,104.0,-83.0,-316.0,-197.0
213.0,3.0,103.0,-67.0,-349.0,-194.0
218.0,-1.0,105.0,-51.0,-377.0,-190.0
219.0,-4.0,107.0,-33.0,-401.0,-189.0
224.0,-4.0,106.0,-17.0,-415.0,-191.0
226.0,-6.0,105.0,-3.0,-423.0,-192.0
229.0,-5.0,108.0,8.0,-431.0,-194.0
234.0,-4.0,104.0,14.0,-436.0,-195.0
226.0,-6.0,109.0,22.0,-452.0,-188.0
233.0,-4.0,104.0,40.0,-489.0,-181.0
244.0,1.0,100.0,57.0,-517.0,-168.0
242.0,0.0,101.0,73.0,-527.0,-151.0
245.0,0.0,94.0,92.0,-536.0,-133.0
248.0,1.0,92.0,111.0,-550.0,-121.0
252.0,5.0,86.0,123.0,-571.0,-111.0
259.0,8.0,82.0,133.0,-592.0,-100.0
264.0,12.0,78.0,138.0,-613.0,-84.0
265.0,11.0,74.0,135.0,-637.0,-70.0
257.0,16.0,73.0,134.0,-664.0,-47.0
261.0,11.0,71.0,138.0,-688.0,-27.0
262.0,18.0,70.0,151.0,-712.0,-11.0
265.0,13.0,68.0,160.0,-728.0,5.0
261.0,12.0,67.0,165.0,-738.0,24.0
262.0,12.0,57.0,169.0,-740.0,43.0
263.0,11.0,59.0,175.0,-735.0,59.0
259.0,14.0,57.0,165.0,-724.0,68.0
260.0,12.0,50.0,153.0,-725.0,77.0
260.0,8.0,40.0,143.0,-723.0,81.0
263.0,15.0,40.0,134.0,-706.0,89.0
257.0,12.0,39.0,109.0,-679.0,92.0
259.0,14.0,41.0,85.0,-657.0,86.0
253.0,10.0,39.0,74.0,-630.0,81.0
255.0,9.0,39.0,69.0,-611.0,72.0
261.0,13.0,36.0,62.0,-594.0,64.0
269.0,4.0,50.0,55.0,-581.0,58.0
251.0,6.0,29.0,83.0,-595.0,44.0
240.0,4.0,34.0,94.0,-615.0,54.0
255.0,5.0,36.0,96.0,-607.0,80.0
275.0,9.0,29.0,109.0,-549.0,82.0
264.0,6.0,32.0,125.0,-497.0,68.0
256.0,1.0,30.0,139.0,-501.0,56.0
253.0,-1.0,33.0,143.0,-524.0,43.0
265.0,0.0,28.0,136.0,-530.0,29.0
267.0,-3.0,34.0,118.0,-501.0,24.0
252.0,-6.0,29.0,111.0,-468.0,29.0
245.0,-6.0,24.0,118.0,-460.0,34.0
240.0,-8.0,23.0,136.0,-463.0,41.0
239.0,-7.0,25.0,162.0,-473.0,54.0
240.0,-5.0,23.0,196.0,-475.0,70.0
227.0,-7.0,28.0,223.0,-459.0,89.0
218.0,-6.0,22.0,255.0,-461.0,109.0
223.0,-7.0,21.0,296.0,-464.0,121.0
231.0,-3.0,19.0,334.0,-457.0,130.0
236.0,-1.0,12.0,373.0,-436.0,139.0
223.0,1.0,8.0,397.0,-412.0,167.0
229.0,8.0,5.0,403.0,-404.0,196.0
240.0,8.0,3.0,405.0,-406.0,199.0
238.0,7.0,6.0,410.0,-409.0,199.0
243.0,5.0,4.0,420.0,-408.0,199.0
234.0,4.0,2.0,427.0,-395.0,200.0
229.0,-2.0,-2.0,419.0,-395.0,192.0
237.0,-6.0,-2.0,396.0,-421.0,172.0
252.0,-13.0,5.0,371.0,-458.0,125.0
268.0,-27.0,8.0,354.0,-489.0,52.0
268.0,-40.0,16.0,352.0,-481.0,-23.0
256.0,-53.0,15.0,365.0,-443.0,-79.0
250.0,-48.0,21.0,360.0,-407.0,-141.0
252.0,-47.0,32.0,331.0,-397.0,-205.0
266.0,-35.0,33.0,305.0,-406.0,-277.0
270.0,-25.0,36.0,284.0,-393.0,-360.0
262.0,-10.0,36.0,258.0,-356.0,-413.0
258.0,-3.0,44.0,216.0,-331.0,-457.0
260.0,2.0,45.0,161.0,-315.0,-507.0
262.0,5.0,44.0,111.0,-299.0,-541.0
264.0,8.0,43.0,65.0,-278.0,-561.0
266.0,11.0,41.0,24.0,-252.0,-579.0
272.0,12.0,31.0,-9.0,-229.0,-595.0
281.0,20.0,28.0,-27.0,-206.0,-604.0
300.0,26.0,19.0,-27.0,-182.0,-599.0
305.0,32.0,13.0,-16.0,-165.0,-572.0
315.0,38.0,7.0,-1.0,-168.0,-535.0
324.0,40.0,4.0,19.0,-189.0,-497.0
329.0,40.0,2.0,53.0,-227.0,-462.0
327.0,33.0,-4.0,88.0,-276.0,-426.0
316.0,32.0,-5.0,113.0,-321.0,-383.0
310.0,29.0,-4.0,139.0,-361.0,-330.0
296.0,25.0,-6.0,160.0,-389.0,-268.0
284.0,22.0,-14.0,176.0,-410.0,-202.0
274.0,21.0,-10.0,191.0,-422.0,-139.0
271.0,23.0,-15.0,211.0,-433.0,-86.0
264.0,21.0,-20.0,230.0,-439.0,-42.0
255.0,18.0,-13.0,239.0,-441.0,2.0
250.0,12.0,-17.0,234.0,-439.0,48.0
249.0,6.0,-16.0,227.0,-432.0,83.0
243.0,2.0,-10.0,224.0,-416.0,110.0
235.0,-4.0,-11.0,228.0,-395.0,134.0
234.0,-4.0,-13.0,236.0,-371.0,151.0
237.0,-4.0,-4.0,247.0,-346.0,158.0
237.0,-1.0,-6.0,260.0,-319.0,158.0
236.0,5.0,-5.0,279.0,-292.0,151.0
242.0,10.0,-2.0,302.0,-271.0,144.0
241.0,19.0,-2.0,329.0,-251.0,130.0
250.0,22.0,0.0,352.0,-236.0,112.0
248.0,28.0,-1.0,382.0,-215.0,81.0
244.0,30.0,1.0,410.0,-191.0,56.0
250.0,31.0,2.0,423.0,-171.0,35.0
253.0,33.0,2.0,422.0,-158.0,13.0
254.0,26.0,4.0,412.0,-145.0,-11.0
253.0,25.0,-1.0,397.0,-134.0,-38.0
249.0,27.0,0.0,379.0,-120.0,-57.0
260.0,17.0,-3.0,353.0,-108.0,-69.0
259.0,19.0,-4.0,331.0,-96.0,-94.0
258.0,22.0,1.0,309.0,-80.0,-108.0
260.0,21.0,-6.0,274.0,-63.0,-120.0
258.0,25.0,-7.0,234.0,-47.0,-141.0
265.0,28.0,-5.0,193.0,-31.0,-162.0
263.0,30.0,-9.0,148.0,-9.0,-178.0
264.0,30.0,-8.0,116.0,10.0,-191.0
261.0,34.0,-6.0,86.0,25.0,-202.0
261.0,36.0,-8.0,64.0,38.0,-208.0
266.0,37.0,-8.0,48.0,47.0,-214.0
269.0,40.0,-5.0,41.0,60.0,-216.0
266.0,35.0,-5.0,33.0,70.0,-207.0
262.0,36.0,-6.0,20.0,72.0,-196.0
263.0,38.0,-8.0,11.0,72.0,-185.0
262.0,36.0,-4.0,9.0,72.0,-173.0
263.0,34.0,-8.0,16.0,72.0,-158.0
259.0,31.0,-5.0,24.0,72.0,-140.0
258.0,32.0,-5.0,35.0,75.0,-124.0
256.0,31.0,-3.0,47.0,78.0,-109.0
258.0,31.0,-5.0,58.0,85.0,-93.0
258.0,27.0,-4.0,68.0,95.0,-80.0
255.0,30.0,-3.0,79.0,107.0,-67.0
256.0,31.0,-4.0,92.0,119.0,-57.0
255.0,32.0,-1.0,98.0,129.0,-44.0
258.0,29.0,5.0,104.0,137.0,-30.0
257.0,30.0,3.0,109.0,144.0,-17.0
260.0,25.0,3.0,113.0,150.0,-6.0
260.0,27.0,8.0,118.0,154.0,6.0
261.0,30.0,6.0,124.0,155.0,17.0
263.0,26.0,3.0,126.0,153.0,25.0
262.0,28.0,7.0,130.0,150.0,37.0
259.0,26.0,6.0,132.0,146.0,47.0
264.0,23.0,7.0,135.0,140.0,55.0
265.0,20.0,8.0,141.0,134.0,62.0
264.0,23.0,6.0,151.0,125.0,66.0
261.0,21.0,5.0,162.0,114.0,68.0
262.0,22.0,4.0,172.0,102.0,67.0
264.0,18.0,9.0,182.0,92.0,64.0
264.0,18.0,8.0,191.0,82.0,62.0
259.0,22.0,8.0,196.0,77.0,61.0
259.0,20.0,9.0,197.0,75.0,58.0
258.0,20.0,10.0,191.0,73.0,53.0
261.0,18.0,11.0,180.0,74.0,50.0
258.0,17.0,14.0,166.0,77.0,48.0
257.0,20.0,14.0,151.0,78.0,43.0
257.0,17.0,15.0,131.0,73.0,35.0
257.0,19.0,16.0,109.0,69.0,30.0
253.0,14.0,14.0,90.0,63.0,25.0
254.0,16.0,14.0,72.0,53.0,20.0
252.0,15.0,13.0,61.0,47.0,17.0
256.0,11.0,12.0,55.0,38.0,16.0
252.0,10.0,10.0,53.0,37.0,18.0
252.0,9.0,6.0,57.0,34.0,20.0
252.0,11.0,8.0,62.0,30.0,22.0
254.0,8.0,9.0,67.0,26.0,24.0
252.0,10.0,8.0,74.0,24.0,28.0
253.0,11.0,7.0,82.0,20.0,29.0
253.0,7.0,9.0,90.0,17.0,29.0
253.0,8.0,8.0,98.0,15.0,29.0
253.0,11.0,9.0,105.0,14.0,27.0
254.0,11.0,4.0,112.0,15.0,26.0
255.0,10.0,7.0,114.0,14.0,22.0
254.0,12.0,10.0,114.0,17.0,19.0
253.0,11.0,8.0,112.0,16.0,16.0
255.0,11.0,11.0,108.0,16.0,12.0
255.0,10.0,10.0,105.0,15.0,10.0
252.0,7.0,21.0,102.0,16.0,4.0
253.0,15.0,9.0,102.0,18.0,1.0
253.0,18.0,6.0,101.0,18.0,-3.0
253.0,18.0,10.0,99.0,18.0,-5.0
255.0,16.0,8.0,98.0,16.0,-11.0
253.0,16.0,9.0,96.0,13.0,-14.0
256.0,16.0,9.0,96.0,12.0,-17.0
252.0,18.0,11.0,96.0,12.0,-18.0
254.0,16.0,8.0,93.0,10.0,-21.0
254.0,15.0,10.0,90.0,12.0,-25.0
254.0,12.0,8.0,92.0,16.0,-31.0
254.0,13.0,10.0,93.0,17.0,-33.0
254.0,15.0,11.0,94.0,17.0,-35.0
257.0,13.0,10.0,97.0,18.0,-39.0
257.0,14.0,9.0,102.0,17.0,-45.0
255.0,15.0,9.0,109.0,16.0,-50.0
257.0,16.0,11.0,109.0,15.0,-54.0
255.0,19.0,10.0,108.0,13.0,-57.0
253.0,18.0,11.0,105.0,13.0,-59.0
255.0,19.0,10.0,101.0,9.0,-61.0
