10.0,-231.0,-102.0,-465.0,50.0,12.0
6.0,-230.0,-103.0,-461.0,40.0,5.0
7.0,-229.0,-108.0,-459.0,32.0,-2.0
5.0,-232.0,-110.0,-467.0,29.0,-2.0
7.0,-233.0,-110.0,-471.0,27.0,-3.0
3.0,-231.0,-116.0,-470.0,26.0,-2.0
4.0,-229.0,-115.0,-467.0,20.0,-4.0
0.0,-228.0,-116.0,-464.0,12.0,-4.0
0.0,-228.0,-119.0,-467.0,1.0,-3.0
0.0,-233.0,-118.0,-474.0,-5.0,1.0
4.0,-231.0,-115.0,-473.0,-10.0,0.0
1.0,-233.0,-116.0,-464.0,-16.0,-7.0
1.0,-229.0,-119.0,-451.0,-23.0,-11.0
0.0,-233.0,-120.0,-443.0,-31.0,-13.0
-2.0,-234.0,-125.0,-443.0,-42.0,-12.0
-1.0,-230.0,-126.0,-446.0,-50.0,-15.0
-3.0,-228.0,-125.0,-455.0,-58.0,-13.0
-2.0,-224.0,-128.0,-460.0,-64.0,-11.0
-3.0,-225.0,-127.0,-468.0,-66.0,-10.0
-1.0,-226.0,-123.0,-474.0,-68.0,-10.0
0.0,-223.0,-122.0,-472.0,-67.0,-12.0
0.0,-224.0,-125.0,-466.0,-70.0,-15.0
0.0,-224.0,-126.0,-472.0,-68.0,-14.0
1.0,-220.0,-128.0,-475.0,-68.0,-17.0
0.0,-214.0,-125.0,-476.0,-67.0,-19.0
3.0,-215.0,-127.0,-475.0,-68.0,-23.0
2.0,-210.0,-129.0,-475.0,-70.0,-28.0
4.0,-215.0,-133.0,-485.0,-70.0,-30.0
5.0,-212.0,-133.0,-502.0,-72.0,-28.0
8.0,-212.0,-128.0,-522.0,-71.0,-30.0
5.0,-208.0,-132.0,-537.0,-74.0,-33.0
4.0,-204.0,-131.0,-543.0,-74.0,-38.0
6.0,-206.0,-130.0,-544.0,-74.0,-41.0
3.0,-207.0,-136.0,-550.0,-74.0,-42.0
8.0,-209.0,-135.0,-560.0,-73.0,-43.0
8.0,-204.0,-131.0,-564.0,-74.0,-40.0
9.0,-206.0,-136.0,-564.0,-73.0,-36.0
6.0,-204.0,-135.0,-566.0,-73.0,-31.0
4.0,-204.0,-134.0,-571.0,-70.0,-32.0
12.0,-204.0,-132.0,-578.0,-69.0,-33.0
10.0,-205.0,-132.0,-582.0,-66.0,-37.0
8.0,-202.0,-136.0,-585.0,-65.0,-40.0
12.0,-204.0,-135.0,-588.0,-66.0,-46.0
8.0,-206.0,-137.0,-590.0,-67.0,-53.0
11.0,-210.0,-130.0,-597.0,-70.0,-56.0
13.0,-209.0,-138.0,-598.0,-69.0,-60.0
14.0,-207.0,-139.0,-596.0,-67.0,-63.0
12.0,-207.0,-136.0,-595.0,-61.0,-64.0
12.0,-207.0,-138.0,-597.0,-56.0,-68.0
11.0,-208.0,-137.0,-599.0,-49.0,-72.0
11.0,-208.0,-136.0,-600.0,-41.0,-81.0
10.0,-209.0,-135.0,-607.0,-34.0,-86.0
5.0,-208.0,-136.0,-618.0,-28.0,-98.0
6.0,-205.0,-140.0,-629.0,-23.0,-98.0
6.0,-212.0,-138.0,-639.0,-21.0,-97.0
6.0,-210.0,-139.0,-648.0,-25.0,-97.0
3.0,-214.0,-139.0,-652.0,-30.0,-99.0
2.0,-216.0,-146.0,-655.0,-39.0,-107.0
1.0,-215.0,-144.0,-660.0,-47.0,-115.0
3.0,-214.0,-147.0,-662.0,-46.0,-125.0
4.0,-216.0,-149.0,-654.0,-45.0,-130.0
1.0,-219.0,-148.0,-640.0,-47.0,-133.0
4.0,-218.0,-149.0,-623.0,-45.0,-135.0
1.0,-214.0,-150.0,-600.0,-38.0,-143.0
3.0,-218.0,-155.0,-574.0,-37.0,-148.0
-1.0,-218.0,-154.0,-553.0,-39.0,-148.0
0.0,-216.0,-156.0,-532.0,-37.0,-152.0
0.0,-211.0,-156.0,-510.0,-41.0,-151.0
5.0,-210.0,-159.0,-485.0,-48.0,-149.0
3.0,-208.0,-155.0,-458.0,-54.0,-147.0
6.0,-210.0,-155.0,-431.0,-59.0,-144.0
10.0,-208.0,-159.0,-405.0,-65.0,-141.0
13.0,-206.0,-158.0,-381.0,-68.0,-138.0
12.0,-202.0,-162.0,-360.0,-73.0,-138.0
12.0,-203.0,-166.0,-345.0,-76.0,-138.0
13.0,-204.0,-165.0,-332.0,-77.0,-133.0
9.0,-201.0,-164.0,-320.0,-79.0,-131.0
12.0,-199.0,-167.0,-313.0,-81.0,-125.0
12.0,-198.0,-162.0,-310.0,-80.0,-120.0
16.0,-199.0,-166.0,-307.0,-77.0,-115.0
14.0,-199.0,-162.0,-307.0,-74.0,-108.0
18.0,-197.0,-162.0,-303.0,-72.0,-104.0
16.0,-196.0,-163.0,-305.0,-68.0,-96.0
16.0,-193.0,-163.0,-307.0,-63.0,-89.0
16.0,-192.0,-162.0,-309.0,-57.0,-82.0
12.0,-196.0,-165.0,-310.0,-53.0,-69.0
11.0,-190.0,-166.0,-309.0,-46.0,-65.0
12.0,-192.0,-164.0,-306.0,-37.0,-58.0
8.0,-188.0,-166.0,-300.0,-31.0,-52.0
10.0,-188.0,-167.0,-291.0,-27.0,-43.0
10.0,-187.0,-167.0,-277.0,-23.0,-36.0
10.0,-188.0,-167.0,-262.0,-19.0,-28.0
6.0,-186.0,-165.0,-242.0,-13.0,-20.0
11.0,-184.0,-165.0,-223.0,-6.0,-11.0
5.0,-184.0,-166.0,-201.0,-1.0,-2.0
5.0,-182.0,-163.0,-180.0,9.0,4.0
7.0,-182.0,-164.0,-158.0,17.0,11.0
4.0,-180.0,-167.0,-137.0,29.0,16.0
7.0,-179.0,-163.0,-119.0,36.0,21.0
3.0,-178.0,-166.0,-106.0,42.0,20.0
6.0,-179.0,-167.0,-96.0,45.0,27.0
7.0,-178.0,-165.0,-88.0,47.0,30.0
5.0,-174.0,-164.0,-82.0,51.0,34.0
8.0,-173.0,-153.0,-78.0,53.0,37.0
8.0,-174.0,-166.0,-73.0,55.0,43.0
8.0,-172.0,-168.0,-70.0,61.0,46.0
10.0,-170.0,-170.0,-70.0,66.0,49.0
11.0,-172.0,-168.0,-74.0,69.0,54.0
15.0,-171.0,-170.0,-75.0,74.0,58.0
14.0,-171.0,-169.0,-77.0,77.0,64.0
14.0,-169.0,-170.0,-81.0,81.0,67.0
11.0,-168.0,-172.0,-82.0,85.0,70.0
13.0,-167.0,-168.0,-85.0,86.0,74.0
9.0,-167.0,-171.0,-86.0,89.0,80.0
11.0,-167.0,-171.0,-88.0,92.0,84.0
7.0,-169.0,-170.0,-87.0,97.0,87.0
7.0,-165.0,-173.0,-85.0,100.0,88.0
4.0,-167.0,-173.0,-79.0,105.0,92.0
3.0,-166.0,-176.0,-74.0,110.0,93.0
2.0,-162.0,-176.0,-66.0,112.0,94.0
1.0,-164.0,-175.0,-60.0,112.0,93.0
1.0,-164.0,-173.0,-50.0,112.0,92.0
0.0,-162.0,-181.0,-41.0,109.0,90.0
-2.0,-163.0,-178.0,-30.0,104.0,88.0
-2.0,-165.0,-180.0,-21.0,100.0,83.0
-2.0,-165.0,-176.0,-14.0,97.0,76.0
0.0,-165.0,-178.0,-7.0,95.0,68.0
-4.0,-166.0,-177.0,3.0,99.0,58.0
-2.0,-164.0,-174.0,13.0,102.0,49.0
-2.0,-163.0,-174.0,27.0,109.0,42.0
-1.0,-164.0,-177.0,38.0,118.0,31.0
1.0,-161.0,-173.0,48.0,128.0,21.0
-1.0,-162.0,-170.0,56.0,131.0,13.0
1.0,-161.0,-174.0,65.0,132.0,5.0
2.0,-159.0,-171.0,73.0,135.0,-3.0
4.0,-159.0,-169.0,79.0,134.0,-15.0
4.0,-164.0,-172.0,85.0,132.0,-21.0
5.0,-164.0,-171.0,88.0,131.0,-29.0
6.0,-163.0,-172.0,89.0,128.0,-36.0
4.0,-165.0,-172.0,91.0,122.0,-42.0
7.0,-165.0,-168.0,89.0,116.0,-44.0
7.0,-166.0,-170.0,91.0,109.0,-45.0
8.0,-168.0,-178.0,94.0,100.0,-37.0
9.0,-170.0,-174.0,97.0,95.0,-39.0
5.0,-169.0,-170.0,104.0,91.0,-37.0
6.0,-166.0,-175.0,114.0,86.0,-33.0
3.0,-166.0,-169.0,126.0,80.0,-27.0
6.0,-167.0,-170.0,139.0,75.0,-23.0
6.0,-166.0,-168.0,156.0,69.0,-17.0
3.0,-163.0,-166.0,177.0,66.0,-9.0
8.0,-160.0,-169.0,197.0,65.0,-2.0
5.0,-161.0,-165.0,217.0,64.0,6.0
10.0,-159.0,-164.0,240.0,59.0,11.0
5.0,-158.0,-163.0,263.0,54.0,14.0
6.0,-154.0,-163.0,281.0,52.0,17.0
6.0,-154.0,-160.0,296.0,49.0,20.0
7.0,-155.0,-158.0,309.0,51.0,22.0
7.0,-154.0,-159.0,320.0,56.0,26.0
7.0,-151.0,-156.0,324.0,66.0,30.0
10.0,-156.0,-155.0,327.0,77.0,36.0
11.0,-153.0,-153.0,327.0,88.0,41.0
9.0,-155.0,-159.0,325.0,101.0,50.0
7.0,-151.0,-154.0,321.0,113.0,53.0
12.0,-155.0,-161.0,315.0,126.0,59.0
12.0,-152.0,-158.0,306.0,138.0,62.0
8.0,-155.0,-163.0,299.0,148.0,69.0
9.0,-158.0,-160.0,290.0,159.0,76.0
11.0,-159.0,-160.0,281.0,172.0,82.0
15.0,-160.0,-161.0,279.0,186.0,90.0
9.0,-161.0,-164.0,285.0,197.0,97.0
11.0,-164.0,-160.0,294.0,205.0,106.0
15.0,-166.0,-162.0,305.0,213.0,116.0
10.0,-165.0,-166.0,320.0,215.0,129.0
12.0,-161.0,-161.0,337.0,222.0,130.0
7.0,-161.0,-166.0,357.0,223.0,136.0
7.0,-164.0,-162.0,379.0,225.0,144.0
5.0,-164.0,-168.0,400.0,229.0,153.0
5.0,-164.0,-167.0,418.0,232.0,163.0
6.0,-161.0,-169.0,434.0,229.0,174.0
4.0,-162.0,-168.0,453.0,228.0,187.0
5.0,-158.0,-167.0,472.0,228.0,197.0
1.0,-158.0,-169.0,492.0,229.0,206.0
0.0,-159.0,-168.0,508.0,228.0,218.0
4.0,-158.0,-163.0,523.0,232.0,227.0
-3.0,-158.0,-166.0,539.0,237.0,235.0
1.0,-159.0,-168.0,552.0,246.0,243.0
-1.0,-157.0,-166.0,561.0,258.0,252.0
3.0,-157.0,-167.0,571.0,266.0,260.0
1.0,-152.0,-160.0,581.0,273.0,268.0
-1.0,-153.0,-157.0,590.0,279.0,273.0
-1.0,-152.0,-163.0,599.0,288.0,279.0
-2.0,-147.0,-161.0,610.0,299.0,286.0
3.0,-149.0,-164.0,621.0,309.0,295.0
7.0,-146.0,-162.0,633.0,316.0,304.0
6.0,-146.0,-160.0,647.0,326.0,312.0
8.0,-147.0,-164.0,662.0,336.0,319.0
8.0,-147.0,-170.0,677.0,352.0,328.0
10.0,-148.0,-167.0,691.0,369.0,337.0
9.0,-149.0,-167.0,704.0,386.0,351.0
13.0,-149.0,-167.0,715.0,399.0,370.0
15.0,-147.0,-161.0,722.0,412.0,389.0
15.0,-145.0,-153.0,731.0,427.0,412.0
23.0,-151.0,-161.0,744.0,445.0,438.0
25.0,-149.0,-156.0,763.0,463.0,461.0
31.0,-146.0,-154.0,787.0,480.0,484.0
31.0,-145.0,-156.0,813.0,494.0,511.0
34.0,-145.0,-156.0,837.0,507.0,535.0
36.0,-145.0,-150.0,852.0,520.0,561.0
40.0,-146.0,-150.0,864.0,537.0,576.0
43.0,-145.0,-146.0,876.0,553.0,588.0
40.0,-146.0,-142.0,891.0,571.0,601.0
43.0,-145.0,-132.0,912.0,592.0,616.0
48.0,-134.0,-134.0,944.0,609.0,627.0
44.0,-123.0,-131.0,975.0,618.0,625.0
37.0,-125.0,-125.0,981.0,626.0,611.0
36.0,-125.0,-120.0,967.0,637.0,600.0
36.0,-123.0,-117.0,946.0,647.0,589.0
28.0,-124.0,-113.0,936.0,652.0,583.0
26.0,-120.0,-112.0,934.0,651.0,588.0
26.0,-121.0,-109.0,931.0,650.0,597.0
25.0,-122.0,-108.0,926.0,645.0,604.0
23.0,-121.0,-112.0,917.0,636.0,612.0
18.0,-120.0,-115.0,905.0,626.0,620.0
15.0,-124.0,-113.0,891.0,618.0,624.0
11.0,-123.0,-112.0,877.0,612.0,623.0
9.0,-123.0,-114.0,868.0,604.0,623.0
10.0,-126.0,-112.0,867.0,593.0,626.0
10.0,-131.0,-112.0,876.0,576.0,632.0
13.0,-129.0,-110.0,895.0,558.0,637.0
15.0,-129.0,-110.0,924.0,536.0,644.0
17.0,-132.0,-111.0,964.0,511.0,655.0
15.0,-128.0,-110.0,1012.0,486.0,673.0
20.0,-129.0,-108.0,1062.0,458.0,696.0
21.0,-126.0,-108.0,1116.0,426.0,717.0
24.0,-126.0,-109.0,1171.0,387.0,737.0
24.0,-128.0,-109.0,1223.0,350.0,760.0
22.0,-121.0,-104.0,1280.0,317.0,781.0
18.0,-114.0,-103.0,1326.0,288.0,806.0
13.0,-113.0,-95.0,1372.0,264.0,834.0
10.0,-109.0,-93.0,1416.0,239.0,859.0
4.0,-102.0,-88.0,1451.0,217.0,891.0
2.0,-97.0,-80.0,1484.0,192.0,922.0
-3.0,-94.0,-77.0,1513.0,167.0,960.0
-6.0,-98.0,-61.0,1539.0,141.0,1002.0
-13.0,-102.0,-59.0,1561.0,115.0,1047.0
-15.0,-113.0,-54.0,1592.0,96.0,1097.0
-17.0,-123.0,-46.0,1622.0,84.0,1148.0
-23.0,-129.0,-36.0,1649.0,73.0,1198.0
-26.0,-140.0,-37.0,1683.0,56.0,1246.0
-20.0,-147.0,-36.0,1729.0,34.0,1290.0
-15.0,-156.0,-38.0,1784.0,17.0,1330.0
-11.0,-162.0,-40.0,1832.0,-5.0,1367.0
-5.0,-173.0,-43.0,1866.0,-31.0,1401.0
-10.0,-177.0,-51.0,1884.0,-71.0,1426.0
-6.0,-180.0,-53.0,1901.0,-123.0,1443.0
-15.0,-183.0,-55.0,1930.0,-182.0,1465.0
-20.0,-195.0,-49.0,1975.0,-244.0,1485.0
-24.0,-199.0,-54.0,2040.0,-305.0,1506.0
-22.0,-209.0,-58.0,2126.0,-366.0,1525.0
-28.0,-211.0,-59.0,2236.0,-427.0,1531.0
-30.0,-219.0,-60.0,2352.0,-475.0,1534.0
-42.0,-219.0,-56.0,2472.0,-510.0,1532.0
-47.0,-223.0,-53.0,2599.0,-531.0,1532.0
-48.0,-228.0,-53.0,2742.0,-548.0,1524.0
-48.0,-222.0,-52.0,2904.0,-562.0,1504.0
-46.0,-223.0,-47.0,3081.0,-550.0,1486.0
-57.0,-223.0,-38.0,3274.0,-527.0,1475.0
-59.0,-224.0,-29.0,3481.0,-496.0,1454.0
-60.0,-217.0,-36.0,3659.0,-475.0,1434.0
-56.0,-212.0,-40.0,3764.0,-465.0,1422.0
-34.0,-205.0,-51.0,3801.0,-433.0,1440.0
-24.0,-194.0,-64.0,3816.0,-413.0,1440.0
-25.0,-187.0,-93.0,3837.0,-422.0,1420.0
-26.0,-179.0,-131.0,3837.0,-453.0,1399.0
-10.0,-179.0,-129.0,3751.0,-493.0,1401.0
15.0,-178.0,-95.0,3637.0,-494.0,1400.0
22.0,-167.0,-66.0,3565.0,-461.0,1373.0
26.0,-161.0,-50.0,3526.0,-454.0,1309.0
23.0,-165.0,-20.0,3510.0,-498.0,1239.0
19.0,-167.0,-6.0,3523.0,-556.0,1191.0
13.0,-165.0,-4.0,3541.0,-581.0,1138.0
17.0,-159.0,-8.0,3529.0,-576.0,1092.0
27.0,-161.0,-16.0,3468.0,-581.0,1053.0
27.0,-171.0,-12.0,3366.0,-602.0,1008.0
31.0,-185.0,4.0,3274.0,-634.0,952.0
44.0,-212.0,29.0,3259.0,-667.0,864.0
27.0,-242.0,58.0,3304.0,-681.0,740.0
12.0,-274.0,70.0,3392.0,-708.0,610.0
18.0,-305.0,88.0,3430.0,-765.0,468.0
-4.0,-343.0,141.0,3395.0,-863.0,296.0
-13.0,-406.0,221.0,3365.0,-973.0,104.0
-47.0,-470.0,284.0,3450.0,-1053.0,-132.0
-144.0,-556.0,349.0,3681.0,-1108.0,-411.0
-246.0,-644.0,394.0,3962.0,-1193.0,-652.0
-364.0,-741.0,458.0,4237.0,-1303.0,-831.0
-499.0,-818.0,518.0,4495.0,-1509.0,-989.0
-725.0,-947.0,595.0,4703.0,-1901.0,-1082.0
-907.0,-1072.0,640.0,4866.0,-2397.0,-1130.0
-1063.0,-1154.0,612.0,5053.0,-2867.0,-1129.0
-1067.0,-1150.0,553.0,5274.0,-3217.0,-974.0
-940.0,-1090.0,491.0,5558.0,-3375.0,-689.0
-635.0,-904.0,393.0,5871.0,-3304.0,-390.0
-243.0,-654.0,325.0,6094.0,-2911.0,-152.0
-48.0,-380.0,343.0,6187.0,-2147.0,-66.0
97.0,-192.0,361.0,6203.0,-1297.0,42.0
140.0,-114.0,376.0,6055.0,-588.0,258.0
158.0,-57.0,356.0,5717.0,-162.0,487.0
177.0,-5.0,289.0,5212.0,33.0,659.0
162.0,51.0,235.0,4576.0,140.0,762.0
117.0,90.0,187.0,3967.0,196.0,778.0
-3.0,130.0,138.0,3470.0,236.0,703.0
-208.0,147.0,124.0,3110.0,335.0,593.0
-322.0,120.0,130.0,2883.0,383.0,569.0
-327.0,70.0,135.0,2788.0,267.0,551.0
-276.0,27.0,134.0,2792.0,-3.0,450.0
-179.0,-38.0,147.0,2849.0,-344.0,233.0
-63.0,-105.0,151.0,2952.0,-690.0,-46.0
12.0,-156.0,130.0,3077.0,-948.0,-285.0
52.0,-196.0,110.0,3131.0,-1092.0,-389.0
80.0,-218.0,92.0,3071.0,-1165.0,-434.0
122.0,-231.0,67.0,2978.0,-1142.0,-509.0
126.0,-219.0,68.0,2931.0,-1012.0,-653.0
59.0,-178.0,94.0,2949.0,-846.0,-800.0
22.0,-148.0,98.0,2978.0,-788.0,-789.0
-46.0,-120.0,156.0,2913.0,-807.0,-698.0
-23.0,-88.0,174.0,2783.0,-863.0,-637.0
-55.0,-28.0,198.0,2602.0,-819.0,-613.0
-49.0,38.0,192.0,2430.0,-752.0,-541.0
-41.0,84.0,198.0,2287.0,-705.0,-413.0
-95.0,141.0,249.0,2213.0,-694.0,-315.0
-50.0,180.0,262.0,2204.0,-812.0,-251.0
-19.0,210.0,277.0,2191.0,-907.0,-268.0
-16.0,244.0,303.0,2073.0,-947.0,-363.0
-32.0,275.0,319.0,1939.0,-934.0,-451.0
-52.0,304.0,357.0,1777.0,-891.0,-459.0
-57.0,325.0,386.0,1628.0,-902.0,-466.0
-69.0,351.0,396.0,1517.0,-922.0,-465.0
-66.0,369.0,393.0,1388.0,-938.0,-470.0
-58.0,385.0,395.0,1195.0,-902.0,-421.0
-57.0,376.0,407.0,973.0,-829.0,-353.0
-60.0,361.0,390.0,789.0,-757.0,-346.0
-37.0,335.0,350.0,668.0,-701.0,-373.0
-44.0,311.0,304.0,627.0,-644.0,-423.0
-45.0,269.0,288.0,587.0,-600.0,-463.0
-42.0,235.0,274.0,622.0,-619.0,-497.0
-33.0,207.0,245.0,707.0,-627.0,-484.0
-22.0,182.0,230.0,770.0,-590.0,-412.0
-6.0,160.0,228.0,802.0,-538.0,-307.0
12.0,138.0,217.0,811.0,-483.0,-198.0
50.0,116.0,223.0,786.0,-436.0,-101.0
54.0,94.0,233.0,757.0,-357.0,-16.0
54.0,78.0,238.0,710.0,-323.0,80.0
61.0,64.0,235.0,630.0,-328.0,168.0
57.0,56.0,216.0,528.0,-315.0,234.0
45.0,48.0,202.0,415.0,-279.0,280.0
41.0,45.0,185.0,295.0,-240.0,303.0
35.0,42.0,174.0,188.0,-193.0,307.0
23.0,45.0,163.0,124.0,-144.0,302.0
19.0,50.0,158.0,97.0,-104.0,294.0
20.0,59.0,161.0,94.0,-69.0,275.0
6.0,62.0,173.0,105.0,-37.0,250.0
5.0,67.0,176.0,118.0,-19.0,223.0
10.0,70.0,184.0,130.0,-2.0,195.0
6.0,80.0,182.0,137.0,26.0,176.0
10.0,89.0,183.0,132.0,74.0,158.0
7.0,91.0,192.0,114.0,134.0,145.0
0.0,101.0,189.0,102.0,179.0,132.0
2.0,103.0,194.0,78.0,207.0,121.0
13.0,104.0,193.0,62.0,228.0,120.0
19.0,104.0,191.0,41.0,232.0,116.0
23.0,106.0,198.0,5.0,226.0,113.0
25.0,100.0,208.0,-41.0,210.0,112.0
25.0,92.0,210.0,-89.0,169.0,111.0
27.0,90.0,211.0,-148.0,123.0,117.0
28.0,76.0,217.0,-216.0,73.0,124.0
7.0,77.0,218.0,-271.0,24.0,132.0
7.0,71.0,213.0,-305.0,-20.0,137.0
1.0,76.0,216.0,-311.0,-40.0,135.0
-5.0,72.0,224.0,-310.0,-40.0,133.0
-12.0,77.0,228.0,-305.0,-37.0,131.0
-7.0,79.0,235.0,-304.0,-31.0,129.0
-4.0,87.0,248.0,-307.0,-19.0,129.0
-2.0,90.0,266.0,-296.0,-9.0,129.0
2.0,92.0,292.0,-264.0,2.0,121.0
3.0,90.0,302.0,-209.0,1.0,110.0
4.0,97.0,317.0,-159.0,-4.0,98.0
12.0,90.0,328.0,-122.0,-4.0,97.0
2.0,94.0,331.0,-110.0,-2.0,93.0
7.0,93.0,328.0,-132.0,-6.0,92.0
6.0,89.0,330.0,-170.0,-15.0,93.0
7.0,90.0,325.0,-208.0,-27.0,101.0
8.0,76.0,323.0,-238.0,-26.0,104.0
-2.0,77.0,324.0,-248.0,-36.0,105.0
-3.0,79.0,323.0,-224.0,-58.0,109.0
0.0,70.0,332.0,-178.0,-78.0,113.0
-1.0,69.0,332.0,-107.0,-106.0,105.0
3.0,63.0,327.0,-42.0,-127.0,96.0
15.0,61.0,324.0,12.0,-130.0,80.0
22.0,52.0,322.0,44.0,-106.0,54.0
19.0,43.0,315.0,49.0,-89.0,18.0
17.0,27.0,304.0,30.0,-83.0,-21.0
-4.0,17.0,307.0,-2.0,-67.0,-54.0
-18.0,-3.0,306.0,-20.0,-32.0,-74.0
-17.0,-12.0,300.0,-31.0,2.0,-81.0
-25.0,-29.0,289.0,-49.0,46.0,-82.0
-34.0,-38.0,276.0,-74.0,108.0,-83.0
-38.0,-44.0,266.0,-114.0,167.0,-87.0
-42.0,-48.0,256.0,-160.0,203.0,-90.0
-39.0,-49.0,248.0,-201.0,223.0,-94.0
-32.0,-57.0,237.0,-222.0,241.0,-103.0
-32.0,-48.0,231.0,-228.0,261.0,-106.0
-27.0,-44.0,227.0,-224.0,278.0,-109.0
-25.0,-40.0,223.0,-215.0,291.0,-110.0
-20.0,-31.0,219.0,-205.0,297.0,-103.0
-22.0,-27.0,227.0,-189.0,298.0,-97.0
-14.0,-24.0,228.0,-171.0,290.0,-87.0
-15.0,-17.0,229.0,-155.0,276.0,-85.0
-14.0,-17.0,231.0,-138.0,261.0,-81.0
-14.0,-18.0,236.0,-121.0,245.0,-78.0
-14.0,-23.0,238.0,-103.0,224.0,-74.0
-14.0,-27.0,242.0,-84.0,204.0,-68.0
-13.0,-30.0,245.0,-63.0,180.0,-62.0
-13.0,-36.0,249.0,-43.0,158.0,-60.0
-4.0,-38.0,251.0,-25.0,138.0,-68.0
-6.0,-44.0,250.0,-8.0,120.0,-78.0
-12.0,-45.0,255.0,7.0,100.0,-82.0
-19.0,-45.0,255.0,18.0,88.0,-79.0
-26.0,-43.0,255.0,33.0,80.0,-65.0
-28.0,-41.0,261.0,40.0,67.0,-60.0
-27.0,-42.0,264.0,39.0,63.0,-61.0
-41.0,-47.0,275.0,34.0,60.0,-61.0
-55.0,-48.0,276.0,46.0,48.0,-60.0
-60.0,-42.0,284.0,77.0,11.0,-71.0
-40.0,-35.0,277.0,130.0,-43.0,-99.0
-35.0,-19.0,265.0,187.0,-95.0,-161.0
-44.0,-6.0,259.0,222.0,-145.0,-219.0
-48.0,8.0,243.0,216.0,-189.0,-244.0
-43.0,14.0,229.0,168.0,-228.0,-254.0
-41.0,26.0,232.0,92.0,-264.0,-265.0
-41.0,31.0,229.0,26.0,-283.0,-278.0
-39.0,33.0,221.0,-11.0,-277.0,-275.0
-42.0,32.0,229.0,-57.0,-276.0,-267.0
-35.0,23.0,229.0,-87.0,-273.0,-245.0
-44.0,15.0,235.0,-101.0,-269.0,-209.0
-48.0,3.0,239.0,-116.0,-258.0,-161.0
-35.0,-11.0,243.0,-135.0,-239.0,-101.0
-27.0,-30.0,251.0,-139.0,-192.0,-44.0
-19.0,-52.0,250.0,-135.0,-138.0,14.0
-14.0,-60.0,254.0,-125.0,-85.0,70.0
-13.0,-66.0,261.0,-110.0,-40.0,120.0
-5.0,-76.0,259.0,-92.0,-10.0,166.0
-10.0,-80.0,264.0,-76.0,10.0,196.0
-11.0,-79.0,269.0,-60.0,22.0,219.0
-13.0,-85.0,273.0,-45.0,28.0,240.0
-8.0,-80.0,273.0,-33.0,27.0,258.0
-7.0,-77.0,274.0,-25.0,25.0,264.0
-8.0,-70.0,277.0,-29.0,26.0,260.0
-8.0,-65.0,273.0,-43.0,23.0,250.0
-5.0,-63.0,282.0,-57.0,18.0,237.0
-10.0,-58.0,275.0,-70.0,12.0,222.0
-12.0,-53.0,273.0,-79.0,4.0,209.0
-11.0,-48.0,266.0,-88.0,-7.0,199.0
-11.0,-41.0,263.0,-99.0,-22.0,185.0
-13.0,-40.0,263.0,-112.0,-45.0,169.0
-10.0,-38.0,256.0,-131.0,-67.0,152.0
-12.0,-39.0,253.0,-152.0,-82.0,132.0
-10.0,-37.0,248.0,-172.0,-85.0,110.0
-10.0,-41.0,244.0,-190.0,-84.0,89.0
-10.0,-36.0,242.0,-201.0,-76.0,70.0
-6.0,-41.0,232.0,-210.0,-64.0,60.0
-5.0,-36.0,232.0,-215.0,-50.0,50.0
-8.0,-38.0,231.0,-212.0,-37.0,44.0
-2.0,-38.0,234.0,-201.0,-29.0,40.0
-3.0,-38.0,233.0,-184.0,-24.0,37.0
1.0,-36.0,234.0,-149.0,-20.0,39.0
4.0,-34.0,237.0,-113.0,-15.0,39.0
9.0,-34.0,239.0,-68.0,-11.0,43.0
7.0,-33.0,242.0,-17.0,-9.0,46.0
10.0,-31.0,246.0,38.0,-12.0,52.0
14.0,-27.0,246.0,93.0,-20.0,61.0
9.0,-21.0,253.0,144.0,-36.0,71.0
15.0,-22.0,252.0,192.0,-54.0,79.0
11.0,-19.0,256.0,231.0,-68.0,84.0
16.0,-14.0,262.0,268.0,-69.0,75.0
11.0,-7.0,266.0,302.0,-70.0,68.0
0.0,-3.0,263.0,329.0,-81.0,68.0
-1.0,0.0,265.0,341.0,-105.0,74.0
-5.0,3.0,267.0,347.0,-132.0,79.0
-4.0,9.0,268.0,346.0,-151.0,85.0
-6.0,14.0,269.0,338.0,-163.0,92.0
-5.0,14.0,268.0,326.0,-164.0,96.0
-6.0,17.0,275.0,307.0,-151.0,104.0
-8.0,15.0,271.0,287.0,-137.0,104.0
-13.0,18.0,272.0,265.0,-127.0,102.0
-19.0,16.0,275.0,240.0,-122.0,107.0
-18.0,14.0,273.0,216.0,-114.0,114.0
-21.0,12.0,272.0,198.0,-108.0,118.0
-22.0,10.0,274.0,182.0,-105.0,121.0
-24.0,13.0,272.0,168.0,-102.0,118.0
-24.0,9.0,269.0,154.0,-101.0,114.0
-25.0,8.0,274.0,141.0,-102.0,104.0
-25.0,11.0,272.0,126.0,-103.0,101.0
-24.0,0.0,270.0,109.0,-105.0,96.0
-29.0,5.0,267.0,89.0,-103.0,90.0
-22.0,4.0,265.0,65.0,-100.0,86.0
-25.0,2.0,265.0,34.0,-99.0,86.0
-20.0,-2.0,265.0,0.0,-97.0,86.0
-17.0,-4.0,264.0,-26.0,-98.0,82.0
-15.0,-3.0,262.0,-47.0,-104.0,72.0
-7.0,-7.0,260.0,-61.0,-115.0,67.0
-7.0,-10.0,261.0,-69.0,-123.0,58.0
-4.0,-12.0,259.0,-77.0,-126.0,48.0
-3.0,-16.0,260.0,-89.0,-128.0,37.0
2.0,-16.0,253.0,-100.0,-128.0,27.0
2.0,-19.0,259.0,-106.0,-131.0,16.0
1.0,-17.0,253.0,-107.0,-132.0,4.0
5.0,-19.0,254.0,-105.0,-132.0,-8.0
-2.0,-16.0,254.0,-100.0,-132.0,-18.0
-3.0,-18.0,253.0,-88.0,-133.0,-23.0
-1.0,-16.0,255.0,-79.0,-135.0,-26.0
-2.0,-18.0,251.0,-71.0,-138.0,-23.0
-1.0,-18.0,253.0,-67.0,-137.0,-20.0
-3.0,-20.0,255.0,-63.0,-135.0,-18.0
-3.0,-20.0,251.0,-59.0,-131.0,-20.0
0.0,-23.0,249.0,-54.0,-125.0,-22.0
0.0,-20.0,256.0,-51.0,-117.0,-26.0
-2.0,-25.0,250.0,-50.0,-107.0,-29.0
-1.0,-23.0,254.0,-47.0,-97.0,-30.0
3.0,-26.0,257.0,-42.0,-92.0,-29.0
-1.0,-24.0,256.0,-34.0,-91.0,-34.0
0.0,-26.0,258.0,-22.0,-92.0,-40.0
4.0,-30.0,260.0,-7.0,-98.0,-48.0
4.0,-28.0,259.0,10.0,-102.0,-62.0
2.0,-27.0,261.0,22.0,-108.0,-65.0
1.0,-26.0,260.0,31.0,-111.0,-63.0
-3.0,-24.0,261.0,37.0,-115.0,-59.0
-5.0,-23.0,258.0,36.0,-120.0,-53.0
3.0,-28.0,262.0,32.0,-126.0,-49.0
-4.0,-21.0,256.0,23.0,-134.0,-44.0
-4.0,-20.0,253.0,15.0,-137.0,-37.0
-9.0,-15.0,257.0,7.0,-141.0,-31.0
-3.0,-19.0,254.0,-1.0,-147.0,-26.0
-4.0,-17.0,255.0,-8.0,-153.0,-25.0
-5.0,-18.0,249.0,-20.0,-157.0,-17.0
-4.0,-18.0,252.0,-29.0,-156.0,-5.0
-4.0,-19.0,253.0,-36.0,-154.0,5.0
-4.0,-16.0,250.0,-40.0,-152.0,13.0
-3.0,-18.0,249.0,-42.0,-152.0,17.0
-4.0,-15.0,253.0,-44.0,-149.0,21.0
-2.0,-22.0,254.0,-47.0,-142.0,29.0
-3.0,-21.0,249.0,-47.0,-133.0,32.0
0.0,-24.0,255.0,-44.0,-122.0,36.0
4.0,-27.0,252.0,-44.0,-110.0,47.0
5.0,-26.0,254.0,-43.0,-96.0,60.0
7.0,-30.0,255.0,-36.0,-82.0,71.0
8.0,-30.0,256.0,-28.0,-69.0,79.0
5.0,-32.0,259.0,-17.0,-57.0,89.0
4.0,-33.0,261.0,-6.0,-48.0,98.0
5.0,-31.0,257.0,7.0,-44.0,107.0
10.0,-31.0,260.0,19.0,-39.0,119.0
8.0,-36.0,262.0,30.0,-31.0,128.0
4.0,-34.0,268.0,43.0,-20.0,138.0
6.0,-33.0,268.0,53.0,-13.0,147.0
8.0,-34.0,267.0,58.0,-7.0,156.0
8.0,-33.0,263.0,57.0,-9.0,160.0
4.0,-27.0,269.0,47.0,-6.0,169.0
4.0,-31.0,264.0,32.0,0.0,174.0
4.0,-29.0,260.0,16.0,5.0,178.0
7.0,-33.0,261.0,-2.0,14.0,185.0
4.0,-30.0,261.0,-17.0,24.0,192.0
10.0,-42.0,253.0,-27.0,34.0,196.0
7.0,-30.0,261.0,-32.0,45.0,191.0
9.0,-27.0,260.0,-30.0,54.0,188.0
14.0,-31.0,265.0,-28.0,61.0,180.0
15.0,-34.0,260.0,-19.0,65.0,173.0
18.0,-26.0,262.0,-9.0,67.0,159.0
16.0,-27.0,258.0,1.0,69.0,143.0
20.0,-28.0,259.0,8.0,74.0,122.0
20.0,-27.0,263.0,10.0,77.0,104.0
19.0,-27.0,259.0,8.0,78.0,88.0
20.0,-26.0,257.0,10.0,80.0,68.0
26.0,-26.0,258.0,13.0,79.0,48.0
22.0,-25.0,257.0,18.0,82.0,26.0
25.0,-23.0,257.0,27.0,86.0,3.0
25.0,-25.0,253.0,37.0,91.0,-14.0
26.0,-24.0,252.0,49.0,92.0,-28.0
27.0,-20.0,256.0,59.0,92.0,-38.0
28.0,-22.0,256.0,71.0,91.0,-49.0
25.0,-18.0,250.0,86.0,90.0,-62.0
27.0,-16.0,250.0,95.0,87.0,-74.0
26.0,-16.0,253.0,101.0,86.0,-85.0
24.0,-11.0,247.0,104.0,88.0,-92.0
22.0,-11.0,249.0,105.0,91.0,-93.0
23.0,-15.0,251.0,103.0,91.0,-98.0
19.0,-12.0,251.0,102.0,86.0,-106.0
15.0,-9.0,251.0,101.0,82.0,-113.0
15.0,-7.0,252.0,98.0,81.0,-116.0
12.0,-5.0,253.0,98.0,80.0,-120.0
10.0,-6.0,252.0,94.0,82.0,-123.0
12.0,-7.0,258.0,86.0,80.0,-125.0
8.0,-9.0,260.0,72.0,78.0,-124.0
