19.0,-289.0,-64.0,-411.0,-169.0,-3.0
22.0,-288.0,-63.0,-376.0,-170.0,-25.0
23.0,-280.0,-63.0,-339.0,-171.0,-47.0
24.0,-273.0,-63.0,-302.0,-172.0,-71.0
30.0,-261.0,-70.0,-273.0,-170.0,-90.0
31.0,-255.0,-73.0,-253.0,-162.0,-101.0
33.0,-252.0,-67.0,-238.0,-152.0,-110.0
37.0,-237.0,-75.0,-234.0,-144.0,-116.0
41.0,-235.0,-74.0,-240.0,-139.0,-117.0
47.0,-227.0,-77.0,-253.0,-134.0,-117.0
52.0,-223.0,-78.0,-275.0,-131.0,-112.0
56.0,-225.0,-79.0,-304.0,-127.0,-109.0
56.0,-223.0,-79.0,-341.0,-126.0,-106.0
60.0,-225.0,-79.0,-381.0,-131.0,-100.0
61.0,-225.0,-77.0,-414.0,-140.0,-93.0
64.0,-232.0,-82.0,-446.0,-150.0,-85.0
65.0,-237.0,-79.0,-474.0,-159.0,-76.0
66.0,-241.0,-76.0,-497.0,-169.0,-66.0
65.0,-244.0,-84.0,-516.0,-178.0,-60.0
63.0,-250.0,-83.0,-528.0,-188.0,-53.0
64.0,-250.0,-82.0,-532.0,-196.0,-45.0
60.0,-254.0,-79.0,-534.0,-200.0,-41.0
60.0,-253.0,-86.0,-532.0,-200.0,-41.0
57.0,-255.0,-83.0,-533.0,-203.0,-41.0
53.0,-257.0,-82.0,-530.0,-203.0,-45.0
55.0,-256.0,-78.0,-521.0,-205.0,-49.0
54.0,-255.0,-82.0,-513.0,-205.0,-51.0
48.0,-254.0,-77.0,-498.0,-201.0,-53.0
43.0,-255.0,-85.0,-484.0,-199.0,-58.0
45.0,-254.0,-84.0,-478.0,-197.0,-64.0
45.0,-255.0,-86.0,-476.0,-192.0,-68.0
45.0,-249.0,-90.0,-476.0,-187.0,-69.0
45.0,-250.0,-89.0,-479.0,-186.0,-70.0
45.0,-249.0,-92.0,-484.0,-184.0,-70.0
44.0,-247.0,-88.0,-487.0,-178.0,-72.0
42.0,-245.0,-90.0,-489.0,-174.0,-73.0
44.0,-244.0,-90.0,-488.0,-170.0,-76.0
47.0,-242.0,-88.0,-483.0,-166.0,-74.0
47.0,-245.0,-92.0,-476.0,-160.0,-73.0
46.0,-241.0,-92.0,-468.0,-152.0,-73.0
47.0,-246.0,-94.0,-461.0,-146.0,-74.0
48.0,-246.0,-102.0,-462.0,-139.0,-71.0
49.0,-241.0,-100.0,-468.0,-122.0,-66.0
52.0,-240.0,-101.0,-478.0,-104.0,-62.0
55.0,-242.0,-108.0,-489.0,-80.0,-57.0
55.0,-239.0,-113.0,-502.0,-54.0,-55.0
57.0,-241.0,-112.0,-513.0,-30.0,-54.0
60.0,-243.0,-116.0,-526.0,-5.0,-54.0
63.0,-247.0,-115.0,-539.0,20.0,-57.0
62.0,-244.0,-114.0,-546.0,48.0,-60.0
57.0,-244.0,-117.0,-553.0,75.0,-68.0
62.0,-249.0,-113.0,-557.0,102.0,-75.0
60.0,-252.0,-115.0,-553.0,127.0,-82.0
53.0,-248.0,-109.0,-545.0,149.0,-92.0
51.0,-250.0,-110.0,-530.0,166.0,-102.0
46.0,-246.0,-111.0,-511.0,177.0,-110.0
39.0,-245.0,-110.0,-491.0,186.0,-115.0
35.0,-248.0,-109.0,-473.0,195.0,-118.0
32.0,-245.0,-107.0,-457.0,199.0,-118.0
29.0,-242.0,-110.0,-444.0,203.0,-116.0
26.0,-242.0,-111.0,-431.0,207.0,-112.0
23.0,-241.0,-111.0,-424.0,208.0,-106.0
19.0,-239.0,-116.0,-416.0,203.0,-98.0
24.0,-240.0,-117.0,-415.0,199.0,-84.0
23.0,-234.0,-118.0,-418.0,195.0,-72.0
17.0,-231.0,-115.0,-420.0,187.0,-67.0
22.0,-230.0,-121.0,-422.0,175.0,-50.0
18.0,-229.0,-122.0,-425.0,172.0,-39.0
19.0,-232.0,-118.0,-423.0,167.0,-27.0
17.0,-231.0,-123.0,-423.0,160.0,-17.0
14.0,-228.0,-121.0,-426.0,154.0,-13.0
17.0,-228.0,-116.0,-434.0,147.0,-11.0
8.0,-226.0,-118.0,-442.0,139.0,-8.0
9.0,-232.0,-120.0,-451.0,131.0,-4.0
9.0,-229.0,-120.0,-461.0,121.0,0.0
7.0,-231.0,-119.0,-477.0,111.0,7.0
9.0,-235.0,-118.0,-489.0,102.0,10.0
10.0,-233.0,-119.0,-495.0,92.0,12.0
9.0,-242.0,-125.0,-503.0,84.0,14.0
9.0,-237.0,-127.0,-511.0,79.0,17.0
11.0,-244.0,-124.0,-518.0,74.0,23.0
6.0,-243.0,-125.0,-526.0,68.0,28.0
6.0,-241.0,-128.0,-533.0,64.0,36.0
15.0,-251.0,-129.0,-534.0,58.0,47.0
21.0,-241.0,-138.0,-536.0,56.0,53.0
17.0,-251.0,-134.0,-536.0,51.0,51.0
20.0,-254.0,-133.0,-528.0,47.0,51.0
22.0,-253.0,-141.0,-509.0,46.0,51.0
25.0,-254.0,-135.0,-485.0,46.0,51.0
20.0,-253.0,-138.0,-461.0,42.0,51.0
17.0,-252.0,-137.0,-434.0,40.0,51.0
5.0,-246.0,-133.0,-393.0,28.0,64.0
32.0,-253.0,-134.0,-344.0,-3.0,84.0
34.0,-249.0,-139.0,-321.0,-6.0,78.0
29.0,-250.0,-136.0,-334.0,12.0,75.0
35.0,-249.0,-148.0,-347.0,22.0,68.0
37.0,-256.0,-141.0,-369.0,39.0,34.0
29.0,-251.0,-141.0,-386.0,62.0,4.0
21.0,-252.0,-137.0,-395.0,85.0,4.0
27.0,-249.0,-131.0,-395.0,90.0,-2.0
26.0,-247.0,-137.0,-386.0,93.0,-1.0
20.0,-246.0,-136.0,-369.0,99.0,6.0
22.0,-242.0,-139.0,-350.0,100.0,5.0
21.0,-242.0,-143.0,-343.0,97.0,5.0
24.0,-241.0,-138.0,-343.0,94.0,10.0
24.0,-234.0,-141.0,-349.0,90.0,12.0
13.0,-234.0,-141.0,-357.0,84.0,17.0
18.0,-233.0,-137.0,-364.0,74.0,25.0
14.0,-228.0,-139.0,-363.0,64.0,21.0
13.0,-227.0,-136.0,-363.0,56.0,19.0
11.0,-230.0,-143.0,-371.0,49.0,21.0
5.0,-228.0,-138.0,-389.0,45.0,29.0
4.0,-224.0,-138.0,-407.0,33.0,37.0
7.0,-223.0,-143.0,-418.0,23.0,33.0
8.0,-218.0,-147.0,-428.0,15.0,27.0
15.0,-226.0,-150.0,-442.0,14.0,29.0
15.0,-224.0,-152.0,-475.0,19.0,16.0
15.0,-219.0,-146.0,-503.0,18.0,7.0
18.0,-221.0,-144.0,-526.0,10.0,3.0
22.0,-221.0,-150.0,-532.0,7.0,7.0
20.0,-220.0,-154.0,-533.0,7.0,4.0
30.0,-209.0,-143.0,-536.0,3.0,3.0
24.0,-227.0,-159.0,-524.0,-5.0,8.0
25.0,-233.0,-163.0,-547.0,-3.0,-2.0
27.0,-227.0,-166.0,-571.0,-3.0,-21.0
24.0,-223.0,-168.0,-582.0,-1.0,-33.0
26.0,-224.0,-169.0,-576.0,7.0,-37.0
20.0,-222.0,-172.0,-568.0,17.0,-35.0
25.0,-230.0,-166.0,-555.0,27.0,-30.0
19.0,-221.0,-167.0,-541.0,44.0,-21.0
14.0,-220.0,-172.0,-503.0,53.0,-2.0
15.0,-227.0,-165.0,-449.0,63.0,30.0
14.0,-238.0,-169.0,-467.0,90.0,37.0
12.0,-225.0,-158.0,-501.0,116.0,19.0
17.0,-225.0,-152.0,-496.0,122.0,7.0
18.0,-220.0,-138.0,-475.0,127.0,-8.0
17.0,-215.0,-135.0,-449.0,125.0,-32.0
12.0,-216.0,-139.0,-396.0,115.0,-60.0
9.0,-235.0,-145.0,-332.0,101.0,-80.0
8.0,-228.0,-126.0,-378.0,116.0,-124.0
5.0,-214.0,-132.0,-390.0,114.0,-169.0
2.0,-210.0,-129.0,-384.0,113.0,-199.0
-1.0,-205.0,-131.0,-382.0,110.0,-219.0
-5.0,-199.0,-131.0,-392.0,105.0,-228.0
0.0,-197.0,-130.0,-411.0,104.0,-230.0
1.0,-195.0,-133.0,-449.0,104.0,-227.0
3.0,-198.0,-132.0,-496.0,107.0,-214.0
3.0,-197.0,-134.0,-552.0,107.0,-196.0
11.0,-196.0,-138.0,-609.0,110.0,-180.0
13.0,-200.0,-134.0,-669.0,111.0,-162.0
9.0,-204.0,-137.0,-729.0,109.0,-140.0
22.0,-205.0,-139.0,-782.0,105.0,-118.0
28.0,-211.0,-141.0,-834.0,114.0,-103.0
28.0,-224.0,-144.0,-883.0,121.0,-90.0
32.0,-231.0,-151.0,-929.0,130.0,-73.0
37.0,-242.0,-157.0,-954.0,156.0,-50.0
33.0,-249.0,-158.0,-966.0,194.0,-39.0
34.0,-256.0,-156.0,-966.0,221.0,-33.0
35.0,-254.0,-160.0,-949.0,253.0,-23.0
31.0,-253.0,-163.0,-906.0,279.0,-20.0
43.0,-257.0,-162.0,-834.0,298.0,-10.0
31.0,-244.0,-162.0,-761.0,322.0,-14.0
40.0,-242.0,-169.0,-688.0,311.0,-20.0
46.0,-235.0,-167.0,-604.0,301.0,-17.0
44.0,-229.0,-166.0,-516.0,304.0,-6.0
40.0,-217.0,-165.0,-434.0,304.0,-20.0
41.0,-212.0,-168.0,-361.0,292.0,-27.0
38.0,-205.0,-168.0,-308.0,279.0,-26.0
36.0,-198.0,-169.0,-281.0,265.0,-17.0
29.0,-193.0,-170.0,-266.0,254.0,-20.0
30.0,-188.0,-175.0,-256.0,229.0,-11.0
27.0,-188.0,-173.0,-261.0,223.0,-7.0
27.0,-190.0,-171.0,-276.0,216.0,-2.0
19.0,-193.0,-168.0,-301.0,212.0,10.0
20.0,-188.0,-175.0,-330.0,194.0,-6.0
26.0,-192.0,-178.0,-344.0,169.0,4.0
20.0,-199.0,-178.0,-345.0,170.0,17.0
17.0,-195.0,-177.0,-345.0,165.0,28.0
17.0,-206.0,-178.0,-331.0,147.0,34.0
21.0,-206.0,-178.0,-303.0,136.0,46.0
22.0,-206.0,-180.0,-267.0,128.0,54.0
20.0,-208.0,-179.0,-222.0,133.0,64.0
14.0,-209.0,-180.0,-167.0,135.0,68.0
20.0,-211.0,-187.0,-109.0,135.0,75.0
22.0,-207.0,-189.0,-71.0,133.0,78.0
24.0,-207.0,-185.0,-42.0,137.0,77.0
21.0,-213.0,-188.0,-3.0,135.0,69.0
25.0,-203.0,-189.0,36.0,125.0,52.0
30.0,-209.0,-191.0,79.0,121.0,48.0
30.0,-203.0,-187.0,121.0,128.0,38.0
27.0,-205.0,-185.0,161.0,138.0,34.0
28.0,-202.0,-181.0,204.0,133.0,23.0
27.0,-200.0,-187.0,247.0,128.0,12.0
22.0,-209.0,-175.0,286.0,127.0,2.0
26.0,-202.0,-184.0,316.0,123.0,-16.0
35.0,-197.0,-184.0,339.0,107.0,-36.0
31.0,-196.0,-187.0,369.0,103.0,-35.0
32.0,-193.0,-186.0,403.0,107.0,-34.0
35.0,-199.0,-185.0,424.0,119.0,-32.0
29.0,-196.0,-186.0,440.0,135.0,-35.0
30.0,-193.0,-184.0,465.0,130.0,-39.0
36.0,-197.0,-184.0,498.0,126.0,-49.0
35.0,-193.0,-185.0,523.0,123.0,-60.0
34.0,-193.0,-185.0,545.0,122.0,-68.0
38.0,-192.0,-181.0,570.0,123.0,-73.0
37.0,-192.0,-181.0,595.0,128.0,-74.0
37.0,-188.0,-177.0,614.0,140.0,-78.0
34.0,-188.0,-179.0,628.0,148.0,-76.0
31.0,-188.0,-176.0,641.0,151.0,-79.0
34.0,-186.0,-175.0,655.0,155.0,-82.0
32.0,-181.0,-172.0,664.0,156.0,-93.0
30.0,-185.0,-165.0,677.0,149.0,-87.0
34.0,-177.0,-173.0,701.0,150.0,-83.0
29.0,-173.0,-163.0,720.0,162.0,-77.0
28.0,-175.0,-162.0,738.0,168.0,-73.0
29.0,-173.0,-156.0,757.0,165.0,-69.0
33.0,-168.0,-160.0,769.0,170.0,-67.0
31.0,-170.0,-155.0,770.0,177.0,-66.0
28.0,-164.0,-159.0,778.0,175.0,-72.0
30.0,-161.0,-154.0,782.0,167.0,-76.0
29.0,-160.0,-152.0,781.0,169.0,-82.0
22.0,-160.0,-144.0,778.0,172.0,-83.0
13.0,-159.0,-142.0,778.0,169.0,-85.0
29.0,-160.0,-151.0,786.0,141.0,-87.0
18.0,-157.0,-135.0,783.0,153.0,-91.0
27.0,-152.0,-157.0,789.0,145.0,-89.0
39.0,-162.0,-156.0,780.0,155.0,-85.0
33.0,-161.0,-149.0,771.0,153.0,-82.0
35.0,-154.0,-149.0,766.0,141.0,-83.0
30.0,-158.0,-137.0,761.0,148.0,-84.0
31.0,-154.0,-136.0,767.0,132.0,-85.0
40.0,-157.0,-143.0,777.0,106.0,-86.0
35.0,-156.0,-129.0,775.0,108.0,-92.0
29.0,-159.0,-134.0,779.0,118.0,-97.0
31.0,-163.0,-124.0,782.0,123.0,-104.0
31.0,-165.0,-124.0,789.0,131.0,-108.0
22.0,-168.0,-121.0,800.0,157.0,-110.0
16.0,-162.0,-112.0,831.0,138.0,-117.0
24.0,-164.0,-114.0,867.0,111.0,-122.0
21.0,-160.0,-113.0,899.0,98.0,-123.0
22.0,-168.0,-109.0,908.0,110.0,-125.0
25.0,-163.0,-112.0,911.0,127.0,-129.0
16.0,-168.0,-99.0,902.0,141.0,-132.0
24.0,-168.0,-100.0,898.0,131.0,-127.0
20.0,-175.0,-96.0,883.0,129.0,-119.0
11.0,-173.0,-84.0,890.0,114.0,-110.0
19.0,-176.0,-95.0,900.0,81.0,-97.0
15.0,-176.0,-92.0,892.0,66.0,-90.0
19.0,-190.0,-86.0,885.0,29.0,-74.0
29.0,-170.0,-94.0,870.0,-7.0,-69.0
25.0,-170.0,-99.0,829.0,-32.0,-72.0
38.0,-165.0,-96.0,776.0,-50.0,-67.0
34.0,-174.0,-92.0,718.0,-71.0,-70.0
11.0,-188.0,-56.0,658.0,-77.0,-56.0
42.0,-191.0,-97.0,657.0,-178.0,-21.0
67.0,-191.0,-111.0,612.0,-217.0,3.0
49.0,-213.0,-93.0,516.0,-120.0,19.0
58.0,-213.0,-111.0,460.0,-123.0,43.0
70.0,-226.0,-110.0,410.0,-98.0,78.0
69.0,-245.0,-142.0,391.0,-117.0,134.0
55.0,-255.0,-109.0,375.0,-158.0,147.0
97.0,-274.0,-155.0,425.0,-214.0,156.0
73.0,-272.0,-150.0,490.0,-196.0,139.0
86.0,-295.0,-155.0,617.0,-182.0,189.0
98.0,-304.0,-159.0,764.0,-172.0,224.0
86.0,-330.0,-160.0,921.0,-113.0,255.0
101.0,-328.0,-168.0,1098.0,-97.0,253.0
106.0,-346.0,-165.0,1286.0,-29.0,293.0
123.0,-338.0,-172.0,1493.0,48.0,327.0
126.0,-389.0,-123.0,1729.0,93.0,354.0
79.0,-379.0,-165.0,1970.0,165.0,388.0
104.0,-389.0,-141.0,2192.0,227.0,421.0
77.0,-384.0,-128.0,2373.0,300.0,448.0
59.0,-387.0,-116.0,2507.0,325.0,471.0
48.0,-394.0,-109.0,2596.0,333.0,491.0
34.0,-396.0,-108.0,2635.0,346.0,510.0
25.0,-394.0,-119.0,2624.0,361.0,534.0
18.0,-386.0,-134.0,2557.0,364.0,553.0
12.0,-394.0,-163.0,2478.0,374.0,553.0
3.0,-404.0,-187.0,2391.0,360.0,549.0
15.0,-433.0,-211.0,2267.0,288.0,544.0
9.0,-450.0,-226.0,2170.0,213.0,534.0
11.0,-460.0,-239.0,2140.0,135.0,540.0
25.0,-478.0,-246.0,2150.0,43.0,534.0
31.0,-488.0,-239.0,2222.0,-9.0,550.0
38.0,-499.0,-224.0,2315.0,-51.0,564.0
47.0,-514.0,-207.0,2425.0,-87.0,594.0
47.0,-545.0,-189.0,2570.0,-101.0,630.0
44.0,-581.0,-185.0,2760.0,-114.0,671.0
40.0,-611.0,-171.0,2987.0,-118.0,704.0
38.0,-653.0,-162.0,3250.0,-127.0,746.0
33.0,-678.0,-133.0,3571.0,-139.0,782.0
41.0,-702.0,-108.0,3908.0,-143.0,811.0
33.0,-713.0,-81.0,4183.0,-149.0,800.0
32.0,-712.0,-54.0,4361.0,-152.0,747.0
25.0,-715.0,-16.0,4448.0,-141.0,652.0
20.0,-699.0,13.0,4495.0,-124.0,537.0
4.0,-650.0,42.0,4539.0,-102.0,412.0
-3.0,-584.0,69.0,4634.0,-83.0,326.0
9.0,-499.0,85.0,4772.0,-46.0,282.0
-2.0,-412.0,104.0,4867.0,6.0,264.0
0.0,-323.0,113.0,4892.0,13.0,280.0
17.0,-260.0,145.0,4865.0,-27.0,343.0
15.0,-206.0,151.0,4820.0,-54.0,401.0
15.0,-169.0,140.0,4756.0,-83.0,470.0
37.0,-134.0,115.0,4683.0,-117.0,546.0
48.0,-111.0,79.0,4602.0,-120.0,583.0
43.0,-87.0,54.0,4503.0,-69.0,595.0
58.0,-64.0,25.0,4378.0,7.0,590.0
51.0,-49.0,9.0,4199.0,68.0,582.0
64.0,-54.0,4.0,4004.0,112.0,553.0
40.0,-65.0,-2.0,3804.0,152.0,507.0
35.0,-95.0,8.0,3621.0,189.0,485.0
25.0,-123.0,-11.0,3522.0,219.0,460.0
4.0,-140.0,-18.0,3519.0,241.0,455.0
8.0,-147.0,-35.0,3603.0,224.0,445.0
7.0,-141.0,-52.0,3693.0,217.0,396.0
13.0,-135.0,-52.0,3772.0,234.0,340.0
3.0,-121.0,-43.0,3845.0,265.0,275.0
3.0,-107.0,-26.0,3900.0,268.0,219.0
1.0,-97.0,-7.0,3927.0,250.0,160.0
1.0,-85.0,-10.0,3927.0,246.0,132.0
-5.0,-79.0,10.0,3890.0,258.0,140.0
-14.0,-77.0,30.0,3846.0,269.0,150.0
-26.0,-86.0,42.0,3810.0,278.0,173.0
-38.0,-89.0,66.0,3790.0,263.0,187.0
-41.0,-95.0,90.0,3753.0,200.0,222.0
-17.0,-97.0,118.0,3729.0,123.0,290.0
-34.0,-110.0,120.0,3740.0,75.0,345.0
-45.0,-123.0,128.0,3743.0,53.0,407.0
-20.0,-132.0,149.0,3756.0,-6.0,446.0
-29.0,-133.0,171.0,3782.0,-35.0,455.0
-47.0,-129.0,189.0,3805.0,-26.0,482.0
-47.0,-115.0,199.0,3828.0,-36.0,508.0
-51.0,-102.0,198.0,3824.0,-62.0,518.0
-61.0,-79.0,213.0,3792.0,-84.0,515.0
-70.0,-55.0,224.0,3758.0,-100.0,496.0
-64.0,-32.0,233.0,3716.0,-149.0,485.0
-49.0,-12.0,243.0,3664.0,-183.0,472.0
-46.0,3.0,244.0,3594.0,-174.0,458.0
-33.0,16.0,243.0,3527.0,-173.0,440.0
-30.0,30.0,239.0,3492.0,-198.0,410.0
-17.0,37.0,247.0,3492.0,-218.0,377.0
-11.0,43.0,249.0,3505.0,-238.0,334.0
-11.0,53.0,257.0,3502.0,-235.0,296.0
-10.0,59.0,258.0,3467.0,-217.0,268.0
-12.0,54.0,254.0,3410.0,-202.0,260.0
-17.0,54.0,271.0,3338.0,-188.0,262.0
-20.0,57.0,276.0,3266.0,-188.0,267.0
-21.0,62.0,289.0,3200.0,-191.0,272.0
-25.0,69.0,312.0,3149.0,-192.0,276.0
-8.0,86.0,321.0,3098.0,-249.0,283.0
-8.0,107.0,320.0,3020.0,-319.0,286.0
-1.0,139.0,316.0,2923.0,-390.0,292.0
-13.0,177.0,310.0,2808.0,-460.0,289.0
4.0,216.0,307.0,2669.0,-486.0,269.0
3.0,253.0,312.0,2480.0,-475.0,238.0
6.0,287.0,308.0,2249.0,-431.0,205.0
14.0,312.0,313.0,1991.0,-397.0,171.0
9.0,333.0,310.0,1690.0,-361.0,142.0
7.0,337.0,294.0,1348.0,-311.0,132.0
9.0,331.0,254.0,989.0,-267.0,120.0
37.0,301.0,219.0,642.0,-227.0,119.0
61.0,258.0,192.0,348.0,-179.0,135.0
64.0,223.0,185.0,135.0,-67.0,152.0
54.0,188.0,180.0,-24.0,51.0,165.0
63.0,166.0,164.0,-146.0,129.0,185.0
49.0,141.0,145.0,-225.0,205.0,193.0
41.0,118.0,134.0,-268.0,267.0,206.0
27.0,95.0,127.0,-282.0,294.0,207.0
11.0,73.0,130.0,-310.0,291.0,178.0
1.0,62.0,124.0,-331.0,261.0,109.0
-9.0,60.0,122.0,-334.0,204.0,49.0
1.0,60.0,109.0,-319.0,121.0,-9.0
8.0,57.0,103.0,-303.0,41.0,-71.0
9.0,72.0,103.0,-309.0,-1.0,-115.0
16.0,75.0,101.0,-328.0,8.0,-138.0
12.0,79.0,101.0,-377.0,16.0,-155.0
10.0,91.0,97.0,-457.0,19.0,-168.0
1.0,94.0,99.0,-553.0,24.0,-163.0
2.0,98.0,93.0,-643.0,2.0,-142.0
7.0,97.0,89.0,-743.0,-41.0,-117.0
6.0,99.0,86.0,-840.0,-87.0,-108.0
4.0,92.0,81.0,-926.0,-113.0,-114.0
-4.0,92.0,73.0,-984.0,-137.0,-124.0
-10.0,84.0,72.0,-1014.0,-165.0,-123.0
-5.0,77.0,77.0,-1030.0,-193.0,-126.0
-8.0,78.0,88.0,-1020.0,-225.0,-138.0
-7.0,75.0,95.0,-996.0,-254.0,-140.0
-4.0,75.0,101.0,-973.0,-267.0,-135.0
-1.0,73.0,106.0,-935.0,-276.0,-121.0
-4.0,65.0,119.0,-890.0,-264.0,-110.0
0.0,55.0,130.0,-834.0,-254.0,-90.0
10.0,38.0,155.0,-774.0,-255.0,-78.0
17.0,34.0,185.0,-694.0,-262.0,-65.0
21.0,25.0,208.0,-600.0,-226.0,-48.0
23.0,13.0,239.0,-487.0,-174.0,-26.0
20.0,8.0,281.0,-372.0,-158.0,-15.0
21.0,7.0,304.0,-212.0,-146.0,-12.0
13.0,21.0,329.0,-43.0,-134.0,-4.0
18.0,41.0,344.0,132.0,-142.0,7.0
21.0,55.0,360.0,307.0,-156.0,14.0
19.0,73.0,367.0,464.0,-167.0,2.0
19.0,99.0,371.0,564.0,-194.0,-32.0
14.0,127.0,354.0,642.0,-186.0,-71.0
14.0,141.0,354.0,671.0,-161.0,-78.0
15.0,154.0,339.0,659.0,-150.0,-86.0
12.0,161.0,330.0,616.0,-132.0,-94.0
17.0,161.0,321.0,547.0,-138.0,-93.0
18.0,160.0,309.0,465.0,-146.0,-85.0
18.0,159.0,306.0,369.0,-132.0,-94.0
11.0,145.0,290.0,265.0,-102.0,-104.0
17.0,133.0,275.0,147.0,-89.0,-99.0
13.0,123.0,265.0,13.0,-83.0,-95.0
13.0,107.0,250.0,-120.0,-76.0,-86.0
18.0,94.0,230.0,-250.0,-73.0,-84.0
18.0,79.0,224.0,-376.0,-61.0,-96.0
13.0,66.0,207.0,-475.0,-53.0,-102.0
15.0,56.0,197.0,-552.0,-62.0,-96.0
14.0,50.0,179.0,-607.0,-78.0,-97.0
16.0,38.0,171.0,-639.0,-90.0,-103.0
16.0,31.0,159.0,-662.0,-98.0,-112.0
13.0,27.0,154.0,-666.0,-99.0,-113.0
18.0,22.0,149.0,-647.0,-100.0,-103.0
19.0,16.0,148.0,-616.0,-92.0,-94.0
17.0,9.0,152.0,-578.0,-83.0,-89.0
15.0,9.0,152.0,-529.0,-68.0,-79.0
23.0,2.0,155.0,-473.0,-50.0,-64.0
17.0,2.0,154.0,-413.0,-33.0,-48.0
26.0,-2.0,171.0,-358.0,-13.0,-25.0
35.0,-5.0,173.0,-302.0,8.0,1.0
33.0,-7.0,181.0,-257.0,33.0,-4.0
23.0,-4.0,185.0,-223.0,58.0,-10.0
24.0,-7.0,192.0,-193.0,82.0,-20.0
25.0,-8.0,205.0,-180.0,108.0,-35.0
24.0,-9.0,213.0,-154.0,120.0,-44.0
16.0,-10.0,223.0,-133.0,121.0,-52.0
15.0,-11.0,221.0,-119.0,116.0,-57.0
14.0,-16.0,226.0,-133.0,122.0,-65.0
4.0,-8.0,228.0,-163.0,142.0,-90.0
-2.0,-9.0,236.0,-183.0,157.0,-115.0
-13.0,-10.0,243.0,-182.0,157.0,-107.0
-10.0,-10.0,243.0,-189.0,132.0,-75.0
-2.0,-13.0,240.0,-216.0,108.0,-60.0
-4.0,-16.0,235.0,-259.0,103.0,-62.0
3.0,-21.0,232.0,-309.0,96.0,-60.0
10.0,-29.0,224.0,-369.0,102.0,-60.0
9.0,-37.0,222.0,-430.0,117.0,-61.0
14.0,-46.0,215.0,-485.0,132.0,-66.0
13.0,-58.0,216.0,-523.0,142.0,-74.0
10.0,-66.0,217.0,-526.0,145.0,-75.0
15.0,-77.0,215.0,-502.0,136.0,-74.0
11.0,-77.0,217.0,-453.0,119.0,-77.0
14.0,-76.0,214.0,-386.0,99.0,-76.0
14.0,-72.0,212.0,-309.0,83.0,-78.0
13.0,-68.0,208.0,-226.0,68.0,-78.0
15.0,-61.0,206.0,-157.0,57.0,-80.0
18.0,-59.0,205.0,-102.0,48.0,-78.0
17.0,-51.0,199.0,-68.0,41.0,-80.0
16.0,-49.0,198.0,-47.0,37.0,-79.0
18.0,-49.0,197.0,-31.0,35.0,-76.0
19.0,-49.0,197.0,-10.0,32.0,-72.0
19.0,-47.0,194.0,12.0,29.0,-73.0
17.0,-46.0,191.0,33.0,28.0,-71.0
18.0,-39.0,192.0,54.0,25.0,-69.0
11.0,-39.0,196.0,77.0,23.0,-65.0
22.0,-36.0,196.0,97.0,22.0,-55.0
16.0,-37.0,187.0,111.0,20.0,-52.0
8.0,-30.0,194.0,119.0,26.0,-59.0
7.0,-26.0,191.0,121.0,15.0,-56.0
8.0,-26.0,192.0,128.0,1.0,-50.0
1.0,-23.0,193.0,133.0,-13.0,-42.0
7.0,-18.0,193.0,137.0,-37.0,-32.0
3.0,-14.0,194.0,139.0,-51.0,-39.0
-2.0,-13.0,197.0,134.0,-44.0,-37.0
2.0,-13.0,193.0,136.0,-56.0,-27.0
3.0,-9.0,199.0,137.0,-78.0,-24.0
2.0,-5.0,203.0,133.0,-84.0,-23.0
2.0,-5.0,205.0,139.0,-81.0,-18.0
3.0,-7.0,204.0,148.0,-78.0,-11.0
4.0,-5.0,207.0,156.0,-72.0,-8.0
5.0,-5.0,206.0,163.0,-63.0,-6.0
5.0,-11.0,214.0,174.0,-56.0,-3.0
7.0,-4.0,210.0,191.0,-51.0,2.0
10.0,-2.0,208.0,206.0,-40.0,5.0
12.0,-3.0,205.0,217.0,-18.0,5.0
8.0,3.0,213.0,227.0,2.0,1.0
4.0,0.0,220.0,248.0,14.0,7.0
7.0,2.0,214.0,277.0,5.0,22.0
8.0,11.0,209.0,291.0,-9.0,30.0
10.0,7.0,211.0,298.0,-11.0,28.0
5.0,17.0,218.0,298.0,-1.0,24.0
10.0,16.0,219.0,301.0,-3.0,33.0
9.0,22.0,215.0,302.0,-9.0,38.0
6.0,26.0,220.0,298.0,-15.0,38.0
15.0,30.0,216.0,292.0,-20.0,39.0
12.0,33.0,209.0,278.0,-15.0,33.0
10.0,29.0,216.0,261.0,-5.0,27.0
8.0,39.0,212.0,252.0,-9.0,25.0
11.0,38.0,219.0,241.0,-11.0,24.0
11.0,43.0,213.0,228.0,-13.0,19.0
8.0,46.0,211.0,212.0,-10.0,14.0
10.0,44.0,216.0,197.0,-9.0,11.0
10.0,50.0,222.0,186.0,-15.0,11.0
8.0,49.0,215.0,173.0,-22.0,11.0
9.0,49.0,215.0,158.0,-19.0,14.0
11.0,49.0,210.0,139.0,-19.0,10.0
10.0,46.0,211.0,117.0,-16.0,5.0
12.0,47.0,213.0,91.0,-4.0,-2.0
9.0,48.0,214.0,74.0,0.0,-4.0
7.0,46.0,211.0,60.0,-3.0,0.0
10.0,48.0,211.0,49.0,-12.0,2.0
14.0,48.0,213.0,33.0,-16.0,2.0
12.0,47.0,213.0,19.0,-10.0,-4.0
12.0,44.0,212.0,5.0,-9.0,-3.0
18.0,41.0,209.0,-1.0,-5.0,0.0
14.0,44.0,215.0,-10.0,12.0,-7.0
8.0,40.0,214.0,-11.0,11.0,-5.0
18.0,39.0,210.0,-20.0,-2.0,-3.0
19.0,44.0,205.0,-34.0,-5.0,-5.0
15.0,36.0,215.0,-52.0,3.0,-7.0
15.0,34.0,215.0,-62.0,6.0,-8.0
15.0,38.0,214.0,-65.0,3.0,-7.0
14.0,38.0,214.0,-72.0,1.0,-5.0
15.0,37.0,219.0,-82.0,2.0,-3.0
13.0,32.0,215.0,-91.0,3.0,4.0
14.0,29.0,216.0,-95.0,12.0,-2.0
15.0,28.0,215.0,-99.0,19.0,-6.0
14.0,28.0,207.0,-96.0,14.0,-11.0
15.0,27.0,213.0,-95.0,17.0,-9.0
13.0,22.0,215.0,-98.0,23.0,-7.0
13.0,23.0,213.0,-100.0,26.0,-7.0
16.0,23.0,211.0,-101.0,25.0,-9.0
14.0,21.0,216.0,-98.0,20.0,-13.0
16.0,22.0,213.0,-92.0,20.0,-16.0
16.0,23.0,209.0,-88.0,25.0,-18.0
15.0,21.0,213.0,-90.0,30.0,-22.0
14.0,21.0,213.0,-85.0,31.0,-20.0
11.0,22.0,207.0,-82.0,36.0,-19.0
15.0,15.0,213.0,-86.0,36.0,-23.0
15.0,16.0,212.0,-88.0,30.0,-24.0
16.0,17.0,214.0,-94.0,27.0,-25.0
13.0,21.0,215.0,-95.0,28.0,-29.0
12.0,16.0,210.0,-92.0,30.0,-25.0
13.0,19.0,209.0,-91.0,27.0,-23.0
9.0,19.0,209.0,-88.0,24.0,-24.0
9.0,19.0,207.0,-85.0,26.0,-20.0
12.0,15.0,206.0,-87.0,23.0,-15.0
10.0,13.0,205.0,-93.0,19.0,-15.0
6.0,12.0,207.0,-102.0,18.0,-17.0
9.0,10.0,207.0,-110.0,17.0,-23.0
8.0,11.0,208.0,-110.0,9.0,-22.0
12.0,6.0,203.0,-105.0,3.0,-20.0
8.0,10.0,207.0,-103.0,-3.0,-22.0
9.0,7.0,208.0,-91.0,-5.0,-22.0
11.0,6.0,209.0,-81.0,-7.0,-22.0
7.0,5.0,204.0,-72.0,-12.0,-21.0
12.0,4.0,210.0,-63.0,-16.0,-21.0
9.0,7.0,206.0,-50.0,-19.0,-15.0
11.0,5.0,209.0,-41.0,-19.0,-10.0
10.0,7.0,208.0,-37.0,-19.0,-11.0
8.0,11.0,202.0,-34.0,-19.0,-10.0
8.0,6.0,204.0,-28.0,-20.0,-8.0
8.0,8.0,205.0,-23.0,-22.0,-5.0
12.0,8.0,207.0,-15.0,-23.0,-5.0
16.0,6.0,207.0,-13.0,-22.0,-10.0
14.0,7.0,207.0,-6.0,-20.0,-12.0
9.0,10.0,213.0,0.0,-12.0,-13.0
11.0,10.0,213.0,13.0,-16.0,-7.0
9.0,11.0,207.0,19.0,-28.0,-3.0
14.0,14.0,206.0,19.0,-28.0,-5.0
12.0,14.0,207.0,20.0,-24.0,-6.0
10.0,13.0,214.0,22.0,-23.0,-4.0
8.0,21.0,204.0,24.0,-25.0,-4.0
12.0,14.0,206.0,26.0,-27.0,-2.0
15.0,17.0,209.0,28.0,-26.0,-1.0
13.0,16.0,209.0,28.0,-24.0,0.0
15.0,17.0,210.0,28.0,-25.0,2.0
16.0,17.0,205.0,32.0,-29.0,3.0
23.0,17.0,203.0,33.0,-27.0,2.0
16.0,18.0,206.0,25.0,-12.0,-4.0
14.0,21.0,213.0,19.0,0.0,-10.0
10.0,20.0,215.0,24.0,-8.0,-10.0
17.0,20.0,211.0,39.0,-28.0,-2.0
15.0,21.0,210.0,42.0,-35.0,5.0
14.0,28.0,213.0,34.0,-35.0,8.0
17.0,26.0,210.0,31.0,-36.0,9.0
20.0,26.0,208.0,23.0,-36.0,10.0
21.0,24.0,207.0,11.0,-30.0,9.0
16.0,29.0,210.0,-6.0,-18.0,6.0
13.0,24.0,215.0,-15.0,0.0,2.0
20.0,24.0,215.0,-8.0,-9.0,5.0
20.0,24.0,208.0,-4.0,-11.0,4.0
20.0,24.0,213.0,-3.0,-13.0,5.0
19.0,23.0,212.0,-7.0,-12.0,3.0
14.0,26.0,213.0,-9.0,-8.0,1.0
20.0,24.0,211.0,-10.0,-4.0,0.0
18.0,26.0,211.0,-12.0,1.0,-2.0
19.0,24.0,210.0,-13.0,3.0,-3.0
17.0,23.0,209.0,-13.0,3.0,-3.0
18.0,24.0,212.0,-15.0,4.0,-5.0
