2.0,-207.0,-111.0,-463.0,15.0,-146.0
1.0,-208.0,-118.0,-473.0,11.0,-147.0
6.0,-203.0,-115.0,-481.0,6.0,-145.0
7.0,-206.0,-114.0,-493.0,4.0,-144.0
6.0,-208.0,-114.0,-499.0,2.0,-141.0
7.0,-209.0,-109.0,-505.0,-3.0,-135.0
9.0,-207.0,-112.0,-513.0,-10.0,-134.0
11.0,-216.0,-108.0,-520.0,-13.0,-130.0
7.0,-208.0,-112.0,-520.0,-16.0,-124.0
9.0,-209.0,-112.0,-518.0,-22.0,-122.0
7.0,-211.0,-113.0,-526.0,-29.0,-116.0
8.0,-211.0,-109.0,-532.0,-33.0,-114.0
4.0,-214.0,-114.0,-535.0,-37.0,-112.0
0.0,-212.0,-114.0,-537.0,-41.0,-111.0
0.0,-210.0,-113.0,-535.0,-48.0,-111.0
0.0,-212.0,-117.0,-531.0,-58.0,-112.0
0.0,-207.0,-118.0,-526.0,-71.0,-112.0
0.0,-201.0,-120.0,-525.0,-89.0,-116.0
-1.0,-205.0,-120.0,-534.0,-111.0,-118.0
-1.0,-202.0,-121.0,-541.0,-130.0,-120.0
3.0,-206.0,-118.0,-546.0,-144.0,-121.0
-1.0,-201.0,-118.0,-544.0,-153.0,-118.0
1.0,-203.0,-113.0,-543.0,-162.0,-117.0
2.0,-202.0,-124.0,-548.0,-175.0,-117.0
4.0,-204.0,-121.0,-553.0,-187.0,-114.0
5.0,-202.0,-123.0,-557.0,-196.0,-109.0
9.0,-202.0,-122.0,-553.0,-203.0,-103.0
12.0,-199.0,-122.0,-549.0,-205.0,-102.0
11.0,-197.0,-125.0,-546.0,-204.0,-100.0
18.0,-200.0,-125.0,-546.0,-198.0,-97.0
15.0,-191.0,-128.0,-547.0,-188.0,-95.0
18.0,-187.0,-125.0,-553.0,-174.0,-93.0
14.0,-182.0,-126.0,-561.0,-158.0,-88.0
7.0,-164.0,-127.0,-567.0,-144.0,-84.0
12.0,-170.0,-126.0,-571.0,-129.0,-77.0
12.0,-169.0,-128.0,-576.0,-116.0,-69.0
9.0,-164.0,-128.0,-585.0,-104.0,-58.0
10.0,-163.0,-125.0,-597.0,-92.0,-46.0
11.0,-164.0,-126.0,-608.0,-83.0,-36.0
11.0,-169.0,-126.0,-616.0,-81.0,-29.0
11.0,-171.0,-126.0,-620.0,-85.0,-26.0
9.0,-174.0,-125.0,-623.0,-92.0,-25.0
5.0,-181.0,-123.0,-622.0,-104.0,-29.0
3.0,-184.0,-126.0,-620.0,-118.0,-34.0
6.0,-187.0,-130.0,-620.0,-135.0,-39.0
4.0,-194.0,-128.0,-625.0,-154.0,-47.0
2.0,-195.0,-134.0,-633.0,-165.0,-53.0
4.0,-204.0,-136.0,-645.0,-169.0,-58.0
1.0,-209.0,-136.0,-639.0,-156.0,-56.0
0.0,-207.0,-140.0,-632.0,-148.0,-54.0
1.0,-211.0,-143.0,-632.0,-143.0,-56.0
-2.0,-211.0,-140.0,-630.0,-141.0,-58.0
0.0,-204.0,-145.0,-625.0,-140.0,-58.0
-6.0,-200.0,-146.0,-608.0,-141.0,-51.0
-5.0,-196.0,-148.0,-582.0,-141.0,-44.0
-7.0,-194.0,-158.0,-555.0,-140.0,-35.0
-1.0,-191.0,-144.0,-524.0,-135.0,-24.0
0.0,-188.0,-146.0,-492.0,-128.0,-15.0
1.0,-191.0,-142.0,-465.0,-117.0,-8.0
4.0,-191.0,-143.0,-442.0,-102.0,-5.0
3.0,-193.0,-144.0,-427.0,-86.0,-4.0
6.0,-196.0,-144.0,-422.0,-67.0,-2.0
3.0,-194.0,-144.0,-426.0,-49.0,-3.0
10.0,-195.0,-154.0,-439.0,-33.0,-2.0
3.0,-198.0,-152.0,-460.0,-21.0,-8.0
6.0,-201.0,-149.0,-485.0,-11.0,-11.0
7.0,-198.0,-160.0,-511.0,0.0,-14.0
8.0,-202.0,-157.0,-536.0,9.0,-19.0
6.0,-202.0,-162.0,-558.0,14.0,-23.0
6.0,-205.0,-161.0,-570.0,16.0,-29.0
4.0,-204.0,-162.0,-569.0,14.0,-32.0
0.0,-199.0,-165.0,-553.0,4.0,-33.0
0.0,-208.0,-164.0,-532.0,-13.0,-37.0
-2.0,-202.0,-164.0,-508.0,-34.0,-39.0
-3.0,-200.0,-169.0,-483.0,-55.0,-40.0
-7.0,-199.0,-172.0,-458.0,-73.0,-38.0
-7.0,-196.0,-166.0,-435.0,-90.0,-31.0
-1.0,-197.0,-170.0,-416.0,-98.0,-24.0
-1.0,-194.0,-170.0,-400.0,-99.0,-14.0
-4.0,-197.0,-171.0,-387.0,-94.0,-9.0
0.0,-198.0,-170.0,-376.0,-86.0,-5.0
2.0,-198.0,-174.0,-368.0,-69.0,-6.0
1.0,-199.0,-172.0,-366.0,-52.0,-8.0
2.0,-198.0,-174.0,-363.0,-33.0,-12.0
5.0,-198.0,-175.0,-359.0,-12.0,-16.0
10.0,-198.0,-173.0,-358.0,8.0,-22.0
7.0,-193.0,-173.0,-352.0,25.0,-27.0
8.0,-195.0,-175.0,-347.0,41.0,-31.0
14.0,-198.0,-171.0,-340.0,53.0,-35.0
16.0,-197.0,-173.0,-328.0,58.0,-39.0
13.0,-195.0,-169.0,-312.0,58.0,-39.0
11.0,-195.0,-167.0,-292.0,54.0,-39.0
10.0,-194.0,-169.0,-271.0,45.0,-33.0
6.0,-193.0,-165.0,-252.0,34.0,-31.0
0.0,-191.0,-163.0,-236.0,22.0,-27.0
4.0,-193.0,-165.0,-217.0,12.0,-19.0
0.0,-191.0,-163.0,-201.0,4.0,-13.0
-8.0,-188.0,-169.0,-187.0,-2.0,-11.0
-6.0,-188.0,-165.0,-174.0,-4.0,-6.0
-12.0,-188.0,-168.0,-165.0,-4.0,-3.0
-9.0,-187.0,-167.0,-159.0,-3.0,0.0
-6.0,-189.0,-169.0,-154.0,-2.0,3.0
-6.0,-184.0,-170.0,-151.0,-2.0,8.0
-1.0,-186.0,-170.0,-147.0,-7.0,12.0
-3.0,-186.0,-174.0,-140.0,-11.0,16.0
0.0,-187.0,-176.0,-135.0,-16.0,18.0
4.0,-190.0,-174.0,-127.0,-17.0,18.0
3.0,-187.0,-178.0,-116.0,-17.0,18.0
8.0,-188.0,-174.0,-102.0,-13.0,14.0
12.0,-189.0,-171.0,-86.0,-8.0,11.0
10.0,-189.0,-177.0,-70.0,-3.0,7.0
14.0,-189.0,-179.0,-58.0,3.0,6.0
13.0,-187.0,-183.0,-45.0,10.0,7.0
16.0,-187.0,-185.0,-40.0,17.0,6.0
16.0,-185.0,-184.0,-33.0,23.0,10.0
14.0,-181.0,-184.0,-24.0,24.0,13.0
14.0,-182.0,-184.0,-7.0,27.0,9.0
12.0,-182.0,-184.0,11.0,30.0,7.0
8.0,-179.0,-182.0,33.0,34.0,8.0
9.0,-179.0,-182.0,56.0,38.0,11.0
5.0,-179.0,-177.0,76.0,42.0,15.0
5.0,-176.0,-183.0,94.0,50.0,20.0
5.0,-173.0,-177.0,104.0,57.0,22.0
4.0,-172.0,-176.0,113.0,68.0,28.0
3.0,-170.0,-177.0,118.0,77.0,33.0
8.0,-175.0,-173.0,116.0,83.0,39.0
2.0,-168.0,-172.0,117.0,87.0,41.0
7.0,-169.0,-169.0,117.0,87.0,38.0
3.0,-170.0,-171.0,119.0,86.0,40.0
7.0,-173.0,-176.0,120.0,80.0,41.0
6.0,-169.0,-176.0,119.0,70.0,34.0
7.0,-174.0,-178.0,120.0,58.0,30.0
4.0,-171.0,-175.0,123.0,45.0,25.0
5.0,-171.0,-179.0,127.0,31.0,20.0
5.0,-171.0,-181.0,130.0,19.0,18.0
4.0,-171.0,-180.0,137.0,8.0,14.0
4.0,-170.0,-182.0,142.0,1.0,8.0
3.0,-169.0,-185.0,145.0,-3.0,0.0
0.0,-173.0,-184.0,149.0,-5.0,-6.0
5.0,-173.0,-182.0,154.0,-1.0,-4.0
5.0,-172.0,-186.0,160.0,7.0,-3.0
6.0,-172.0,-181.0,164.0,19.0,-6.0
6.0,-167.0,-186.0,166.0,30.0,-6.0
5.0,-168.0,-181.0,169.0,39.0,-5.0
7.0,-171.0,-181.0,176.0,46.0,-4.0
7.0,-172.0,-183.0,185.0,47.0,-1.0
6.0,-169.0,-183.0,194.0,44.0,-2.0
4.0,-169.0,-181.0,204.0,38.0,-2.0
2.0,-166.0,-179.0,212.0,31.0,-4.0
1.0,-167.0,-183.0,221.0,23.0,-5.0
2.0,-168.0,-181.0,230.0,16.0,-8.0
1.0,-168.0,-180.0,238.0,8.0,-8.0
-2.0,-161.0,-173.0,245.0,0.0,-10.0
-2.0,-164.0,-180.0,250.0,-5.0,-12.0
-6.0,-163.0,-173.0,256.0,-13.0,-10.0
-3.0,-166.0,-177.0,261.0,-22.0,-11.0
-3.0,-165.0,-174.0,262.0,-28.0,-12.0
0.0,-165.0,-170.0,264.0,-33.0,-9.0
0.0,-162.0,-172.0,267.0,-35.0,-7.0
3.0,-161.0,-173.0,273.0,-40.0,-9.0
5.0,-162.0,-169.0,278.0,-40.0,-10.0
9.0,-161.0,-172.0,283.0,-41.0,-15.0
7.0,-159.0,-174.0,288.0,-40.0,-22.0
10.0,-157.0,-170.0,294.0,-34.0,-28.0
14.0,-155.0,-169.0,297.0,-32.0,-30.0
18.0,-156.0,-169.0,301.0,-25.0,-30.0
12.0,-157.0,-166.0,302.0,-17.0,-31.0
13.0,-155.0,-165.0,304.0,-4.0,-25.0
14.0,-151.0,-167.0,302.0,7.0,-27.0
14.0,-151.0,-165.0,306.0,21.0,-12.0
7.0,-150.0,-168.0,318.0,27.0,5.0
11.0,-153.0,-159.0,335.0,30.0,16.0
6.0,-152.0,-159.0,352.0,35.0,22.0
3.0,-148.0,-151.0,366.0,38.0,25.0
4.0,-153.0,-143.0,383.0,39.0,29.0
1.0,-146.0,-151.0,392.0,34.0,30.0
-1.0,-147.0,-143.0,403.0,28.0,30.0
0.0,-150.0,-146.0,411.0,18.0,30.0
-4.0,-147.0,-139.0,418.0,7.0,26.0
-4.0,-145.0,-143.0,425.0,-4.0,26.0
-4.0,-146.0,-144.0,435.0,-13.0,31.0
-3.0,-146.0,-141.0,444.0,-21.0,36.0
-3.0,-145.0,-143.0,452.0,-31.0,41.0
-3.0,-142.0,-145.0,465.0,-40.0,45.0
-2.0,-143.0,-144.0,479.0,-47.0,48.0
-2.0,-144.0,-152.0,491.0,-50.0,49.0
2.0,-144.0,-145.0,499.0,-50.0,45.0
3.0,-144.0,-146.0,506.0,-48.0,42.0
1.0,-144.0,-148.0,513.0,-40.0,39.0
3.0,-145.0,-149.0,521.0,-29.0,36.0
2.0,-150.0,-153.0,526.0,-15.0,33.0
7.0,-147.0,-155.0,536.0,2.0,29.0
7.0,-149.0,-155.0,545.0,21.0,23.0
9.0,-148.0,-156.0,555.0,38.0,18.0
8.0,-144.0,-163.0,566.0,50.0,17.0
4.0,-145.0,-165.0,577.0,63.0,5.0
12.0,-147.0,-161.0,590.0,74.0,-4.0
9.0,-145.0,-156.0,601.0,76.0,-13.0
8.0,-141.0,-161.0,612.0,75.0,-23.0
5.0,-141.0,-159.0,620.0,69.0,-31.0
1.0,-142.0,-157.0,626.0,59.0,-39.0
0.0,-142.0,-160.0,625.0,44.0,-60.0
1.0,-139.0,-160.0,625.0,36.0,-64.0
10.0,-140.0,-163.0,640.0,20.0,-55.0
-7.0,-141.0,-159.0,647.0,8.0,-28.0
-8.0,-141.0,-164.0,664.0,2.0,-38.0
-7.0,-137.0,-169.0,688.0,-1.0,-39.0
-15.0,-140.0,-174.0,703.0,-6.0,-30.0
-10.0,-144.0,-172.0,713.0,-11.0,-23.0
-10.0,-144.0,-172.0,721.0,-13.0,-16.0
-9.0,-156.0,-172.0,736.0,-19.0,-10.0
-9.0,-140.0,-167.0,744.0,-24.0,-20.0
-4.0,-151.0,-170.0,769.0,-28.0,-5.0
-3.0,-149.0,-173.0,804.0,-34.0,-2.0
-4.0,-144.0,-171.0,833.0,-35.0,-2.0
-6.0,-145.0,-180.0,854.0,-33.0,-8.0
1.0,-147.0,-177.0,864.0,-24.0,-14.0
8.0,-150.0,-171.0,872.0,-19.0,-25.0
9.0,-147.0,-174.0,875.0,-16.0,-44.0
11.0,-137.0,-171.0,874.0,-11.0,-58.0
12.0,-142.0,-167.0,901.0,-16.0,-49.0
17.0,-142.0,-168.0,943.0,-26.0,-54.0
20.0,-141.0,-158.0,983.0,-32.0,-41.0
15.0,-137.0,-161.0,1023.0,-43.0,-55.0
14.0,-140.0,-158.0,1067.0,-50.0,-71.0
13.0,-137.0,-152.0,1111.0,-55.0,-73.0
8.0,-136.0,-149.0,1155.0,-53.0,-68.0
7.0,-137.0,-145.0,1193.0,-49.0,-78.0
8.0,-135.0,-139.0,1232.0,-38.0,-66.0
6.0,-132.0,-132.0,1274.0,-35.0,-52.0
9.0,-129.0,-137.0,1313.0,-36.0,-51.0
4.0,-128.0,-131.0,1347.0,-36.0,-64.0
1.0,-124.0,-129.0,1379.0,-39.0,-84.0
-5.0,-132.0,-133.0,1404.0,-44.0,-107.0
-2.0,-127.0,-126.0,1414.0,-52.0,-138.0
1.0,-126.0,-120.0,1448.0,-72.0,-145.0
1.0,-133.0,-118.0,1488.0,-104.0,-169.0
0.0,-130.0,-108.0,1528.0,-137.0,-193.0
-16.0,-129.0,-109.0,1571.0,-171.0,-214.0
-15.0,-130.0,-107.0,1617.0,-205.0,-240.0
-25.0,-147.0,-114.0,1651.0,-238.0,-274.0
-13.0,-127.0,-100.0,1656.0,-270.0,-328.0
-1.0,-136.0,-104.0,1670.0,-302.0,-321.0
-10.0,-136.0,-99.0,1685.0,-327.0,-330.0
-2.0,-141.0,-96.0,1732.0,-333.0,-375.0
0.0,-137.0,-103.0,1776.0,-326.0,-403.0
9.0,-141.0,-101.0,1806.0,-314.0,-419.0
6.0,-159.0,-98.0,1825.0,-302.0,-435.0
20.0,-138.0,-95.0,1832.0,-293.0,-479.0
18.0,-138.0,-88.0,1871.0,-287.0,-482.0
19.0,-144.0,-86.0,1940.0,-286.0,-492.0
18.0,-153.0,-73.0,2039.0,-280.0,-512.0
18.0,-159.0,-70.0,2150.0,-269.0,-530.0
15.0,-159.0,-65.0,2259.0,-250.0,-543.0
17.0,-165.0,-59.0,2355.0,-234.0,-546.0
21.0,-170.0,-50.0,2443.0,-219.0,-548.0
32.0,-178.0,-42.0,2534.0,-208.0,-544.0
38.0,-190.0,-35.0,2634.0,-202.0,-546.0
39.0,-191.0,-42.0,2739.0,-189.0,-550.0
34.0,-193.0,-37.0,2840.0,-157.0,-565.0
19.0,-195.0,-41.0,2938.0,-111.0,-577.0
6.0,-194.0,-40.0,3043.0,-64.0,-587.0
5.0,-198.0,-46.0,3123.0,-22.0,-615.0
3.0,-193.0,-40.0,3181.0,10.0,-639.0
1.0,-199.0,-37.0,3218.0,28.0,-657.0
1.0,-208.0,-29.0,3248.0,35.0,-674.0
2.0,-222.0,-25.0,3282.0,33.0,-683.0
8.0,-230.0,-14.0,3329.0,29.0,-688.0
9.0,-237.0,-8.0,3388.0,5.0,-701.0
8.0,-237.0,-4.0,3455.0,-45.0,-734.0
2.0,-244.0,-11.0,3522.0,-126.0,-779.0
-9.0,-250.0,-20.0,3576.0,-217.0,-821.0
-25.0,-253.0,-33.0,3617.0,-306.0,-856.0
-28.0,-248.0,-42.0,3664.0,-381.0,-896.0
-35.0,-240.0,-48.0,3721.0,-439.0,-948.0
-28.0,-239.0,-58.0,3766.0,-474.0,-1015.0
-30.0,-234.0,-63.0,3784.0,-504.0,-1082.0
-27.0,-232.0,-65.0,3791.0,-544.0,-1126.0
-22.0,-217.0,-81.0,3801.0,-587.0,-1153.0
4.0,-194.0,-116.0,3753.0,-619.0,-1173.0
24.0,-179.0,-131.0,3652.0,-627.0,-1203.0
33.0,-169.0,-145.0,3620.0,-630.0,-1273.0
23.0,-123.0,-180.0,3620.0,-624.0,-1345.0
6.0,-89.0,-176.0,3531.0,-594.0,-1388.0
-3.0,-32.0,-150.0,3356.0,-555.0,-1413.0
-25.0,-7.0,-102.0,3156.0,-503.0,-1441.0
-45.0,8.0,-55.0,2965.0,-409.0,-1444.0
-52.0,27.0,-41.0,2803.0,-269.0,-1399.0
-56.0,29.0,-37.0,2635.0,-116.0,-1298.0
-33.0,2.0,-26.0,2481.0,32.0,-1161.0
4.0,-44.0,8.0,2385.0,155.0,-1033.0
41.0,-129.0,72.0,2418.0,276.0,-909.0
58.0,-218.0,117.0,2589.0,345.0,-784.0
51.0,-355.0,209.0,2840.0,363.0,-672.0
63.0,-541.0,345.0,3162.0,352.0,-529.0
74.0,-764.0,479.0,3595.0,359.0,-424.0
146.0,-1038.0,627.0,4047.0,423.0,-222.0
235.0,-1275.0,735.0,4425.0,706.0,-53.0
446.0,-1591.0,904.0,4787.0,1104.0,-145.0
681.0,-1754.0,967.0,5045.0,1443.0,-413.0
555.0,-1637.0,844.0,5372.0,1528.0,-751.0
432.0,-1271.0,606.0,5832.0,1211.0,-901.0
298.0,-985.0,460.0,6305.0,893.0,-860.0
125.0,-622.0,351.0,6543.0,716.0,-769.0
21.0,-305.0,329.0,6377.0,538.0,-686.0
-65.0,-90.0,345.0,5871.0,328.0,-606.0
-131.0,85.0,344.0,5226.0,80.0,-579.0
-160.0,185.0,388.0,4573.0,-145.0,-616.0
-133.0,271.0,405.0,4141.0,-270.0,-703.0
-68.0,317.0,375.0,4065.0,-295.0,-836.0
-1.0,340.0,354.0,4292.0,-261.0,-964.0
87.0,348.0,281.0,4627.0,-203.0,-993.0
146.0,353.0,172.0,4829.0,-182.0,-927.0
202.0,343.0,61.0,4692.0,-208.0,-792.0
215.0,293.0,38.0,4264.0,-190.0,-581.0
201.0,187.0,71.0,3778.0,-120.0,-343.0
191.0,68.0,75.0,3503.0,-35.0,-142.0
184.0,-3.0,69.0,3445.0,47.0,8.0
169.0,-86.0,97.0,3374.0,132.0,94.0
130.0,-148.0,149.0,3243.0,200.0,106.0
99.0,-192.0,197.0,3082.0,198.0,55.0
92.0,-205.0,232.0,2916.0,138.0,-21.0
81.0,-191.0,256.0,2755.0,66.0,-133.0
79.0,-125.0,267.0,2569.0,35.0,-221.0
93.0,-41.0,267.0,2329.0,80.0,-245.0
109.0,46.0,283.0,2018.0,180.0,-241.0
112.0,103.0,289.0,1677.0,283.0,-250.0
111.0,178.0,308.0,1363.0,338.0,-265.0
103.0,238.0,335.0,1111.0,339.0,-269.0
95.0,269.0,357.0,944.0,290.0,-264.0
72.0,282.0,374.0,855.0,215.0,-254.0
59.0,276.0,370.0,815.0,123.0,-249.0
33.0,258.0,353.0,777.0,30.0,-237.0
13.0,223.0,356.0,718.0,-50.0,-201.0
1.0,165.0,349.0,698.0,-115.0,-144.0
0.0,111.0,322.0,734.0,-186.0,-80.0
10.0,72.0,291.0,741.0,-241.0,-28.0
15.0,23.0,268.0,679.0,-252.0,4.0
24.0,-34.0,246.0,599.0,-250.0,17.0
31.0,-72.0,236.0,579.0,-266.0,2.0
60.0,-109.0,205.0,638.0,-309.0,-22.0
65.0,-116.0,181.0,745.0,-358.0,-63.0
81.0,-117.0,156.0,843.0,-404.0,-117.0
85.0,-86.0,150.0,911.0,-431.0,-179.0
91.0,-44.0,163.0,975.0,-438.0,-242.0
92.0,-7.0,188.0,1050.0,-438.0,-306.0
95.0,13.0,191.0,1137.0,-428.0,-357.0
91.0,41.0,213.0,1202.0,-424.0,-372.0
87.0,65.0,263.0,1199.0,-432.0,-372.0
84.0,64.0,331.0,1185.0,-425.0,-385.0
74.0,79.0,343.0,1210.0,-413.0,-411.0
81.0,96.0,319.0,1235.0,-408.0,-359.0
84.0,97.0,302.0,1173.0,-398.0,-273.0
85.0,86.0,300.0,1061.0,-371.0,-199.0
78.0,69.0,279.0,954.0,-336.0,-136.0
76.0,63.0,258.0,883.0,-305.0,-93.0
73.0,56.0,226.0,820.0,-269.0,-67.0
64.0,52.0,190.0,766.0,-201.0,-61.0
53.0,54.0,167.0,721.0,-115.0,-62.0
55.0,50.0,158.0,698.0,-28.0,-60.0
62.0,54.0,164.0,693.0,41.0,-52.0
63.0,57.0,168.0,693.0,76.0,-45.0
60.0,64.0,185.0,680.0,90.0,-43.0
62.0,71.0,201.0,656.0,92.0,-40.0
67.0,78.0,204.0,631.0,95.0,-33.0
63.0,85.0,216.0,589.0,96.0,-32.0
63.0,90.0,217.0,536.0,83.0,-25.0
56.0,87.0,219.0,462.0,56.0,-14.0
54.0,82.0,222.0,359.0,28.0,0.0
48.0,72.0,212.0,247.0,-4.0,16.0
37.0,59.0,211.0,118.0,-44.0,28.0
40.0,49.0,199.0,-18.0,-85.0,35.0
32.0,36.0,198.0,-149.0,-118.0,34.0
34.0,22.0,205.0,-261.0,-145.0,36.0
35.0,16.0,206.0,-345.0,-176.0,26.0
38.0,13.0,213.0,-400.0,-203.0,15.0
48.0,19.0,216.0,-434.0,-223.0,5.0
56.0,19.0,221.0,-480.0,-230.0,-28.0
67.0,6.0,227.0,-504.0,-207.0,-25.0
66.0,4.0,223.0,-476.0,-171.0,4.0
73.0,0.0,229.0,-398.0,-142.0,24.0
82.0,19.0,233.0,-293.0,-121.0,33.0
91.0,15.0,224.0,-189.0,-103.0,45.0
102.0,23.0,221.0,-114.0,-88.0,53.0
108.0,29.0,219.0,-74.0,-71.0,60.0
111.0,32.0,218.0,-66.0,-43.0,69.0
113.0,42.0,222.0,-87.0,-12.0,79.0
111.0,40.0,216.0,-127.0,18.0,93.0
121.0,37.0,216.0,-180.0,43.0,105.0
119.0,41.0,215.0,-242.0,70.0,118.0
120.0,40.0,222.0,-302.0,94.0,122.0
124.0,32.0,218.0,-359.0,110.0,127.0
124.0,36.0,218.0,-416.0,117.0,136.0
121.0,32.0,227.0,-472.0,113.0,144.0
120.0,25.0,235.0,-513.0,96.0,149.0
120.0,20.0,247.0,-534.0,66.0,149.0
124.0,12.0,265.0,-546.0,28.0,144.0
118.0,7.0,280.0,-549.0,-13.0,136.0
115.0,2.0,282.0,-556.0,-59.0,130.0
110.0,0.0,271.0,-576.0,-106.0,128.0
112.0,-3.0,254.0,-607.0,-150.0,128.0
106.0,2.0,241.0,-659.0,-174.0,135.0
105.0,3.0,219.0,-710.0,-180.0,149.0
93.0,11.0,204.0,-757.0,-161.0,168.0
94.0,17.0,179.0,-787.0,-126.0,187.0
92.0,30.0,155.0,-837.0,-50.0,209.0
90.0,28.0,151.0,-886.0,72.0,232.0
86.0,33.0,154.0,-887.0,185.0,252.0
90.0,30.0,153.0,-843.0,265.0,271.0
92.0,28.0,151.0,-780.0,312.0,291.0
97.0,24.0,162.0,-725.0,341.0,315.0
95.0,20.0,177.0,-692.0,360.0,345.0
90.0,11.0,211.0,-673.0,355.0,378.0
89.0,0.0,231.0,-661.0,319.0,395.0
96.0,-18.0,260.0,-657.0,268.0,395.0
88.0,-26.0,277.0,-674.0,211.0,380.0
84.0,-40.0,285.0,-724.0,153.0,360.0
82.0,-44.0,286.0,-795.0,102.0,334.0
76.0,-45.0,283.0,-862.0,65.0,317.0
75.0,-48.0,272.0,-923.0,37.0,307.0
65.0,-47.0,258.0,-973.0,23.0,301.0
68.0,-43.0,247.0,-1010.0,21.0,302.0
71.0,-40.0,229.0,-1023.0,37.0,297.0
77.0,-35.0,220.0,-1015.0,73.0,290.0
94.0,-42.0,209.0,-987.0,130.0,281.0
95.0,-37.0,207.0,-938.0,196.0,273.0
103.0,-43.0,204.0,-869.0,259.0,275.0
109.0,-49.0,206.0,-792.0,317.0,284.0
114.0,-54.0,217.0,-700.0,363.0,290.0
113.0,-63.0,258.0,-597.0,391.0,297.0
115.0,-83.0,301.0,-483.0,384.0,288.0
108.0,-103.0,329.0,-383.0,347.0,263.0
105.0,-117.0,349.0,-337.0,295.0,227.0
92.0,-128.0,348.0,-372.0,242.0,183.0
89.0,-131.0,340.0,-450.0,200.0,144.0
78.0,-129.0,321.0,-498.0,180.0,103.0
65.0,-125.0,293.0,-490.0,173.0,76.0
55.0,-121.0,267.0,-431.0,168.0,69.0
48.0,-114.0,233.0,-339.0,173.0,74.0
39.0,-100.0,208.0,-244.0,201.0,80.0
25.0,-78.0,185.0,-150.0,244.0,94.0
29.0,-59.0,183.0,-56.0,291.0,124.0
34.0,-51.0,182.0,49.0,338.0,143.0
37.0,-34.0,178.0,148.0,384.0,157.0
51.0,-25.0,193.0,194.0,421.0,178.0
60.0,-23.0,204.0,203.0,450.0,206.0
69.0,-26.0,227.0,181.0,470.0,234.0
73.0,-29.0,241.0,145.0,478.0,254.0
77.0,-24.0,241.0,103.0,453.0,259.0
75.0,-29.0,246.0,48.0,413.0,265.0
76.0,-38.0,258.0,-11.0,354.0,266.0
83.0,-47.0,268.0,-53.0,299.0,262.0
88.0,-52.0,275.0,-94.0,259.0,250.0
79.0,-56.0,282.0,-167.0,221.0,234.0
67.0,-60.0,268.0,-275.0,166.0,232.0
72.0,-74.0,262.0,-383.0,117.0,244.0
66.0,-81.0,253.0,-443.0,91.0,247.0
69.0,-90.0,235.0,-429.0,97.0,241.0
64.0,-98.0,233.0,-346.0,115.0,219.0
41.0,-103.0,217.0,-221.0,121.0,204.0
19.0,-115.0,209.0,-77.0,114.0,208.0
12.0,-126.0,200.0,73.0,103.0,235.0
8.0,-131.0,197.0,225.0,101.0,272.0
1.0,-132.0,199.0,363.0,101.0,300.0
-7.0,-132.0,208.0,474.0,94.0,320.0
-8.0,-125.0,216.0,562.0,84.0,349.0
-2.0,-124.0,217.0,626.0,76.0,367.0
9.0,-117.0,230.0,673.0,74.0,370.0
27.0,-122.0,241.0,706.0,84.0,340.0
54.0,-116.0,250.0,720.0,101.0,281.0
67.0,-102.0,258.0,714.0,127.0,205.0
71.0,-88.0,260.0,682.0,159.0,127.0
80.0,-84.0,268.0,620.0,191.0,63.0
73.0,-78.0,278.0,574.0,198.0,25.0
73.0,-76.0,268.0,559.0,179.0,-3.0
75.0,-76.0,261.0,544.0,155.0,-39.0
76.0,-63.0,251.0,515.0,133.0,-76.0
72.0,-58.0,240.0,463.0,110.0,-91.0
66.0,-58.0,236.0,398.0,92.0,-97.0
59.0,-51.0,224.0,345.0,87.0,-87.0
62.0,-54.0,224.0,296.0,80.0,-97.0
64.0,-55.0,217.0,254.0,71.0,-112.0
59.0,-62.0,209.0,212.0,65.0,-126.0
61.0,-64.0,210.0,181.0,56.0,-106.0
58.0,-65.0,204.0,144.0,45.0,-87.0
57.0,-67.0,203.0,100.0,29.0,-90.0
48.0,-71.0,209.0,73.0,13.0,-116.0
51.0,-77.0,203.0,79.0,1.0,-129.0
52.0,-67.0,197.0,88.0,4.0,-126.0
52.0,-76.0,203.0,92.0,15.0,-123.0
54.0,-69.0,205.0,103.0,36.0,-129.0
62.0,-77.0,206.0,126.0,67.0,-131.0
65.0,-81.0,207.0,186.0,116.0,-150.0
68.0,-73.0,209.0,256.0,171.0,-162.0
70.0,-73.0,209.0,301.0,228.0,-169.0
82.0,-71.0,210.0,337.0,284.0,-164.0
90.0,-71.0,218.0,351.0,338.0,-161.0
94.0,-73.0,221.0,357.0,382.0,-160.0
95.0,-64.0,224.0,352.0,408.0,-157.0
106.0,-69.0,232.0,333.0,420.0,-146.0
109.0,-66.0,229.0,299.0,426.0,-138.0
106.0,-66.0,229.0,256.0,425.0,-130.0
103.0,-67.0,234.0,210.0,417.0,-127.0
102.0,-64.0,233.0,165.0,400.0,-122.0
98.0,-64.0,229.0,125.0,378.0,-116.0
93.0,-64.0,227.0,90.0,350.0,-103.0
88.0,-65.0,226.0,59.0,321.0,-91.0
86.0,-66.0,222.0,35.0,293.0,-83.0
84.0,-70.0,226.0,11.0,267.0,-74.0
82.0,-76.0,224.0,-13.0,243.0,-68.0
80.0,-81.0,225.0,-36.0,219.0,-64.0
73.0,-87.0,221.0,-51.0,194.0,-65.0
67.0,-83.0,226.0,-55.0,168.0,-68.0
64.0,-83.0,230.0,-49.0,141.0,-70.0
61.0,-86.0,226.0,-34.0,108.0,-73.0
63.0,-85.0,228.0,-13.0,75.0,-74.0
60.0,-82.0,232.0,8.0,37.0,-79.0
58.0,-82.0,234.0,28.0,2.0,-85.0
57.0,-81.0,228.0,43.0,-30.0,-94.0
55.0,-76.0,229.0,58.0,-51.0,-99.0
55.0,-73.0,232.0,73.0,-65.0,-103.0
50.0,-68.0,228.0,84.0,-67.0,-103.0
48.0,-62.0,232.0,92.0,-56.0,-99.0
50.0,-49.0,227.0,99.0,-36.0,-88.0
56.0,-47.0,227.0,103.0,-2.0,-76.0
58.0,-37.0,224.0,105.0,33.0,-66.0
57.0,-33.0,219.0,106.0,76.0,-56.0
55.0,-28.0,218.0,96.0,120.0,-48.0
50.0,-27.0,216.0,72.0,155.0,-36.0
45.0,-32.0,218.0,34.0,186.0,-27.0
42.0,-37.0,224.0,-8.0,212.0,-19.0
34.0,-43.0,224.0,-48.0,225.0,-6.0
31.0,-50.0,228.0,-80.0,233.0,1.0
22.0,-47.0,233.0,-119.0,248.0,-7.0
21.0,-61.0,245.0,-156.0,261.0,-1.0
19.0,-74.0,252.0,-172.0,252.0,7.0
18.0,-76.0,251.0,-172.0,237.0,0.0
17.0,-77.0,251.0,-179.0,225.0,-13.0
17.0,-80.0,252.0,-209.0,208.0,-21.0
19.0,-91.0,251.0,-218.0,181.0,-29.0
16.0,-89.0,252.0,-193.0,158.0,-50.0
19.0,-91.0,248.0,-155.0,134.0,-57.0
19.0,-90.0,245.0,-105.0,119.0,-64.0
15.0,-85.0,249.0,-46.0,104.0,-75.0
25.0,-84.0,247.0,4.0,87.0,-82.0
17.0,-77.0,240.0,37.0,72.0,-88.0
14.0,-70.0,239.0,59.0,53.0,-90.0
11.0,-63.0,246.0,73.0,34.0,-93.0
10.0,-61.0,241.0,83.0,19.0,-93.0
12.0,-59.0,242.0,89.0,12.0,-91.0
9.0,-51.0,243.0,88.0,14.0,-88.0
9.0,-44.0,242.0,81.0,21.0,-84.0
8.0,-44.0,249.0,70.0,28.0,-81.0
13.0,-45.0,247.0,61.0,37.0,-78.0
14.0,-41.0,247.0,50.0,46.0,-75.0
17.0,-44.0,249.0,35.0,52.0,-69.0
15.0,-40.0,252.0,17.0,59.0,-63.0
17.0,-43.0,251.0,-5.0,62.0,-59.0
17.0,-41.0,250.0,-26.0,63.0,-56.0
20.0,-39.0,250.0,-43.0,60.0,-53.0
24.0,-42.0,251.0,-59.0,58.0,-48.0
29.0,-45.0,246.0,-71.0,58.0,-50.0
32.0,-49.0,249.0,-77.0,58.0,-48.0
35.0,-40.0,243.0,-78.0,66.0,-48.0
41.0,-42.0,240.0,-77.0,80.0,-48.0
45.0,-38.0,237.0,-76.0,102.0,-45.0
50.0,-43.0,241.0,-73.0,128.0,-47.0
55.0,-39.0,243.0,-71.0,156.0,-47.0
57.0,-39.0,245.0,-71.0,186.0,-45.0
59.0,-39.0,241.0,-70.0,212.0,-41.0
59.0,-39.0,245.0,-72.0,233.0,-36.0
60.0,-44.0,245.0,-71.0,248.0,-34.0
62.0,-48.0,244.0,-65.0,253.0,-33.0
64.0,-49.0,248.0,-53.0,249.0,-31.0
65.0,-52.0,248.0,-36.0,239.0,-28.0
65.0,-53.0,246.0,-20.0,222.0,-20.0
60.0,-52.0,239.0,-2.0,203.0,-16.0
53.0,-55.0,251.0,10.0,182.0,-21.0
58.0,-57.0,244.0,23.0,157.0,-32.0
55.0,-53.0,245.0,41.0,129.0,-42.0
54.0,-52.0,246.0,62.0,103.0,-51.0
54.0,-54.0,244.0,80.0,78.0,-57.0
51.0,-51.0,245.0,99.0,55.0,-59.0
48.0,-51.0,241.0,114.0,32.0,-61.0
52.0,-49.0,246.0,123.0,15.0,-60.0
55.0,-48.0,246.0,124.0,1.0,-59.0
51.0,-48.0,243.0,125.0,-8.0,-60.0
58.0,-49.0,242.0,125.0,-16.0,-66.0
53.0,-51.0,246.0,125.0,-20.0,-68.0
54.0,-57.0,248.0,126.0,-26.0,-67.0
52.0,-54.0,244.0,128.0,-30.0,-65.0
53.0,-57.0,241.0,132.0,-32.0,-64.0
52.0,-56.0,242.0,136.0,-34.0,-61.0
51.0,-60.0,239.0,142.0,-35.0,-58.0
48.0,-60.0,238.0,146.0,-36.0,-54.0
48.0,-64.0,239.0,149.0,-34.0,-46.0
50.0,-63.0,238.0,153.0,-28.0,-38.0
46.0,-62.0,237.0,152.0,-19.0,-29.0
48.0,-66.0,244.0,147.0,-9.0,-24.0
45.0,-61.0,238.0,142.0,2.0,-16.0
42.0,-59.0,235.0,138.0,13.0,-9.0
