-5.0,-246.0,-78.0,-3.0,17.0,7.0
-7.0,-247.0,-77.0,-5.0,15.0,11.0
-6.0,-243.0,-82.0,-6.0,15.0,8.0
-7.0,-245.0,-78.0,-9.0,15.0,12.0
-5.0,-246.0,-79.0,-11.0,15.0,9.0
-6.0,-245.0,-81.0,-12.0,16.0,9.0
-7.0,-243.0,-77.0,-14.0,17.0,10.0
-9.0,-246.0,-81.0,-16.0,15.0,12.0
-8.0,-245.0,-78.0,-16.0,17.0,11.0
-8.0,-247.0,-77.0,-14.0,18.0,14.0
-5.0,-248.0,-83.0,-13.0,19.0,10.0
-6.0,-244.0,-79.0,-12.0,21.0,13.0
-6.0,-245.0,-81.0,-13.0,24.0,11.0
-6.0,-245.0,-77.0,-12.0,25.0,14.0
-5.0,-245.0,-81.0,-15.0,27.0,14.0
-5.0,-247.0,-81.0,-16.0,28.0,17.0
-5.0,-246.0,-80.0,-14.0,29.0,14.0
-6.0,-245.0,-85.0,-14.0,29.0,16.0
-6.0,-245.0,-86.0,-16.0,31.0,14.0
-5.0,-246.0,-82.0,-17.0,32.0,19.0
-4.0,-247.0,-87.0,-16.0,33.0,18.0
-4.0,-244.0,-81.0,-17.0,33.0,21.0
-4.0,-247.0,-84.0,-17.0,33.0,19.0
-5.0,-247.0,-83.0,-16.0,34.0,21.0
-6.0,-244.0,-83.0,-16.0,35.0,20.0
-4.0,-246.0,-80.0,-17.0,34.0,20.0
-10.0,-245.0,-85.0,-18.0,34.0,19.0
-7.0,-243.0,-82.0,-20.0,36.0,22.0
-5.0,-242.0,-84.0,-24.0,37.0,21.0
-4.0,-244.0,-82.0,-28.0,37.0,22.0
-4.0,-242.0,-82.0,-31.0,36.0,21.0
-5.0,-246.0,-84.0,-33.0,35.0,23.0
-4.0,-243.0,-84.0,-34.0,39.0,22.0
-6.0,-243.0,-81.0,-35.0,39.0,25.0
-6.0,-244.0,-83.0,-35.0,42.0,23.0
-3.0,-244.0,-86.0,-35.0,43.0,25.0
-7.0,-244.0,-87.0,-35.0,43.0,26.0
-7.0,-243.0,-88.0,-34.0,45.0,30.0
-5.0,-243.0,-86.0,-35.0,47.0,31.0
-5.0,-242.0,-86.0,-37.0,47.0,32.0
-5.0,-244.0,-91.0,-40.0,48.0,32.0
-5.0,-239.0,-85.0,-43.0,50.0,34.0
-6.0,-240.0,-86.0,-48.0,49.0,32.0
-6.0,-241.0,-84.0,-52.0,48.0,33.0
-3.0,-243.0,-87.0,-57.0,49.0,32.0
-7.0,-241.0,-89.0,-62.0,50.0,35.0
-6.0,-238.0,-85.0,-67.0,53.0,33.0
-7.0,-239.0,-85.0,-72.0,55.0,35.0
-4.0,-238.0,-86.0,-77.0,56.0,35.0
-5.0,-235.0,-90.0,-84.0,56.0,38.0
-6.0,-234.0,-92.0,-90.0,58.0,39.0
-4.0,-236.0,-90.0,-94.0,58.0,42.0
-7.0,-235.0,-91.0,-100.0,59.0,41.0
-7.0,-235.0,-95.0,-106.0,59.0,42.0
-6.0,-236.0,-96.0,-111.0,60.0,42.0
-5.0,-238.0,-93.0,-112.0,61.0,42.0
-4.0,-237.0,-98.0,-112.0,62.0,41.0
-8.0,-237.0,-96.0,-114.0,63.0,42.0
-6.0,-238.0,-98.0,-114.0,64.0,44.0
-8.0,-236.0,-96.0,-117.0,66.0,45.0
-6.0,-236.0,-101.0,-118.0,68.0,44.0
-6.0,-235.0,-100.0,-122.0,70.0,48.0
-6.0,-232.0,-99.0,-124.0,70.0,48.0
-5.0,-231.0,-101.0,-127.0,73.0,51.0
-4.0,-232.0,-99.0,-133.0,75.0,52.0
-6.0,-232.0,-99.0,-137.0,78.0,54.0
-9.0,-231.0,-87.0,-140.0,80.0,53.0
6.0,-234.0,-100.0,-146.0,83.0,56.0
-10.0,-233.0,-102.0,-151.0,84.0,56.0
-9.0,-232.0,-106.0,-160.0,85.0,58.0
-3.0,-230.0,-89.0,-169.0,85.0,59.0
-4.0,-229.0,-106.0,-178.0,87.0,61.0
-8.0,-227.0,-124.0,-186.0,87.0,61.0
-7.0,-236.0,-100.0,-194.0,87.0,62.0
-3.0,-222.0,-102.0,-204.0,89.0,65.0
-10.0,-234.0,-94.0,-215.0,90.0,68.0
-7.0,-229.0,-109.0,-222.0,91.0,69.0
-8.0,-230.0,-108.0,-227.0,93.0,71.0
-7.0,-231.0,-109.0,-231.0,95.0,73.0
-9.0,-232.0,-114.0,-235.0,98.0,78.0
-7.0,-231.0,-110.0,-234.0,99.0,81.0
-5.0,-231.0,-103.0,-230.0,100.0,87.0
-4.0,-230.0,-111.0,-222.0,102.0,89.0
-6.0,-229.0,-106.0,-216.0,105.0,91.0
-2.0,-229.0,-107.0,-210.0,108.0,90.0
-1.0,-226.0,-106.0,-204.0,112.0,89.0
-3.0,-222.0,-104.0,-196.0,117.0,89.0
-2.0,-224.0,-104.0,-194.0,118.0,89.0
-3.0,-219.0,-102.0,-196.0,117.0,89.0
-8.0,-218.0,-109.0,-205.0,117.0,90.0
-8.0,-218.0,-110.0,-212.0,116.0,93.0
-10.0,-215.0,-103.0,-220.0,112.0,98.0
-11.0,-212.0,-107.0,-229.0,107.0,105.0
-11.0,-207.0,-107.0,-241.0,104.0,112.0
-12.0,-206.0,-112.0,-251.0,100.0,118.0
-11.0,-203.0,-113.0,-262.0,94.0,123.0
-12.0,-198.0,-111.0,-272.0,88.0,130.0
-11.0,-198.0,-110.0,-284.0,82.0,133.0
-12.0,-191.0,-107.0,-292.0,79.0,139.0
-12.0,-190.0,-108.0,-306.0,80.0,142.0
-12.0,-188.0,-108.0,-323.0,83.0,142.0
-12.0,-185.0,-107.0,-350.0,89.0,142.0
-11.0,-181.0,-109.0,-384.0,96.0,146.0
-11.0,-177.0,-108.0,-419.0,99.0,149.0
-9.0,-179.0,-105.0,-455.0,104.0,155.0
-6.0,-177.0,-106.0,-490.0,107.0,158.0
-7.0,-175.0,-103.0,-520.0,112.0,161.0
-5.0,-175.0,-100.0,-547.0,117.0,162.0
-3.0,-175.0,-101.0,-576.0,123.0,169.0
0.0,-176.0,-105.0,-610.0,127.0,172.0
0.0,-182.0,-107.0,-640.0,131.0,176.0
-1.0,-184.0,-106.0,-675.0,135.0,173.0
0.0,-188.0,-107.0,-713.0,138.0,168.0
2.0,-186.0,-108.0,-748.0,136.0,159.0
1.0,-188.0,-110.0,-779.0,133.0,151.0
0.0,-189.0,-109.0,-802.0,127.0,138.0
-2.0,-188.0,-109.0,-823.0,122.0,128.0
-7.0,-185.0,-112.0,-839.0,114.0,115.0
-11.0,-186.0,-114.0,-851.0,105.0,106.0
-11.0,-186.0,-110.0,-862.0,94.0,97.0
-14.0,-183.0,-118.0,-869.0,82.0,89.0
-13.0,-179.0,-122.0,-880.0,72.0,81.0
-12.0,-174.0,-125.0,-892.0,65.0,76.0
-14.0,-169.0,-127.0,-905.0,59.0,67.0
-16.0,-168.0,-129.0,-916.0,56.0,62.0
-13.0,-165.0,-127.0,-921.0,55.0,59.0
-12.0,-165.0,-133.0,-925.0,58.0,61.0
-12.0,-164.0,-132.0,-926.0,60.0,65.0
-6.0,-167.0,-128.0,-925.0,65.0,69.0
0.0,-169.0,-128.0,-922.0,71.0,65.0
3.0,-171.0,-127.0,-920.0,78.0,63.0
7.0,-175.0,-131.0,-921.0,86.0,58.0
6.0,-178.0,-130.0,-926.0,92.0,55.0
4.0,-178.0,-134.0,-933.0,98.0,46.0
2.0,-180.0,-128.0,-943.0,104.0,42.0
0.0,-179.0,-130.0,-945.0,112.0,37.0
-7.0,-177.0,-128.0,-948.0,117.0,36.0
-7.0,-178.0,-132.0,-952.0,124.0,34.0
-6.0,-174.0,-130.0,-955.0,128.0,34.0
-6.0,-173.0,-130.0,-958.0,128.0,26.0
-4.0,-172.0,-133.0,-959.0,128.0,20.0
-7.0,-167.0,-136.0,-962.0,127.0,8.0
-10.0,-162.0,-133.0,-966.0,131.0,-1.0
-11.0,-165.0,-139.0,-974.0,140.0,-13.0
-9.0,-165.0,-140.0,-983.0,148.0,-15.0
-10.0,-168.0,-143.0,-995.0,160.0,-19.0
-9.0,-169.0,-145.0,-1004.0,172.0,-18.0
-11.0,-172.0,-146.0,-1009.0,180.0,-26.0
-7.0,-176.0,-148.0,-1009.0,182.0,-28.0
-7.0,-179.0,-149.0,-1005.0,174.0,-36.0
-5.0,-183.0,-147.0,-992.0,162.0,-37.0
-5.0,-189.0,-149.0,-970.0,152.0,-43.0
-5.0,-187.0,-151.0,-939.0,143.0,-45.0
-5.0,-190.0,-160.0,-904.0,131.0,-49.0
-7.0,-190.0,-152.0,-863.0,127.0,-48.0
-7.0,-189.0,-153.0,-825.0,121.0,-47.0
-10.0,-186.0,-152.0,-789.0,119.0,-43.0
-9.0,-188.0,-155.0,-754.0,116.0,-43.0
-9.0,-184.0,-152.0,-722.0,106.0,-45.0
-9.0,-183.0,-151.0,-684.0,105.0,-42.0
-12.0,-180.0,-151.0,-639.0,107.0,-43.0
-11.0,-182.0,-150.0,-601.0,112.0,-48.0
-11.0,-180.0,-157.0,-566.0,119.0,-47.0
-11.0,-182.0,-153.0,-536.0,130.0,-57.0
-7.0,-178.0,-154.0,-508.0,139.0,-60.0
-5.0,-177.0,-155.0,-477.0,151.0,-58.0
1.0,-178.0,-145.0,-452.0,163.0,-53.0
2.0,-179.0,-149.0,-418.0,175.0,-63.0
2.0,-180.0,-156.0,-376.0,179.0,-79.0
5.0,-168.0,-148.0,-346.0,185.0,-88.0
2.0,-166.0,-150.0,-308.0,192.0,-77.0
0.0,-164.0,-148.0,-279.0,194.0,-71.0
-5.0,-162.0,-147.0,-256.0,201.0,-59.0
-6.0,-160.0,-144.0,-231.0,204.0,-50.0
1.0,-161.0,-138.0,-207.0,207.0,-38.0
-3.0,-160.0,-134.0,-186.0,215.0,-29.0
-2.0,-155.0,-136.0,-174.0,213.0,-14.0
-5.0,-151.0,-134.0,-165.0,209.0,12.0
-4.0,-154.0,-133.0,-146.0,210.0,25.0
-8.0,-151.0,-130.0,-129.0,212.0,31.0
-6.0,-151.0,-131.0,-117.0,213.0,42.0
-7.0,-149.0,-127.0,-116.0,213.0,49.0
-6.0,-153.0,-127.0,-124.0,207.0,57.0
-7.0,-147.0,-126.0,-141.0,194.0,47.0
-5.0,-150.0,-134.0,-165.0,175.0,40.0
-10.0,-155.0,-132.0,-179.0,153.0,59.0
-10.0,-153.0,-133.0,-184.0,130.0,65.0
-12.0,-151.0,-139.0,-192.0,91.0,62.0
-11.0,-150.0,-138.0,-209.0,59.0,62.0
-21.0,-147.0,-140.0,-240.0,34.0,35.0
-20.0,-145.0,-147.0,-270.0,8.0,45.0
-20.0,-154.0,-149.0,-308.0,-15.0,57.0
-28.0,-158.0,-147.0,-344.0,-32.0,58.0
-28.0,-166.0,-149.0,-376.0,-55.0,54.0
-38.0,-177.0,-155.0,-407.0,-76.0,60.0
-34.0,-171.0,-161.0,-447.0,-97.0,47.0
-25.0,-182.0,-169.0,-474.0,-118.0,81.0
-19.0,-202.0,-168.0,-503.0,-131.0,86.0
-23.0,-186.0,-169.0,-502.0,-129.0,54.0
-12.0,-189.0,-181.0,-475.0,-126.0,60.0
-6.0,-199.0,-177.0,-437.0,-116.0,68.0
2.0,-197.0,-183.0,-393.0,-102.0,37.0
21.0,-196.0,-189.0,-341.0,-86.0,55.0
34.0,-216.0,-198.0,-282.0,-54.0,31.0
30.0,-198.0,-189.0,-235.0,-17.0,-11.0
34.0,-198.0,-208.0,-180.0,9.0,0.0
32.0,-210.0,-214.0,-137.0,46.0,0.0
25.0,-203.0,-204.0,-88.0,66.0,-7.0
18.0,-207.0,-206.0,10.0,69.0,-4.0
10.0,-208.0,-210.0,131.0,64.0,-12.0
0.0,-205.0,-209.0,262.0,50.0,-17.0
-1.0,-204.0,-215.0,378.0,33.0,-9.0
-19.0,-191.0,-204.0,477.0,24.0,-43.0
-24.0,-196.0,-208.0,587.0,20.0,-42.0
-29.0,-198.0,-198.0,683.0,15.0,-31.0
-37.0,-201.0,-191.0,758.0,12.0,-34.0
-39.0,-207.0,-192.0,831.0,-13.0,-26.0
-36.0,-194.0,-181.0,903.0,-37.0,-28.0
-28.0,-196.0,-184.0,990.0,-69.0,-26.0
-24.0,-199.0,-182.0,1069.0,-105.0,-27.0
-17.0,-198.0,-179.0,1129.0,-139.0,-38.0
-9.0,-197.0,-179.0,1173.0,-170.0,-55.0
-11.0,-188.0,-173.0,1197.0,-191.0,-96.0
7.0,-192.0,-174.0,1217.0,-210.0,-119.0
9.0,-187.0,-179.0,1235.0,-218.0,-131.0
9.0,-185.0,-178.0,1237.0,-217.0,-163.0
8.0,-182.0,-179.0,1229.0,-209.0,-182.0
8.0,-175.0,-177.0,1219.0,-204.0,-200.0
10.0,-170.0,-176.0,1206.0,-202.0,-206.0
3.0,-164.0,-174.0,1195.0,-198.0,-210.0
1.0,-165.0,-175.0,1188.0,-188.0,-205.0
0.0,-165.0,-173.0,1185.0,-180.0,-188.0
-5.0,-152.0,-171.0,1184.0,-178.0,-173.0
-9.0,-151.0,-174.0,1191.0,-174.0,-180.0
-9.0,-157.0,-169.0,1193.0,-179.0,-176.0
-12.0,-156.0,-164.0,1193.0,-184.0,-174.0
-11.0,-159.0,-163.0,1191.0,-187.0,-166.0
-4.0,-163.0,-155.0,1191.0,-190.0,-172.0
-6.0,-168.0,-154.0,1194.0,-190.0,-176.0
-12.0,-166.0,-143.0,1207.0,-193.0,-184.0
-11.0,-171.0,-137.0,1228.0,-198.0,-186.0
-8.0,-176.0,-133.0,1256.0,-205.0,-187.0
-9.0,-179.0,-127.0,1294.0,-213.0,-179.0
-4.0,-178.0,-127.0,1334.0,-216.0,-172.0
-4.0,-181.0,-118.0,1373.0,-213.0,-153.0
-1.0,-178.0,-117.0,1411.0,-208.0,-136.0
3.0,-175.0,-116.0,1466.0,-202.0,-114.0
4.0,-174.0,-104.0,1517.0,-198.0,-100.0
4.0,-175.0,-102.0,1576.0,-208.0,-92.0
-4.0,-177.0,-87.0,1630.0,-229.0,-94.0
-10.0,-174.0,-84.0,1667.0,-259.0,-88.0
-9.0,-171.0,-78.0,1682.0,-282.0,-68.0
-3.0,-167.0,-72.0,1684.0,-288.0,-36.0
-3.0,-175.0,-61.0,1692.0,-278.0,-9.0
0.0,-179.0,-49.0,1702.0,-259.0,7.0
8.0,-189.0,-36.0,1714.0,-239.0,0.0
8.0,-196.0,-27.0,1743.0,-226.0,-34.0
9.0,-203.0,-22.0,1777.0,-217.0,-83.0
-2.0,-221.0,-14.0,1843.0,-196.0,-116.0
-7.0,-254.0,-2.0,1959.0,-158.0,-171.0
-9.0,-307.0,2.0,2176.0,-97.0,-183.0
-16.0,-353.0,-17.0,2479.0,-30.0,-163.0
-12.0,-385.0,-61.0,2825.0,21.0,-113.0
-21.0,-400.0,-110.0,3195.0,69.0,-34.0
-18.0,-393.0,-163.0,3536.0,100.0,58.0
-23.0,-344.0,-237.0,3816.0,98.0,156.0
-10.0,-286.0,-318.0,4012.0,68.0,233.0
-5.0,-218.0,-376.0,3992.0,17.0,278.0
-10.0,-179.0,-359.0,3913.0,-84.0,305.0
-13.0,-166.0,-294.0,3930.0,-224.0,324.0
-21.0,-150.0,-242.0,4091.0,-330.0,341.0
-28.0,-136.0,-194.0,4328.0,-397.0,342.0
-39.0,-101.0,-149.0,4562.0,-463.0,330.0
-43.0,-52.0,-119.0,4720.0,-521.0,331.0
-71.0,-2.0,-107.0,4750.0,-553.0,357.0
-82.0,47.0,-79.0,4664.0,-570.0,410.0
-78.0,76.0,-60.0,4483.0,-610.0,428.0
-48.0,93.0,-57.0,4318.0,-645.0,425.0
-26.0,91.0,-48.0,4135.0,-654.0,361.0
-25.0,69.0,-13.0,3964.0,-623.0,286.0
-9.0,55.0,-16.0,3828.0,-579.0,233.0
18.0,15.0,-15.0,3697.0,-542.0,176.0
44.0,-25.0,-10.0,3580.0,-515.0,132.0
47.0,-82.0,-8.0,3496.0,-489.0,113.0
53.0,-150.0,6.0,3432.0,-464.0,109.0
47.0,-221.0,23.0,3388.0,-432.0,88.0
25.0,-298.0,61.0,3393.0,-362.0,101.0
-30.0,-476.0,158.0,3460.0,-300.0,144.0
-64.0,-821.0,381.0,3650.0,-262.0,196.0
-104.0,-1453.0,805.0,4066.0,-303.0,204.0
-307.0,-2468.0,1429.0,4811.0,-363.0,190.0
-695.0,-3246.0,1430.0,5776.0,-419.0,302.0
-761.0,-2856.0,522.0,5919.0,-590.0,669.0
-410.0,-2039.0,28.0,4705.0,-844.0,892.0
-43.0,-1434.0,-483.0,4906.0,-1097.0,654.0
207.0,-740.0,-830.0,6409.0,-993.0,351.0
368.0,-133.0,-912.0,7787.0,-849.0,-55.0
389.0,230.0,-407.0,8338.0,-638.0,-323.0
369.0,397.0,434.0,9042.0,-202.0,-299.0
250.0,629.0,875.0,10034.0,234.0,-192.0
183.0,1003.0,665.0,10030.0,449.0,-77.0
123.0,1261.0,372.0,8025.0,412.0,111.0
-18.0,1422.0,48.0,5147.0,204.0,472.0
-153.0,1192.0,-23.0,3116.0,33.0,1032.0
-169.0,657.0,238.0,2297.0,25.0,1519.0
-248.0,202.0,450.0,2406.0,108.0,1641.0
-299.0,-93.0,382.0,3352.0,127.0,1510.0
-232.0,-243.0,158.0,4010.0,109.0,1353.0
-146.0,-372.0,137.0,3952.0,9.0,1083.0
-56.0,-581.0,182.0,3522.0,-194.0,699.0
-29.0,-742.0,159.0,2977.0,-397.0,285.0
-46.0,-783.0,127.0,2347.0,-543.0,-19.0
-43.0,-655.0,120.0,1899.0,-607.0,-112.0
-11.0,-463.0,113.0,1841.0,-645.0,-68.0
-12.0,-264.0,189.0,2029.0,-654.0,39.0
15.0,-83.0,297.0,2283.0,-582.0,259.0
28.0,63.0,358.0,2493.0,-528.0,416.0
18.0,259.0,456.0,2470.0,-481.0,550.0
18.0,446.0,497.0,2302.0,-424.0,607.0
14.0,625.0,606.0,2105.0,-369.0,576.0
10.0,715.0,587.0,2141.0,-349.0,496.0
-11.0,684.0,566.0,2029.0,-340.0,431.0
1.0,564.0,540.0,1722.0,-307.0,364.0
-11.0,463.0,498.0,1352.0,-278.0,285.0
-25.0,336.0,449.0,1005.0,-208.0,241.0
-31.0,218.0,427.0,728.0,-153.0,210.0
-35.0,112.0,380.0,492.0,-156.0,178.0
-28.0,32.0,320.0,312.0,-166.0,134.0
-9.0,-31.0,260.0,118.0,-163.0,107.0
9.0,-95.0,210.0,-26.0,-160.0,87.0
29.0,-145.0,165.0,-70.0,-156.0,56.0
38.0,-171.0,125.0,-37.0,-139.0,40.0
30.0,-187.0,83.0,31.0,-102.0,29.0
29.0,-198.0,70.0,108.0,-50.0,43.0
16.0,-198.0,84.0,222.0,-13.0,70.0
9.0,-197.0,136.0,450.0,14.0,137.0
7.0,-192.0,151.0,723.0,56.0,210.0
11.0,-149.0,120.0,940.0,79.0,267.0
1.0,-100.0,102.0,989.0,62.0,296.0
-10.0,-50.0,109.0,894.0,42.0,300.0
-26.0,-16.0,157.0,758.0,60.0,288.0
-35.0,3.0,208.0,680.0,95.0,271.0
-46.0,27.0,231.0,672.0,118.0,235.0
-49.0,54.0,231.0,660.0,118.0,182.0
-42.0,74.0,244.0,588.0,102.0,79.0
-50.0,81.0,277.0,456.0,87.0,-26.0
-53.0,73.0,307.0,373.0,62.0,-116.0
-41.0,63.0,335.0,340.0,21.0,-179.0
-29.0,52.0,320.0,332.0,-32.0,-229.0
-19.0,40.0,292.0,312.0,-86.0,-259.0
-11.0,30.0,264.0,291.0,-123.0,-276.0
1.0,17.0,254.0,280.0,-127.0,-266.0
4.0,-4.0,267.0,289.0,-102.0,-243.0
14.0,-24.0,282.0,327.0,-64.0,-203.0
14.0,-16.0,279.0,375.0,-34.0,-163.0
19.0,-3.0,267.0,402.0,-20.0,-130.0
24.0,21.0,262.0,416.0,-12.0,-108.0
19.0,43.0,260.0,431.0,-5.0,-84.0
12.0,48.0,266.0,455.0,2.0,-62.0
11.0,41.0,272.0,497.0,12.0,-41.0
11.0,34.0,279.0,556.0,21.0,-23.0
6.0,34.0,273.0,622.0,32.0,0.0
-1.0,28.0,275.0,661.0,32.0,22.0
-4.0,15.0,273.0,684.0,21.0,46.0
-10.0,1.0,269.0,695.0,0.0,48.0
-9.0,-17.0,261.0,698.0,-28.0,47.0
-11.0,-31.0,250.0,713.0,-43.0,36.0
-15.0,-46.0,246.0,734.0,-59.0,25.0
-14.0,-55.0,240.0,771.0,-85.0,9.0
-13.0,-59.0,234.0,816.0,-116.0,-15.0
-14.0,-55.0,227.0,861.0,-129.0,-49.0
-13.0,-57.0,221.0,898.0,-132.0,-74.0
-23.0,-48.0,219.0,928.0,-142.0,-107.0
-15.0,-39.0,215.0,964.0,-151.0,-132.0
-15.0,-25.0,217.0,1000.0,-148.0,-141.0
-14.0,-6.0,209.0,1024.0,-132.0,-141.0
-14.0,2.0,207.0,1024.0,-106.0,-137.0
-12.0,14.0,203.0,1013.0,-73.0,-118.0
-11.0,24.0,196.0,987.0,-43.0,-104.0
-9.0,31.0,190.0,954.0,-10.0,-87.0
0.0,33.0,182.0,916.0,22.0,-76.0
-3.0,34.0,190.0,883.0,55.0,-62.0
-3.0,39.0,186.0,854.0,85.0,-55.0
-1.0,36.0,193.0,833.0,110.0,-45.0
0.0,35.0,198.0,809.0,132.0,-44.0
1.0,35.0,203.0,791.0,146.0,-35.0
0.0,37.0,205.0,769.0,153.0,-27.0
2.0,39.0,210.0,743.0,153.0,-16.0
0.0,40.0,212.0,702.0,149.0,-9.0
0.0,37.0,220.0,641.0,153.0,-6.0
-1.0,38.0,223.0,553.0,159.0,-21.0
-3.0,46.0,228.0,450.0,166.0,-44.0
-5.0,48.0,224.0,338.0,170.0,-75.0
-8.0,51.0,220.0,230.0,173.0,-109.0
-7.0,53.0,212.0,119.0,177.0,-138.0
-7.0,52.0,208.0,36.0,179.0,-157.0
-3.0,52.0,201.0,-45.0,178.0,-173.0
-3.0,59.0,195.0,-122.0,180.0,-180.0
0.0,57.0,187.0,-193.0,184.0,-188.0
-4.0,61.0,177.0,-249.0,193.0,-185.0
-4.0,64.0,173.0,-290.0,207.0,-187.0
-4.0,60.0,169.0,-313.0,223.0,-179.0
-3.0,64.0,173.0,-322.0,244.0,-174.0
-4.0,66.0,174.0,-328.0,266.0,-164.0
-8.0,71.0,183.0,-339.0,284.0,-159.0
-10.0,76.0,184.0,-357.0,296.0,-148.0
-11.0,83.0,188.0,-377.0,301.0,-142.0
-11.0,79.0,193.0,-399.0,306.0,-130.0
-12.0,83.0,200.0,-420.0,312.0,-120.0
-14.0,84.0,205.0,-443.0,322.0,-109.0
-12.0,81.0,209.0,-473.0,327.0,-104.0
-15.0,80.0,220.0,-509.0,328.0,-96.0
-12.0,73.0,228.0,-549.0,319.0,-98.0
-12.0,70.0,233.0,-587.0,301.0,-93.0
-12.0,66.0,230.0,-623.0,280.0,-92.0
-12.0,60.0,235.0,-656.0,261.0,-89.0
-12.0,59.0,231.0,-687.0,243.0,-92.0
-6.0,48.0,233.0,-717.0,235.0,-96.0
-8.0,45.0,227.0,-749.0,234.0,-104.0
-7.0,40.0,224.0,-784.0,237.0,-110.0
-3.0,36.0,219.0,-820.0,241.0,-123.0
-6.0,33.0,221.0,-858.0,246.0,-133.0
-12.0,31.0,221.0,-900.0,253.0,-143.0
-13.0,23.0,220.0,-945.0,256.0,-148.0
-10.0,16.0,216.0,-974.0,261.0,-156.0
-8.0,10.0,215.0,-995.0,271.0,-163.0
-12.0,9.0,211.0,-1005.0,285.0,-170.0
-13.0,5.0,211.0,-1006.0,293.0,-169.0
-15.0,0.0,213.0,-1005.0,296.0,-171.0
-18.0,-2.0,213.0,-1005.0,298.0,-166.0
-12.0,-4.0,215.0,-995.0,303.0,-165.0
-18.0,-4.0,214.0,-979.0,309.0,-160.0
-19.0,-6.0,211.0,-962.0,313.0,-158.0
-25.0,-5.0,226.0,-961.0,314.0,-157.0
-28.0,-3.0,230.0,-976.0,294.0,-169.0
-29.0,3.0,233.0,-999.0,266.0,-185.0
-27.0,-4.0,243.0,-1023.0,244.0,-199.0
-31.0,-8.0,257.0,-1053.0,223.0,-189.0
-21.0,-28.0,270.0,-1090.0,206.0,-156.0
-11.0,-45.0,283.0,-1119.0,191.0,-124.0
0.0,-55.0,286.0,-1131.0,180.0,-101.0
-2.0,-54.0,287.0,-1149.0,170.0,-69.0
-4.0,-48.0,288.0,-1201.0,172.0,-37.0
-29.0,-36.0,289.0,-1309.0,205.0,-29.0
-42.0,-23.0,291.0,-1435.0,236.0,-25.0
-39.0,-12.0,295.0,-1568.0,259.0,-62.0
-47.0,-3.0,295.0,-1674.0,282.0,-129.0
-61.0,1.0,277.0,-1755.0,287.0,-184.0
-56.0,0.0,264.0,-1799.0,272.0,-246.0
-53.0,-3.0,250.0,-1794.0,270.0,-306.0
-66.0,-18.0,238.0,-1752.0,296.0,-358.0
-69.0,-30.0,236.0,-1691.0,337.0,-378.0
-61.0,-52.0,234.0,-1621.0,380.0,-387.0
-56.0,-68.0,232.0,-1538.0,418.0,-393.0
-65.0,-92.0,231.0,-1478.0,415.0,-378.0
-66.0,-114.0,227.0,-1433.0,371.0,-338.0
-63.0,-132.0,215.0,-1390.0,302.0,-300.0
-52.0,-148.0,214.0,-1332.0,232.0,-262.0
-46.0,-148.0,210.0,-1236.0,183.0,-246.0
-45.0,-143.0,206.0,-1120.0,159.0,-232.0
-48.0,-136.0,210.0,-1013.0,141.0,-227.0
-51.0,-132.0,227.0,-918.0,121.0,-229.0
-59.0,-124.0,250.0,-825.0,98.0,-230.0
-58.0,-123.0,272.0,-700.0,68.0,-224.0
-51.0,-119.0,281.0,-597.0,49.0,-218.0
-39.0,-116.0,296.0,-513.0,39.0,-202.0
-53.0,-113.0,309.0,-440.0,38.0,-179.0
-54.0,-123.0,313.0,-371.0,32.0,-134.0
-37.0,-137.0,294.0,-313.0,40.0,-95.0
-52.0,-145.0,287.0,-280.0,67.0,-69.0
-50.0,-144.0,255.0,-262.0,94.0,-38.0
-38.0,-153.0,244.0,-226.0,117.0,9.0
-57.0,-156.0,216.0,-165.0,136.0,58.0
-28.0,-169.0,218.0,-59.0,139.0,87.0
-37.0,-166.0,203.0,39.0,139.0,91.0
-40.0,-170.0,188.0,165.0,129.0,110.0
-38.0,-168.0,182.0,273.0,109.0,99.0
-36.0,-147.0,175.0,355.0,98.0,90.0
-34.0,-139.0,183.0,392.0,93.0,76.0
-46.0,-126.0,186.0,412.0,95.0,49.0
-32.0,-111.0,185.0,407.0,101.0,37.0
-41.0,-105.0,187.0,368.0,108.0,14.0
-29.0,-106.0,194.0,322.0,119.0,2.0
-37.0,-91.0,191.0,268.0,124.0,-13.0
-39.0,-89.0,190.0,227.0,114.0,-11.0
-33.0,-89.0,192.0,180.0,95.0,5.0
-27.0,-89.0,193.0,154.0,69.0,14.0
-26.0,-92.0,189.0,149.0,48.0,11.0
-18.0,-99.0,187.0,159.0,39.0,19.0
-12.0,-99.0,181.0,192.0,44.0,37.0
-20.0,-103.0,185.0,216.0,54.0,41.0
-15.0,-113.0,183.0,245.0,59.0,58.0
7.0,-117.0,194.0,265.0,65.0,61.0
-20.0,-120.0,190.0,289.0,71.0,48.0
-12.0,-121.0,200.0,302.0,66.0,78.0
-30.0,-117.0,210.0,297.0,54.0,104.0
-12.0,-119.0,215.0,278.0,43.0,136.0
-13.0,-119.0,220.0,232.0,42.0,136.0
-27.0,-116.0,230.0,167.0,48.0,127.0
-41.0,-115.0,226.0,115.0,56.0,137.0
-22.0,-121.0,229.0,81.0,58.0,151.0
-22.0,-126.0,221.0,76.0,67.0,137.0
-30.0,-122.0,223.0,77.0,86.0,102.0
-28.0,-119.0,209.0,78.0,94.0,107.0
-25.0,-115.0,207.0,63.0,104.0,106.0
-21.0,-113.0,211.0,34.0,115.0,100.0
-15.0,-114.0,214.0,28.0,127.0,100.0
6.0,-118.0,210.0,31.0,146.0,95.0
-10.0,-110.0,220.0,24.0,167.0,72.0
-10.0,-105.0,221.0,36.0,188.0,66.0
-6.0,-101.0,213.0,47.0,199.0,72.0
-12.0,-100.0,216.0,45.0,204.0,54.0
-20.0,-96.0,212.0,38.0,214.0,44.0
-26.0,-98.0,207.0,27.0,230.0,47.0
-25.0,-93.0,207.0,10.0,246.0,49.0
-26.0,-93.0,208.0,-13.0,263.0,51.0
-18.0,-97.0,208.0,-34.0,277.0,56.0
-15.0,-104.0,208.0,-41.0,283.0,56.0
-13.0,-106.0,205.0,-29.0,282.0,64.0
-8.0,-113.0,200.0,-7.0,281.0,62.0
-19.0,-110.0,203.0,-6.0,285.0,26.0
-28.0,-108.0,203.0,4.0,287.0,5.0
-24.0,-109.0,208.0,17.0,282.0,-5.0
-31.0,-102.0,209.0,10.0,278.0,-18.0
-36.0,-103.0,213.0,2.0,269.0,-17.0
-38.0,-97.0,211.0,2.0,253.0,-17.0
-35.0,-91.0,213.0,-14.0,229.0,-27.0
-36.0,-85.0,208.0,-39.0,210.0,-41.0
-32.0,-89.0,208.0,-66.0,198.0,-55.0
-27.0,-87.0,213.0,-75.0,204.0,-75.0
-34.0,-97.0,217.0,-50.0,218.0,-107.0
-32.0,-107.0,217.0,-30.0,236.0,-92.0
-36.0,-111.0,219.0,-1.0,250.0,-101.0
-26.0,-116.0,223.0,29.0,261.0,-117.0
-22.0,-111.0,220.0,56.0,275.0,-140.0
-24.0,-105.0,216.0,72.0,292.0,-165.0
-21.0,-94.0,218.0,72.0,308.0,-183.0
-25.0,-82.0,216.0,72.0,323.0,-194.0
-28.0,-70.0,217.0,70.0,334.0,-193.0
-39.0,-58.0,216.0,61.0,330.0,-180.0
-47.0,-52.0,221.0,40.0,314.0,-149.0
-54.0,-50.0,221.0,16.0,296.0,-120.0
-67.0,-51.0,227.0,-10.0,269.0,-99.0
-74.0,-54.0,227.0,-25.0,238.0,-84.0
-83.0,-59.0,226.0,-40.0,211.0,-81.0
-87.0,-67.0,225.0,-55.0,188.0,-88.0
-92.0,-73.0,217.0,-72.0,162.0,-108.0
-85.0,-76.0,216.0,-89.0,133.0,-139.0
-84.0,-78.0,217.0,-109.0,104.0,-179.0
-78.0,-85.0,217.0,-124.0,74.0,-213.0
-78.0,-87.0,218.0,-125.0,51.0,-237.0
-64.0,-88.0,215.0,-111.0,40.0,-256.0
-59.0,-87.0,213.0,-93.0,47.0,-272.0
-56.0,-85.0,216.0,-59.0,63.0,-300.0
-49.0,-78.0,217.0,-59.0,84.0,-268.0
-47.0,-72.0,233.0,-71.0,90.0,-258.0
-35.0,-66.0,229.0,-61.0,92.0,-245.0
-27.0,-63.0,224.0,-57.0,100.0,-221.0
-37.0,-54.0,223.0,-70.0,120.0,-189.0
-35.0,-54.0,226.0,-85.0,145.0,-138.0
-46.0,-54.0,221.0,-89.0,174.0,-64.0
-45.0,-67.0,223.0,-97.0,200.0,0.0
-50.0,-79.0,226.0,-103.0,211.0,49.0
-49.0,-95.0,230.0,-92.0,213.0,77.0
-55.0,-104.0,229.0,-55.0,202.0,94.0
-59.0,-112.0,226.0,-10.0,181.0,98.0
-65.0,-120.0,223.0,28.0,158.0,96.0
-62.0,-126.0,221.0,50.0,129.0,82.0
-58.0,-127.0,221.0,68.0,99.0,64.0
-60.0,-122.0,211.0,92.0,75.0,40.0
-55.0,-111.0,206.0,120.0,50.0,34.0
-55.0,-104.0,202.0,151.0,39.0,33.0
-61.0,-95.0,206.0,161.0,25.0,34.0
-51.0,-95.0,206.0,186.0,13.0,48.0
-55.0,-76.0,207.0,173.0,11.0,26.0
-49.0,-71.0,204.0,144.0,21.0,12.0
-52.0,-65.0,213.0,107.0,35.0,6.0
-52.0,-63.0,216.0,90.0,55.0,11.0
-65.0,-56.0,226.0,79.0,71.0,26.0
-55.0,-62.0,231.0,92.0,78.0,49.0
-63.0,-66.0,234.0,103.0,76.0,75.0
-58.0,-71.0,238.0,131.0,58.0,116.0
-52.0,-84.0,231.0,142.0,34.0,128.0
-44.0,-97.0,233.0,148.0,17.0,124.0
-47.0,-104.0,235.0,165.0,-8.0,130.0
-45.0,-112.0,226.0,209.0,-36.0,135.0
-31.0,-125.0,222.0,260.0,-53.0,139.0
-34.0,-132.0,227.0,291.0,-75.0,105.0
-18.0,-142.0,220.0,295.0,-100.0,55.0
-35.0,-142.0,214.0,291.0,-109.0,-7.0
-34.0,-147.0,217.0,298.0,-125.0,-33.0
-34.0,-142.0,222.0,321.0,-168.0,-74.0
-42.0,-131.0,214.0,332.0,-202.0,-106.0
-50.0,-121.0,196.0,352.0,-231.0,-112.0
-45.0,-112.0,188.0,367.0,-248.0,-101.0
-41.0,-109.0,183.0,387.0,-242.0,-111.0
-44.0,-97.0,187.0,413.0,-225.0,-118.0
-38.0,-86.0,184.0,431.0,-223.0,-148.0
-28.0,-81.0,193.0,425.0,-236.0,-161.0
-24.0,-75.0,205.0,390.0,-243.0,-150.0
-25.0,-77.0,213.0,366.0,-230.0,-155.0
