-16.0,-242.0,-87.0,-299.0,5.0,80.0
-19.0,-240.0,-82.0,-297.0,-7.0,82.0
-16.0,-237.0,-82.0,-294.0,-20.0,82.0
-19.0,-238.0,-83.0,-294.0,-28.0,79.0
-17.0,-234.0,-80.0,-289.0,-33.0,75.0
-16.0,-237.0,-75.0,-281.0,-31.0,72.0
-12.0,-234.0,-78.0,-271.0,-23.0,71.0
-9.0,-232.0,-75.0,-260.0,-13.0,71.0
-6.0,-230.0,-77.0,-254.0,4.0,73.0
-2.0,-230.0,-78.0,-254.0,23.0,72.0
0.0,-232.0,-78.0,-261.0,41.0,71.0
3.0,-232.0,-75.0,-272.0,59.0,69.0
3.0,-231.0,-80.0,-289.0,76.0,66.0
0.0,-225.0,-82.0,-308.0,93.0,58.0
4.0,-223.0,-86.0,-332.0,104.0,50.0
1.0,-222.0,-90.0,-359.0,117.0,37.0
3.0,-214.0,-91.0,-386.0,136.0,26.0
2.0,-213.0,-91.0,-411.0,154.0,13.0
2.0,-209.0,-91.0,-432.0,177.0,0.0
3.0,-205.0,-87.0,-449.0,202.0,-12.0
9.0,-207.0,-90.0,-463.0,228.0,-20.0
5.0,-214.0,-100.0,-479.0,256.0,-27.0
10.0,-199.0,-93.0,-497.0,285.0,-33.0
10.0,-195.0,-95.0,-513.0,315.0,-39.0
10.0,-191.0,-98.0,-531.0,339.0,-45.0
8.0,-187.0,-95.0,-557.0,357.0,-45.0
8.0,-182.0,-95.0,-587.0,370.0,-48.0
5.0,-179.0,-100.0,-620.0,377.0,-47.0
3.0,-173.0,-105.0,-654.0,380.0,-43.0
0.0,-173.0,-107.0,-692.0,380.0,-38.0
0.0,-177.0,-114.0,-734.0,385.0,-29.0
-11.0,-176.0,-113.0,-778.0,391.0,-17.0
-5.0,-182.0,-126.0,-822.0,399.0,-3.0
-14.0,-179.0,-123.0,-863.0,403.0,11.0
-15.0,-183.0,-126.0,-898.0,406.0,29.0
-16.0,-187.0,-125.0,-933.0,409.0,44.0
-19.0,-190.0,-124.0,-959.0,412.0,63.0
-23.0,-189.0,-121.0,-979.0,416.0,81.0
-24.0,-193.0,-121.0,-993.0,419.0,104.0
-21.0,-196.0,-117.0,-999.0,427.0,126.0
-19.0,-197.0,-113.0,-1000.0,432.0,146.0
-16.0,-199.0,-108.0,-993.0,434.0,164.0
-15.0,-198.0,-105.0,-981.0,435.0,176.0
-11.0,-196.0,-105.0,-969.0,427.0,188.0
-13.0,-196.0,-103.0,-960.0,408.0,193.0
-12.0,-193.0,-105.0,-955.0,386.0,195.0
-12.0,-188.0,-109.0,-956.0,356.0,196.0
-7.0,-187.0,-109.0,-959.0,324.0,196.0
-17.0,-188.0,-110.0,-965.0,293.0,194.0
-16.0,-185.0,-116.0,-973.0,260.0,191.0
-19.0,-185.0,-117.0,-986.0,228.0,189.0
-18.0,-190.0,-121.0,-1000.0,198.0,184.0
-24.0,-188.0,-115.0,-1012.0,170.0,177.0
-22.0,-187.0,-122.0,-1025.0,141.0,169.0
-28.0,-188.0,-113.0,-1042.0,109.0,159.0
-27.0,-187.0,-116.0,-1053.0,70.0,148.0
-25.0,-191.0,-120.0,-1062.0,36.0,138.0
-21.0,-189.0,-119.0,-1072.0,10.0,129.0
-22.0,-185.0,-120.0,-1089.0,-8.0,122.0
-16.0,-186.0,-121.0,-1109.0,-25.0,119.0
-17.0,-186.0,-124.0,-1128.0,-38.0,113.0
-13.0,-185.0,-120.0,-1145.0,-57.0,107.0
-12.0,-189.0,-123.0,-1157.0,-81.0,96.0
-8.0,-189.0,-121.0,-1171.0,-100.0,82.0
-9.0,-193.0,-133.0,-1191.0,-116.0,71.0
-3.0,-199.0,-124.0,-1223.0,-118.0,63.0
2.0,-205.0,-142.0,-1261.0,-104.0,51.0
6.0,-209.0,-141.0,-1304.0,-72.0,38.0
13.0,-211.0,-143.0,-1344.0,-31.0,29.0
17.0,-215.0,-145.0,-1379.0,15.0,18.0
27.0,-217.0,-146.0,-1409.0,66.0,2.0
24.0,-215.0,-146.0,-1437.0,118.0,-19.0
27.0,-214.0,-152.0,-1454.0,160.0,-35.0
25.0,-212.0,-146.0,-1465.0,196.0,-51.0
25.0,-204.0,-144.0,-1472.0,223.0,-66.0
29.0,-201.0,-145.0,-1462.0,242.0,-71.0
33.0,-196.0,-137.0,-1438.0,259.0,-67.0
29.0,-197.0,-137.0,-1410.0,289.0,-68.0
22.0,-201.0,-132.0,-1380.0,314.0,-68.0
18.0,-206.0,-131.0,-1347.0,328.0,-59.0
19.0,-208.0,-136.0,-1315.0,326.0,-51.0
21.0,-215.0,-137.0,-1289.0,321.0,-51.0
22.0,-215.0,-138.0,-1271.0,316.0,-63.0
21.0,-218.0,-143.0,-1260.0,311.0,-80.0
23.0,-217.0,-151.0,-1259.0,309.0,-93.0
19.0,-216.0,-151.0,-1264.0,311.0,-105.0
26.0,-220.0,-158.0,-1275.0,317.0,-114.0
22.0,-208.0,-162.0,-1294.0,329.0,-123.0
21.0,-208.0,-163.0,-1306.0,343.0,-128.0
19.0,-206.0,-161.0,-1313.0,352.0,-128.0
17.0,-206.0,-158.0,-1310.0,348.0,-120.0
27.0,-199.0,-164.0,-1309.0,342.0,-112.0
22.0,-200.0,-163.0,-1307.0,353.0,-92.0
19.0,-199.0,-156.0,-1296.0,357.0,-65.0
9.0,-200.0,-154.0,-1268.0,335.0,-51.0
8.0,-201.0,-152.0,-1226.0,285.0,-45.0
8.0,-194.0,-152.0,-1170.0,228.0,-29.0
4.0,-195.0,-150.0,-1113.0,174.0,-14.0
0.0,-195.0,-150.0,-1058.0,118.0,-4.0
-4.0,-196.0,-158.0,-1009.0,63.0,1.0
-11.0,-195.0,-162.0,-969.0,16.0,3.0
-15.0,-192.0,-165.0,-936.0,-20.0,-1.0
-18.0,-192.0,-171.0,-919.0,-45.0,-9.0
-14.0,-193.0,-174.0,-922.0,-57.0,-18.0
-10.0,-198.0,-180.0,-937.0,-58.0,-28.0
-5.0,-198.0,-183.0,-969.0,-53.0,-38.0
0.0,-200.0,-181.0,-1002.0,-50.0,-50.0
5.0,-197.0,-183.0,-1030.0,-46.0,-59.0
12.0,-198.0,-189.0,-1044.0,-39.0,-67.0
21.0,-197.0,-182.0,-1054.0,-31.0,-74.0
26.0,-192.0,-182.0,-1049.0,-23.0,-79.0
29.0,-191.0,-187.0,-1024.0,-13.0,-83.0
32.0,-189.0,-183.0,-1003.0,-10.0,-80.0
38.0,-192.0,-184.0,-972.0,-11.0,-71.0
40.0,-193.0,-186.0,-929.0,-12.0,-66.0
45.0,-193.0,-193.0,-886.0,-11.0,-76.0
44.0,-201.0,-194.0,-849.0,-6.0,-81.0
42.0,-199.0,-198.0,-816.0,4.0,-82.0
41.0,-198.0,-201.0,-793.0,10.0,-84.0
33.0,-196.0,-199.0,-770.0,9.0,-87.0
27.0,-197.0,-206.0,-747.0,3.0,-88.0
22.0,-187.0,-203.0,-719.0,-10.0,-88.0
22.0,-184.0,-202.0,-685.0,-22.0,-82.0
14.0,-179.0,-205.0,-653.0,-30.0,-71.0
21.0,-177.0,-205.0,-622.0,-40.0,-59.0
12.0,-171.0,-203.0,-596.0,-33.0,-39.0
0.0,-164.0,-209.0,-562.0,-53.0,-30.0
6.0,-163.0,-213.0,-545.0,-101.0,-36.0
13.0,-164.0,-218.0,-539.0,-141.0,-40.0
19.0,-168.0,-219.0,-545.0,-166.0,-36.0
26.0,-172.0,-228.0,-560.0,-175.0,-30.0
31.0,-176.0,-227.0,-572.0,-177.0,-25.0
35.0,-180.0,-226.0,-576.0,-174.0,-25.0
37.0,-181.0,-221.0,-566.0,-173.0,-26.0
37.0,-177.0,-219.0,-538.0,-170.0,-32.0
37.0,-174.0,-218.0,-499.0,-166.0,-37.0
33.0,-169.0,-218.0,-458.0,-158.0,-46.0
30.0,-165.0,-213.0,-420.0,-153.0,-54.0
27.0,-159.0,-214.0,-378.0,-153.0,-60.0
24.0,-156.0,-215.0,-340.0,-152.0,-58.0
22.0,-150.0,-216.0,-309.0,-154.0,-56.0
20.0,-147.0,-218.0,-291.0,-161.0,-48.0
21.0,-144.0,-213.0,-285.0,-171.0,-39.0
22.0,-146.0,-216.0,-292.0,-182.0,-31.0
18.0,-142.0,-216.0,-304.0,-192.0,-25.0
20.0,-143.0,-215.0,-326.0,-204.0,-15.0
20.0,-145.0,-215.0,-354.0,-222.0,-14.0
21.0,-150.0,-213.0,-372.0,-245.0,-14.0
22.0,-146.0,-213.0,-377.0,-272.0,-12.0
23.0,-145.0,-212.0,-368.0,-297.0,-5.0
31.0,-144.0,-211.0,-350.0,-315.0,2.0
20.0,-140.0,-218.0,-331.0,-332.0,8.0
28.0,-146.0,-212.0,-308.0,-353.0,14.0
28.0,-147.0,-211.0,-288.0,-373.0,17.0
28.0,-144.0,-212.0,-274.0,-399.0,19.0
24.0,-144.0,-213.0,-263.0,-424.0,16.0
22.0,-141.0,-207.0,-251.0,-446.0,1.0
29.0,-138.0,-209.0,-234.0,-466.0,10.0
24.0,-136.0,-211.0,-212.0,-483.0,20.0
22.0,-134.0,-210.0,-187.0,-497.0,32.0
22.0,-130.0,-208.0,-162.0,-509.0,44.0
20.0,-131.0,-207.0,-141.0,-519.0,56.0
23.0,-130.0,-205.0,-117.0,-532.0,67.0
18.0,-130.0,-211.0,-102.0,-543.0,77.0
20.0,-126.0,-209.0,-87.0,-552.0,91.0
23.0,-125.0,-207.0,-78.0,-557.0,109.0
24.0,-127.0,-209.0,-76.0,-561.0,129.0
25.0,-123.0,-210.0,-79.0,-564.0,150.0
24.0,-125.0,-209.0,-81.0,-570.0,171.0
28.0,-128.0,-208.0,-81.0,-583.0,189.0
27.0,-129.0,-206.0,-80.0,-599.0,204.0
28.0,-126.0,-201.0,-84.0,-615.0,221.0
34.0,-123.0,-200.0,-83.0,-632.0,248.0
30.0,-120.0,-194.0,-102.0,-630.0,294.0
19.0,-122.0,-198.0,-115.0,-669.0,308.0
24.0,-125.0,-201.0,-86.0,-732.0,297.0
18.0,-120.0,-205.0,-52.0,-774.0,307.0
19.0,-118.0,-207.0,-27.0,-802.0,322.0
23.0,-122.0,-208.0,-17.0,-816.0,342.0
24.0,-126.0,-207.0,-9.0,-826.0,361.0
21.0,-126.0,-206.0,0.0,-826.0,385.0
26.0,-123.0,-204.0,9.0,-823.0,416.0
25.0,-121.0,-203.0,20.0,-817.0,455.0
27.0,-123.0,-203.0,31.0,-814.0,492.0
29.0,-125.0,-202.0,39.0,-817.0,526.0
31.0,-127.0,-200.0,48.0,-828.0,548.0
23.0,-120.0,-199.0,56.0,-843.0,568.0
21.0,-119.0,-196.0,60.0,-867.0,584.0
16.0,-119.0,-189.0,56.0,-892.0,589.0
9.0,-124.0,-181.0,62.0,-921.0,585.0
1.0,-126.0,-188.0,82.0,-954.0,572.0
-12.0,-122.0,-184.0,109.0,-977.0,559.0
-20.0,-124.0,-182.0,131.0,-1005.0,554.0
-31.0,-122.0,-179.0,155.0,-1037.0,549.0
-37.0,-120.0,-183.0,188.0,-1072.0,548.0
-40.0,-121.0,-175.0,221.0,-1122.0,542.0
-16.0,-127.0,-167.0,252.0,-1189.0,513.0
-65.0,-106.0,-188.0,279.0,-1241.0,465.0
-66.0,-104.0,-186.0,251.0,-1311.0,466.0
-60.0,-104.0,-194.0,204.0,-1393.0,464.0
-65.0,-99.0,-203.0,146.0,-1462.0,430.0
-54.0,-104.0,-210.0,103.0,-1512.0,394.0
-53.0,-105.0,-207.0,73.0,-1531.0,354.0
-46.0,-114.0,-204.0,63.0,-1526.0,316.0
-42.0,-116.0,-200.0,63.0,-1513.0,271.0
-45.0,-122.0,-196.0,73.0,-1502.0,232.0
-44.0,-128.0,-195.0,87.0,-1508.0,192.0
-39.0,-128.0,-190.0,105.0,-1524.0,147.0
-45.0,-128.0,-192.0,127.0,-1542.0,106.0
-41.0,-130.0,-190.0,150.0,-1569.0,74.0
-45.0,-129.0,-188.0,175.0,-1594.0,36.0
-40.0,-129.0,-189.0,198.0,-1618.0,-1.0
-43.0,-123.0,-188.0,218.0,-1638.0,-33.0
-34.0,-119.0,-190.0,228.0,-1653.0,-58.0
-36.0,-121.0,-196.0,243.0,-1659.0,-80.0
-29.0,-126.0,-192.0,251.0,-1658.0,-116.0
-28.0,-131.0,-192.0,252.0,-1646.0,-147.0
-31.0,-138.0,-197.0,254.0,-1646.0,-179.0
-34.0,-144.0,-196.0,259.0,-1659.0,-215.0
-38.0,-149.0,-199.0,281.0,-1672.0,-249.0
-48.0,-146.0,-200.0,327.0,-1676.0,-308.0
-63.0,-139.0,-199.0,390.0,-1677.0,-354.0
-57.0,-136.0,-204.0,448.0,-1708.0,-372.0
-56.0,-132.0,-200.0,493.0,-1730.0,-375.0
-51.0,-133.0,-194.0,520.0,-1744.0,-381.0
-50.0,-133.0,-191.0,521.0,-1754.0,-386.0
-47.0,-140.0,-187.0,527.0,-1758.0,-395.0
-48.0,-133.0,-184.0,525.0,-1758.0,-414.0
-48.0,-128.0,-188.0,508.0,-1773.0,-426.0
-42.0,-128.0,-181.0,487.0,-1791.0,-432.0
-40.0,-130.0,-184.0,470.0,-1803.0,-448.0
-50.0,-129.0,-183.0,450.0,-1808.0,-472.0
-50.0,-134.0,-187.0,425.0,-1814.0,-494.0
-58.0,-131.0,-181.0,403.0,-1824.0,-507.0
-59.0,-126.0,-183.0,382.0,-1833.0,-514.0
-57.0,-127.0,-179.0,365.0,-1842.0,-520.0
-63.0,-125.0,-178.0,357.0,-1853.0,-528.0
-61.0,-124.0,-172.0,346.0,-1866.0,-530.0
-64.0,-126.0,-175.0,335.0,-1878.0,-537.0
-61.0,-129.0,-173.0,325.0,-1890.0,-543.0
-59.0,-128.0,-182.0,311.0,-1897.0,-550.0
-58.0,-134.0,-173.0,297.0,-1904.0,-559.0
-60.0,-137.0,-173.0,287.0,-1914.0,-566.0
-58.0,-136.0,-172.0,285.0,-1923.0,-575.0
-58.0,-136.0,-167.0,287.0,-1927.0,-577.0
-62.0,-137.0,-164.0,292.0,-1930.0,-575.0
-67.0,-135.0,-161.0,309.0,-1935.0,-570.0
-81.0,-135.0,-156.0,331.0,-1949.0,-560.0
-88.0,-141.0,-151.0,365.0,-1963.0,-542.0
-95.0,-144.0,-139.0,419.0,-1986.0,-520.0
-104.0,-151.0,-128.0,483.0,-2015.0,-488.0
-98.0,-144.0,-119.0,555.0,-2028.0,-446.0
-93.0,-142.0,-111.0,625.0,-2032.0,-398.0
-79.0,-145.0,-105.0,679.0,-2031.0,-352.0
-72.0,-143.0,-102.0,710.0,-2039.0,-308.0
-66.0,-141.0,-101.0,728.0,-2053.0,-274.0
-64.0,-133.0,-99.0,739.0,-2061.0,-257.0
-59.0,-130.0,-101.0,751.0,-2058.0,-246.0
-52.0,-129.0,-115.0,759.0,-2054.0,-241.0
-49.0,-124.0,-115.0,753.0,-2049.0,-237.0
-41.0,-125.0,-117.0,743.0,-2059.0,-227.0
-51.0,-123.0,-118.0,733.0,-2085.0,-223.0
-58.0,-127.0,-110.0,743.0,-2125.0,-233.0
-69.0,-136.0,-106.0,779.0,-2175.0,-254.0
-79.0,-143.0,-108.0,826.0,-2237.0,-278.0
-85.0,-151.0,-110.0,892.0,-2300.0,-300.0
-89.0,-154.0,-117.0,968.0,-2364.0,-321.0
-89.0,-151.0,-113.0,1054.0,-2420.0,-350.0
-102.0,-145.0,-112.0,1156.0,-2472.0,-389.0
-104.0,-139.0,-100.0,1268.0,-2506.0,-419.0
-107.0,-131.0,-91.0,1378.0,-2523.0,-452.0
-93.0,-121.0,-84.0,1469.0,-2523.0,-474.0
-86.0,-114.0,-83.0,1541.0,-2508.0,-478.0
-81.0,-106.0,-85.0,1575.0,-2489.0,-461.0
-70.0,-103.0,-85.0,1574.0,-2474.0,-436.0
-55.0,-102.0,-90.0,1559.0,-2455.0,-419.0
-26.0,-109.0,-98.0,1526.0,-2426.0,-421.0
17.0,-115.0,-120.0,1464.0,-2379.0,-456.0
38.0,-119.0,-128.0,1348.0,-2306.0,-501.0
44.0,-133.0,-117.0,1218.0,-2230.0,-529.0
39.0,-146.0,-108.0,1129.0,-2136.0,-555.0
69.0,-125.0,-97.0,1095.0,-2000.0,-592.0
68.0,-93.0,-90.0,1048.0,-1825.0,-647.0
60.0,-66.0,-71.0,937.0,-1645.0,-661.0
5.0,-51.0,-35.0,831.0,-1480.0,-603.0
-77.0,-54.0,13.0,771.0,-1364.0,-443.0
-216.0,-58.0,48.0,847.0,-1318.0,-178.0
-366.0,-73.0,51.0,1049.0,-1392.0,158.0
-404.0,-95.0,27.0,1262.0,-1506.0,391.0
-435.0,-109.0,18.0,1391.0,-1563.0,426.0
-459.0,-130.0,44.0,1426.0,-1594.0,447.0
-508.0,-173.0,66.0,1452.0,-1665.0,576.0
-543.0,-199.0,60.0,1495.0,-1826.0,702.0
-603.0,-248.0,61.0,1549.0,-2020.0,820.0
-787.0,-343.0,88.0,1662.0,-2229.0,991.0
-1008.0,-437.0,138.0,1876.0,-2501.0,1308.0
-1245.0,-529.0,204.0,2255.0,-2848.0,1769.0
-1404.0,-627.0,297.0,2858.0,-3241.0,2288.0
-1412.0,-692.0,358.0,3706.0,-3689.0,2680.0
-1274.0,-696.0,370.0,4669.0,-4122.0,2842.0
-917.0,-641.0,367.0,5409.0,-4446.0,2859.0
-610.0,-560.0,359.0,5833.0,-4466.0,2624.0
-346.0,-432.0,310.0,5928.0,-4334.0,2280.0
-163.0,-289.0,253.0,5762.0,-4119.0,2050.0
-15.0,-203.0,283.0,5403.0,-3693.0,2127.0
126.0,-154.0,375.0,5049.0,-3050.0,2387.0
218.0,-124.0,400.0,4807.0,-2444.0,2690.0
197.0,-74.0,341.0,4636.0,-1939.0,2980.0
113.0,-30.0,267.0,4366.0,-1537.0,3251.0
29.0,5.0,205.0,3997.0,-1307.0,3412.0
-77.0,8.0,190.0,3711.0,-1131.0,3388.0
-154.0,-1.0,181.0,3568.0,-919.0,3231.0
-198.0,-13.0,167.0,3447.0,-645.0,2949.0
-175.0,-21.0,146.0,3230.0,-305.0,2593.0
-133.0,-40.0,167.0,2885.0,-87.0,2198.0
-154.0,-66.0,186.0,2552.0,-54.0,1852.0
-170.0,-100.0,199.0,2326.0,-226.0,1598.0
-215.0,-128.0,186.0,2196.0,-437.0,1446.0
-230.0,-146.0,147.0,2117.0,-605.0,1416.0
-261.0,-150.0,124.0,2043.0,-591.0,1383.0
-259.0,-111.0,133.0,1970.0,-469.0,1366.0
-272.0,-67.0,177.0,1850.0,-305.0,1252.0
-214.0,11.0,196.0,1799.0,-242.0,1153.0
-238.0,99.0,203.0,1718.0,-208.0,1029.0
-181.0,193.0,184.0,1593.0,-240.0,975.0
-176.0,266.0,222.0,1389.0,-139.0,875.0
-188.0,313.0,264.0,1194.0,34.0,778.0
-195.0,350.0,292.0,1008.0,209.0,718.0
-210.0,321.0,304.0,845.0,293.0,582.0
-210.0,272.0,272.0,733.0,332.0,479.0
-240.0,198.0,249.0,591.0,416.0,459.0
-249.0,120.0,235.0,428.0,442.0,453.0
-227.0,30.0,215.0,261.0,374.0,456.0
-199.0,-53.0,211.0,117.0,248.0,420.0
-167.0,-95.0,186.0,47.0,123.0,346.0
-181.0,-93.0,161.0,34.0,35.0,246.0
-200.0,-64.0,143.0,66.0,-14.0,213.0
-178.0,-23.0,112.0,130.0,-49.0,208.0
-163.0,7.0,98.0,144.0,-74.0,166.0
-178.0,31.0,103.0,106.0,-60.0,132.0
-194.0,51.0,113.0,118.0,-13.0,174.0
-182.0,65.0,110.0,208.0,19.0,250.0
-182.0,83.0,114.0,264.0,57.0,316.0
-176.0,109.0,127.0,256.0,37.0,335.0
-197.0,116.0,160.0,215.0,10.0,350.0
-193.0,123.0,158.0,206.0,-66.0,335.0
-184.0,135.0,156.0,207.0,-159.0,274.0
-173.0,149.0,157.0,195.0,-206.0,225.0
-174.0,166.0,158.0,166.0,-233.0,176.0
-173.0,180.0,173.0,134.0,-259.0,126.0
-161.0,183.0,178.0,95.0,-301.0,69.0
-161.0,182.0,184.0,29.0,-351.0,1.0
-153.0,173.0,187.0,-49.0,-403.0,-37.0
-155.0,154.0,194.0,-121.0,-447.0,-51.0
-152.0,128.0,193.0,-157.0,-464.0,-53.0
-154.0,94.0,186.0,-168.0,-414.0,-36.0
-163.0,61.0,182.0,-170.0,-333.0,-17.0
-166.0,29.0,175.0,-150.0,-325.0,-31.0
-165.0,13.0,159.0,-130.0,-408.0,-85.0
-158.0,13.0,150.0,-134.0,-527.0,-144.0
-154.0,12.0,150.0,-148.0,-616.0,-173.0
-150.0,9.0,150.0,-154.0,-650.0,-180.0
-141.0,9.0,142.0,-152.0,-650.0,-177.0
-141.0,14.0,138.0,-152.0,-649.0,-186.0
-136.0,24.0,124.0,-148.0,-652.0,-197.0
-147.0,38.0,117.0,-144.0,-651.0,-198.0
-163.0,57.0,124.0,-123.0,-638.0,-178.0
-169.0,54.0,126.0,-70.0,-611.0,-138.0
-178.0,48.0,135.0,-2.0,-563.0,-111.0
-179.0,39.0,144.0,54.0,-500.0,-101.0
-185.0,32.0,162.0,89.0,-435.0,-96.0
-186.0,25.0,179.0,111.0,-379.0,-103.0
-191.0,17.0,198.0,130.0,-335.0,-109.0
-194.0,14.0,210.0,153.0,-299.0,-116.0
-197.0,21.0,224.0,177.0,-271.0,-124.0
-199.0,24.0,232.0,182.0,-255.0,-138.0
-201.0,29.0,229.0,161.0,-253.0,-155.0
-196.0,26.0,213.0,111.0,-273.0,-173.0
-195.0,26.0,197.0,45.0,-300.0,-198.0
-198.0,22.0,174.0,-6.0,-319.0,-230.0
-200.0,20.0,162.0,-20.0,-321.0,-263.0
-207.0,17.0,154.0,4.0,-308.0,-296.0
-202.0,18.0,158.0,50.0,-287.0,-327.0
-199.0,12.0,159.0,107.0,-256.0,-355.0
-195.0,13.0,169.0,156.0,-217.0,-374.0
-189.0,14.0,172.0,187.0,-170.0,-387.0
-172.0,17.0,174.0,199.0,-114.0,-401.0
-149.0,25.0,187.0,189.0,-52.0,-409.0
-133.0,21.0,198.0,167.0,14.0,-418.0
-115.0,18.0,200.0,136.0,89.0,-419.0
-112.0,20.0,205.0,82.0,164.0,-416.0
-104.0,11.0,210.0,10.0,229.0,-405.0
-108.0,9.0,214.0,-66.0,280.0,-391.0
-111.0,5.0,208.0,-134.0,302.0,-375.0
-115.0,-9.0,203.0,-180.0,295.0,-365.0
-129.0,-16.0,201.0,-192.0,283.0,-365.0
-135.0,-20.0,193.0,-173.0,283.0,-367.0
-151.0,-23.0,185.0,-150.0,283.0,-373.0
-161.0,-25.0,173.0,-129.0,277.0,-372.0
-173.0,-24.0,168.0,-111.0,260.0,-372.0
-180.0,-28.0,165.0,-90.0,241.0,-377.0
-188.0,-27.0,171.0,-71.0,233.0,-379.0
-193.0,-27.0,175.0,-39.0,237.0,-382.0
-194.0,-28.0,179.0,17.0,237.0,-392.0
-187.0,-28.0,190.0,64.0,252.0,-401.0
-180.0,-27.0,202.0,73.0,298.0,-401.0
-178.0,-37.0,213.0,56.0,370.0,-392.0
-172.0,-39.0,222.0,39.0,453.0,-377.0
-170.0,-42.0,225.0,23.0,514.0,-354.0
-168.0,-46.0,218.0,-7.0,536.0,-330.0
-151.0,-38.0,217.0,-59.0,518.0,-309.0
-140.0,-37.0,204.0,-106.0,475.0,-280.0
-139.0,-35.0,196.0,-138.0,439.0,-241.0
-142.0,-40.0,196.0,-139.0,418.0,-217.0
-145.0,-36.0,177.0,-112.0,403.0,-205.0
-144.0,-36.0,171.0,-78.0,420.0,-192.0
-151.0,-34.0,171.0,-55.0,472.0,-182.0
-155.0,-39.0,177.0,-33.0,543.0,-170.0
-157.0,-34.0,175.0,6.0,627.0,-153.0
-166.0,-33.0,184.0,57.0,710.0,-129.0
-179.0,-36.0,187.0,94.0,761.0,-110.0
-183.0,-37.0,178.0,109.0,776.0,-108.0
-191.0,-34.0,172.0,94.0,782.0,-109.0
-192.0,-35.0,171.0,63.0,789.0,-110.0
-193.0,-36.0,178.0,26.0,804.0,-119.0
-185.0,-34.0,176.0,-4.0,818.0,-131.0
-185.0,-36.0,173.0,-25.0,846.0,-137.0
-180.0,-33.0,169.0,-39.0,877.0,-140.0
-177.0,-33.0,160.0,-53.0,897.0,-136.0
-178.0,-29.0,156.0,-73.0,907.0,-130.0
-181.0,-23.0,147.0,-103.0,900.0,-125.0
-181.0,-26.0,159.0,-120.0,888.0,-122.0
-191.0,-23.0,158.0,-116.0,887.0,-119.0
-197.0,-18.0,150.0,-102.0,902.0,-115.0
-205.0,-22.0,150.0,-98.0,927.0,-116.0
-208.0,-17.0,143.0,-105.0,943.0,-122.0
-217.0,-9.0,139.0,-116.0,952.0,-141.0
-216.0,-10.0,143.0,-127.0,959.0,-164.0
-217.0,-7.0,134.0,-134.0,965.0,-188.0
-214.0,-5.0,134.0,-141.0,968.0,-208.0
-215.0,-7.0,133.0,-147.0,963.0,-223.0
-221.0,-11.0,139.0,-152.0,952.0,-232.0
-224.0,-19.0,141.0,-153.0,931.0,-237.0
-221.0,-29.0,146.0,-137.0,907.0,-241.0
-225.0,-36.0,144.0,-114.0,897.0,-257.0
-230.0,-42.0,143.0,-100.0,908.0,-285.0
-231.0,-46.0,141.0,-100.0,916.0,-316.0
-238.0,-49.0,133.0,-109.0,914.0,-352.0
-244.0,-49.0,133.0,-118.0,889.0,-386.0
-238.0,-51.0,128.0,-109.0,846.0,-417.0
-240.0,-54.0,122.0,-93.0,806.0,-450.0
-239.0,-55.0,120.0,-79.0,777.0,-480.0
-235.0,-57.0,120.0,-63.0,760.0,-510.0
-233.0,-56.0,114.0,-53.0,748.0,-548.0
-230.0,-53.0,108.0,-55.0,728.0,-561.0
-220.0,-53.0,105.0,-51.0,702.0,-545.0
-217.0,-54.0,109.0,-57.0,674.0,-523.0
-215.0,-47.0,108.0,-57.0,653.0,-503.0
-221.0,-46.0,108.0,-62.0,662.0,-485.0
-228.0,-36.0,103.0,-70.0,696.0,-452.0
-231.0,-24.0,94.0,-93.0,742.0,-414.0
-234.0,-18.0,93.0,-141.0,785.0,-362.0
-236.0,-26.0,96.0,-194.0,815.0,-309.0
-238.0,-42.0,114.0,-232.0,820.0,-266.0
-230.0,-64.0,121.0,-235.0,792.0,-230.0
-223.0,-86.0,113.0,-212.0,754.0,-193.0
-223.0,-100.0,109.0,-200.0,728.0,-152.0
-220.0,-111.0,100.0,-201.0,725.0,-92.0
-225.0,-115.0,86.0,-222.0,725.0,-13.0
-225.0,-120.0,72.0,-261.0,727.0,81.0
-230.0,-126.0,82.0,-278.0,739.0,184.0
-233.0,-129.0,88.0,-227.0,766.0,294.0
-242.0,-132.0,90.0,-139.0,778.0,393.0
-237.0,-132.0,82.0,-40.0,749.0,451.0
-234.0,-125.0,68.0,45.0,697.0,484.0
-231.0,-121.0,73.0,134.0,633.0,498.0
-219.0,-112.0,66.0,244.0,560.0,470.0
-204.0,-98.0,67.0,348.0,514.0,387.0
-198.0,-80.0,69.0,437.0,507.0,292.0
-194.0,-57.0,66.0,495.0,530.0,218.0
-192.0,-39.0,71.0,480.0,584.0,177.0
-193.0,-25.0,65.0,407.0,629.0,160.0
-195.0,-16.0,68.0,305.0,641.0,136.0
-205.0,-11.0,61.0,205.0,616.0,108.0
-217.0,-14.0,53.0,122.0,583.0,87.0
-229.0,-17.0,53.0,46.0,547.0,72.0
-226.0,-21.0,53.0,-22.0,515.0,58.0
-228.0,-30.0,58.0,-87.0,495.0,34.0
-242.0,-33.0,65.0,-135.0,475.0,18.0
-243.0,-38.0,72.0,-168.0,444.0,17.0
-243.0,-46.0,72.0,-195.0,411.0,22.0
-241.0,-52.0,76.0,-211.0,380.0,22.0
-250.0,-56.0,83.0,-226.0,352.0,15.0
-249.0,-61.0,73.0,-225.0,324.0,27.0
-252.0,-58.0,72.0,-222.0,301.0,58.0
-252.0,-63.0,77.0,-219.0,279.0,90.0
-252.0,-61.0,70.0,-220.0,262.0,118.0
-258.0,-59.0,81.0,-213.0,247.0,136.0
-262.0,-57.0,79.0,-192.0,240.0,157.0
-266.0,-56.0,76.0,-165.0,230.0,175.0
-265.0,-54.0,77.0,-137.0,219.0,192.0
-266.0,-53.0,77.0,-117.0,213.0,209.0
-265.0,-44.0,79.0,-107.0,214.0,224.0
-263.0,-45.0,79.0,-103.0,223.0,236.0
-261.0,-40.0,84.0,-100.0,236.0,246.0
-261.0,-43.0,81.0,-92.0,257.0,254.0
-256.0,-40.0,87.0,-83.0,278.0,262.0
-250.0,-43.0,95.0,-72.0,300.0,269.0
-245.0,-40.0,86.0,-59.0,328.0,276.0
-238.0,-32.0,93.0,-51.0,357.0,289.0
-232.0,-31.0,87.0,-51.0,388.0,299.0
-227.0,-33.0,89.0,-65.0,422.0,305.0
-234.0,-27.0,89.0,-89.0,448.0,303.0
-231.0,-27.0,92.0,-113.0,466.0,297.0
-224.0,-29.0,92.0,-127.0,479.0,286.0
-226.0,-25.0,92.0,-129.0,496.0,273.0
-217.0,-23.0,94.0,-121.0,522.0,267.0
-219.0,-22.0,91.0,-111.0,546.0,258.0
-225.0,-17.0,96.0,-100.0,556.0,247.0
-233.0,-18.0,87.0,-114.0,546.0,221.0
-240.0,-17.0,90.0,-141.0,515.0,189.0
-243.0,-19.0,87.0,-163.0,476.0,162.0
-242.0,-22.0,86.0,-172.0,432.0,145.0
-248.0,-19.0,91.0,-177.0,387.0,127.0
-253.0,-21.0,88.0,-183.0,344.0,112.0
-254.0,-15.0,90.0,-198.0,294.0,92.0
-255.0,-13.0,89.0,-212.0,245.0,75.0
-254.0,-13.0,86.0,-222.0,205.0,67.0
-253.0,-13.0,85.0,-223.0,187.0,68.0
-252.0,-13.0,92.0,-221.0,167.0,70.0
-248.0,-12.0,90.0,-218.0,149.0,67.0
-241.0,-16.0,90.0,-216.0,138.0,65.0
-235.0,-22.0,84.0,-210.0,140.0,64.0
-231.0,-28.0,85.0,-193.0,141.0,59.0
-233.0,-31.0,87.0,-160.0,135.0,55.0
-233.0,-39.0,82.0,-103.0,126.0,50.0
-236.0,-37.0,78.0,-26.0,107.0,40.0
-242.0,-34.0,78.0,64.0,83.0,27.0
-243.0,-34.0,80.0,144.0,64.0,17.0
-241.0,-26.0,82.0,200.0,51.0,3.0
-244.0,-18.0,91.0,220.0,47.0,-10.0
-251.0,-11.0,86.0,207.0,56.0,-9.0
-247.0,-5.0,85.0,173.0,71.0,-6.0
-251.0,-5.0,89.0,128.0,83.0,-12.0
-248.0,-10.0,87.0,79.0,91.0,-10.0
-248.0,-17.0,89.0,34.0,92.0,-8.0
-248.0,-19.0,82.0,0.0,87.0,-11.0
-254.0,-18.0,82.0,-28.0,82.0,-9.0
-245.0,-23.0,80.0,-50.0,74.0,-12.0
-250.0,-24.0,76.0,-60.0,60.0,-21.0
-250.0,-27.0,77.0,-67.0,50.0,-25.0
-254.0,-26.0,76.0,-66.0,43.0,-29.0
-252.0,-23.0,76.0,-56.0,41.0,-26.0
-254.0,-25.0,75.0,-46.0,48.0,-19.0
-252.0,-21.0,77.0,-36.0,52.0,-20.0
-252.0,-22.0,77.0,-27.0,54.0,-20.0
-251.0,-20.0,78.0,-24.0,58.0,-14.0
-249.0,-20.0,75.0,-29.0,60.0,-13.0
-248.0,-22.0,72.0,-36.0,58.0,-14.0
-247.0,-26.0,75.0,-46.0,57.0,-16.0
-248.0,-28.0,70.0,-53.0,51.0,-22.0
-246.0,-25.0,71.0,-61.0,49.0,-28.0
-248.0,-28.0,71.0,-72.0,48.0,-35.0
-248.0,-30.0,70.0,-87.0,49.0,-42.0
-246.0,-30.0,70.0,-107.0,52.0,-47.0
-247.0,-28.0,68.0,-128.0,52.0,-53.0
-245.0,-30.0,70.0,-149.0,51.0,-60.0
-243.0,-31.0,73.0,-165.0,51.0,-64.0
-243.0,-33.0,70.0,-180.0,55.0,-66.0
-244.0,-34.0,74.0,-191.0,59.0,-68.0
-243.0,-33.0,75.0,-202.0,60.0,-69.0
-241.0,-34.0,73.0,-217.0,57.0,-70.0
-242.0,-31.0,76.0,-235.0,54.0,-70.0
-242.0,-37.0,76.0,-254.0,49.0,-69.0
-238.0,-40.0,76.0,-270.0,43.0,-67.0
-240.0,-37.0,79.0,-279.0,40.0,-64.0
-241.0,-42.0,82.0,-284.0,41.0,-61.0
-239.0,-40.0,79.0,-286.0,44.0,-57.0
-240.0,-41.0,78.0,-282.0,47.0,-56.0
-240.0,-48.0,80.0,-279.0,46.0,-56.0
-239.0,-46.0,76.0,-271.0,38.0,-55.0
-239.0,-46.0,76.0,-262.0,30.0,-55.0
-241.0,-49.0,79.0,-250.0,18.0,-52.0
-241.0,-48.0,77.0,-225.0,7.0,-50.0
-241.0,-50.0,76.0,-198.0,-5.0,-48.0
-244.0,-48.0,76.0,-173.0,-11.0,-47.0
-243.0,-48.0,78.0,-150.0,-13.0,-48.0
-241.0,-48.0,74.0,-129.0,-13.0,-49.0
-238.0,-47.0,80.0,-112.0,-13.0,-48.0
-240.0,-46.0,85.0,-98.0,-11.0,-49.0
-239.0,-42.0,83.0,-88.0,-11.0,-49.0
-238.0,-43.0,82.0,-83.0,-8.0,-48.0
-235.0,-42.0,86.0,-84.0,-8.0,-48.0
-237.0,-42.0,84.0,-87.0,-9.0,-45.0
-234.0,-42.0,88.0,-92.0,-9.0,-43.0
-233.0,-44.0,83.0,-97.0,-6.0,-44.0
-236.0,-42.0,86.0,-99.0,-3.0,-41.0
-233.0,-39.0,85.0,-97.0,2.0,-39.0
-236.0,-41.0,88.0,-98.0,9.0,-35.0
-236.0,-41.0,80.0,-93.0,13.0,-33.0
-232.0,-38.0,83.0,-89.0,13.0,-28.0
