-19.0,-179.0,-173.0,-73.0,12.0,25.0
-19.0,-180.0,-177.0,-75.0,7.0,23.0
-20.0,-181.0,-171.0,-75.0,3.0,20.0
-20.0,-179.0,-176.0,-78.0,0.0,13.0
-20.0,-179.0,-171.0,-79.0,-2.0,5.0
-21.0,-177.0,-171.0,-80.0,-8.0,-4.0
-20.0,-179.0,-173.0,-78.0,-14.0,-12.0
-23.0,-174.0,-170.0,-69.0,-18.0,-19.0
-29.0,-173.0,-170.0,-65.0,-22.0,-25.0
-29.0,-172.0,-171.0,-58.0,-26.0,-33.0
-27.0,-175.0,-169.0,-50.0,-28.0,-40.0
-31.0,-172.0,-165.0,-43.0,-29.0,-44.0
-30.0,-172.0,-165.0,-35.0,-28.0,-47.0
-32.0,-175.0,-167.0,-24.0,-26.0,-53.0
-37.0,-175.0,-164.0,-15.0,-24.0,-54.0
-37.0,-177.0,-162.0,-6.0,-21.0,-50.0
-35.0,-180.0,-163.0,0.0,-16.0,-46.0
-37.0,-177.0,-166.0,6.0,-9.0,-40.0
-34.0,-177.0,-166.0,10.0,-1.0,-31.0
-36.0,-184.0,-164.0,11.0,6.0,-23.0
-29.0,-183.0,-169.0,13.0,13.0,-13.0
-26.0,-185.0,-173.0,12.0,19.0,-4.0
-27.0,-184.0,-171.0,9.0,25.0,6.0
-23.0,-187.0,-175.0,6.0,29.0,16.0
-20.0,-183.0,-174.0,3.0,35.0,22.0
-21.0,-189.0,-176.0,0.0,37.0,26.0
-16.0,-193.0,-173.0,-1.0,38.0,32.0
-10.0,-191.0,-172.0,0.0,36.0,33.0
-10.0,-190.0,-177.0,2.0,37.0,29.0
-7.0,-190.0,-173.0,10.0,38.0,26.0
-7.0,-191.0,-176.0,18.0,38.0,26.0
-7.0,-192.0,-176.0,30.0,36.0,26.0
-7.0,-189.0,-175.0,46.0,36.0,27.0
-8.0,-191.0,-179.0,63.0,35.0,25.0
-13.0,-185.0,-172.0,81.0,35.0,25.0
-14.0,-190.0,-172.0,100.0,35.0,24.0
-17.0,-189.0,-175.0,116.0,35.0,22.0
-19.0,-191.0,-176.0,132.0,33.0,21.0
-20.0,-183.0,-171.0,148.0,33.0,17.0
-25.0,-184.0,-168.0,163.0,32.0,15.0
-27.0,-183.0,-170.0,176.0,32.0,16.0
-29.0,-184.0,-170.0,188.0,31.0,15.0
-34.0,-186.0,-166.0,199.0,30.0,15.0
-37.0,-185.0,-170.0,209.0,29.0,18.0
-34.0,-187.0,-166.0,213.0,28.0,22.0
-38.0,-186.0,-168.0,214.0,29.0,25.0
-37.0,-183.0,-171.0,215.0,29.0,27.0
-34.0,-183.0,-170.0,216.0,30.0,29.0
-35.0,-189.0,-173.0,215.0,31.0,30.0
-29.0,-186.0,-170.0,216.0,33.0,32.0
-29.0,-181.0,-173.0,220.0,34.0,31.0
-34.0,-183.0,-176.0,225.0,34.0,32.0
-31.0,-180.0,-173.0,227.0,33.0,31.0
-29.0,-182.0,-176.0,229.0,32.0,30.0
-27.0,-183.0,-173.0,230.0,30.0,26.0
-24.0,-185.0,-169.0,231.0,30.0,21.0
-25.0,-181.0,-173.0,234.0,36.0,15.0
-30.0,-187.0,-166.0,237.0,42.0,9.0
-26.0,-184.0,-170.0,234.0,48.0,9.0
-24.0,-181.0,-168.0,235.0,55.0,4.0
-25.0,-183.0,-164.0,240.0,64.0,-2.0
-24.0,-180.0,-167.0,242.0,69.0,-6.0
-26.0,-179.0,-169.0,241.0,74.0,-11.0
-25.0,-181.0,-163.0,240.0,81.0,-14.0
-24.0,-181.0,-165.0,238.0,85.0,-16.0
-23.0,-186.0,-164.0,232.0,87.0,-19.0
-26.0,-189.0,-163.0,223.0,89.0,-22.0
-24.0,-187.0,-164.0,213.0,87.0,-25.0
-26.0,-190.0,-166.0,205.0,83.0,-24.0
-32.0,-191.0,-165.0,197.0,75.0,-21.0
-34.0,-191.0,-168.0,183.0,62.0,-14.0
-27.0,-187.0,-174.0,162.0,48.0,-10.0
-24.0,-187.0,-170.0,148.0,35.0,-10.0
-20.0,-188.0,-178.0,136.0,23.0,-13.0
-19.0,-189.0,-175.0,123.0,13.0,-20.0
-14.0,-184.0,-176.0,114.0,11.0,-26.0
-22.0,-183.0,-176.0,112.0,13.0,-28.0
-15.0,-186.0,-177.0,110.0,13.0,-26.0
-19.0,-184.0,-182.0,106.0,12.0,-27.0
-13.0,-185.0,-181.0,101.0,9.0,-27.0
-9.0,-183.0,-179.0,93.0,9.0,-35.0
-20.0,-184.0,-179.0,83.0,15.0,-41.0
-28.0,-180.0,-172.0,71.0,18.0,-36.0
-15.0,-182.0,-169.0,64.0,12.0,-29.0
-30.0,-187.0,-172.0,62.0,3.0,-30.0
-44.0,-182.0,-171.0,62.0,-7.0,-23.0
-60.0,-175.0,-176.0,49.0,-26.0,-7.0
-10.0,-176.0,-174.0,13.0,-48.0,18.0
-20.0,-177.0,-163.0,-4.0,-42.0,-22.0
-33.0,-180.0,-162.0,39.0,-25.0,-39.0
-31.0,-176.0,-165.0,65.0,-18.0,-29.0
-32.0,-186.0,-162.0,59.0,-37.0,-31.0
-21.0,-176.0,-164.0,64.0,-53.0,-33.0
-27.0,-176.0,-163.0,60.0,-46.0,-36.0
-23.0,-179.0,-158.0,44.0,-37.0,-42.0
-20.0,-185.0,-162.0,38.0,-38.0,-50.0
-16.0,-181.0,-162.0,38.0,-32.0,-56.0
-24.0,-184.0,-162.0,44.0,-16.0,-56.0
-19.0,-184.0,-167.0,41.0,-11.0,-48.0
-16.0,-187.0,-166.0,24.0,-8.0,-46.0
-20.0,-184.0,-163.0,12.0,-4.0,-44.0
-23.0,-184.0,-168.0,2.0,-3.0,-41.0
-26.0,-184.0,-163.0,-7.0,-7.0,-38.0
-32.0,-185.0,-165.0,-13.0,-16.0,-34.0
-26.0,-183.0,-166.0,-22.0,-27.0,-30.0
-31.0,-183.0,-168.0,-31.0,-32.0,-28.0
-30.0,-188.0,-167.0,-39.0,-41.0,-24.0
-31.0,-184.0,-173.0,-47.0,-49.0,-23.0
-28.0,-184.0,-170.0,-55.0,-55.0,-21.0
-30.0,-176.0,-172.0,-58.0,-57.0,-23.0
-20.0,-179.0,-168.0,-53.0,-57.0,-28.0
-22.0,-174.0,-169.0,-45.0,-50.0,-32.0
-19.0,-167.0,-166.0,-32.0,-42.0,-37.0
-19.0,-169.0,-160.0,-11.0,-24.0,-46.0
-21.0,-168.0,-168.0,14.0,-7.0,-52.0
-12.0,-172.0,-165.0,33.0,7.0,-49.0
-12.0,-168.0,-166.0,45.0,22.0,-49.0
-20.0,-164.0,-165.0,44.0,40.0,-50.0
-10.0,-168.0,-167.0,47.0,63.0,-50.0
-8.0,-168.0,-166.0,53.0,84.0,-46.0
-5.0,-170.0,-164.0,54.0,107.0,-40.0
-10.0,-167.0,-169.0,42.0,128.0,-31.0
-7.0,-169.0,-172.0,16.0,151.0,-22.0
-14.0,-169.0,-169.0,-13.0,170.0,-10.0
-11.0,-171.0,-168.0,-34.0,185.0,3.0
-13.0,-171.0,-168.0,-45.0,194.0,14.0
-22.0,-171.0,-170.0,-50.0,201.0,25.0
-17.0,-171.0,-165.0,-51.0,205.0,35.0
-19.0,-167.0,-166.0,-50.0,209.0,43.0
-25.0,-169.0,-172.0,-48.0,214.0,49.0
-25.0,-167.0,-169.0,-53.0,212.0,62.0
-18.0,-168.0,-168.0,-61.0,210.0,69.0
-20.0,-166.0,-171.0,-68.0,211.0,75.0
-8.0,-165.0,-168.0,-72.0,214.0,79.0
-12.0,-159.0,-170.0,-70.0,218.0,81.0
-9.0,-158.0,-172.0,-71.0,225.0,81.0
-5.0,-157.0,-168.0,-72.0,237.0,81.0
-5.0,-156.0,-171.0,-68.0,254.0,82.0
-3.0,-156.0,-168.0,-65.0,277.0,88.0
-6.0,-153.0,-169.0,-63.0,300.0,94.0
-7.0,-153.0,-163.0,-61.0,322.0,103.0
-12.0,-154.0,-165.0,-62.0,335.0,117.0
-6.0,-153.0,-165.0,-63.0,339.0,129.0
-13.0,-153.0,-164.0,-71.0,342.0,140.0
-3.0,-151.0,-170.0,-93.0,340.0,145.0
-3.0,-145.0,-170.0,-128.0,345.0,140.0
6.0,-149.0,-174.0,-153.0,356.0,132.0
3.0,-145.0,-176.0,-172.0,374.0,130.0
9.0,-143.0,-177.0,-189.0,405.0,132.0
0.0,-149.0,-181.0,-206.0,443.0,136.0
-18.0,-143.0,-174.0,-218.0,476.0,151.0
-27.0,-143.0,-169.0,-222.0,491.0,164.0
-13.0,-145.0,-168.0,-216.0,489.0,172.0
-16.0,-145.0,-172.0,-221.0,491.0,180.0
-21.0,-139.0,-171.0,-244.0,498.0,187.0
-17.0,-140.0,-171.0,-272.0,503.0,190.0
-16.0,-142.0,-164.0,-308.0,504.0,180.0
-10.0,-138.0,-164.0,-339.0,502.0,164.0
-2.0,-138.0,-164.0,-357.0,505.0,157.0
-8.0,-134.0,-161.0,-358.0,514.0,155.0
-16.0,-128.0,-162.0,-350.0,521.0,144.0
-20.0,-127.0,-160.0,-345.0,530.0,139.0
-15.0,-131.0,-156.0,-335.0,532.0,136.0
-15.0,-132.0,-159.0,-340.0,529.0,121.0
-18.0,-135.0,-162.0,-351.0,530.0,106.0
-25.0,-136.0,-152.0,-361.0,530.0,94.0
-27.0,-135.0,-153.0,-368.0,524.0,84.0
-29.0,-135.0,-157.0,-375.0,523.0,80.0
-29.0,-135.0,-155.0,-380.0,524.0,74.0
-30.0,-134.0,-160.0,-382.0,527.0,72.0
-31.0,-135.0,-163.0,-381.0,528.0,71.0
-26.0,-135.0,-158.0,-385.0,526.0,67.0
-24.0,-136.0,-159.0,-392.0,522.0,59.0
-26.0,-134.0,-161.0,-397.0,516.0,51.0
-26.0,-134.0,-159.0,-404.0,508.0,43.0
-28.0,-133.0,-165.0,-409.0,495.0,34.0
-29.0,-132.0,-163.0,-410.0,485.0,27.0
-25.0,-131.0,-165.0,-406.0,475.0,15.0
-28.0,-132.0,-159.0,-402.0,468.0,11.0
-34.0,-137.0,-167.0,-396.0,464.0,2.0
-27.0,-135.0,-165.0,-397.0,459.0,11.0
-28.0,-130.0,-165.0,-396.0,459.0,-4.0
-27.0,-134.0,-168.0,-401.0,459.0,-25.0
-24.0,-130.0,-164.0,-410.0,463.0,-40.0
-19.0,-129.0,-166.0,-415.0,466.0,-48.0
-20.0,-131.0,-163.0,-420.0,471.0,-51.0
-22.0,-134.0,-168.0,-428.0,476.0,-56.0
-18.0,-133.0,-165.0,-443.0,484.0,-70.0
-16.0,-134.0,-169.0,-460.0,492.0,-86.0
-15.0,-135.0,-168.0,-482.0,501.0,-94.0
-12.0,-128.0,-167.0,-515.0,513.0,-85.0
-13.0,-123.0,-169.0,-535.0,524.0,-71.0
-10.0,-126.0,-171.0,-533.0,530.0,-50.0
-12.0,-133.0,-170.0,-515.0,533.0,-31.0
-11.0,-129.0,-177.0,-507.0,534.0,-3.0
-16.0,-131.0,-175.0,-507.0,538.0,14.0
-18.0,-132.0,-176.0,-511.0,541.0,7.0
-14.0,-132.0,-179.0,-522.0,544.0,5.0
-13.0,-133.0,-180.0,-533.0,545.0,13.0
-13.0,-140.0,-184.0,-546.0,545.0,29.0
-9.0,-132.0,-184.0,-571.0,542.0,51.0
-15.0,-130.0,-185.0,-591.0,536.0,48.0
-17.0,-131.0,-186.0,-609.0,532.0,33.0
-13.0,-128.0,-194.0,-636.0,529.0,11.0
-6.0,-128.0,-190.0,-657.0,532.0,9.0
-3.0,-116.0,-191.0,-673.0,537.0,48.0
-10.0,-117.0,-185.0,-657.0,535.0,78.0
-10.0,-115.0,-185.0,-613.0,526.0,83.0
-6.0,-113.0,-187.0,-546.0,519.0,85.0
-9.0,-113.0,-183.0,-472.0,512.0,85.0
-13.0,-112.0,-183.0,-399.0,503.0,71.0
-11.0,-111.0,-180.0,-337.0,497.0,59.0
-12.0,-106.0,-179.0,-279.0,495.0,62.0
-16.0,-113.0,-177.0,-226.0,493.0,65.0
-21.0,-116.0,-178.0,-186.0,493.0,67.0
-11.0,-109.0,-175.0,-162.0,500.0,85.0
-17.0,-110.0,-177.0,-141.0,511.0,75.0
-18.0,-109.0,-173.0,-127.0,527.0,67.0
-24.0,-109.0,-172.0,-116.0,544.0,62.0
-23.0,-111.0,-173.0,-109.0,562.0,56.0
-21.0,-108.0,-171.0,-104.0,581.0,49.0
-21.0,-108.0,-172.0,-97.0,604.0,47.0
-20.0,-101.0,-168.0,-101.0,626.0,66.0
-21.0,-101.0,-164.0,-96.0,647.0,55.0
-24.0,-102.0,-166.0,-81.0,668.0,38.0
-18.0,-93.0,-165.0,-64.0,686.0,15.0
-23.0,-89.0,-163.0,-51.0,706.0,1.0
-18.0,-89.0,-160.0,-44.0,720.0,-11.0
-16.0,-88.0,-160.0,-44.0,728.0,-26.0
-15.0,-92.0,-160.0,-52.0,734.0,-40.0
-11.0,-86.0,-159.0,-68.0,741.0,-38.0
-12.0,-92.0,-159.0,-88.0,751.0,-40.0
-8.0,-92.0,-163.0,-106.0,761.0,-58.0
-7.0,-92.0,-160.0,-124.0,771.0,-82.0
-5.0,-90.0,-164.0,-139.0,783.0,-98.0
-2.0,-95.0,-161.0,-156.0,795.0,-110.0
8.0,-99.0,-160.0,-186.0,806.0,-118.0
9.0,-93.0,-160.0,-219.0,817.0,-113.0
5.0,-98.0,-158.0,-249.0,823.0,-135.0
2.0,-105.0,-162.0,-264.0,826.0,-169.0
13.0,-103.0,-161.0,-274.0,827.0,-192.0
8.0,-95.0,-165.0,-283.0,829.0,-196.0
8.0,-97.0,-163.0,-288.0,836.0,-217.0
11.0,-100.0,-161.0,-308.0,850.0,-232.0
9.0,-101.0,-161.0,-346.0,865.0,-250.0
8.0,-101.0,-160.0,-390.0,890.0,-301.0
19.0,-87.0,-158.0,-427.0,912.0,-347.0
20.0,-77.0,-156.0,-459.0,940.0,-362.0
14.0,-79.0,-155.0,-474.0,959.0,-354.0
14.0,-78.0,-142.0,-491.0,986.0,-379.0
18.0,-72.0,-150.0,-470.0,1017.0,-404.0
18.0,-72.0,-152.0,-438.0,1044.0,-379.0
16.0,-66.0,-144.0,-401.0,1071.0,-366.0
13.0,-76.0,-141.0,-354.0,1093.0,-346.0
18.0,-75.0,-139.0,-299.0,1115.0,-348.0
11.0,-77.0,-134.0,-264.0,1148.0,-340.0
12.0,-85.0,-143.0,-262.0,1173.0,-357.0
12.0,-89.0,-140.0,-267.0,1194.0,-380.0
13.0,-85.0,-146.0,-268.0,1222.0,-389.0
15.0,-89.0,-148.0,-281.0,1232.0,-392.0
14.0,-88.0,-143.0,-284.0,1235.0,-405.0
17.0,-84.0,-143.0,-279.0,1238.0,-411.0
7.0,-95.0,-139.0,-276.0,1232.0,-418.0
9.0,-85.0,-151.0,-265.0,1215.0,-454.0
13.0,-88.0,-144.0,-273.0,1194.0,-487.0
11.0,-87.0,-154.0,-266.0,1179.0,-525.0
13.0,-72.0,-148.0,-275.0,1163.0,-544.0
21.0,-69.0,-149.0,-257.0,1147.0,-540.0
20.0,-66.0,-155.0,-193.0,1131.0,-497.0
14.0,-76.0,-160.0,-108.0,1107.0,-453.0
12.0,-74.0,-162.0,-27.0,1078.0,-447.0
15.0,-74.0,-159.0,25.0,1055.0,-471.0
24.0,-83.0,-167.0,52.0,1037.0,-501.0
18.0,-86.0,-163.0,53.0,1030.0,-526.0
20.0,-90.0,-165.0,54.0,1022.0,-545.0
17.0,-99.0,-168.0,70.0,1019.0,-569.0
16.0,-103.0,-170.0,121.0,1032.0,-591.0
13.0,-97.0,-174.0,215.0,1057.0,-594.0
25.0,-94.0,-168.0,353.0,1104.0,-591.0
18.0,-93.0,-185.0,485.0,1149.0,-575.0
39.0,-87.0,-189.0,541.0,1176.0,-539.0
108.0,-109.0,-194.0,507.0,1213.0,-507.0
139.0,-126.0,-199.0,466.0,1265.0,-523.0
191.0,-115.0,-222.0,412.0,1319.0,-517.0
248.0,-154.0,-252.0,356.0,1385.0,-413.0
300.0,-211.0,-316.0,284.0,1492.0,-337.0
320.0,-265.0,-409.0,107.0,1603.0,-247.0
380.0,-346.0,-516.0,-264.0,1677.0,-153.0
586.0,-352.0,-584.0,-823.0,1658.0,-157.0
794.0,-335.0,-692.0,-1339.0,1645.0,-73.0
921.0,-507.0,-779.0,-1559.0,1803.0,144.0
1197.0,-374.0,-806.0,-1433.0,2085.0,-6.0
1183.0,-453.0,-851.0,-810.0,2466.0,69.0
1111.0,-360.0,-840.0,219.0,2986.0,-156.0
1052.0,-436.0,-771.0,1622.0,3699.0,-395.0
867.0,-626.0,-574.0,3177.0,4491.0,-787.0
645.0,-706.0,-441.0,4689.0,5153.0,-1396.0
433.0,-644.0,-438.0,6179.0,5677.0,-1907.0
290.0,-577.0,-442.0,7474.0,6057.0,-2270.0
113.0,-472.0,-454.0,8348.0,6259.0,-2510.0
-19.0,-398.0,-398.0,8850.0,6238.0,-2660.0
-58.0,-330.0,-319.0,9095.0,5915.0,-2772.0
-15.0,-285.0,-192.0,9036.0,5345.0,-2813.0
-7.0,-242.0,-103.0,8661.0,4661.0,-2823.0
13.0,-223.0,20.0,7952.0,3961.0,-2803.0
2.0,-225.0,136.0,7024.0,3285.0,-2828.0
-28.0,-220.0,217.0,6086.0,2634.0,-2870.0
7.0,-204.0,243.0,5269.0,1979.0,-2834.0
10.0,-161.0,236.0,4594.0,1418.0,-2800.0
-3.0,-105.0,201.0,4097.0,1000.0,-2841.0
8.0,-63.0,135.0,3716.0,709.0,-2909.0
14.0,-34.0,59.0,3390.0,519.0,-2985.0
9.0,-20.0,14.0,3094.0,368.0,-2993.0
26.0,-11.0,-35.0,2821.0,252.0,-2948.0
42.0,-11.0,-66.0,2560.0,135.0,-2839.0
55.0,-13.0,-82.0,2313.0,3.0,-2710.0
79.0,-18.0,-87.0,2077.0,-146.0,-2546.0
102.0,-39.0,-95.0,1864.0,-296.0,-2378.0
104.0,-52.0,-100.0,1703.0,-409.0,-2264.0
114.0,-76.0,-87.0,1552.0,-491.0,-2142.0
152.0,-105.0,-79.0,1463.0,-486.0,-2065.0
149.0,-134.0,-51.0,1456.0,-376.0,-2070.0
135.0,-151.0,-36.0,1515.0,-250.0,-2095.0
122.0,-163.0,-7.0,1616.0,-133.0,-2179.0
102.0,-172.0,14.0,1684.0,-32.0,-2268.0
83.0,-154.0,38.0,1693.0,34.0,-2394.0
65.0,-135.0,40.0,1632.0,76.0,-2495.0
59.0,-117.0,48.0,1509.0,152.0,-2604.0
68.0,-98.0,48.0,1359.0,258.0,-2702.0
99.0,-65.0,46.0,1162.0,405.0,-2783.0
133.0,-41.0,53.0,1000.0,552.0,-2856.0
153.0,-19.0,57.0,819.0,661.0,-2917.0
184.0,1.0,80.0,609.0,734.0,-2942.0
229.0,8.0,86.0,379.0,777.0,-2959.0
265.0,19.0,117.0,141.0,799.0,-2937.0
298.0,26.0,122.0,-80.0,843.0,-2875.0
331.0,29.0,121.0,-258.0,907.0,-2791.0
348.0,25.0,119.0,-411.0,1008.0,-2676.0
366.0,26.0,116.0,-507.0,1088.0,-2544.0
374.0,21.0,111.0,-536.0,1136.0,-2415.0
371.0,9.0,113.0,-536.0,1159.0,-2327.0
354.0,6.0,110.0,-498.0,1119.0,-2267.0
327.0,13.0,96.0,-423.0,1007.0,-2198.0
311.0,12.0,83.0,-325.0,849.0,-2120.0
294.0,26.0,83.0,-205.0,693.0,-2039.0
281.0,21.0,72.0,-91.0,558.0,-1966.0
282.0,23.0,72.0,27.0,431.0,-1887.0
276.0,30.0,71.0,150.0,306.0,-1799.0
268.0,38.0,65.0,285.0,158.0,-1701.0
271.0,48.0,61.0,430.0,-24.0,-1596.0
279.0,54.0,69.0,590.0,-233.0,-1495.0
266.0,66.0,75.0,720.0,-414.0,-1386.0
293.0,83.0,82.0,834.0,-592.0,-1269.0
292.0,101.0,93.0,919.0,-745.0,-1170.0
287.0,103.0,98.0,993.0,-939.0,-1103.0
288.0,126.0,90.0,1058.0,-1213.0,-1083.0
301.0,154.0,85.0,1094.0,-1487.0,-1054.0
292.0,162.0,89.0,1076.0,-1668.0,-992.0
281.0,180.0,88.0,1034.0,-1814.0,-914.0
274.0,176.0,86.0,971.0,-1939.0,-874.0
291.0,208.0,59.0,889.0,-2025.0,-851.0
270.0,199.0,72.0,752.0,-1991.0,-790.0
270.0,184.0,72.0,609.0,-1973.0,-743.0
266.0,176.0,67.0,499.0,-1955.0,-721.0
270.0,185.0,60.0,418.0,-1948.0,-697.0
260.0,161.0,67.0,308.0,-1891.0,-607.0
259.0,147.0,50.0,241.0,-1824.0,-541.0
247.0,125.0,44.0,189.0,-1730.0,-489.0
239.0,108.0,42.0,144.0,-1618.0,-462.0
216.0,96.0,31.0,97.0,-1506.0,-492.0
213.0,91.0,21.0,33.0,-1374.0,-530.0
202.0,83.0,18.0,-34.0,-1271.0,-568.0
188.0,72.0,6.0,-95.0,-1183.0,-598.0
184.0,67.0,0.0,-111.0,-1120.0,-612.0
188.0,60.0,-9.0,-120.0,-1063.0,-612.0
189.0,62.0,-16.0,-123.0,-1011.0,-610.0
195.0,58.0,-20.0,-120.0,-972.0,-607.0
208.0,59.0,-26.0,-109.0,-951.0,-599.0
213.0,58.0,-26.0,-95.0,-945.0,-593.0
216.0,61.0,-26.0,-80.0,-935.0,-587.0
222.0,64.0,-32.0,-70.0,-911.0,-578.0
225.0,65.0,-35.0,-64.0,-877.0,-570.0
226.0,75.0,-31.0,-60.0,-844.0,-562.0
226.0,70.0,-39.0,-56.0,-812.0,-554.0
230.0,76.0,-39.0,-36.0,-792.0,-541.0
232.0,85.0,-40.0,-13.0,-763.0,-523.0
229.0,89.0,-42.0,9.0,-728.0,-500.0
240.0,95.0,-47.0,48.0,-700.0,-476.0
244.0,95.0,-50.0,104.0,-668.0,-446.0
243.0,95.0,-56.0,172.0,-639.0,-415.0
247.0,99.0,-64.0,257.0,-632.0,-387.0
251.0,97.0,-74.0,340.0,-624.0,-354.0
255.0,93.0,-74.0,411.0,-600.0,-312.0
251.0,92.0,-84.0,490.0,-587.0,-269.0
249.0,91.0,-94.0,590.0,-592.0,-225.0
266.0,88.0,-112.0,689.0,-592.0,-181.0
273.0,93.0,-115.0,761.0,-579.0,-155.0
272.0,91.0,-130.0,820.0,-543.0,-114.0
273.0,98.0,-125.0,860.0,-485.0,-63.0
269.0,98.0,-126.0,889.0,-435.0,-9.0
278.0,96.0,-136.0,927.0,-387.0,52.0
281.0,97.0,-135.0,957.0,-343.0,98.0
278.0,100.0,-135.0,961.0,-284.0,131.0
274.0,98.0,-129.0,956.0,-210.0,174.0
273.0,93.0,-124.0,953.0,-162.0,210.0
269.0,92.0,-125.0,946.0,-130.0,239.0
274.0,91.0,-117.0,922.0,-121.0,260.0
275.0,79.0,-114.0,895.0,-118.0,262.0
254.0,81.0,-111.0,856.0,-117.0,256.0
250.0,70.0,-109.0,813.0,-131.0,268.0
256.0,67.0,-96.0,764.0,-136.0,293.0
268.0,66.0,-90.0,708.0,-141.0,320.0
250.0,61.0,-95.0,645.0,-141.0,334.0
267.0,47.0,-93.0,581.0,-144.0,348.0
264.0,44.0,-89.0,527.0,-153.0,309.0
259.0,39.0,-97.0,476.0,-155.0,271.0
251.0,38.0,-100.0,397.0,-150.0,267.0
262.0,31.0,-110.0,322.0,-140.0,274.0
261.0,22.0,-111.0,242.0,-127.0,259.0
256.0,17.0,-109.0,181.0,-101.0,247.0
262.0,10.0,-114.0,141.0,-76.0,246.0
261.0,6.0,-116.0,113.0,-52.0,243.0
254.0,12.0,-114.0,93.0,-19.0,230.0
262.0,7.0,-111.0,67.0,19.0,236.0
258.0,4.0,-113.0,55.0,58.0,254.0
252.0,3.0,-111.0,50.0,95.0,276.0
253.0,-6.0,-108.0,49.0,127.0,302.0
254.0,0.0,-110.0,62.0,163.0,320.0
258.0,5.0,-100.0,86.0,202.0,337.0
253.0,7.0,-106.0,110.0,251.0,333.0
250.0,14.0,-94.0,115.0,299.0,318.0
249.0,22.0,-84.0,100.0,343.0,295.0
246.0,26.0,-83.0,76.0,375.0,274.0
244.0,28.0,-79.0,46.0,397.0,259.0
245.0,30.0,-80.0,13.0,406.0,250.0
246.0,28.0,-76.0,-16.0,412.0,240.0
247.0,28.0,-78.0,-46.0,415.0,231.0
247.0,32.0,-86.0,-75.0,418.0,224.0
252.0,30.0,-80.0,-105.0,421.0,213.0
251.0,35.0,-81.0,-137.0,427.0,206.0
253.0,32.0,-81.0,-167.0,432.0,201.0
251.0,36.0,-77.0,-196.0,439.0,197.0
253.0,38.0,-79.0,-222.0,446.0,195.0
255.0,37.0,-77.0,-241.0,453.0,194.0
256.0,40.0,-76.0,-256.0,462.0,192.0
257.0,36.0,-77.0,-267.0,472.0,195.0
259.0,37.0,-74.0,-271.0,479.0,196.0
258.0,40.0,-73.0,-274.0,491.0,200.0
258.0,36.0,-71.0,-271.0,500.0,202.0
256.0,43.0,-72.0,-265.0,509.0,201.0
257.0,35.0,-63.0,-260.0,518.0,202.0
256.0,40.0,-61.0,-256.0,525.0,197.0
262.0,30.0,-60.0,-255.0,526.0,194.0
254.0,34.0,-55.0,-252.0,526.0,195.0
255.0,35.0,-54.0,-248.0,524.0,191.0
255.0,33.0,-54.0,-244.0,518.0,186.0
253.0,28.0,-45.0,-245.0,511.0,180.0
253.0,31.0,-43.0,-244.0,502.0,172.0
251.0,32.0,-41.0,-238.0,494.0,166.0
249.0,30.0,-44.0,-232.0,484.0,161.0
248.0,28.0,-38.0,-223.0,475.0,156.0
250.0,30.0,-39.0,-210.0,464.0,150.0
244.0,31.0,-36.0,-203.0,451.0,147.0
242.0,31.0,-31.0,-193.0,437.0,144.0
248.0,28.0,-29.0,-184.0,424.0,140.0
242.0,29.0,-28.0,-175.0,410.0,135.0
246.0,29.0,-29.0,-168.0,394.0,133.0
247.0,26.0,-24.0,-165.0,374.0,129.0
247.0,25.0,-30.0,-163.0,355.0,124.0
245.0,30.0,-28.0,-158.0,336.0,120.0
244.0,31.0,-22.0,-152.0,319.0,117.0
245.0,24.0,-22.0,-145.0,300.0,112.0
244.0,29.0,-14.0,-137.0,282.0,107.0
247.0,27.0,-29.0,-128.0,267.0,102.0
247.0,28.0,-22.0,-118.0,253.0,98.0
246.0,27.0,-22.0,-111.0,236.0,94.0
249.0,27.0,-21.0,-105.0,219.0,89.0
247.0,26.0,-20.0,-97.0,201.0,82.0
246.0,22.0,-22.0,-88.0,183.0,81.0
247.0,28.0,-17.0,-79.0,166.0,75.0
250.0,23.0,-20.0,-69.0,149.0,69.0
250.0,23.0,-15.0,-60.0,132.0,61.0
246.0,28.0,-16.0,-48.0,116.0,56.0
247.0,23.0,-17.0,-35.0,100.0,50.0
244.0,23.0,-22.0,-22.0,86.0,44.0
246.0,23.0,-18.0,-5.0,71.0,40.0
244.0,24.0,-17.0,10.0,56.0,36.0
245.0,21.0,-18.0,23.0,40.0,31.0
245.0,18.0,-16.0,34.0,23.0,26.0
247.0,24.0,-18.0,45.0,5.0,19.0
249.0,20.0,-17.0,55.0,-14.0,14.0
250.0,23.0,-24.0,65.0,-34.0,8.0
249.0,22.0,-19.0,71.0,-55.0,1.0
247.0,20.0,-20.0,77.0,-75.0,-7.0
250.0,23.0,-22.0,83.0,-96.0,-16.0
253.0,19.0,-21.0,88.0,-117.0,-23.0
251.0,23.0,-28.0,90.0,-136.0,-31.0
251.0,21.0,-26.0,91.0,-157.0,-40.0
252.0,21.0,-26.0,90.0,-176.0,-51.0
252.0,24.0,-32.0,88.0,-194.0,-60.0
251.0,21.0,-36.0,84.0,-212.0,-72.0
252.0,24.0,-36.0,84.0,-225.0,-85.0
253.0,27.0,-36.0,83.0,-238.0,-94.0
252.0,25.0,-39.0,82.0,-250.0,-104.0
252.0,27.0,-43.0,81.0,-257.0,-112.0
253.0,27.0,-41.0,76.0,-263.0,-120.0
249.0,22.0,-36.0,75.0,-267.0,-130.0
251.0,26.0,-40.0,76.0,-272.0,-139.0
250.0,26.0,-43.0,77.0,-277.0,-145.0
251.0,26.0,-40.0,79.0,-281.0,-149.0
252.0,27.0,-42.0,83.0,-282.0,-153.0
253.0,26.0,-45.0,89.0,-284.0,-156.0
252.0,28.0,-43.0,91.0,-286.0,-160.0
253.0,27.0,-45.0,93.0,-290.0,-163.0
253.0,27.0,-46.0,95.0,-292.0,-167.0
250.0,30.0,-50.0,95.0,-294.0,-173.0
255.0,31.0,-51.0,97.0,-296.0,-175.0
253.0,27.0,-48.0,100.0,-297.0,-179.0
253.0,28.0,-51.0,102.0,-295.0,-181.0
252.0,31.0,-50.0,106.0,-291.0,-183.0
252.0,27.0,-56.0,111.0,-285.0,-185.0
252.0,31.0,-52.0,113.0,-280.0,-184.0
252.0,34.0,-53.0,116.0,-274.0,-184.0
252.0,29.0,-55.0,118.0,-268.0,-184.0
249.0,32.0,-56.0,119.0,-262.0,-182.0
253.0,34.0,-59.0,119.0,-257.0,-181.0
252.0,34.0,-59.0,119.0,-252.0,-178.0
254.0,30.0,-55.0,116.0,-248.0,-177.0
251.0,31.0,-47.0,115.0,-244.0,-176.0
252.0,36.0,-60.0,112.0,-241.0,-175.0
253.0,34.0,-63.0,108.0,-237.0,-174.0
254.0,39.0,-65.0,103.0,-235.0,-172.0
253.0,37.0,-65.0,95.0,-233.0,-173.0
256.0,37.0,-66.0,87.0,-230.0,-174.0
253.0,40.0,-66.0,79.0,-226.0,-170.0
252.0,38.0,-63.0,69.0,-221.0,-165.0
252.0,41.0,-65.0,61.0,-216.0,-161.0
252.0,40.0,-67.0,54.0,-208.0,-157.0
253.0,40.0,-69.0,46.0,-198.0,-152.0
246.0,40.0,-71.0,40.0,-188.0,-145.0
254.0,45.0,-72.0,34.0,-179.0,-139.0
254.0,43.0,-70.0,29.0,-167.0,-133.0
254.0,46.0,-70.0,24.0,-157.0,-125.0
254.0,44.0,-70.0,18.0,-146.0,-117.0
252.0,45.0,-69.0,13.0,-134.0,-110.0
254.0,43.0,-71.0,9.0,-120.0,-103.0
254.0,44.0,-69.0,6.0,-109.0,-97.0
253.0,45.0,-70.0,2.0,-95.0,-92.0
256.0,42.0,-74.0,-2.0,-81.0,-85.0
253.0,49.0,-73.0,-4.0,-69.0,-80.0
262.0,42.0,-73.0,-8.0,-57.0,-75.0
253.0,43.0,-70.0,-12.0,-46.0,-70.0
252.0,47.0,-68.0,-16.0,-33.0,-65.0
251.0,47.0,-67.0,-18.0,-23.0,-60.0
253.0,44.0,-70.0,-19.0,-14.0,-57.0
251.0,43.0,-65.0,-21.0,-3.0,-50.0
251.0,44.0,-65.0,-22.0,8.0,-46.0
248.0,45.0,-66.0,-23.0,15.0,-39.0
251.0,46.0,-65.0,-22.0,25.0,-33.0
251.0,46.0,-66.0,-23.0,33.0,-29.0
248.0,46.0,-64.0,-22.0,39.0,-24.0
248.0,45.0,-68.0,-21.0,46.0,-21.0
250.0,45.0,-64.0,-21.0,50.0,-18.0
252.0,44.0,-62.0,-20.0,54.0,-13.0
253.0,44.0,-66.0,-18.0,58.0,-7.0
252.0,47.0,-65.0,-13.0,61.0,-4.0
249.0,44.0,-63.0,-10.0,64.0,-1.0
250.0,42.0,-57.0,-5.0,69.0,2.0
252.0,45.0,-64.0,0.0,71.0,6.0
247.0,43.0,-63.0,1.0,71.0,12.0
247.0,43.0,-61.0,3.0,74.0,12.0
257.0,40.0,-54.0,6.0,76.0,13.0
252.0,41.0,-59.0,9.0,76.0,16.0
249.0,42.0,-56.0,11.0,75.0,17.0
249.0,42.0,-57.0,13.0,75.0,18.0
252.0,41.0,-57.0,17.0,74.0,18.0
252.0,41.0,-58.0,22.0,73.0,21.0
253.0,39.0,-57.0,26.0,71.0,21.0
249.0,42.0,-56.0,30.0,69.0,22.0
254.0,40.0,-56.0,34.0,67.0,24.0
247.0,40.0,-58.0,38.0,65.0,23.0
252.0,41.0,-55.0,41.0,64.0,24.0
247.0,43.0,-55.0,44.0,62.0,24.0
251.0,40.0,-57.0,46.0,59.0,24.0
249.0,43.0,-57.0,48.0,56.0,25.0
251.0,37.0,-56.0,51.0,52.0,24.0
251.0,40.0,-56.0,55.0,49.0,25.0
249.0,40.0,-56.0,57.0,45.0,23.0
251.0,40.0,-56.0,60.0,42.0,25.0
247.0,40.0,-56.0,63.0,38.0,23.0
249.0,40.0,-53.0,65.0,37.0,22.0
248.0,37.0,-52.0,65.0,34.0,21.0
249.0,38.0,-55.0,68.0,30.0,22.0
250.0,34.0,-56.0,69.0,24.0,20.0
252.0,36.0,-53.0,68.0,22.0,17.0
253.0,37.0,-56.0,65.0,19.0,17.0
252.0,38.0,-55.0,66.0,16.0,15.0
252.0,35.0,-54.0,63.0,12.0,13.0
254.0,39.0,-52.0,61.0,10.0,10.0
251.0,38.0,-53.0,60.0,6.0,9.0
251.0,36.0,-58.0,61.0,2.0,8.0
