21.0,-230.0,-87.0,-101.0,-435.0,-20.0
28.0,-226.0,-87.0,-107.0,-415.0,-44.0
35.0,-221.0,-88.0,-115.0,-402.0,-64.0
41.0,-216.0,-88.0,-128.0,-388.0,-83.0
45.0,-213.0,-88.0,-142.0,-376.0,-100.0
44.0,-217.0,-81.0,-159.0,-363.0,-108.0
45.0,-211.0,-79.0,-176.0,-356.0,-107.0
38.0,-211.0,-80.0,-194.0,-359.0,-105.0
32.0,-211.0,-83.0,-208.0,-371.0,-98.0
27.0,-211.0,-83.0,-221.0,-387.0,-89.0
19.0,-214.0,-86.0,-239.0,-402.0,-77.0
12.0,-215.0,-90.0,-265.0,-413.0,-64.0
3.0,-216.0,-94.0,-294.0,-413.0,-52.0
1.0,-222.0,-98.0,-328.0,-409.0,-39.0
-8.0,-219.0,-97.0,-365.0,-403.0,-29.0
-15.0,-220.0,-102.0,-399.0,-400.0,-20.0
-22.0,-221.0,-105.0,-426.0,-402.0,-13.0
-25.0,-218.0,-104.0,-443.0,-407.0,-13.0
-33.0,-213.0,-105.0,-449.0,-415.0,-11.0
-35.0,-213.0,-107.0,-444.0,-427.0,-11.0
-45.0,-209.0,-105.0,-435.0,-442.0,-13.0
-49.0,-209.0,-113.0,-429.0,-460.0,-16.0
-49.0,-211.0,-118.0,-417.0,-483.0,-22.0
-51.0,-205.0,-115.0,-403.0,-514.0,-33.0
-55.0,-204.0,-113.0,-382.0,-547.0,-42.0
-62.0,-201.0,-115.0,-354.0,-577.0,-51.0
-61.0,-197.0,-112.0,-326.0,-599.0,-61.0
-62.0,-199.0,-105.0,-303.0,-606.0,-70.0
-65.0,-200.0,-103.0,-285.0,-596.0,-81.0
-66.0,-198.0,-105.0,-274.0,-577.0,-94.0
-61.0,-198.0,-96.0,-267.0,-550.0,-110.0
-56.0,-200.0,-89.0,-261.0,-524.0,-127.0
-57.0,-201.0,-88.0,-256.0,-494.0,-145.0
-46.0,-206.0,-84.0,-253.0,-460.0,-158.0
-36.0,-203.0,-79.0,-252.0,-428.0,-164.0
-32.0,-207.0,-75.0,-257.0,-391.0,-160.0
-24.0,-211.0,-81.0,-269.0,-347.0,-149.0
-17.0,-206.0,-76.0,-282.0,-307.0,-135.0
-9.0,-207.0,-74.0,-306.0,-267.0,-112.0
-3.0,-211.0,-74.0,-342.0,-227.0,-86.0
0.0,-210.0,-72.0,-380.0,-190.0,-62.0
7.0,-213.0,-74.0,-425.0,-152.0,-35.0
5.0,-213.0,-72.0,-469.0,-114.0,-12.0
7.0,-214.0,-76.0,-514.0,-70.0,10.0
7.0,-218.0,-79.0,-552.0,-21.0,32.0
1.0,-223.0,-80.0,-583.0,27.0,47.0
-6.0,-225.0,-81.0,-611.0,74.0,60.0
-19.0,-227.0,-88.0,-632.0,125.0,68.0
-35.0,-224.0,-89.0,-645.0,159.0,77.0
-34.0,-226.0,-86.0,-647.0,188.0,83.0
-42.0,-226.0,-86.0,-633.0,212.0,90.0
-52.0,-219.0,-92.0,-612.0,228.0,95.0
-58.0,-219.0,-93.0,-582.0,241.0,99.0
-61.0,-210.0,-94.0,-545.0,248.0,100.0
-66.0,-206.0,-97.0,-508.0,252.0,103.0
-64.0,-202.0,-99.0,-473.0,259.0,101.0
-61.0,-195.0,-99.0,-445.0,267.0,96.0
-58.0,-193.0,-103.0,-424.0,279.0,89.0
-54.0,-194.0,-99.0,-415.0,288.0,80.0
-49.0,-194.0,-101.0,-415.0,297.0,71.0
-44.0,-187.0,-104.0,-422.0,302.0,66.0
-37.0,-189.0,-100.0,-439.0,300.0,61.0
-29.0,-188.0,-103.0,-475.0,287.0,59.0
-27.0,-193.0,-106.0,-522.0,268.0,58.0
-24.0,-200.0,-109.0,-579.0,243.0,60.0
-25.0,-206.0,-118.0,-640.0,221.0,62.0
-26.0,-209.0,-122.0,-698.0,200.0,61.0
-25.0,-216.0,-129.0,-757.0,175.0,58.0
-33.0,-217.0,-139.0,-816.0,145.0,50.0
-35.0,-217.0,-146.0,-874.0,108.0,39.0
-41.0,-214.0,-147.0,-924.0,63.0,25.0
-39.0,-214.0,-147.0,-955.0,15.0,5.0
-42.0,-209.0,-147.0,-962.0,-37.0,-16.0
-46.0,-204.0,-139.0,-938.0,-88.0,-40.0
-42.0,-196.0,-134.0,-883.0,-135.0,-61.0
-36.0,-195.0,-125.0,-811.0,-174.0,-79.0
-33.0,-190.0,-122.0,-740.0,-206.0,-88.0
-25.0,-185.0,-116.0,-684.0,-236.0,-92.0
-17.0,-187.0,-116.0,-650.0,-260.0,-87.0
-10.0,-185.0,-117.0,-634.0,-279.0,-75.0
-7.0,-186.0,-113.0,-629.0,-289.0,-59.0
-11.0,-182.0,-125.0,-632.0,-290.0,-40.0
0.0,-186.0,-113.0,-640.0,-287.0,-19.0
3.0,-191.0,-119.0,-654.0,-277.0,0.0
4.0,-193.0,-121.0,-672.0,-266.0,18.0
7.0,-190.0,-118.0,-697.0,-247.0,33.0
7.0,-195.0,-124.0,-726.0,-224.0,48.0
5.0,-201.0,-126.0,-757.0,-199.0,59.0
0.0,-200.0,-129.0,-784.0,-175.0,64.0
-5.0,-201.0,-134.0,-803.0,-154.0,67.0
-8.0,-201.0,-132.0,-816.0,-136.0,67.0
-14.0,-201.0,-139.0,-828.0,-114.0,67.0
-16.0,-202.0,-145.0,-837.0,-95.0,65.0
-23.0,-199.0,-139.0,-843.0,-78.0,60.0
-21.0,-194.0,-140.0,-846.0,-67.0,53.0
-21.0,-194.0,-137.0,-843.0,-64.0,45.0
-20.0,-189.0,-140.0,-835.0,-66.0,34.0
-18.0,-190.0,-140.0,-823.0,-76.0,25.0
-21.0,-187.0,-132.0,-803.0,-96.0,16.0
-14.0,-188.0,-132.0,-780.0,-118.0,6.0
-17.0,-185.0,-134.0,-757.0,-142.0,0.0
-13.0,-184.0,-139.0,-731.0,-164.0,-4.0
-18.0,-186.0,-132.0,-711.0,-180.0,-3.0
-14.0,-188.0,-144.0,-697.0,-194.0,-3.0
-12.0,-185.0,-144.0,-692.0,-204.0,-2.0
-12.0,-186.0,-140.0,-694.0,-215.0,0.0
-12.0,-181.0,-147.0,-698.0,-223.0,6.0
-14.0,-182.0,-145.0,-704.0,-228.0,11.0
-14.0,-180.0,-142.0,-705.0,-227.0,16.0
-16.0,-180.0,-144.0,-706.0,-221.0,26.0
-15.0,-188.0,-141.0,-705.0,-207.0,35.0
-10.0,-184.0,-140.0,-700.0,-191.0,47.0
-9.0,-188.0,-137.0,-692.0,-172.0,61.0
-10.0,-184.0,-142.0,-680.0,-148.0,73.0
-9.0,-186.0,-137.0,-668.0,-124.0,86.0
-7.0,-187.0,-135.0,-654.0,-101.0,98.0
-3.0,-184.0,-141.0,-641.0,-74.0,110.0
0.0,-183.0,-138.0,-628.0,-51.0,119.0
0.0,-184.0,-141.0,-620.0,-31.0,122.0
0.0,-181.0,-142.0,-613.0,-17.0,123.0
0.0,-183.0,-144.0,-604.0,-3.0,124.0
-2.0,-184.0,-144.0,-596.0,8.0,125.0
-14.0,-180.0,-146.0,-589.0,16.0,124.0
-14.0,-183.0,-147.0,-581.0,20.0,123.0
-19.0,-184.0,-149.0,-574.0,21.0,124.0
-30.0,-184.0,-154.0,-568.0,16.0,125.0
-30.0,-182.0,-154.0,-562.0,4.0,125.0
-34.0,-185.0,-155.0,-557.0,-8.0,127.0
-41.0,-186.0,-157.0,-550.0,-21.0,126.0
-50.0,-184.0,-162.0,-543.0,-33.0,126.0
-52.0,-182.0,-160.0,-534.0,-38.0,125.0
-55.0,-181.0,-162.0,-522.0,-39.0,124.0
-56.0,-177.0,-156.0,-506.0,-36.0,124.0
-51.0,-184.0,-164.0,-487.0,-33.0,123.0
-54.0,-176.0,-163.0,-464.0,-27.0,121.0
-50.0,-181.0,-164.0,-444.0,-20.0,120.0
-39.0,-182.0,-164.0,-425.0,-15.0,118.0
-37.0,-179.0,-166.0,-407.0,-15.0,112.0
-31.0,-178.0,-167.0,-389.0,-18.0,107.0
-26.0,-178.0,-169.0,-372.0,-28.0,105.0
-23.0,-177.0,-177.0,-357.0,-40.0,97.0
-23.0,-176.0,-174.0,-341.0,-56.0,90.0
-25.0,-174.0,-178.0,-327.0,-68.0,81.0
-25.0,-173.0,-179.0,-317.0,-77.0,70.0
-27.0,-170.0,-178.0,-313.0,-79.0,60.0
-33.0,-170.0,-178.0,-312.0,-77.0,50.0
-35.0,-170.0,-180.0,-316.0,-70.0,39.0
-37.0,-163.0,-177.0,-320.0,-56.0,33.0
-41.0,-159.0,-172.0,-323.0,-37.0,23.0
-41.0,-157.0,-173.0,-326.0,-22.0,15.0
-45.0,-156.0,-168.0,-329.0,-10.0,9.0
-48.0,-155.0,-170.0,-335.0,3.0,9.0
-50.0,-153.0,-167.0,-345.0,13.0,10.0
-50.0,-155.0,-173.0,-354.0,15.0,10.0
-48.0,-155.0,-173.0,-366.0,16.0,16.0
-44.0,-162.0,-176.0,-378.0,15.0,21.0
-44.0,-163.0,-176.0,-388.0,8.0,25.0
-47.0,-160.0,-178.0,-397.0,-3.0,25.0
-44.0,-162.0,-184.0,-403.0,-14.0,32.0
-47.0,-161.0,-186.0,-413.0,-26.0,37.0
-44.0,-161.0,-188.0,-413.0,-43.0,35.0
-45.0,-162.0,-187.0,-407.0,-58.0,30.0
-46.0,-163.0,-186.0,-399.0,-72.0,28.0
-50.0,-163.0,-188.0,-397.0,-82.0,26.0
-49.0,-158.0,-186.0,-392.0,-86.0,21.0
-53.0,-156.0,-188.0,-388.0,-88.0,17.0
-48.0,-156.0,-187.0,-388.0,-88.0,9.0
-48.0,-155.0,-189.0,-388.0,-79.0,3.0
-48.0,-152.0,-192.0,-394.0,-67.0,2.0
-48.0,-153.0,-190.0,-403.0,-58.0,-2.0
-49.0,-154.0,-195.0,-415.0,-53.0,-4.0
-47.0,-149.0,-194.0,-428.0,-51.0,-7.0
-49.0,-148.0,-192.0,-442.0,-52.0,-7.0
-41.0,-151.0,-194.0,-463.0,-43.0,20.0
-47.0,-145.0,-191.0,-477.0,-35.0,20.0
-43.0,-148.0,-190.0,-477.0,-26.0,14.0
-42.0,-148.0,-193.0,-464.0,-8.0,13.0
-40.0,-144.0,-194.0,-447.0,12.0,11.0
-34.0,-150.0,-185.0,-426.0,34.0,10.0
-35.0,-147.0,-183.0,-400.0,54.0,10.0
-31.0,-147.0,-184.0,-366.0,63.0,9.0
-32.0,-145.0,-184.0,-333.0,61.0,5.0
-28.0,-146.0,-182.0,-300.0,46.0,-6.0
-24.0,-140.0,-181.0,-267.0,22.0,-22.0
-28.0,-140.0,-183.0,-238.0,-9.0,-42.0
-32.0,-138.0,-185.0,-214.0,-42.0,-60.0
-42.0,-133.0,-183.0,-203.0,-70.0,-69.0
-44.0,-133.0,-189.0,-207.0,-93.0,-71.0
-50.0,-127.0,-194.0,-220.0,-114.0,-67.0
-52.0,-128.0,-190.0,-247.0,-130.0,-59.0
-49.0,-125.0,-192.0,-286.0,-142.0,-45.0
-55.0,-131.0,-197.0,-332.0,-153.0,-23.0
-49.0,-119.0,-198.0,-394.0,-155.0,-9.0
-44.0,-113.0,-196.0,-448.0,-156.0,-30.0
-46.0,-107.0,-195.0,-502.0,-149.0,-56.0
-49.0,-110.0,-195.0,-545.0,-132.0,-78.0
-44.0,-113.0,-196.0,-588.0,-100.0,-87.0
-39.0,-114.0,-199.0,-627.0,-54.0,-87.0
-36.0,-118.0,-190.0,-668.0,1.0,-93.0
-27.0,-116.0,-184.0,-690.0,56.0,-102.0
-31.0,-99.0,-192.0,-717.0,89.0,-124.0
-41.0,-81.0,-194.0,-722.0,94.0,-199.0
-67.0,-39.0,-183.0,-704.0,94.0,-298.0
-105.0,-34.0,-187.0,-685.0,61.0,-344.0
-125.0,-60.0,-177.0,-733.0,10.0,-319.0
-129.0,-72.0,-142.0,-815.0,-1.0,-231.0
-135.0,-72.0,-117.0,-811.0,70.0,-155.0
-113.0,-100.0,-112.0,-761.0,174.0,-89.0
-111.0,-106.0,-104.0,-745.0,203.0,-74.0
-113.0,-109.0,-93.0,-716.0,210.0,-70.0
-114.0,-107.0,-89.0,-651.0,245.0,-72.0
-106.0,-112.0,-83.0,-606.0,294.0,-58.0
-107.0,-118.0,-93.0,-596.0,330.0,-57.0
-100.0,-122.0,-80.0,-596.0,366.0,-58.0
-100.0,-119.0,-68.0,-565.0,425.0,-60.0
-86.0,-113.0,-63.0,-497.0,500.0,-53.0
-82.0,-109.0,-63.0,-417.0,578.0,-44.0
-74.0,-110.0,-62.0,-342.0,659.0,-21.0
-65.0,-110.0,-63.0,-277.0,746.0,9.0
-47.0,-115.0,-60.0,-211.0,839.0,35.0
-30.0,-123.0,-57.0,-128.0,948.0,74.0
-10.0,-130.0,-56.0,-25.0,1062.0,114.0
-9.0,-133.0,-60.0,81.0,1171.0,149.0
-11.0,-145.0,-64.0,190.0,1269.0,179.0
-11.0,-142.0,-65.0,302.0,1351.0,221.0
-11.0,-144.0,-68.0,405.0,1426.0,270.0
-1.0,-150.0,-74.0,486.0,1504.0,321.0
9.0,-141.0,-84.0,550.0,1600.0,378.0
14.0,-136.0,-98.0,600.0,1709.0,441.0
27.0,-128.0,-126.0,638.0,1810.0,500.0
36.0,-121.0,-142.0,647.0,1895.0,553.0
40.0,-94.0,-177.0,681.0,1927.0,549.0
41.0,-90.0,-194.0,727.0,1876.0,515.0
33.0,-73.0,-219.0,786.0,1732.0,414.0
22.0,-64.0,-229.0,844.0,1519.0,272.0
1.0,-54.0,-228.0,873.0,1289.0,109.0
-15.0,-50.0,-216.0,868.0,1098.0,-26.0
-25.0,-47.0,-192.0,839.0,980.0,-125.0
-30.0,-42.0,-169.0,806.0,941.0,-173.0
-29.0,-41.0,-159.0,786.0,970.0,-181.0
-25.0,-46.0,-149.0,778.0,1059.0,-148.0
-22.0,-44.0,-148.0,764.0,1160.0,-105.0
-22.0,-37.0,-150.0,740.0,1260.0,-49.0
-19.0,-31.0,-162.0,697.0,1353.0,15.0
-21.0,-34.0,-169.0,625.0,1445.0,72.0
-13.0,-31.0,-176.0,518.0,1534.0,119.0
-26.0,-29.0,-179.0,401.0,1601.0,133.0
-37.0,-30.0,-196.0,292.0,1643.0,127.0
-48.0,-47.0,-205.0,181.0,1664.0,121.0
-63.0,-59.0,-214.0,93.0,1681.0,121.0
-85.0,-73.0,-218.0,35.0,1693.0,114.0
-113.0,-90.0,-216.0,9.0,1688.0,91.0
-140.0,-101.0,-214.0,24.0,1658.0,60.0
-150.0,-114.0,-221.0,75.0,1613.0,46.0
-151.0,-117.0,-211.0,149.0,1578.0,51.0
-143.0,-128.0,-209.0,236.0,1578.0,59.0
-134.0,-122.0,-201.0,301.0,1626.0,66.0
-122.0,-120.0,-189.0,353.0,1685.0,59.0
-111.0,-115.0,-174.0,391.0,1739.0,42.0
-96.0,-105.0,-165.0,399.0,1790.0,30.0
-85.0,-84.0,-146.0,373.0,1844.0,24.0
-70.0,-72.0,-135.0,318.0,1892.0,15.0
-55.0,-66.0,-118.0,250.0,1933.0,-10.0
-45.0,-62.0,-113.0,178.0,1976.0,-61.0
-37.0,-61.0,-112.0,115.0,2031.0,-145.0
-21.0,-60.0,-113.0,65.0,2099.0,-236.0
-16.0,-76.0,-124.0,40.0,2173.0,-338.0
-5.0,-94.0,-135.0,50.0,2268.0,-462.0
-4.0,-104.0,-147.0,88.0,2344.0,-587.0
7.0,-115.0,-163.0,130.0,2416.0,-698.0
18.0,-127.0,-176.0,179.0,2481.0,-794.0
34.0,-140.0,-177.0,235.0,2528.0,-874.0
54.0,-162.0,-175.0,329.0,2562.0,-962.0
71.0,-176.0,-177.0,470.0,2607.0,-1053.0
107.0,-189.0,-189.0,607.0,2674.0,-1121.0
127.0,-169.0,-193.0,737.0,2753.0,-1173.0
164.0,-148.0,-216.0,895.0,2840.0,-1217.0
205.0,-117.0,-256.0,1019.0,2932.0,-1254.0
236.0,-116.0,-279.0,1097.0,3061.0,-1280.0
294.0,-127.0,-292.0,1161.0,3228.0,-1263.0
348.0,-162.0,-279.0,1265.0,3384.0,-1168.0
394.0,-224.0,-266.0,1377.0,3482.0,-1097.0
418.0,-287.0,-251.0,1463.0,3528.0,-1079.0
420.0,-316.0,-233.0,1519.0,3530.0,-1127.0
395.0,-333.0,-225.0,1563.0,3518.0,-1225.0
350.0,-328.0,-208.0,1606.0,3495.0,-1330.0
344.0,-309.0,-202.0,1629.0,3476.0,-1358.0
318.0,-263.0,-213.0,1566.0,3493.0,-1357.0
299.0,-232.0,-231.0,1420.0,3565.0,-1366.0
285.0,-204.0,-234.0,1224.0,3725.0,-1371.0
292.0,-213.0,-237.0,1007.0,3987.0,-1341.0
325.0,-246.0,-232.0,798.0,4342.0,-1267.0
361.0,-299.0,-238.0,618.0,4710.0,-1216.0
385.0,-362.0,-253.0,492.0,4994.0,-1209.0
460.0,-445.0,-259.0,427.0,5141.0,-1298.0
525.0,-507.0,-271.0,469.0,5124.0,-1521.0
605.0,-546.0,-289.0,647.0,4988.0,-1792.0
673.0,-549.0,-308.0,925.0,4866.0,-2011.0
772.0,-545.0,-329.0,1225.0,4760.0,-2201.0
832.0,-491.0,-342.0,1523.0,4686.0,-2363.0
786.0,-436.0,-325.0,1801.0,4615.0,-2500.0
691.0,-387.0,-280.0,2073.0,4558.0,-2589.0
616.0,-367.0,-217.0,2341.0,4481.0,-2670.0
442.0,-343.0,-150.0,2617.0,4330.0,-2752.0
318.0,-318.0,-98.0,2832.0,4093.0,-2763.0
241.0,-285.0,-53.0,2952.0,3825.0,-2746.0
158.0,-255.0,-22.0,3002.0,3536.0,-2717.0
113.0,-234.0,0.0,3022.0,3240.0,-2642.0
58.0,-210.0,21.0,3015.0,2965.0,-2556.0
3.0,-168.0,31.0,2971.0,2736.0,-2502.0
-3.0,-110.0,29.0,2892.0,2569.0,-2449.0
27.0,-44.0,27.0,2737.0,2481.0,-2377.0
52.0,0.0,21.0,2577.0,2411.0,-2290.0
122.0,65.0,18.0,2432.0,2359.0,-2164.0
188.0,108.0,33.0,2291.0,2355.0,-2050.0
245.0,133.0,50.0,2182.0,2399.0,-1950.0
296.0,142.0,65.0,2096.0,2470.0,-1871.0
309.0,142.0,76.0,2015.0,2568.0,-1788.0
313.0,131.0,85.0,1912.0,2655.0,-1686.0
299.0,117.0,88.0,1750.0,2694.0,-1568.0
263.0,95.0,83.0,1525.0,2706.0,-1439.0
249.0,85.0,86.0,1266.0,2713.0,-1357.0
215.0,53.0,100.0,1035.0,2761.0,-1226.0
190.0,26.0,118.0,866.0,2766.0,-1120.0
185.0,3.0,129.0,759.0,2741.0,-1066.0
173.0,-11.0,135.0,715.0,2718.0,-1060.0
170.0,-18.0,133.0,753.0,2690.0,-1093.0
174.0,-26.0,140.0,848.0,2656.0,-1138.0
179.0,-24.0,143.0,982.0,2630.0,-1188.0
193.0,-8.0,157.0,1156.0,2625.0,-1242.0
217.0,8.0,174.0,1326.0,2652.0,-1242.0
223.0,11.0,203.0,1455.0,2668.0,-1219.0
260.0,61.0,205.0,1531.0,2644.0,-1235.0
273.0,84.0,228.0,1510.0,2684.0,-1171.0
286.0,101.0,243.0,1415.0,2723.0,-1053.0
292.0,102.0,259.0,1306.0,2721.0,-927.0
308.0,95.0,278.0,1221.0,2666.0,-838.0
315.0,75.0,290.0,1148.0,2581.0,-764.0
328.0,68.0,279.0,1074.0,2442.0,-744.0
329.0,56.0,257.0,964.0,2266.0,-711.0
318.0,33.0,235.0,856.0,2105.0,-605.0
317.0,7.0,225.0,772.0,1943.0,-457.0
309.0,-31.0,195.0,743.0,1699.0,-349.0
294.0,-62.0,164.0,785.0,1480.0,-297.0
268.0,-68.0,147.0,868.0,1293.0,-265.0
254.0,-76.0,138.0,1003.0,1167.0,-288.0
233.0,-74.0,142.0,1137.0,1116.0,-345.0
222.0,-64.0,136.0,1260.0,1130.0,-388.0
210.0,-65.0,163.0,1290.0,1185.0,-418.0
222.0,-44.0,177.0,1219.0,1211.0,-569.0
220.0,-28.0,187.0,1074.0,1227.0,-737.0
222.0,-4.0,191.0,1031.0,1319.0,-678.0
218.0,5.0,201.0,1011.0,1423.0,-612.0
234.0,12.0,194.0,952.0,1512.0,-590.0
206.0,22.0,189.0,830.0,1586.0,-629.0
219.0,25.0,188.0,708.0,1703.0,-578.0
205.0,27.0,185.0,663.0,1859.0,-484.0
182.0,27.0,175.0,660.0,2006.0,-425.0
183.0,28.0,171.0,646.0,2132.0,-419.0
160.0,41.0,160.0,605.0,2266.0,-433.0
167.0,41.0,158.0,556.0,2399.0,-386.0
152.0,44.0,151.0,508.0,2504.0,-322.0
146.0,41.0,153.0,449.0,2562.0,-263.0
127.0,39.0,146.0,402.0,2591.0,-211.0
126.0,39.0,143.0,382.0,2585.0,-154.0
119.0,35.0,149.0,361.0,2558.0,-115.0
115.0,27.0,144.0,354.0,2507.0,-91.0
108.0,30.0,143.0,375.0,2441.0,-76.0
106.0,32.0,143.0,441.0,2356.0,-81.0
104.0,46.0,150.0,502.0,2260.0,-99.0
104.0,32.0,168.0,520.0,2173.0,-111.0
103.0,23.0,187.0,532.0,2091.0,-129.0
106.0,23.0,193.0,539.0,2015.0,-149.0
106.0,22.0,198.0,531.0,1922.0,-156.0
111.0,33.0,197.0,492.0,1826.0,-132.0
109.0,40.0,193.0,455.0,1727.0,-125.0
113.0,53.0,191.0,411.0,1634.0,-94.0
126.0,54.0,182.0,369.0,1556.0,-40.0
112.0,70.0,174.0,317.0,1508.0,7.0
117.0,69.0,171.0,291.0,1478.0,29.0
112.0,78.0,169.0,276.0,1472.0,50.0
103.0,76.0,184.0,261.0,1478.0,58.0
100.0,71.0,190.0,253.0,1493.0,65.0
89.0,70.0,199.0,242.0,1516.0,75.0
80.0,70.0,207.0,218.0,1546.0,82.0
79.0,59.0,224.0,181.0,1573.0,86.0
76.0,43.0,246.0,149.0,1597.0,105.0
72.0,25.0,262.0,149.0,1607.0,127.0
66.0,21.0,271.0,164.0,1599.0,149.0
65.0,9.0,270.0,203.0,1561.0,171.0
72.0,4.0,264.0,243.0,1498.0,179.0
71.0,6.0,251.0,274.0,1425.0,181.0
78.0,8.0,244.0,293.0,1350.0,184.0
79.0,13.0,230.0,300.0,1278.0,196.0
80.0,18.0,222.0,287.0,1206.0,206.0
71.0,25.0,198.0,251.0,1129.0,212.0
87.0,56.0,202.0,186.0,1049.0,209.0
82.0,61.0,203.0,155.0,953.0,219.0
83.0,61.0,206.0,138.0,859.0,210.0
71.0,64.0,219.0,119.0,780.0,202.0
54.0,78.0,225.0,89.0,731.0,195.0
40.0,83.0,230.0,91.0,696.0,160.0
35.0,86.0,239.0,86.0,681.0,141.0
33.0,91.0,234.0,69.0,678.0,135.0
36.0,91.0,237.0,56.0,677.0,137.0
31.0,87.0,235.0,28.0,674.0,136.0
30.0,80.0,239.0,-6.0,669.0,140.0
27.0,78.0,234.0,-42.0,664.0,145.0
31.0,78.0,239.0,-76.0,657.0,154.0
30.0,69.0,239.0,-107.0,645.0,164.0
31.0,59.0,236.0,-132.0,629.0,178.0
32.0,59.0,233.0,-153.0,608.0,188.0
32.0,57.0,230.0,-175.0,580.0,197.0
32.0,56.0,226.0,-201.0,545.0,201.0
37.0,55.0,225.0,-222.0,507.0,216.0
20.0,56.0,213.0,-238.0,462.0,230.0
27.0,63.0,220.0,-258.0,417.0,234.0
24.0,64.0,218.0,-272.0,364.0,250.0
13.0,72.0,221.0,-277.0,325.0,261.0
8.0,72.0,227.0,-280.0,289.0,259.0
5.0,68.0,237.0,-284.0,263.0,250.0
1.0,71.0,233.0,-289.0,245.0,240.0
3.0,73.0,236.0,-316.0,223.0,237.0
-5.0,71.0,236.0,-359.0,195.0,236.0
-1.0,88.0,242.0,-441.0,151.0,275.0
-5.0,84.0,242.0,-499.0,96.0,235.0
-5.0,80.0,239.0,-532.0,61.0,202.0
-11.0,83.0,245.0,-571.0,29.0,183.0
-6.0,78.0,239.0,-613.0,-4.0,176.0
-14.0,74.0,233.0,-661.0,-33.0,169.0
-12.0,69.0,233.0,-705.0,-60.0,161.0
-9.0,60.0,229.0,-742.0,-89.0,167.0
-6.0,43.0,240.0,-764.0,-106.0,169.0
-5.0,27.0,241.0,-770.0,-115.0,174.0
1.0,21.0,241.0,-760.0,-125.0,184.0
8.0,13.0,235.0,-748.0,-164.0,200.0
23.0,19.0,216.0,-741.0,-226.0,220.0
27.0,14.0,217.0,-742.0,-289.0,240.0
25.0,17.0,206.0,-748.0,-350.0,257.0
34.0,10.0,213.0,-746.0,-400.0,271.0
36.0,15.0,214.0,-734.0,-447.0,284.0
47.0,17.0,221.0,-727.0,-494.0,295.0
44.0,19.0,225.0,-725.0,-536.0,294.0
50.0,10.0,236.0,-730.0,-586.0,292.0
59.0,6.0,256.0,-734.0,-633.0,285.0
57.0,0.0,265.0,-729.0,-665.0,282.0
59.0,-6.0,260.0,-725.0,-700.0,279.0
69.0,-14.0,261.0,-768.0,-742.0,325.0
67.0,-17.0,237.0,-821.0,-802.0,308.0
61.0,-19.0,228.0,-870.0,-874.0,290.0
64.0,-26.0,219.0,-909.0,-931.0,286.0
58.0,-32.0,224.0,-913.0,-975.0,281.0
67.0,-34.0,235.0,-865.0,-1002.0,290.0
75.0,-56.0,253.0,-787.0,-1030.0,277.0
73.0,-71.0,250.0,-718.0,-1062.0,227.0
75.0,-60.0,253.0,-698.0,-1074.0,183.0
88.0,-40.0,264.0,-650.0,-1048.0,207.0
108.0,-36.0,253.0,-558.0,-1031.0,246.0
109.0,-20.0,242.0,-493.0,-1032.0,259.0
127.0,1.0,240.0,-497.0,-1040.0,289.0
122.0,2.0,251.0,-523.0,-1021.0,333.0
119.0,-7.0,252.0,-537.0,-990.0,367.0
120.0,-20.0,256.0,-549.0,-966.0,362.0
111.0,-26.0,258.0,-552.0,-961.0,335.0
117.0,-37.0,245.0,-540.0,-968.0,317.0
127.0,-52.0,244.0,-503.0,-965.0,311.0
116.0,-55.0,239.0,-423.0,-945.0,298.0
101.0,-58.0,224.0,-348.0,-939.0,298.0
102.0,-61.0,213.0,-309.0,-959.0,302.0
117.0,-63.0,215.0,-276.0,-982.0,294.0
136.0,-70.0,232.0,-215.0,-990.0,279.0
121.0,-69.0,240.0,-116.0,-984.0,268.0
113.0,-70.0,242.0,-30.0,-995.0,281.0
126.0,-69.0,227.0,15.0,-1016.0,315.0
138.0,-73.0,228.0,24.0,-1036.0,325.0
138.0,-64.0,227.0,24.0,-1043.0,315.0
138.0,-66.0,225.0,30.0,-1042.0,309.0
116.0,-61.0,223.0,20.0,-1046.0,306.0
118.0,-59.0,221.0,-3.0,-1065.0,318.0
136.0,-71.0,229.0,-21.0,-1082.0,323.0
132.0,-64.0,231.0,-3.0,-1070.0,308.0
140.0,-61.0,227.0,13.0,-1040.0,290.0
123.0,-65.0,228.0,7.0,-1026.0,268.0
151.0,-68.0,227.0,5.0,-1024.0,269.0
156.0,-64.0,221.0,18.0,-1015.0,242.0
149.0,-62.0,207.0,38.0,-1000.0,215.0
148.0,-57.0,196.0,54.0,-994.0,199.0
154.0,-61.0,198.0,54.0,-992.0,185.0
156.0,-65.0,202.0,53.0,-977.0,159.0
140.0,-63.0,196.0,60.0,-958.0,128.0
128.0,-58.0,199.0,62.0,-946.0,109.0
136.0,-63.0,201.0,44.0,-948.0,96.0
139.0,-63.0,200.0,29.0,-936.0,78.0
132.0,-63.0,200.0,22.0,-922.0,50.0
132.0,-64.0,203.0,13.0,-924.0,29.0
135.0,-63.0,202.0,-5.0,-933.0,15.0
133.0,-64.0,198.0,-34.0,-949.0,-3.0
144.0,-71.0,199.0,-56.0,-976.0,-19.0
144.0,-71.0,198.0,-50.0,-1005.0,-31.0
151.0,-74.0,194.0,-38.0,-1022.0,-35.0
147.0,-76.0,195.0,-5.0,-1024.0,-21.0
150.0,-81.0,195.0,25.0,-1023.0,-14.0
152.0,-76.0,191.0,44.0,-1015.0,-1.0
145.0,-77.0,189.0,48.0,-1005.0,20.0
144.0,-75.0,185.0,34.0,-1017.0,37.0
148.0,-73.0,190.0,18.0,-1044.0,49.0
146.0,-72.0,192.0,20.0,-1067.0,54.0
152.0,-75.0,196.0,28.0,-1092.0,49.0
148.0,-73.0,196.0,35.0,-1119.0,42.0
153.0,-71.0,193.0,34.0,-1147.0,42.0
147.0,-71.0,192.0,30.0,-1175.0,45.0
154.0,-77.0,188.0,26.0,-1206.0,38.0
159.0,-75.0,183.0,19.0,-1242.0,9.0
158.0,-73.0,180.0,-3.0,-1278.0,-34.0
156.0,-81.0,173.0,-19.0,-1303.0,-83.0
159.0,-70.0,167.0,-16.0,-1309.0,-115.0
166.0,-70.0,161.0,-23.0,-1293.0,-112.0
169.0,-76.0,160.0,-34.0,-1269.0,-97.0
167.0,-79.0,160.0,-35.0,-1258.0,-94.0
171.0,-81.0,152.0,-19.0,-1267.0,-137.0
180.0,-87.0,159.0,-12.0,-1284.0,-175.0
189.0,-85.0,150.0,6.0,-1301.0,-213.0
193.0,-86.0,150.0,27.0,-1316.0,-239.0
196.0,-82.0,149.0,61.0,-1331.0,-253.0
203.0,-87.0,149.0,88.0,-1348.0,-258.0
204.0,-78.0,148.0,110.0,-1359.0,-244.0
201.0,-76.0,147.0,122.0,-1371.0,-214.0
203.0,-79.0,152.0,128.0,-1372.0,-173.0
201.0,-73.0,142.0,143.0,-1389.0,-156.0
191.0,-79.0,147.0,163.0,-1419.0,-148.0
194.0,-76.0,143.0,158.0,-1444.0,-120.0
195.0,-83.0,146.0,129.0,-1467.0,-104.0
202.0,-84.0,133.0,100.0,-1497.0,-112.0
203.0,-91.0,140.0,74.0,-1518.0,-138.0
211.0,-83.0,126.0,55.0,-1515.0,-185.0
228.0,-75.0,131.0,31.0,-1479.0,-220.0
221.0,-79.0,118.0,34.0,-1434.0,-271.0
226.0,-80.0,111.0,28.0,-1382.0,-272.0
230.0,-81.0,114.0,34.0,-1332.0,-274.0
229.0,-80.0,113.0,65.0,-1290.0,-285.0
234.0,-78.0,114.0,99.0,-1259.0,-297.0
230.0,-79.0,126.0,132.0,-1248.0,-298.0
225.0,-84.0,122.0,166.0,-1250.0,-284.0
220.0,-77.0,120.0,215.0,-1273.0,-269.0
221.0,-77.0,118.0,264.0,-1305.0,-238.0
221.0,-77.0,116.0,315.0,-1328.0,-192.0
214.0,-67.0,114.0,357.0,-1330.0,-147.0
223.0,-72.0,108.0,384.0,-1316.0,-122.0
226.0,-57.0,99.0,403.0,-1296.0,-119.0
230.0,-62.0,95.0,397.0,-1274.0,-127.0
231.0,-57.0,91.0,371.0,-1263.0,-157.0
237.0,-58.0,89.0,348.0,-1260.0,-202.0
239.0,-65.0,85.0,338.0,-1260.0,-250.0
245.0,-59.0,74.0,340.0,-1258.0,-304.0
249.0,-58.0,75.0,349.0,-1257.0,-390.0
255.0,-53.0,74.0,353.0,-1245.0,-436.0
255.0,-53.0,76.0,346.0,-1223.0,-447.0
251.0,-50.0,86.0,339.0,-1198.0,-442.0
248.0,-40.0,76.0,327.0,-1171.0,-420.0
239.0,-31.0,74.0,306.0,-1146.0,-385.0
234.0,-26.0,74.0,280.0,-1129.0,-338.0
231.0,-19.0,76.0,250.0,-1124.0,-298.0
232.0,-18.0,69.0,219.0,-1126.0,-255.0
232.0,-19.0,69.0,182.0,-1126.0,-221.0
231.0,-23.0,69.0,155.0,-1127.0,-188.0
235.0,-24.0,70.0,149.0,-1131.0,-169.0
246.0,-25.0,68.0,139.0,-1133.0,-157.0
254.0,-33.0,61.0,122.0,-1123.0,-153.0
257.0,-40.0,58.0,105.0,-1101.0,-160.0
261.0,-42.0,51.0,95.0,-1063.0,-169.0
268.0,-43.0,46.0,99.0,-1011.0,-178.0
267.0,-46.0,40.0,93.0,-957.0,-195.0
266.0,-49.0,35.0,87.0,-912.0,-219.0
271.0,-48.0,32.0,76.0,-863.0,-243.0
268.0,-46.0,27.0,64.0,-808.0,-264.0
263.0,-43.0,20.0,52.0,-749.0,-278.0
256.0,-36.0,24.0,47.0,-692.0,-288.0
258.0,-35.0,17.0,44.0,-639.0,-296.0
252.0,-17.0,13.0,46.0,-590.0,-303.0
246.0,-12.0,21.0,50.0,-540.0,-305.0
242.0,-8.0,17.0,52.0,-492.0,-306.0
242.0,-4.0,19.0,48.0,-445.0,-304.0
238.0,0.0,20.0,34.0,-398.0,-304.0
234.0,1.0,20.0,9.0,-352.0,-304.0
236.0,0.0,24.0,-27.0,-306.0,-305.0
235.0,-5.0,31.0,-68.0,-259.0,-309.0
242.0,-10.0,28.0,-105.0,-218.0,-313.0
252.0,-16.0,33.0,-140.0,-185.0,-322.0
256.0,-18.0,42.0,-167.0,-161.0,-342.0
259.0,-27.0,42.0,-188.0,-151.0,-359.0
269.0,-37.0,55.0,-207.0,-158.0,-381.0
275.0,-43.0,57.0,-226.0,-187.0,-401.0
279.0,-49.0,61.0,-251.0,-233.0,-416.0
277.0,-54.0,61.0,-280.0,-287.0,-429.0
281.0,-56.0,64.0,-310.0,-346.0,-437.0
274.0,-52.0,61.0,-336.0,-404.0,-438.0
271.0,-46.0,61.0,-359.0,-459.0,-431.0
268.0,-42.0,64.0,-372.0,-509.0,-416.0
267.0,-39.0,63.0,-364.0,-544.0,-399.0
263.0,-36.0,56.0,-333.0,-560.0,-384.0
260.0,-29.0,54.0,-289.0,-554.0,-364.0
