-16.0,-206.0,-135.0,-515.0,25.0,60.0
-24.0,-201.0,-129.0,-523.0,25.0,61.0
-18.0,-202.0,-135.0,-532.0,27.0,60.0
-13.0,-204.0,-132.0,-542.0,29.0,60.0
-20.0,-198.0,-137.0,-549.0,30.0,59.0
-21.0,-201.0,-134.0,-558.0,32.0,59.0
-21.0,-200.0,-138.0,-567.0,33.0,60.0
-21.0,-198.0,-136.0,-578.0,33.0,60.0
-21.0,-196.0,-136.0,-588.0,34.0,60.0
-23.0,-196.0,-137.0,-597.0,34.0,60.0
-23.0,-195.0,-138.0,-607.0,36.0,60.0
-24.0,-191.0,-144.0,-620.0,36.0,62.0
-21.0,-193.0,-145.0,-634.0,37.0,61.0
-21.0,-193.0,-142.0,-647.0,40.0,56.0
-23.0,-194.0,-142.0,-663.0,42.0,51.0
-22.0,-194.0,-142.0,-679.0,44.0,48.0
-22.0,-192.0,-143.0,-693.0,46.0,48.0
-22.0,-192.0,-143.0,-708.0,44.0,50.0
-22.0,-192.0,-147.0,-722.0,44.0,51.0
-19.0,-193.0,-147.0,-738.0,44.0,54.0
-25.0,-190.0,-152.0,-756.0,41.0,53.0
-19.0,-189.0,-150.0,-773.0,42.0,53.0
-17.0,-188.0,-148.0,-794.0,44.0,54.0
-22.0,-185.0,-152.0,-817.0,44.0,56.0
-13.0,-189.0,-155.0,-840.0,43.0,57.0
-20.0,-189.0,-154.0,-857.0,44.0,60.0
-18.0,-185.0,-155.0,-879.0,44.0,71.0
-21.0,-183.0,-160.0,-899.0,45.0,71.0
-17.0,-183.0,-159.0,-912.0,45.0,66.0
-19.0,-179.0,-155.0,-922.0,46.0,65.0
-20.0,-182.0,-158.0,-934.0,46.0,65.0
-17.0,-184.0,-160.0,-948.0,48.0,63.0
-16.0,-180.0,-163.0,-972.0,46.0,54.0
-20.0,-176.0,-168.0,-993.0,53.0,55.0
-15.0,-180.0,-157.0,-1011.0,54.0,58.0
-18.0,-167.0,-164.0,-1036.0,62.0,63.0
-17.0,-177.0,-165.0,-1055.0,63.0,62.0
-17.0,-173.0,-167.0,-1075.0,66.0,61.0
-18.0,-175.0,-168.0,-1100.0,68.0,61.0
-13.0,-170.0,-174.0,-1127.0,70.0,62.0
-21.0,-169.0,-172.0,-1157.0,77.0,61.0
-13.0,-168.0,-174.0,-1192.0,82.0,72.0
-21.0,-162.0,-176.0,-1234.0,88.0,61.0
-15.0,-159.0,-183.0,-1257.0,94.0,62.0
-19.0,-161.0,-178.0,-1270.0,95.0,73.0
-15.0,-161.0,-182.0,-1284.0,93.0,81.0
-17.0,-156.0,-169.0,-1304.0,93.0,84.0
-14.0,-161.0,-183.0,-1330.0,93.0,89.0
-21.0,-159.0,-184.0,-1365.0,93.0,107.0
-16.0,-154.0,-180.0,-1392.0,95.0,97.0
-18.0,-156.0,-188.0,-1410.0,98.0,92.0
-21.0,-152.0,-187.0,-1433.0,99.0,82.0
-16.0,-146.0,-185.0,-1463.0,106.0,76.0
-17.0,-148.0,-189.0,-1482.0,106.0,89.0
-15.0,-145.0,-187.0,-1509.0,103.0,114.0
-23.0,-144.0,-189.0,-1531.0,100.0,113.0
-19.0,-139.0,-192.0,-1548.0,103.0,103.0
-18.0,-136.0,-191.0,-1565.0,102.0,101.0
-12.0,-159.0,-196.0,-1587.0,97.0,107.0
-17.0,-136.0,-197.0,-1629.0,93.0,80.0
-16.0,-131.0,-199.0,-1680.0,94.0,103.0
-16.0,-135.0,-203.0,-1701.0,90.0,101.0
-16.0,-132.0,-206.0,-1710.0,84.0,98.0
-20.0,-134.0,-210.0,-1723.0,83.0,97.0
-20.0,-129.0,-206.0,-1760.0,82.0,86.0
-19.0,-124.0,-205.0,-1805.0,84.0,112.0
-21.0,-126.0,-213.0,-1821.0,85.0,116.0
-19.0,-129.0,-228.0,-1834.0,88.0,120.0
-23.0,-117.0,-210.0,-1855.0,91.0,137.0
-26.0,-110.0,-213.0,-1876.0,96.0,121.0
-17.0,-108.0,-216.0,-1896.0,104.0,116.0
-16.0,-104.0,-217.0,-1911.0,102.0,138.0
-24.0,-105.0,-216.0,-1941.0,101.0,148.0
-16.0,-117.0,-223.0,-1960.0,106.0,147.0
-22.0,-99.0,-216.0,-1986.0,110.0,129.0
-24.0,-95.0,-215.0,-2006.0,116.0,132.0
-16.0,-100.0,-220.0,-2009.0,113.0,133.0
-16.0,-96.0,-221.0,-2014.0,113.0,138.0
-26.0,-95.0,-214.0,-2047.0,114.0,154.0
-22.0,-89.0,-225.0,-2083.0,121.0,115.0
-19.0,-89.0,-229.0,-2106.0,125.0,119.0
-24.0,-84.0,-229.0,-2130.0,119.0,140.0
-29.0,-73.0,-234.0,-2162.0,112.0,112.0
-22.0,-76.0,-235.0,-2178.0,115.0,121.0
-22.0,-80.0,-236.0,-2186.0,104.0,147.0
-33.0,-76.0,-234.0,-2206.0,95.0,161.0
-28.0,-83.0,-240.0,-2221.0,91.0,160.0
-27.0,-76.0,-239.0,-2256.0,88.0,147.0
-19.0,-79.0,-239.0,-2285.0,88.0,176.0
-32.0,-77.0,-249.0,-2304.0,85.0,184.0
-27.0,-110.0,-256.0,-2316.0,104.0,176.0
-7.0,-68.0,-246.0,-2348.0,134.0,146.0
-21.0,-65.0,-240.0,-2357.0,164.0,232.0
-25.0,-68.0,-253.0,-2315.0,200.0,247.0
-29.0,-77.0,-260.0,-2252.0,261.0,262.0
-32.0,-50.0,-253.0,-2189.0,321.0,271.0
-32.0,-42.0,-256.0,-2098.0,358.0,287.0
-28.0,-35.0,-259.0,-2010.0,381.0,302.0
-23.0,-30.0,-266.0,-1955.0,396.0,326.0
-25.0,-10.0,-267.0,-1938.0,399.0,297.0
-7.0,-12.0,-271.0,-1944.0,402.0,308.0
-5.0,-17.0,-271.0,-1944.0,383.0,327.0
1.0,-20.0,-277.0,-1964.0,359.0,321.0
4.0,-14.0,-273.0,-2022.0,329.0,321.0
-12.0,-2.0,-273.0,-2085.0,300.0,272.0
-18.0,0.0,-275.0,-2115.0,287.0,235.0
-21.0,0.0,-282.0,-2106.0,266.0,213.0
-29.0,-5.0,-277.0,-2082.0,240.0,185.0
-35.0,-11.0,-283.0,-2025.0,199.0,132.0
-39.0,-17.0,-289.0,-1925.0,156.0,78.0
-38.0,1.0,-279.0,-1815.0,116.0,18.0
-33.0,5.0,-268.0,-1702.0,86.0,-13.0
-31.0,3.0,-260.0,-1603.0,62.0,-41.0
-15.0,1.0,-262.0,-1509.0,32.0,-58.0
-15.0,1.0,-281.0,-1372.0,-1.0,-86.0
-12.0,0.0,-296.0,-1224.0,-22.0,-127.0
-1.0,0.0,-293.0,-1120.0,-23.0,-168.0
1.0,4.0,-290.0,-1083.0,-8.0,-205.0
5.0,8.0,-279.0,-1092.0,22.0,-233.0
7.0,16.0,-274.0,-1110.0,54.0,-259.0
5.0,18.0,-262.0,-1135.0,77.0,-287.0
7.0,22.0,-256.0,-1164.0,94.0,-315.0
4.0,19.0,-241.0,-1169.0,94.0,-342.0
5.0,19.0,-250.0,-1162.0,76.0,-361.0
1.0,23.0,-250.0,-1149.0,58.0,-378.0
6.0,21.0,-250.0,-1144.0,45.0,-398.0
5.0,24.0,-251.0,-1140.0,30.0,-417.0
7.0,23.0,-251.0,-1123.0,15.0,-437.0
6.0,17.0,-256.0,-1102.0,8.0,-460.0
3.0,19.0,-254.0,-1075.0,5.0,-487.0
3.0,14.0,-256.0,-1041.0,3.0,-515.0
1.0,12.0,-259.0,-1008.0,-3.0,-541.0
2.0,13.0,-259.0,-973.0,-15.0,-567.0
-1.0,11.0,-258.0,-936.0,-30.0,-588.0
-1.0,12.0,-251.0,-905.0,-48.0,-608.0
-2.0,23.0,-251.0,-880.0,-55.0,-626.0
-4.0,28.0,-249.0,-854.0,-62.0,-637.0
-1.0,26.0,-244.0,-839.0,-65.0,-646.0
-1.0,39.0,-231.0,-828.0,-66.0,-654.0
-1.0,40.0,-238.0,-830.0,-72.0,-659.0
5.0,41.0,-237.0,-817.0,-70.0,-663.0
-1.0,40.0,-235.0,-803.0,-68.0,-666.0
1.0,43.0,-230.0,-790.0,-69.0,-667.0
0.0,46.0,-229.0,-781.0,-69.0,-669.0
1.0,49.0,-230.0,-778.0,-70.0,-675.0
0.0,52.0,-230.0,-774.0,-69.0,-679.0
2.0,49.0,-227.0,-776.0,-68.0,-680.0
1.0,53.0,-228.0,-776.0,-66.0,-686.0
-2.0,56.0,-227.0,-775.0,-64.0,-692.0
-6.0,58.0,-227.0,-770.0,-62.0,-701.0
-1.0,57.0,-230.0,-765.0,-63.0,-705.0
0.0,56.0,-224.0,-761.0,-63.0,-711.0
1.0,61.0,-228.0,-750.0,-68.0,-716.0
0.0,57.0,-228.0,-736.0,-67.0,-722.0
1.0,57.0,-229.0,-719.0,-67.0,-731.0
0.0,61.0,-224.0,-702.0,-65.0,-738.0
-1.0,58.0,-224.0,-684.0,-66.0,-748.0
-4.0,60.0,-226.0,-670.0,-68.0,-760.0
-2.0,59.0,-225.0,-656.0,-73.0,-773.0
-7.0,63.0,-224.0,-645.0,-80.0,-787.0
-4.0,59.0,-221.0,-635.0,-86.0,-803.0
-1.0,63.0,-226.0,-626.0,-94.0,-819.0
-5.0,66.0,-219.0,-621.0,-102.0,-836.0
-5.0,69.0,-216.0,-618.0,-109.0,-848.0
-3.0,68.0,-219.0,-616.0,-112.0,-860.0
-2.0,66.0,-218.0,-614.0,-116.0,-869.0
-4.0,72.0,-221.0,-612.0,-119.0,-878.0
-7.0,75.0,-227.0,-611.0,-119.0,-886.0
-7.0,76.0,-222.0,-613.0,-122.0,-895.0
-7.0,77.0,-219.0,-613.0,-121.0,-902.0
-7.0,79.0,-224.0,-612.0,-123.0,-910.0
-6.0,80.0,-222.0,-611.0,-127.0,-917.0
-10.0,75.0,-223.0,-610.0,-131.0,-925.0
-6.0,93.0,-214.0,-624.0,-137.0,-953.0
-13.0,83.0,-222.0,-633.0,-145.0,-957.0
-13.0,86.0,-227.0,-619.0,-152.0,-965.0
-12.0,89.0,-223.0,-609.0,-160.0,-977.0
-15.0,92.0,-228.0,-610.0,-171.0,-990.0
-17.0,93.0,-229.0,-622.0,-184.0,-1004.0
-22.0,95.0,-228.0,-632.0,-197.0,-1021.0
-22.0,94.0,-229.0,-642.0,-211.0,-1033.0
-20.0,95.0,-231.0,-653.0,-225.0,-1051.0
-19.0,99.0,-233.0,-667.0,-237.0,-1067.0
-29.0,101.0,-225.0,-687.0,-242.0,-1083.0
-24.0,99.0,-227.0,-709.0,-247.0,-1100.0
-23.0,111.0,-231.0,-727.0,-251.0,-1116.0
-26.0,103.0,-234.0,-746.0,-251.0,-1135.0
-27.0,104.0,-234.0,-762.0,-251.0,-1158.0
-27.0,107.0,-232.0,-775.0,-251.0,-1179.0
-31.0,103.0,-237.0,-793.0,-253.0,-1205.0
-30.0,101.0,-239.0,-808.0,-260.0,-1232.0
-28.0,100.0,-234.0,-820.0,-268.0,-1259.0
-30.0,101.0,-244.0,-829.0,-274.0,-1285.0
-30.0,101.0,-241.0,-838.0,-281.0,-1313.0
-29.0,103.0,-246.0,-844.0,-286.0,-1340.0
-28.0,100.0,-241.0,-850.0,-292.0,-1370.0
-33.0,99.0,-251.0,-863.0,-299.0,-1402.0
-30.0,97.0,-249.0,-871.0,-301.0,-1433.0
-28.0,98.0,-243.0,-872.0,-303.0,-1463.0
-29.0,103.0,-246.0,-873.0,-305.0,-1497.0
-28.0,100.0,-241.0,-879.0,-314.0,-1537.0
-22.0,99.0,-244.0,-879.0,-323.0,-1573.0
-20.0,97.0,-244.0,-872.0,-333.0,-1608.0
-22.0,101.0,-243.0,-867.0,-342.0,-1641.0
-21.0,96.0,-246.0,-871.0,-348.0,-1676.0
-22.0,98.0,-241.0,-873.0,-353.0,-1708.0
-23.0,96.0,-245.0,-866.0,-355.0,-1739.0
-27.0,99.0,-243.0,-856.0,-353.0,-1766.0
-28.0,97.0,-241.0,-848.0,-353.0,-1795.0
-22.0,97.0,-238.0,-849.0,-351.0,-1822.0
-23.0,93.0,-239.0,-852.0,-353.0,-1848.0
-21.0,93.0,-228.0,-857.0,-363.0,-1873.0
-22.0,93.0,-225.0,-861.0,-385.0,-1891.0
-24.0,94.0,-218.0,-875.0,-412.0,-1909.0
-24.0,89.0,-213.0,-884.0,-441.0,-1929.0
-27.0,90.0,-212.0,-897.0,-470.0,-1954.0
-26.0,88.0,-211.0,-900.0,-502.0,-1979.0
-34.0,86.0,-202.0,-909.0,-539.0,-2006.0
-35.0,79.0,-205.0,-906.0,-576.0,-2029.0
-42.0,73.0,-203.0,-896.0,-612.0,-2050.0
-38.0,68.0,-201.0,-885.0,-655.0,-2076.0
-47.0,69.0,-202.0,-864.0,-698.0,-2094.0
-43.0,67.0,-205.0,-842.0,-742.0,-2104.0
-43.0,65.0,-196.0,-809.0,-799.0,-2112.0
-46.0,58.0,-194.0,-776.0,-853.0,-2118.0
-41.0,58.0,-194.0,-737.0,-915.0,-2132.0
-44.0,56.0,-189.0,-695.0,-980.0,-2150.0
-39.0,50.0,-182.0,-652.0,-1054.0,-2162.0
-39.0,53.0,-185.0,-593.0,-1143.0,-2171.0
-46.0,51.0,-179.0,-527.0,-1230.0,-2182.0
-41.0,47.0,-179.0,-460.0,-1324.0,-2194.0
-47.0,33.0,-187.0,-379.0,-1423.0,-2209.0
-46.0,23.0,-185.0,-286.0,-1524.0,-2234.0
-45.0,16.0,-181.0,-186.0,-1627.0,-2248.0
-42.0,16.0,-188.0,-88.0,-1721.0,-2269.0
-45.0,7.0,-187.0,8.0,-1808.0,-2288.0
-42.0,9.0,-188.0,121.0,-1902.0,-2309.0
-56.0,11.0,-168.0,233.0,-2005.0,-2320.0
-50.0,14.0,-194.0,341.0,-2112.0,-2320.0
-52.0,6.0,-171.0,434.0,-2202.0,-2323.0
-55.0,5.0,-157.0,537.0,-2288.0,-2326.0
-61.0,0.0,-161.0,658.0,-2384.0,-2320.0
-60.0,0.0,-156.0,761.0,-2476.0,-2314.0
-64.0,2.0,-149.0,836.0,-2550.0,-2269.0
-76.0,0.0,-133.0,885.0,-2612.0,-2204.0
-84.0,7.0,-125.0,893.0,-2682.0,-2133.0
-87.0,23.0,-125.0,815.0,-2743.0,-2051.0
-78.0,35.0,-98.0,683.0,-2810.0,-1962.0
-84.0,45.0,-84.0,534.0,-2875.0,-1901.0
-91.0,66.0,-81.0,394.0,-2914.0,-1875.0
-100.0,88.0,-77.0,252.0,-2917.0,-1841.0
-92.0,97.0,-79.0,106.0,-2910.0,-1794.0
-87.0,102.0,-81.0,-64.0,-2908.0,-1746.0
-86.0,110.0,-78.0,-241.0,-2915.0,-1695.0
-88.0,98.0,-74.0,-417.0,-2939.0,-1632.0
-95.0,77.0,-72.0,-596.0,-2980.0,-1581.0
-104.0,62.0,-65.0,-776.0,-3033.0,-1557.0
-117.0,58.0,-70.0,-965.0,-3097.0,-1554.0
-112.0,53.0,-67.0,-1127.0,-3148.0,-1544.0
-102.0,64.0,-77.0,-1233.0,-3174.0,-1513.0
-99.0,61.0,-75.0,-1299.0,-3176.0,-1467.0
-98.0,56.0,-74.0,-1361.0,-3158.0,-1412.0
-95.0,45.0,-71.0,-1434.0,-3131.0,-1370.0
-99.0,47.0,-70.0,-1488.0,-3102.0,-1343.0
-112.0,57.0,-84.0,-1525.0,-3082.0,-1338.0
-132.0,49.0,-93.0,-1507.0,-3043.0,-1333.0
-201.0,16.0,-110.0,-1419.0,-2990.0,-1394.0
-199.0,17.0,-117.0,-1166.0,-2934.0,-1509.0
-215.0,22.0,-121.0,-944.0,-2911.0,-1584.0
-238.0,52.0,-112.0,-773.0,-2934.0,-1620.0
-261.0,71.0,-114.0,-645.0,-3006.0,-1621.0
-287.0,91.0,-101.0,-547.0,-3107.0,-1611.0
-290.0,113.0,-97.0,-467.0,-3215.0,-1587.0
-313.0,128.0,-89.0,-441.0,-3286.0,-1576.0
-316.0,139.0,-85.0,-467.0,-3337.0,-1560.0
-319.0,136.0,-89.0,-532.0,-3379.0,-1536.0
-334.0,126.0,-81.0,-619.0,-3412.0,-1533.0
-318.0,92.0,-80.0,-667.0,-3432.0,-1567.0
-333.0,68.0,-66.0,-679.0,-3427.0,-1639.0
-350.0,33.0,-49.0,-664.0,-3438.0,-1724.0
-364.0,24.0,-25.0,-604.0,-3472.0,-1807.0
-348.0,21.0,-25.0,-490.0,-3508.0,-1884.0
-313.0,17.0,-21.0,-365.0,-3540.0,-1990.0
-267.0,14.0,-14.0,-231.0,-3555.0,-2101.0
-238.0,30.0,-3.0,-120.0,-3520.0,-2221.0
-247.0,45.0,24.0,-103.0,-3449.0,-2315.0
-290.0,48.0,81.0,-140.0,-3458.0,-2354.0
-328.0,54.0,127.0,-151.0,-3589.0,-2381.0
-413.0,70.0,205.0,-197.0,-3761.0,-2368.0
-494.0,71.0,259.0,-225.0,-3976.0,-2271.0
-542.0,71.0,269.0,-146.0,-4160.0,-2192.0
-581.0,59.0,280.0,-109.0,-4213.0,-2171.0
-600.0,54.0,266.0,-222.0,-4274.0,-2236.0
-605.0,61.0,284.0,-476.0,-4380.0,-2442.0
-582.0,69.0,302.0,-695.0,-4473.0,-2582.0
-542.0,83.0,352.0,-874.0,-4593.0,-2622.0
-501.0,99.0,399.0,-1088.0,-4763.0,-2593.0
-412.0,62.0,447.0,-1430.0,-5049.0,-2582.0
-432.0,24.0,482.0,-1838.0,-5327.0,-2507.0
-448.0,11.0,486.0,-2042.0,-5527.0,-2486.0
-427.0,-38.0,562.0,-2072.0,-5524.0,-2506.0
-360.0,-89.0,541.0,-2048.0,-5324.0,-2504.0
-337.0,-156.0,326.0,-1596.0,-5334.0,-2334.0
-316.0,-217.0,132.0,-477.0,-5267.0,-2234.0
-311.0,-245.0,112.0,872.0,-4969.0,-2083.0
-305.0,-246.0,214.0,1864.0,-4473.0,-1810.0
-301.0,-215.0,385.0,2273.0,-3936.0,-1615.0
-237.0,-127.0,439.0,2215.0,-3482.0,-1534.0
-178.0,-110.0,466.0,1891.0,-3015.0,-1455.0
-120.0,-145.0,446.0,1520.0,-2570.0,-1444.0
-69.0,-176.0,386.0,1251.0,-2204.0,-1497.0
-102.0,-173.0,339.0,1098.0,-1919.0,-1644.0
-70.0,-114.0,277.0,1120.0,-1755.0,-1793.0
-21.0,-52.0,240.0,1134.0,-1632.0,-1874.0
-1.0,11.0,211.0,1001.0,-1546.0,-1903.0
51.0,92.0,184.0,794.0,-1514.0,-1848.0
5.0,106.0,197.0,478.0,-1493.0,-1639.0
66.0,106.0,188.0,226.0,-1476.0,-1379.0
34.0,70.0,196.0,123.0,-1484.0,-1164.0
76.0,35.0,169.0,252.0,-1548.0,-979.0
32.0,10.0,198.0,463.0,-1590.0,-837.0
31.0,-44.0,218.0,571.0,-1592.0,-689.0
-11.0,-54.0,211.0,595.0,-1620.0,-581.0
-37.0,-69.0,207.0,587.0,-1663.0,-445.0
-54.0,-87.0,191.0,544.0,-1702.0,-307.0
-10.0,-104.0,181.0,517.0,-1721.0,-219.0
23.0,-117.0,165.0,580.0,-1742.0,-219.0
51.0,-127.0,157.0,681.0,-1756.0,-240.0
60.0,-124.0,139.0,736.0,-1766.0,-283.0
74.0,-119.0,131.0,714.0,-1771.0,-323.0
67.0,-110.0,127.0,643.0,-1772.0,-363.0
40.0,-106.0,128.0,574.0,-1759.0,-398.0
14.0,-94.0,133.0,532.0,-1724.0,-423.0
-11.0,-79.0,131.0,516.0,-1663.0,-439.0
-53.0,-65.0,133.0,510.0,-1588.0,-435.0
-82.0,-56.0,141.0,523.0,-1515.0,-421.0
-96.0,-57.0,143.0,583.0,-1451.0,-390.0
-97.0,-58.0,151.0,671.0,-1396.0,-356.0
-93.0,-69.0,168.0,745.0,-1361.0,-340.0
-92.0,-81.0,174.0,785.0,-1351.0,-337.0
-87.0,-96.0,185.0,766.0,-1359.0,-326.0
-67.0,-112.0,187.0,666.0,-1395.0,-323.0
-61.0,-118.0,188.0,503.0,-1440.0,-323.0
-50.0,-122.0,193.0,341.0,-1467.0,-340.0
-43.0,-126.0,197.0,208.0,-1475.0,-366.0
-45.0,-127.0,206.0,107.0,-1463.0,-366.0
-46.0,-122.0,202.0,22.0,-1441.0,-334.0
-45.0,-125.0,209.0,-65.0,-1412.0,-293.0
-50.0,-125.0,208.0,-144.0,-1374.0,-263.0
-60.0,-121.0,206.0,-184.0,-1327.0,-255.0
-68.0,-108.0,200.0,-180.0,-1279.0,-264.0
-70.0,-96.0,207.0,-141.0,-1229.0,-290.0
-66.0,-84.0,221.0,-105.0,-1210.0,-299.0
-77.0,-70.0,214.0,-69.0,-1214.0,-312.0
-86.0,-57.0,226.0,-43.0,-1238.0,-325.0
-88.0,-54.0,240.0,-26.0,-1283.0,-339.0
-92.0,-59.0,243.0,-12.0,-1331.0,-353.0
-94.0,-67.0,249.0,15.0,-1370.0,-361.0
-94.0,-87.0,251.0,63.0,-1389.0,-358.0
-91.0,-99.0,251.0,95.0,-1397.0,-351.0
-85.0,-98.0,258.0,91.0,-1396.0,-341.0
-87.0,-88.0,257.0,39.0,-1389.0,-342.0
-103.0,-83.0,254.0,-98.0,-1366.0,-402.0
-93.0,-87.0,264.0,-220.0,-1280.0,-531.0
-54.0,-71.0,240.0,-300.0,-1202.0,-596.0
-41.0,-70.0,210.0,-209.0,-1150.0,-594.0
-31.0,-56.0,211.0,82.0,-1091.0,-572.0
1.0,-45.0,234.0,92.0,-1108.0,-491.0
6.0,111.0,241.0,-157.0,-1186.0,-467.0
29.0,-2.0,267.0,-601.0,-1212.0,-426.0
22.0,13.0,264.0,-896.0,-1225.0,-330.0
20.0,-31.0,243.0,-1056.0,-1254.0,-292.0
14.0,-84.0,221.0,-1017.0,-1284.0,-237.0
1.0,-107.0,206.0,-803.0,-1314.0,-226.0
-1.0,-132.0,200.0,-548.0,-1309.0,-233.0
6.0,-129.0,201.0,-264.0,-1259.0,-250.0
-3.0,-147.0,206.0,-25.0,-1193.0,-232.0
-4.0,-147.0,217.0,181.0,-1096.0,-258.0
-6.0,-117.0,221.0,289.0,-1001.0,-305.0
3.0,-96.0,239.0,283.0,-899.0,-342.0
19.0,-73.0,242.0,222.0,-817.0,-349.0
14.0,-82.0,247.0,147.0,-787.0,-335.0
8.0,-77.0,238.0,97.0,-815.0,-345.0
18.0,-69.0,233.0,96.0,-872.0,-364.0
17.0,-65.0,233.0,131.0,-922.0,-378.0
14.0,-53.0,238.0,163.0,-953.0,-384.0
36.0,-44.0,245.0,162.0,-977.0,-358.0
28.0,-36.0,244.0,160.0,-997.0,-299.0
26.0,-51.0,236.0,190.0,-986.0,-270.0
39.0,-57.0,235.0,231.0,-935.0,-262.0
46.0,-65.0,243.0,251.0,-880.0,-243.0
45.0,-74.0,246.0,261.0,-838.0,-234.0
49.0,-87.0,250.0,220.0,-796.0,-248.0
51.0,-96.0,257.0,150.0,-760.0,-254.0
57.0,-98.0,254.0,42.0,-735.0,-273.0
61.0,-99.0,252.0,-50.0,-713.0,-290.0
59.0,-101.0,239.0,-102.0,-693.0,-294.0
56.0,-105.0,230.0,-105.0,-679.0,-277.0
71.0,-104.0,233.0,-94.0,-670.0,-259.0
80.0,-100.0,235.0,-78.0,-654.0,-238.0
88.0,-99.0,227.0,-60.0,-644.0,-209.0
84.0,-98.0,228.0,-42.0,-639.0,-185.0
81.0,-96.0,216.0,-15.0,-649.0,-161.0
85.0,-93.0,216.0,23.0,-661.0,-146.0
91.0,-89.0,220.0,66.0,-656.0,-128.0
85.0,-87.0,220.0,103.0,-628.0,-105.0
73.0,-89.0,223.0,120.0,-585.0,-70.0
72.0,-86.0,227.0,125.0,-542.0,-37.0
76.0,-86.0,226.0,127.0,-502.0,-11.0
76.0,-83.0,227.0,124.0,-462.0,12.0
75.0,-82.0,224.0,120.0,-417.0,33.0
83.0,-80.0,226.0,114.0,-375.0,53.0
69.0,-80.0,229.0,110.0,-333.0,74.0
68.0,-80.0,223.0,109.0,-310.0,97.0
69.0,-78.0,226.0,105.0,-299.0,116.0
71.0,-80.0,225.0,103.0,-283.0,134.0
67.0,-82.0,234.0,113.0,-267.0,150.0
71.0,-86.0,238.0,126.0,-260.0,162.0
69.0,-91.0,242.0,139.0,-257.0,166.0
60.0,-90.0,235.0,147.0,-251.0,169.0
64.0,-96.0,229.0,134.0,-257.0,180.0
67.0,-91.0,226.0,120.0,-245.0,186.0
65.0,-95.0,228.0,102.0,-231.0,191.0
66.0,-97.0,231.0,98.0,-213.0,200.0
64.0,-92.0,229.0,104.0,-194.0,204.0
72.0,-89.0,229.0,100.0,-169.0,208.0
65.0,-80.0,228.0,89.0,-134.0,217.0
64.0,-83.0,226.0,85.0,-106.0,230.0
61.0,-81.0,219.0,92.0,-80.0,234.0
64.0,-76.0,216.0,109.0,-44.0,235.0
64.0,-69.0,220.0,121.0,-3.0,240.0
54.0,-68.0,209.0,125.0,47.0,242.0
52.0,-67.0,228.0,130.0,89.0,255.0
49.0,-65.0,232.0,133.0,116.0,262.0
51.0,-64.0,232.0,150.0,132.0,261.0
56.0,-74.0,236.0,175.0,143.0,276.0
47.0,-77.0,245.0,180.0,145.0,257.0
44.0,-81.0,245.0,170.0,137.0,239.0
42.0,-82.0,250.0,138.0,131.0,226.0
39.0,-93.0,248.0,64.0,124.0,218.0
44.0,-94.0,231.0,3.0,122.0,217.0
39.0,-96.0,225.0,-23.0,127.0,216.0
39.0,-94.0,209.0,-27.0,135.0,215.0
42.0,-91.0,216.0,-25.0,147.0,215.0
44.0,-84.0,207.0,-8.0,162.0,213.0
41.0,-76.0,215.0,5.0,178.0,212.0
43.0,-69.0,223.0,9.0,189.0,207.0
38.0,-65.0,225.0,11.0,202.0,199.0
38.0,-66.0,231.0,9.0,215.0,185.0
33.0,-64.0,240.0,7.0,233.0,170.0
30.0,-55.0,240.0,2.0,250.0,152.0
29.0,-64.0,247.0,-9.0,267.0,141.0
28.0,-67.0,253.0,-23.0,280.0,135.0
27.0,-67.0,254.0,-46.0,294.0,130.0
28.0,-69.0,257.0,-70.0,311.0,129.0
25.0,-67.0,254.0,-97.0,327.0,130.0
26.0,-75.0,249.0,-125.0,339.0,129.0
27.0,-79.0,248.0,-148.0,349.0,125.0
18.0,-79.0,244.0,-164.0,356.0,117.0
23.0,-81.0,243.0,-179.0,359.0,109.0
20.0,-91.0,243.0,-195.0,364.0,97.0
21.0,-84.0,237.0,-204.0,370.0,85.0
21.0,-86.0,238.0,-208.0,374.0,75.0
18.0,-88.0,236.0,-209.0,381.0,63.0
18.0,-88.0,234.0,-206.0,393.0,53.0
19.0,-92.0,233.0,-202.0,407.0,39.0
14.0,-91.0,233.0,-200.0,418.0,22.0
11.0,-91.0,233.0,-199.0,429.0,5.0
16.0,-98.0,239.0,-197.0,442.0,-16.0
10.0,-98.0,240.0,-195.0,457.0,-33.0
13.0,-98.0,240.0,-195.0,479.0,-50.0
11.0,-94.0,229.0,-199.0,502.0,-61.0
14.0,-95.0,232.0,-203.0,526.0,-71.0
13.0,-96.0,234.0,-207.0,544.0,-80.0
12.0,-96.0,229.0,-210.0,559.0,-89.0
13.0,-100.0,226.0,-214.0,570.0,-98.0
14.0,-100.0,222.0,-214.0,579.0,-102.0
10.0,-101.0,222.0,-209.0,587.0,-108.0
13.0,-100.0,230.0,-204.0,592.0,-114.0
11.0,-99.0,223.0,-200.0,598.0,-122.0
14.0,-96.0,225.0,-205.0,607.0,-133.0
8.0,-94.0,232.0,-207.0,619.0,-138.0
7.0,-94.0,227.0,-210.0,627.0,-143.0
7.0,-95.0,228.0,-213.0,638.0,-150.0
9.0,-100.0,229.0,-215.0,646.0,-155.0
6.0,-98.0,227.0,-222.0,653.0,-155.0
7.0,-99.0,227.0,-228.0,661.0,-153.0
4.0,-100.0,226.0,-234.0,666.0,-149.0
7.0,-103.0,224.0,-237.0,673.0,-148.0
11.0,-107.0,217.0,-229.0,679.0,-148.0
7.0,-108.0,224.0,-222.0,689.0,-152.0
10.0,-113.0,225.0,-220.0,698.0,-150.0
6.0,-109.0,222.0,-221.0,705.0,-137.0
10.0,-112.0,223.0,-211.0,709.0,-127.0
9.0,-111.0,221.0,-195.0,719.0,-126.0
8.0,-113.0,224.0,-191.0,731.0,-132.0
6.0,-116.0,226.0,-188.0,732.0,-140.0
3.0,-114.0,229.0,-182.0,728.0,-153.0
9.0,-109.0,220.0,-178.0,729.0,-161.0
6.0,-105.0,224.0,-166.0,740.0,-149.0
-2.0,-103.0,227.0,-151.0,742.0,-143.0
0.0,-108.0,223.0,-125.0,747.0,-140.0
2.0,-109.0,223.0,-102.0,744.0,-124.0
-3.0,-112.0,222.0,-92.0,742.0,-110.0
-5.0,-108.0,220.0,-70.0,735.0,-95.0
-5.0,-112.0,220.0,-49.0,735.0,-94.0
-12.0,-118.0,229.0,-25.0,742.0,-89.0
5.0,-120.0,229.0,12.0,738.0,-55.0
4.0,-126.0,220.0,55.0,731.0,-40.0
-3.0,-112.0,224.0,46.0,722.0,14.0
5.0,-107.0,216.0,23.0,695.0,50.0
-7.0,-94.0,214.0,9.0,673.0,47.0
-20.0,-92.0,216.0,1.0,653.0,50.0
-20.0,-95.0,225.0,6.0,649.0,61.0
-25.0,-92.0,230.0,33.0,656.0,67.0
-29.0,-105.0,233.0,73.0,675.0,66.0
-38.0,-100.0,234.0,117.0,703.0,58.0
-40.0,-107.0,228.0,170.0,727.0,73.0
-39.0,-109.0,225.0,222.0,733.0,80.0
-32.0,-108.0,225.0,257.0,729.0,69.0
-38.0,-107.0,230.0,280.0,730.0,40.0
-50.0,-112.0,229.0,295.0,725.0,29.0
-46.0,-123.0,229.0,321.0,723.0,46.0
-40.0,-121.0,229.0,362.0,720.0,51.0
-41.0,-115.0,229.0,392.0,724.0,36.0
-43.0,-109.0,222.0,406.0,731.0,26.0
-48.0,-98.0,210.0,418.0,733.0,10.0
-37.0,-98.0,227.0,403.0,725.0,6.0
-44.0,-102.0,223.0,339.0,715.0,34.0
-40.0,-103.0,223.0,279.0,702.0,65.0
-36.0,-104.0,220.0,243.0,702.0,74.0
-42.0,-109.0,219.0,215.0,710.0,79.0
-49.0,-107.0,215.0,202.0,699.0,92.0
-47.0,-106.0,214.0,192.0,680.0,109.0
-53.0,-99.0,214.0,172.0,658.0,122.0
-57.0,-100.0,217.0,157.0,633.0,139.0
-39.0,-95.0,217.0,163.0,617.0,152.0
-50.0,-91.0,207.0,179.0,631.0,144.0
-53.0,-93.0,219.0,197.0,672.0,144.0
-46.0,-94.0,218.0,205.0,711.0,157.0
-70.0,-93.0,221.0,196.0,736.0,177.0
-59.0,-94.0,222.0,214.0,740.0,199.0
-54.0,-92.0,221.0,240.0,749.0,200.0
-58.0,-89.0,219.0,265.0,751.0,180.0
-67.0,-86.0,213.0,302.0,750.0,164.0
-67.0,-86.0,219.0,332.0,759.0,170.0
-67.0,-86.0,219.0,360.0,758.0,168.0
-66.0,-83.0,218.0,377.0,749.0,149.0
-86.0,-84.0,215.0,380.0,735.0,135.0
-85.0,-93.0,220.0,378.0,703.0,129.0
-85.0,-97.0,221.0,386.0,672.0,132.0
-67.0,-95.0,234.0,392.0,669.0,128.0
-60.0,-99.0,226.0,414.0,668.0,89.0
-50.0,-102.0,231.0,423.0,695.0,99.0
-55.0,-95.0,238.0,436.0,741.0,111.0
-45.0,-94.0,241.0,463.0,787.0,133.0
-56.0,-83.0,236.0,495.0,828.0,104.0
-46.0,-75.0,229.0,538.0,865.0,92.0
-56.0,-71.0,229.0,586.0,907.0,83.0
-54.0,-61.0,210.0,637.0,931.0,76.0
-33.0,-50.0,201.0,654.0,978.0,112.0
-59.0,-62.0,210.0,665.0,1039.0,163.0
-68.0,-61.0,200.0,731.0,1071.0,180.0
-77.0,-59.0,197.0,782.0,1099.0,171.0
-69.0,-64.0,200.0,807.0,1120.0,121.0
-88.0,-58.0,204.0,808.0,1142.0,98.0
-87.0,-59.0,209.0,769.0,1145.0,122.0
-104.0,-53.0,217.0,709.0,1132.0,144.0
-90.0,-54.0,215.0,643.0,1096.0,143.0
-100.0,-52.0,218.0,570.0,1067.0,118.0
-102.0,-53.0,225.0,513.0,1028.0,101.0
-109.0,-51.0,216.0,501.0,983.0,55.0
-106.0,-55.0,218.0,486.0,951.0,33.0
-103.0,-54.0,227.0,483.0,935.0,18.0
-109.0,-55.0,225.0,498.0,944.0,-11.0
-115.0,-57.0,220.0,512.0,957.0,-51.0
-110.0,-60.0,226.0,541.0,987.0,-108.0
-108.0,-68.0,224.0,564.0,1025.0,-123.0
-118.0,-67.0,214.0,549.0,1050.0,-112.0
-111.0,-70.0,223.0,499.0,1066.0,-101.0
-116.0,-69.0,223.0,455.0,1073.0,-108.0
-117.0,-74.0,212.0,439.0,1064.0,-119.0
-96.0,-74.0,209.0,406.0,1067.0,-104.0
-97.0,-72.0,202.0,360.0,1094.0,-103.0
-110.0,-74.0,201.0,301.0,1120.0,-94.0
-117.0,-73.0,200.0,269.0,1123.0,-76.0
-117.0,-70.0,197.0,270.0,1102.0,-80.0
-118.0,-66.0,201.0,289.0,1081.0,-87.0
-114.0,-59.0,191.0,325.0,1075.0,-107.0
-117.0,-55.0,193.0,344.0,1085.0,-120.0
-116.0,-48.0,194.0,365.0,1092.0,-122.0
-124.0,-41.0,197.0,393.0,1088.0,-118.0
-116.0,-30.0,208.0,439.0,1089.0,-125.0
-124.0,-33.0,198.0,522.0,1092.0,-196.0
-120.0,-39.0,211.0,543.0,1111.0,-191.0
-126.0,-30.0,213.0,546.0,1113.0,-179.0
-132.0,-36.0,219.0,532.0,1095.0,-187.0
-131.0,-37.0,218.0,525.0,1069.0,-208.0
-134.0,-33.0,215.0,507.0,1051.0,-216.0
-140.0,-44.0,215.0,466.0,1045.0,-218.0
-137.0,-41.0,215.0,414.0,1048.0,-208.0
