34.0,-82.0,-251.0,-91.0,-3.0,-249.0
34.0,-80.0,-248.0,-117.0,-18.0,-257.0
28.0,-83.0,-250.0,-136.0,-30.0,-262.0
33.0,-82.0,-244.0,-150.0,-43.0,-266.0
31.0,-80.0,-247.0,-159.0,-51.0,-268.0
37.0,-81.0,-247.0,-163.0,-64.0,-273.0
46.0,-83.0,-241.0,-161.0,-69.0,-281.0
43.0,-83.0,-243.0,-162.0,-69.0,-287.0
47.0,-81.0,-245.0,-162.0,-58.0,-287.0
51.0,-84.0,-239.0,-162.0,-46.0,-290.0
53.0,-85.0,-241.0,-165.0,-28.0,-284.0
57.0,-88.0,-241.0,-168.0,-10.0,-280.0
55.0,-88.0,-240.0,-164.0,1.0,-276.0
52.0,-86.0,-240.0,-156.0,12.0,-277.0
49.0,-84.0,-242.0,-152.0,18.0,-276.0
47.0,-80.0,-246.0,-150.0,19.0,-276.0
44.0,-82.0,-243.0,-148.0,15.0,-273.0
45.0,-80.0,-245.0,-152.0,7.0,-279.0
47.0,-80.0,-248.0,-153.0,-1.0,-280.0
46.0,-79.0,-249.0,-155.0,-8.0,-283.0
40.0,-74.0,-250.0,-156.0,-22.0,-285.0
49.0,-78.0,-253.0,-151.0,-35.0,-294.0
48.0,-73.0,-256.0,-146.0,-49.0,-298.0
49.0,-70.0,-251.0,-135.0,-61.0,-305.0
55.0,-68.0,-249.0,-132.0,-66.0,-300.0
55.0,-71.0,-250.0,-139.0,-67.0,-298.0
60.0,-74.0,-251.0,-135.0,-63.0,-298.0
58.0,-67.0,-250.0,-130.0,-55.0,-298.0
62.0,-66.0,-250.0,-129.0,-45.0,-297.0
59.0,-64.0,-250.0,-127.0,-34.0,-297.0
66.0,-66.0,-249.0,-126.0,-18.0,-290.0
62.0,-61.0,-256.0,-132.0,2.0,-287.0
65.0,-59.0,-256.0,-130.0,17.0,-282.0
65.0,-58.0,-258.0,-128.0,27.0,-283.0
54.0,-54.0,-254.0,-130.0,36.0,-281.0
56.0,-61.0,-254.0,-134.0,42.0,-286.0
57.0,-58.0,-255.0,-147.0,47.0,-285.0
53.0,-56.0,-254.0,-161.0,52.0,-288.0
49.0,-55.0,-257.0,-164.0,46.0,-290.0
51.0,-55.0,-254.0,-168.0,41.0,-294.0
52.0,-52.0,-257.0,-176.0,39.0,-295.0
42.0,-52.0,-257.0,-183.0,32.0,-303.0
48.0,-55.0,-254.0,-186.0,23.0,-305.0
42.0,-52.0,-255.0,-189.0,16.0,-314.0
40.0,-51.0,-253.0,-190.0,10.0,-321.0
43.0,-53.0,-251.0,-191.0,1.0,-330.0
42.0,-52.0,-255.0,-189.0,-8.0,-336.0
40.0,-51.0,-253.0,-183.0,-24.0,-345.0
42.0,-56.0,-251.0,-179.0,-36.0,-346.0
44.0,-52.0,-251.0,-179.0,-44.0,-352.0
44.0,-51.0,-252.0,-181.0,-49.0,-351.0
47.0,-58.0,-252.0,-180.0,-54.0,-354.0
47.0,-49.0,-250.0,-177.0,-56.0,-348.0
50.0,-50.0,-249.0,-175.0,-58.0,-348.0
48.0,-50.0,-249.0,-169.0,-56.0,-341.0
45.0,-50.0,-250.0,-166.0,-53.0,-341.0
43.0,-48.0,-251.0,-168.0,-47.0,-336.0
42.0,-48.0,-248.0,-169.0,-39.0,-337.0
41.0,-50.0,-251.0,-169.0,-38.0,-335.0
34.0,-50.0,-252.0,-171.0,-43.0,-338.0
35.0,-52.0,-254.0,-170.0,-48.0,-338.0
33.0,-49.0,-254.0,-170.0,-57.0,-343.0
29.0,-50.0,-253.0,-170.0,-66.0,-342.0
29.0,-46.0,-254.0,-172.0,-75.0,-347.0
31.0,-50.0,-256.0,-174.0,-82.0,-349.0
31.0,-48.0,-254.0,-170.0,-90.0,-355.0
34.0,-50.0,-257.0,-171.0,-95.0,-352.0
35.0,-47.0,-253.0,-172.0,-100.0,-355.0
36.0,-49.0,-256.0,-174.0,-107.0,-350.0
30.0,-48.0,-260.0,-171.0,-114.0,-352.0
28.0,-53.0,-256.0,-164.0,-121.0,-349.0
30.0,-50.0,-261.0,-158.0,-127.0,-351.0
27.0,-48.0,-258.0,-155.0,-135.0,-350.0
29.0,-51.0,-259.0,-151.0,-144.0,-353.0
33.0,-48.0,-259.0,-147.0,-153.0,-351.0
31.0,-43.0,-259.0,-147.0,-157.0,-350.0
39.0,-47.0,-260.0,-146.0,-158.0,-341.0
38.0,-45.0,-263.0,-145.0,-160.0,-338.0
40.0,-49.0,-263.0,-147.0,-155.0,-330.0
38.0,-44.0,-263.0,-145.0,-149.0,-325.0
37.0,-46.0,-259.0,-146.0,-144.0,-314.0
39.0,-45.0,-263.0,-150.0,-139.0,-310.0
35.0,-49.0,-263.0,-154.0,-133.0,-307.0
35.0,-46.0,-260.0,-158.0,-126.0,-306.0
33.0,-49.0,-258.0,-164.0,-122.0,-301.0
30.0,-46.0,-261.0,-164.0,-117.0,-302.0
33.0,-48.0,-260.0,-159.0,-114.0,-295.0
32.0,-49.0,-260.0,-154.0,-113.0,-292.0
33.0,-50.0,-260.0,-148.0,-110.0,-283.0
30.0,-47.0,-261.0,-148.0,-111.0,-281.0
30.0,-47.0,-258.0,-145.0,-110.0,-273.0
28.0,-46.0,-256.0,-148.0,-111.0,-269.0
29.0,-51.0,-256.0,-149.0,-113.0,-261.0
26.0,-47.0,-255.0,-150.0,-115.0,-262.0
23.0,-48.0,-254.0,-148.0,-115.0,-260.0
22.0,-47.0,-256.0,-150.0,-115.0,-259.0
27.0,-49.0,-259.0,-155.0,-118.0,-259.0
27.0,-50.0,-262.0,-158.0,-123.0,-258.0
29.0,-45.0,-257.0,-160.0,-125.0,-252.0
33.0,-48.0,-261.0,-162.0,-125.0,-247.0
34.0,-47.0,-260.0,-161.0,-125.0,-238.0
33.0,-45.0,-256.0,-161.0,-123.0,-232.0
35.0,-44.0,-256.0,-161.0,-119.0,-222.0
30.0,-39.0,-256.0,-157.0,-113.0,-217.0
32.0,-39.0,-254.0,-159.0,-109.0,-210.0
26.0,-37.0,-256.0,-160.0,-106.0,-208.0
28.0,-41.0,-257.0,-162.0,-107.0,-202.0
23.0,-42.0,-254.0,-165.0,-111.0,-203.0
20.0,-43.0,-254.0,-168.0,-116.0,-200.0
22.0,-41.0,-256.0,-171.0,-123.0,-199.0
19.0,-41.0,-257.0,-174.0,-134.0,-198.0
20.0,-38.0,-257.0,-177.0,-146.0,-197.0
19.0,-39.0,-256.0,-183.0,-158.0,-195.0
26.0,-43.0,-254.0,-189.0,-168.0,-193.0
25.0,-38.0,-259.0,-198.0,-180.0,-192.0
22.0,-38.0,-257.0,-205.0,-186.0,-190.0
28.0,-40.0,-254.0,-212.0,-190.0,-187.0
29.0,-41.0,-252.0,-222.0,-194.0,-187.0
29.0,-42.0,-256.0,-227.0,-192.0,-185.0
33.0,-43.0,-253.0,-231.0,-187.0,-185.0
33.0,-41.0,-251.0,-233.0,-183.0,-183.0
34.0,-40.0,-252.0,-235.0,-178.0,-182.0
30.0,-39.0,-252.0,-240.0,-173.0,-178.0
36.0,-41.0,-253.0,-247.0,-168.0,-177.0
34.0,-37.0,-253.0,-256.0,-164.0,-176.0
29.0,-37.0,-249.0,-265.0,-161.0,-178.0
28.0,-37.0,-251.0,-275.0,-162.0,-177.0
27.0,-43.0,-249.0,-283.0,-164.0,-181.0
21.0,-36.0,-251.0,-287.0,-169.0,-182.0
19.0,-39.0,-250.0,-287.0,-176.0,-184.0
17.0,-40.0,-250.0,-288.0,-185.0,-187.0
18.0,-38.0,-252.0,-289.0,-193.0,-192.0
14.0,-39.0,-250.0,-292.0,-202.0,-196.0
19.0,-38.0,-248.0,-294.0,-212.0,-203.0
19.0,-35.0,-250.0,-300.0,-222.0,-208.0
21.0,-37.0,-251.0,-303.0,-230.0,-213.0
21.0,-35.0,-249.0,-307.0,-239.0,-218.0
22.0,-37.0,-250.0,-314.0,-249.0,-223.0
22.0,-35.0,-253.0,-319.0,-254.0,-224.0
25.0,-35.0,-255.0,-325.0,-260.0,-228.0
23.0,-37.0,-252.0,-333.0,-264.0,-231.0
26.0,-36.0,-252.0,-340.0,-270.0,-236.0
25.0,-36.0,-251.0,-348.0,-273.0,-239.0
24.0,-36.0,-251.0,-358.0,-271.0,-243.0
24.0,-35.0,-254.0,-367.0,-268.0,-246.0
27.0,-35.0,-251.0,-374.0,-264.0,-251.0
23.0,-36.0,-250.0,-382.0,-261.0,-257.0
24.0,-35.0,-253.0,-390.0,-260.0,-263.0
26.0,-32.0,-251.0,-400.0,-258.0,-265.0
24.0,-32.0,-253.0,-406.0,-260.0,-269.0
22.0,-34.0,-253.0,-408.0,-263.0,-270.0
22.0,-35.0,-256.0,-413.0,-271.0,-273.0
20.0,-35.0,-257.0,-417.0,-280.0,-278.0
21.0,-34.0,-258.0,-420.0,-291.0,-283.0
21.0,-36.0,-259.0,-425.0,-301.0,-291.0
23.0,-39.0,-260.0,-431.0,-311.0,-298.0
23.0,-36.0,-260.0,-436.0,-319.0,-305.0
24.0,-35.0,-263.0,-442.0,-323.0,-311.0
24.0,-36.0,-266.0,-446.0,-324.0,-318.0
25.0,-34.0,-264.0,-451.0,-324.0,-326.0
24.0,-33.0,-270.0,-455.0,-324.0,-335.0
26.0,-26.0,-270.0,-463.0,-327.0,-341.0
24.0,-26.0,-266.0,-479.0,-330.0,-347.0
26.0,-26.0,-267.0,-498.0,-341.0,-349.0
25.0,-28.0,-268.0,-516.0,-353.0,-353.0
22.0,-28.0,-269.0,-538.0,-364.0,-355.0
20.0,-22.0,-274.0,-563.0,-374.0,-358.0
22.0,-23.0,-276.0,-593.0,-385.0,-362.0
21.0,-22.0,-283.0,-627.0,-396.0,-365.0
26.0,-22.0,-283.0,-657.0,-408.0,-369.0
20.0,-19.0,-286.0,-687.0,-417.0,-372.0
15.0,-17.0,-296.0,-720.0,-427.0,-376.0
17.0,-21.0,-297.0,-751.0,-436.0,-382.0
14.0,-22.0,-297.0,-784.0,-444.0,-386.0
17.0,-22.0,-300.0,-817.0,-452.0,-392.0
15.0,-23.0,-303.0,-856.0,-463.0,-395.0
19.0,-18.0,-308.0,-896.0,-478.0,-401.0
20.0,-20.0,-310.0,-944.0,-496.0,-404.0
21.0,-15.0,-312.0,-984.0,-512.0,-409.0
22.0,-14.0,-312.0,-1022.0,-525.0,-411.0
21.0,-11.0,-321.0,-1064.0,-533.0,-415.0
21.0,-13.0,-324.0,-1113.0,-538.0,-418.0
23.0,-12.0,-324.0,-1159.0,-540.0,-422.0
21.0,-14.0,-330.0,-1208.0,-540.0,-424.0
20.0,-16.0,-326.0,-1258.0,-544.0,-427.0
19.0,-15.0,-328.0,-1306.0,-551.0,-428.0
15.0,-16.0,-327.0,-1347.0,-558.0,-434.0
13.0,-15.0,-328.0,-1393.0,-575.0,-435.0
13.0,-16.0,-321.0,-1430.0,-593.0,-443.0
16.0,-18.0,-321.0,-1471.0,-611.0,-446.0
12.0,-15.0,-324.0,-1510.0,-627.0,-453.0
17.0,-17.0,-322.0,-1550.0,-638.0,-456.0
19.0,-17.0,-325.0,-1584.0,-647.0,-464.0
17.0,-16.0,-321.0,-1619.0,-656.0,-468.0
15.0,-17.0,-319.0,-1656.0,-664.0,-474.0
11.0,-17.0,-315.0,-1691.0,-673.0,-479.0
10.0,-14.0,-312.0,-1728.0,-688.0,-490.0
11.0,-14.0,-311.0,-1762.0,-712.0,-494.0
13.0,-18.0,-305.0,-1792.0,-731.0,-497.0
13.0,-15.0,-302.0,-1823.0,-754.0,-499.0
12.0,-12.0,-296.0,-1857.0,-775.0,-505.0
14.0,-11.0,-299.0,-1894.0,-795.0,-509.0
15.0,-11.0,-290.0,-1931.0,-818.0,-520.0
13.0,-10.0,-286.0,-1963.0,-844.0,-528.0
11.0,-9.0,-283.0,-1994.0,-874.0,-538.0
6.0,-7.0,-277.0,-2020.0,-912.0,-543.0
7.0,-4.0,-272.0,-2046.0,-954.0,-553.0
6.0,-4.0,-262.0,-2075.0,-1005.0,-559.0
8.0,-1.0,-259.0,-2107.0,-1048.0,-570.0
7.0,2.0,-252.0,-2142.0,-1091.0,-579.0
-1.0,9.0,-246.0,-2181.0,-1141.0,-592.0
4.0,10.0,-244.0,-2226.0,-1204.0,-595.0
1.0,14.0,-234.0,-2265.0,-1274.0,-600.0
6.0,23.0,-226.0,-2293.0,-1346.0,-594.0
7.0,22.0,-228.0,-2303.0,-1424.0,-577.0
5.0,22.0,-216.0,-2318.0,-1494.0,-571.0
3.0,18.0,-216.0,-2342.0,-1554.0,-566.0
7.0,18.0,-210.0,-2371.0,-1610.0,-564.0
2.0,27.0,-211.0,-2373.0,-1660.0,-547.0
8.0,30.0,-203.0,-2370.0,-1707.0,-530.0
4.0,33.0,-202.0,-2343.0,-1751.0,-505.0
8.0,40.0,-197.0,-2319.0,-1791.0,-470.0
0.0,42.0,-191.0,-2295.0,-1810.0,-433.0
0.0,39.0,-193.0,-2303.0,-1837.0,-401.0
0.0,43.0,-183.0,-2340.0,-1850.0,-405.0
7.0,22.0,-185.0,-2397.0,-1846.0,-418.0
-1.0,28.0,-187.0,-2431.0,-1825.0,-462.0
-2.0,38.0,-189.0,-2431.0,-1802.0,-475.0
-6.0,43.0,-189.0,-2400.0,-1775.0,-476.0
-12.0,55.0,-180.0,-2364.0,-1751.0,-467.0
-5.0,59.0,-178.0,-2353.0,-1739.0,-456.0
-6.0,65.0,-179.0,-2344.0,-1718.0,-435.0
-4.0,71.0,-180.0,-2343.0,-1692.0,-402.0
-6.0,75.0,-186.0,-2327.0,-1662.0,-362.0
-2.0,64.0,-195.0,-2303.0,-1653.0,-330.0
1.0,61.0,-205.0,-2257.0,-1648.0,-302.0
7.0,49.0,-204.0,-2192.0,-1636.0,-277.0
8.0,44.0,-200.0,-2090.0,-1615.0,-259.0
8.0,43.0,-192.0,-1997.0,-1601.0,-268.0
11.0,51.0,-187.0,-1904.0,-1600.0,-279.0
5.0,55.0,-181.0,-1826.0,-1603.0,-281.0
4.0,61.0,-168.0,-1754.0,-1604.0,-271.0
-1.0,70.0,-154.0,-1677.0,-1600.0,-257.0
-5.0,77.0,-148.0,-1597.0,-1592.0,-244.0
-30.0,93.0,-134.0,-1520.0,-1577.0,-255.0
-18.0,99.0,-125.0,-1465.0,-1583.0,-257.0
-29.0,94.0,-115.0,-1441.0,-1611.0,-294.0
-26.0,96.0,-102.0,-1446.0,-1650.0,-359.0
-30.0,96.0,-94.0,-1445.0,-1663.0,-431.0
-28.0,99.0,-91.0,-1416.0,-1673.0,-507.0
-23.0,99.0,-84.0,-1355.0,-1663.0,-589.0
-13.0,95.0,-79.0,-1281.0,-1651.0,-661.0
-2.0,98.0,-68.0,-1199.0,-1622.0,-726.0
6.0,87.0,-67.0,-1114.0,-1602.0,-766.0
11.0,89.0,-63.0,-1012.0,-1578.0,-799.0
6.0,89.0,-68.0,-884.0,-1569.0,-818.0
24.0,80.0,-64.0,-760.0,-1564.0,-837.0
26.0,74.0,-64.0,-637.0,-1544.0,-867.0
7.0,72.0,-61.0,-492.0,-1520.0,-918.0
9.0,70.0,-58.0,-372.0,-1504.0,-974.0
-6.0,74.0,-40.0,-241.0,-1471.0,-1053.0
-22.0,78.0,-36.0,-130.0,-1449.0,-1134.0
-15.0,63.0,-23.0,-57.0,-1401.0,-1228.0
-40.0,61.0,-3.0,10.0,-1317.0,-1317.0
-66.0,51.0,12.0,79.0,-1257.0,-1406.0
-76.0,52.0,3.0,142.0,-1228.0,-1506.0
-93.0,46.0,12.0,216.0,-1205.0,-1617.0
-104.0,53.0,-4.0,325.0,-1199.0,-1768.0
-155.0,61.0,-43.0,510.0,-1163.0,-1924.0
-159.0,70.0,-22.0,690.0,-1125.0,-2094.0
-212.0,91.0,-8.0,864.0,-1099.0,-2286.0
-261.0,116.0,-16.0,989.0,-1084.0,-2453.0
-314.0,110.0,6.0,1024.0,-1068.0,-2612.0
-355.0,95.0,28.0,996.0,-1046.0,-2780.0
-352.0,100.0,74.0,920.0,-1068.0,-2975.0
-326.0,114.0,130.0,776.0,-1195.0,-3193.0
-313.0,142.0,151.0,638.0,-1424.0,-3415.0
-336.0,195.0,160.0,565.0,-1690.0,-3652.0
-349.0,257.0,155.0,623.0,-1837.0,-3817.0
-319.0,336.0,151.0,770.0,-1889.0,-4011.0
-311.0,392.0,158.0,882.0,-1888.0,-4207.0
-310.0,418.0,119.0,783.0,-1947.0,-4405.0
-318.0,386.0,90.0,476.0,-1996.0,-4498.0
-276.0,319.0,58.0,141.0,-2029.0,-4478.0
-276.0,291.0,55.0,-194.0,-2033.0,-4494.0
-369.0,248.0,85.0,-556.0,-2042.0,-4476.0
-384.0,187.0,92.0,-865.0,-2064.0,-4435.0
-348.0,196.0,66.0,-1050.0,-2084.0,-4482.0
-479.0,257.0,76.0,-1129.0,-2061.0,-4402.0
-529.0,313.0,129.0,-1143.0,-2114.0,-4062.0
-592.0,350.0,137.0,-1154.0,-2337.0,-3645.0
-700.0,296.0,126.0,-1179.0,-2598.0,-3186.0
-779.0,199.0,121.0,-1203.0,-2781.0,-2822.0
-852.0,72.0,118.0,-1271.0,-2854.0,-2708.0
-912.0,26.0,131.0,-1390.0,-2927.0,-2703.0
-963.0,21.0,123.0,-1437.0,-3098.0,-2684.0
-992.0,65.0,114.0,-1347.0,-3372.0,-2661.0
-1009.0,128.0,96.0,-1201.0,-3857.0,-2558.0
-1027.0,168.0,118.0,-985.0,-4300.0,-2415.0
-1004.0,183.0,118.0,-681.0,-4736.0,-2115.0
-967.0,174.0,128.0,-364.0,-5045.0,-1674.0
-880.0,141.0,138.0,-43.0,-5103.0,-1041.0
-726.0,17.0,173.0,261.0,-4918.0,-337.0
-502.0,-112.0,191.0,499.0,-4466.0,258.0
-355.0,-166.0,186.0,732.0,-3871.0,591.0
-222.0,-200.0,155.0,919.0,-3250.0,675.0
-118.0,-206.0,136.0,957.0,-2578.0,557.0
-43.0,-191.0,125.0,962.0,-1851.0,338.0
-1.0,-175.0,120.0,954.0,-1367.0,127.0
46.0,-138.0,115.0,908.0,-943.0,-121.0
90.0,-104.0,91.0,900.0,-575.0,-330.0
63.0,-75.0,104.0,938.0,-192.0,-503.0
19.0,-44.0,78.0,1047.0,167.0,-604.0
-57.0,-17.0,62.0,1192.0,479.0,-670.0
-170.0,-9.0,57.0,1372.0,654.0,-614.0
-191.0,-8.0,53.0,1574.0,683.0,-447.0
-256.0,-29.0,68.0,1786.0,579.0,-225.0
-234.0,-9.0,43.0,2059.0,326.0,85.0
-295.0,-36.0,48.0,2162.0,150.0,262.0
-268.0,-54.0,41.0,2181.0,-33.0,369.0
-230.0,-49.0,24.0,2128.0,-199.0,326.0
-207.0,-67.0,53.0,2057.0,-312.0,206.0
-171.0,-52.0,64.0,1941.0,-380.0,-22.0
-178.0,-40.0,79.0,1736.0,-447.0,-337.0
-171.0,-19.0,78.0,1512.0,-556.0,-630.0
-125.0,-4.0,52.0,1280.0,-646.0,-788.0
-94.0,-3.0,59.0,986.0,-676.0,-950.0
-80.0,-6.0,53.0,681.0,-656.0,-1062.0
-92.0,-3.0,66.0,492.0,-645.0,-1151.0
-114.0,-8.0,72.0,394.0,-640.0,-1174.0
-139.0,-4.0,73.0,366.0,-628.0,-1146.0
-162.0,-6.0,82.0,357.0,-622.0,-1083.0
-180.0,-3.0,85.0,354.0,-623.0,-1010.0
-202.0,7.0,75.0,333.0,-615.0,-933.0
-231.0,12.0,79.0,291.0,-609.0,-859.0
-247.0,23.0,72.0,241.0,-620.0,-798.0
-273.0,21.0,75.0,181.0,-622.0,-752.0
-292.0,17.0,82.0,109.0,-604.0,-723.0
-296.0,-2.0,87.0,44.0,-582.0,-691.0
-298.0,-19.0,91.0,-26.0,-538.0,-658.0
-302.0,-25.0,88.0,-84.0,-484.0,-615.0
-292.0,-46.0,74.0,-111.0,-431.0,-556.0
-286.0,-50.0,72.0,-135.0,-376.0,-513.0
-272.0,-50.0,72.0,-135.0,-324.0,-477.0
-269.0,-50.0,71.0,-101.0,-280.0,-443.0
-254.0,-51.0,71.0,-51.0,-247.0,-400.0
-242.0,-47.0,82.0,-6.0,-221.0,-344.0
-228.0,-43.0,86.0,50.0,-191.0,-288.0
-226.0,-34.0,88.0,70.0,-170.0,-243.0
-212.0,-25.0,83.0,82.0,-160.0,-179.0
-205.0,-15.0,89.0,48.0,-149.0,-131.0
-204.0,-15.0,94.0,-1.0,-141.0,-92.0
-204.0,-16.0,89.0,-44.0,-134.0,-37.0
-202.0,-22.0,92.0,-98.0,-129.0,17.0
-207.0,-25.0,89.0,-167.0,-117.0,63.0
-207.0,-35.0,85.0,-235.0,-92.0,117.0
-209.0,-49.0,87.0,-290.0,-61.0,181.0
-207.0,-63.0,81.0,-316.0,-18.0,236.0
-215.0,-67.0,82.0,-324.0,21.0,256.0
-222.0,-69.0,79.0,-326.0,64.0,260.0
-221.0,-71.0,80.0,-313.0,104.0,251.0
-225.0,-67.0,73.0,-300.0,140.0,238.0
-219.0,-61.0,72.0,-290.0,171.0,217.0
-221.0,-50.0,71.0,-276.0,205.0,199.0
-215.0,-44.0,69.0,-258.0,230.0,179.0
-212.0,-38.0,73.0,-248.0,256.0,153.0
-206.0,-38.0,76.0,-241.0,282.0,139.0
-202.0,-36.0,81.0,-242.0,309.0,133.0
-197.0,-40.0,88.0,-254.0,332.0,135.0
-192.0,-43.0,96.0,-269.0,361.0,153.0
-187.0,-48.0,101.0,-284.0,393.0,175.0
-190.0,-55.0,90.0,-296.0,426.0,192.0
-192.0,-51.0,88.0,-301.0,466.0,206.0
-195.0,-53.0,90.0,-300.0,511.0,220.0
-199.0,-53.0,90.0,-291.0,562.0,237.0
-199.0,-53.0,92.0,-273.0,610.0,255.0
-202.0,-51.0,91.0,-250.0,662.0,271.0
-206.0,-43.0,94.0,-224.0,724.0,277.0
-207.0,-37.0,89.0,-211.0,776.0,280.0
-221.0,-22.0,82.0,-209.0,825.0,285.0
-227.0,-14.0,75.0,-223.0,865.0,301.0
-236.0,-12.0,77.0,-241.0,904.0,326.0
-239.0,-8.0,76.0,-252.0,937.0,356.0
-240.0,-13.0,76.0,-256.0,966.0,389.0
-232.0,-21.0,78.0,-252.0,991.0,427.0
-235.0,-19.0,70.0,-240.0,1022.0,460.0
-236.0,-21.0,66.0,-224.0,1047.0,502.0
-239.0,-12.0,51.0,-195.0,1080.0,526.0
-242.0,-27.0,64.0,-159.0,1108.0,549.0
-245.0,-29.0,58.0,-116.0,1135.0,566.0
-240.0,-12.0,52.0,-73.0,1163.0,581.0
-231.0,-17.0,61.0,-33.0,1201.0,585.0
-243.0,-6.0,35.0,4.0,1235.0,590.0
-243.0,-7.0,44.0,35.0,1270.0,594.0
-239.0,-3.0,39.0,56.0,1294.0,597.0
-269.0,17.0,48.0,56.0,1302.0,598.0
-260.0,21.0,44.0,20.0,1265.0,611.0
-257.0,19.0,38.0,-39.0,1254.0,616.0
-241.0,16.0,25.0,-94.0,1260.0,624.0
-231.0,9.0,16.0,-127.0,1286.0,625.0
-237.0,9.0,18.0,-128.0,1331.0,632.0
-251.0,6.0,13.0,-96.0,1366.0,631.0
-256.0,8.0,12.0,-66.0,1380.0,634.0
-261.0,13.0,4.0,-34.0,1389.0,620.0
-263.0,15.0,1.0,-7.0,1407.0,604.0
-269.0,17.0,-4.0,10.0,1420.0,583.0
-258.0,22.0,-8.0,20.0,1419.0,558.0
-267.0,30.0,-14.0,34.0,1422.0,530.0
-269.0,31.0,-16.0,52.0,1416.0,511.0
-267.0,32.0,-17.0,59.0,1403.0,490.0
-265.0,38.0,-28.0,65.0,1393.0,470.0
-268.0,43.0,-32.0,69.0,1381.0,452.0
-274.0,45.0,-30.0,61.0,1363.0,443.0
-270.0,48.0,-30.0,58.0,1333.0,444.0
-269.0,47.0,-42.0,56.0,1312.0,451.0
-275.0,45.0,-43.0,49.0,1288.0,460.0
-277.0,40.0,-36.0,29.0,1260.0,443.0
-280.0,39.0,-43.0,4.0,1223.0,415.0
-279.0,40.0,-45.0,-30.0,1195.0,381.0
-283.0,37.0,-49.0,-39.0,1169.0,362.0
-284.0,40.0,-54.0,-42.0,1134.0,346.0
-283.0,40.0,-57.0,-51.0,1100.0,318.0
-283.0,40.0,-59.0,-60.0,1066.0,302.0
-288.0,42.0,-58.0,-60.0,1032.0,282.0
-283.0,41.0,-55.0,-58.0,998.0,274.0
-284.0,43.0,-59.0,-53.0,959.0,266.0
-282.0,45.0,-59.0,-51.0,921.0,254.0
-275.0,46.0,-67.0,-55.0,887.0,230.0
-277.0,49.0,-64.0,-50.0,866.0,219.0
-280.0,51.0,-67.0,-51.0,843.0,208.0
-278.0,45.0,-66.0,-46.0,816.0,196.0
-282.0,52.0,-67.0,-34.0,786.0,186.0
-278.0,54.0,-67.0,-24.0,757.0,185.0
-275.0,55.0,-71.0,-36.0,729.0,175.0
-275.0,54.0,-68.0,-58.0,697.0,170.0
-277.0,49.0,-72.0,-73.0,666.0,162.0
-271.0,45.0,-70.0,-81.0,631.0,148.0
-271.0,45.0,-78.0,-85.0,592.0,133.0
-273.0,43.0,-79.0,-87.0,557.0,125.0
-272.0,41.0,-79.0,-85.0,514.0,117.0
-271.0,36.0,-78.0,-73.0,470.0,111.0
-269.0,35.0,-83.0,-57.0,427.0,91.0
-267.0,40.0,-80.0,-48.0,387.0,78.0
-268.0,40.0,-79.0,-40.0,350.0,65.0
-269.0,40.0,-76.0,-40.0,310.0,51.0
-265.0,38.0,-76.0,-41.0,273.0,40.0
-264.0,36.0,-77.0,-42.0,235.0,36.0
-262.0,35.0,-78.0,-39.0,191.0,28.0
-266.0,33.0,-79.0,-35.0,155.0,14.0
-265.0,33.0,-83.0,-27.0,121.0,-5.0
-262.0,31.0,-81.0,-24.0,87.0,-17.0
-264.0,30.0,-76.0,-23.0,57.0,-32.0
-262.0,29.0,-77.0,-21.0,28.0,-43.0
-259.0,23.0,-77.0,-17.0,0.0,-56.0
-260.0,24.0,-77.0,-10.0,-35.0,-69.0
-260.0,24.0,-72.0,-3.0,-67.0,-85.0
-258.0,22.0,-73.0,4.0,-106.0,-98.0
-261.0,24.0,-71.0,8.0,-140.0,-115.0
-263.0,27.0,-67.0,12.0,-171.0,-132.0
-256.0,27.0,-67.0,11.0,-202.0,-154.0
-259.0,28.0,-60.0,12.0,-225.0,-162.0
-258.0,30.0,-64.0,12.0,-249.0,-173.0
-257.0,29.0,-57.0,11.0,-269.0,-173.0
-261.0,30.0,-56.0,11.0,-291.0,-182.0
-258.0,27.0,-54.0,6.0,-311.0,-188.0
-262.0,30.0,-52.0,-3.0,-324.0,-184.0
-265.0,28.0,-54.0,-15.0,-340.0,-169.0
-267.0,28.0,-54.0,-29.0,-353.0,-166.0
-267.0,26.0,-53.0,-34.0,-364.0,-159.0
-268.0,24.0,-52.0,-36.0,-373.0,-162.0
-268.0,23.0,-48.0,-35.0,-379.0,-160.0
-270.0,22.0,-51.0,-36.0,-385.0,-163.0
-269.0,23.0,-50.0,-39.0,-389.0,-167.0
-272.0,22.0,-46.0,-34.0,-392.0,-175.0
-268.0,15.0,-45.0,-26.0,-396.0,-176.0
-268.0,16.0,-43.0,-16.0,-395.0,-178.0
-268.0,17.0,-42.0,-3.0,-394.0,-175.0
-267.0,17.0,-40.0,8.0,-393.0,-179.0
-267.0,13.0,-37.0,11.0,-392.0,-176.0
-265.0,15.0,-37.0,20.0,-389.0,-175.0
-264.0,15.0,-36.0,24.0,-388.0,-167.0
-261.0,11.0,-33.0,30.0,-388.0,-164.0
-262.0,11.0,-30.0,34.0,-385.0,-158.0
-262.0,9.0,-29.0,40.0,-382.0,-153.0
-265.0,7.0,-22.0,45.0,-377.0,-145.0
-264.0,6.0,-26.0,50.0,-371.0,-141.0
-262.0,9.0,-22.0,56.0,-359.0,-134.0
-260.0,10.0,-21.0,62.0,-350.0,-134.0
-257.0,5.0,-25.0,64.0,-340.0,-129.0
-256.0,8.0,-22.0,62.0,-329.0,-129.0
-256.0,7.0,-24.0,62.0,-316.0,-121.0
-257.0,6.0,-23.0,64.0,-305.0,-118.0
-254.0,8.0,-18.0,66.0,-295.0,-107.0
-252.0,7.0,-13.0,69.0,-285.0,-102.0
-253.0,6.0,-18.0,72.0,-277.0,-92.0
-253.0,4.0,-13.0,73.0,-268.0,-86.0
-251.0,6.0,-19.0,70.0,-262.0,-75.0
-250.0,8.0,-15.0,68.0,-253.0,-69.0
-254.0,4.0,-13.0,70.0,-246.0,-62.0
-251.0,5.0,-15.0,75.0,-237.0,-62.0
-256.0,6.0,-11.0,86.0,-224.0,-55.0
-254.0,9.0,-10.0,93.0,-213.0,-54.0
-250.0,7.0,-13.0,99.0,-201.0,-52.0
-250.0,12.0,-11.0,104.0,-189.0,-52.0
-252.0,10.0,-9.0,104.0,-178.0,-46.0
-252.0,13.0,-10.0,102.0,-169.0,-42.0
-252.0,15.0,-8.0,100.0,-162.0,-32.0
-251.0,13.0,-9.0,95.0,-152.0,-27.0
-250.0,14.0,-10.0,87.0,-145.0,-18.0
-252.0,15.0,-8.0,85.0,-138.0,-13.0
-250.0,14.0,-9.0,87.0,-127.0,-6.0
-255.0,13.0,-9.0,87.0,-114.0,-5.0
-256.0,21.0,-7.0,88.0,-104.0,-1.0
-249.0,16.0,-7.0,86.0,-90.0,-1.0
-254.0,17.0,-7.0,83.0,-74.0,1.0
-256.0,16.0,-8.0,81.0,-58.0,1.0
-258.0,20.0,-5.0,83.0,-45.0,5.0
-254.0,20.0,-8.0,81.0,-29.0,6.0
-252.0,18.0,-8.0,79.0,-16.0,11.0
-254.0,20.0,-7.0,77.0,-5.0,16.0
-258.0,22.0,-8.0,76.0,3.0,20.0
-257.0,26.0,-10.0,74.0,13.0,20.0
-259.0,27.0,-7.0,66.0,23.0,24.0
-260.0,25.0,-7.0,62.0,30.0,26.0
-260.0,24.0,-7.0,57.0,37.0,28.0
-258.0,27.0,-6.0,51.0,45.0,29.0
-259.0,24.0,-6.0,46.0,52.0,35.0
-258.0,24.0,-9.0,44.0,61.0,33.0
-261.0,25.0,-6.0,41.0,70.0,34.0
-259.0,30.0,-7.0,34.0,77.0,35.0
-253.0,25.0,-8.0,27.0,84.0,41.0
-254.0,25.0,-10.0,19.0,92.0,42.0
-255.0,22.0,-9.0,13.0,100.0,43.0
-256.0,24.0,-9.0,11.0,108.0,40.0
-258.0,26.0,-10.0,8.0,116.0,44.0
-259.0,28.0,-13.0,5.0,120.0,45.0
-256.0,24.0,-11.0,-2.0,125.0,46.0
-259.0,29.0,-13.0,-8.0,130.0,45.0
-261.0,27.0,-12.0,-14.0,133.0,44.0
-257.0,28.0,-14.0,-19.0,137.0,40.0
-258.0,27.0,-12.0,-25.0,139.0,39.0
-262.0,26.0,-14.0,-28.0,139.0,35.0
-261.0,26.0,-13.0,-30.0,142.0,32.0
-261.0,26.0,-14.0,-34.0,145.0,27.0
-260.0,26.0,-14.0,-38.0,148.0,25.0
-259.0,24.0,-15.0,-44.0,152.0,22.0
-263.0,25.0,-12.0,-48.0,156.0,21.0
-260.0,25.0,-13.0,-52.0,159.0,17.0
-261.0,26.0,-12.0,-55.0,159.0,19.0
-262.0,24.0,-15.0,-54.0,163.0,15.0
-260.0,26.0,-16.0,-56.0,166.0,14.0
-260.0,23.0,-13.0,-59.0,168.0,9.0
-262.0,26.0,-17.0,-64.0,172.0,7.0
-259.0,27.0,-23.0,-68.0,173.0,3.0
-261.0,25.0,-19.0,-72.0,172.0,0.0
-261.0,27.0,-20.0,-74.0,171.0,-2.0
-264.0,22.0,-21.0,-76.0,168.0,-6.0
-262.0,25.0,-21.0,-76.0,167.0,-6.0
-260.0,19.0,-21.0,-77.0,164.0,-4.0
-261.0,19.0,-23.0,-78.0,160.0,-3.0
-261.0,22.0,-20.0,-77.0,156.0,-2.0
-260.0,21.0,-22.0,-74.0,154.0,-1.0
-260.0,23.0,-22.0,-72.0,149.0,-1.0
-265.0,19.0,-24.0,-69.0,146.0,-1.0
-263.0,21.0,-22.0,-68.0,142.0,-3.0
-260.0,17.0,-20.0,-69.0,138.0,-6.0
-260.0,21.0,-21.0,-70.0,134.0,-5.0
-261.0,21.0,-22.0,-71.0,130.0,-6.0
-262.0,20.0,-23.0,-71.0,125.0,-6.0
-263.0,16.0,-22.0,-71.0,123.0,-9.0
-264.0,23.0,-21.0,-71.0,121.0,-9.0
-263.0,19.0,-20.0,-72.0,120.0,-8.0
-262.0,21.0,-24.0,-76.0,119.0,-10.0
-261.0,15.0,-21.0,-77.0,118.0,-8.0
-261.0,18.0,-19.0,-77.0,119.0,-5.0
-261.0,16.0,-23.0,-75.0,119.0,-2.0
-262.0,18.0,-26.0,-76.0,119.0,-1.0
-259.0,14.0,-25.0,-77.0,119.0,1.0
-264.0,16.0,-25.0,-77.0,121.0,3.0
-263.0,16.0,-23.0,-73.0,120.0,5.0
-263.0,18.0,-24.0,-71.0,122.0,4.0
-262.0,16.0,-24.0,-67.0,121.0,4.0
-261.0,15.0,-26.0,-66.0,120.0,5.0
-259.0,16.0,-23.0,-67.0,118.0,6.0
-262.0,14.0,-26.0,-63.0,116.0,7.0
-261.0,17.0,-27.0,-57.0,113.0,6.0
-263.0,17.0,-25.0,-53.0,107.0,6.0
-261.0,16.0,-27.0,-50.0,99.0,4.0
-262.0,16.0,-26.0,-50.0,93.0,4.0
-262.0,16.0,-26.0,-49.0,86.0,4.0
-258.0,17.0,-29.0,-49.0,80.0,3.0
-264.0,17.0,-25.0,-47.0,74.0,4.0
-262.0,16.0,-23.0,-45.0,71.0,3.0
-262.0,16.0,-28.0,-44.0,67.0,4.0
-263.0,15.0,-25.0,-44.0,67.0,3.0
-262.0,13.0,-27.0,-43.0,65.0,4.0
-262.0,14.0,-27.0,-40.0,63.0,3.0
-262.0,12.0,-26.0,-34.0,61.0,5.0
-261.0,15.0,-24.0,-28.0,59.0,3.0
-265.0,19.0,-30.0,-24.0,56.0,2.0
-265.0,18.0,-27.0,-24.0,53.0,1.0
