14.0,-194.0,-153.0,-1037.0,35.0,-242.0
18.0,-202.0,-147.0,-1055.0,36.0,-243.0
18.0,-202.0,-151.0,-1060.0,26.0,-244.0
20.0,-206.0,-152.0,-1072.0,26.0,-251.0
34.0,-223.0,-156.0,-1084.0,25.0,-258.0
27.0,-191.0,-156.0,-1119.0,33.0,-291.0
20.0,-198.0,-157.0,-1134.0,26.0,-276.0
25.0,-201.0,-160.0,-1141.0,15.0,-271.0
33.0,-202.0,-159.0,-1142.0,23.0,-273.0
21.0,-193.0,-163.0,-1159.0,28.0,-287.0
28.0,-196.0,-171.0,-1162.0,26.0,-296.0
26.0,-196.0,-171.0,-1170.0,25.0,-303.0
29.0,-239.0,-179.0,-1177.0,31.0,-319.0
28.0,-191.0,-166.0,-1206.0,31.0,-339.0
23.0,-198.0,-173.0,-1194.0,14.0,-321.0
27.0,-201.0,-179.0,-1186.0,11.0,-314.0
25.0,-201.0,-186.0,-1181.0,9.0,-322.0
23.0,-195.0,-183.0,-1183.0,5.0,-328.0
27.0,-195.0,-182.0,-1175.0,-7.0,-328.0
26.0,-192.0,-185.0,-1158.0,-22.0,-322.0
27.0,-188.0,-187.0,-1141.0,-37.0,-321.0
29.0,-189.0,-186.0,-1121.0,-55.0,-308.0
29.0,-189.0,-191.0,-1100.0,-73.0,-301.0
24.0,-189.0,-191.0,-1068.0,-93.0,-290.0
39.0,-175.0,-175.0,-1069.0,-95.0,-307.0
36.0,-178.0,-188.0,-1030.0,-108.0,-273.0
40.0,-177.0,-190.0,-1000.0,-109.0,-260.0
42.0,-174.0,-186.0,-987.0,-98.0,-251.0
37.0,-169.0,-179.0,-984.0,-83.0,-254.0
43.0,-173.0,-187.0,-989.0,-76.0,-246.0
53.0,-172.0,-185.0,-996.0,-62.0,-239.0
51.0,-167.0,-178.0,-1025.0,-41.0,-225.0
49.0,-171.0,-181.0,-1062.0,-14.0,-243.0
39.0,-171.0,-181.0,-1096.0,0.0,-243.0
36.0,-171.0,-189.0,-1105.0,19.0,-248.0
41.0,-174.0,-195.0,-1130.0,44.0,-257.0
34.0,-165.0,-177.0,-1160.0,72.0,-276.0
33.0,-168.0,-184.0,-1170.0,81.0,-265.0
25.0,-177.0,-183.0,-1200.0,98.0,-272.0
25.0,-172.0,-182.0,-1210.0,109.0,-277.0
28.0,-178.0,-191.0,-1222.0,120.0,-286.0
29.0,-171.0,-182.0,-1236.0,133.0,-291.0
20.0,-169.0,-196.0,-1248.0,121.0,-299.0
15.0,-168.0,-187.0,-1241.0,122.0,-324.0
24.0,-163.0,-188.0,-1224.0,108.0,-328.0
6.0,-167.0,-186.0,-1237.0,97.0,-343.0
16.0,-166.0,-190.0,-1252.0,64.0,-336.0
21.0,-163.0,-191.0,-1258.0,38.0,-333.0
19.0,-170.0,-196.0,-1264.0,16.0,-342.0
22.0,-164.0,-192.0,-1273.0,-3.0,-339.0
21.0,-168.0,-200.0,-1285.0,-36.0,-337.0
26.0,-159.0,-202.0,-1283.0,-50.0,-348.0
22.0,-160.0,-202.0,-1277.0,-65.0,-364.0
34.0,-166.0,-197.0,-1271.0,-73.0,-370.0
38.0,-160.0,-205.0,-1271.0,-65.0,-388.0
24.0,-128.0,-170.0,-1303.0,-49.0,-434.0
40.0,-167.0,-209.0,-1307.0,-61.0,-409.0
36.0,-144.0,-201.0,-1329.0,-51.0,-376.0
44.0,-147.0,-203.0,-1315.0,-50.0,-397.0
47.0,-146.0,-203.0,-1310.0,-49.0,-407.0
46.0,-144.0,-206.0,-1314.0,-44.0,-422.0
46.0,-139.0,-212.0,-1333.0,-46.0,-435.0
50.0,-144.0,-215.0,-1349.0,-52.0,-452.0
60.0,-137.0,-209.0,-1382.0,-53.0,-436.0
54.0,-135.0,-212.0,-1403.0,-47.0,-482.0
55.0,-139.0,-219.0,-1396.0,-65.0,-484.0
59.0,-139.0,-221.0,-1376.0,-67.0,-497.0
56.0,-136.0,-223.0,-1364.0,-65.0,-508.0
55.0,-144.0,-228.0,-1357.0,-65.0,-525.0
55.0,-132.0,-221.0,-1360.0,-67.0,-527.0
55.0,-131.0,-217.0,-1353.0,-73.0,-554.0
56.0,-141.0,-232.0,-1351.0,-84.0,-569.0
72.0,-126.0,-210.0,-1364.0,-90.0,-620.0
55.0,-129.0,-219.0,-1351.0,-116.0,-598.0
57.0,-127.0,-214.0,-1330.0,-138.0,-603.0
74.0,-137.0,-210.0,-1320.0,-157.0,-591.0
52.0,-118.0,-219.0,-1306.0,-177.0,-600.0
59.0,-119.0,-219.0,-1281.0,-199.0,-617.0
59.0,-124.0,-225.0,-1248.0,-218.0,-630.0
62.0,-124.0,-225.0,-1215.0,-239.0,-631.0
60.0,-121.0,-230.0,-1180.0,-252.0,-634.0
61.0,-117.0,-233.0,-1138.0,-265.0,-630.0
76.0,-118.0,-232.0,-1103.0,-279.0,-596.0
61.0,-113.0,-234.0,-1048.0,-290.0,-600.0
57.0,-112.0,-237.0,-988.0,-299.0,-600.0
65.0,-112.0,-239.0,-932.0,-303.0,-587.0
65.0,-113.0,-240.0,-885.0,-296.0,-571.0
66.0,-106.0,-237.0,-834.0,-288.0,-555.0
63.0,-95.0,-236.0,-781.0,-275.0,-543.0
58.0,-98.0,-239.0,-733.0,-264.0,-522.0
64.0,-94.0,-239.0,-691.0,-261.0,-506.0
60.0,-99.0,-242.0,-658.0,-271.0,-480.0
60.0,-96.0,-242.0,-631.0,-285.0,-454.0
55.0,-97.0,-241.0,-606.0,-304.0,-423.0
58.0,-105.0,-238.0,-584.0,-326.0,-395.0
57.0,-104.0,-235.0,-561.0,-348.0,-364.0
59.0,-100.0,-238.0,-542.0,-362.0,-338.0
56.0,-95.0,-242.0,-521.0,-373.0,-307.0
53.0,-91.0,-243.0,-501.0,-378.0,-286.0
51.0,-87.0,-248.0,-473.0,-373.0,-266.0
45.0,-84.0,-254.0,-441.0,-358.0,-257.0
38.0,-87.0,-256.0,-407.0,-337.0,-252.0
35.0,-87.0,-259.0,-369.0,-309.0,-261.0
31.0,-89.0,-263.0,-323.0,-288.0,-272.0
30.0,-85.0,-262.0,-283.0,-272.0,-295.0
32.0,-79.0,-262.0,-237.0,-257.0,-314.0
32.0,-75.0,-262.0,-195.0,-248.0,-337.0
38.0,-73.0,-268.0,-161.0,-244.0,-356.0
46.0,-74.0,-273.0,-131.0,-246.0,-375.0
52.0,-72.0,-274.0,-99.0,-251.0,-386.0
52.0,-69.0,-280.0,-65.0,-256.0,-391.0
54.0,-67.0,-275.0,-33.0,-267.0,-390.0
55.0,-64.0,-280.0,-3.0,-280.0,-390.0
48.0,-63.0,-274.0,29.0,-285.0,-385.0
48.0,-54.0,-272.0,45.0,-292.0,-381.0
44.0,-50.0,-274.0,59.0,-300.0,-372.0
44.0,-49.0,-269.0,63.0,-310.0,-370.0
39.0,-46.0,-273.0,66.0,-319.0,-360.0
36.0,-46.0,-267.0,69.0,-334.0,-357.0
32.0,-44.0,-268.0,65.0,-343.0,-350.0
29.0,-43.0,-273.0,45.0,-353.0,-349.0
21.0,-40.0,-271.0,29.0,-367.0,-345.0
26.0,-40.0,-269.0,21.0,-386.0,-341.0
29.0,-37.0,-274.0,5.0,-398.0,-335.0
27.0,-34.0,-265.0,-27.0,-394.0,-342.0
27.0,-37.0,-267.0,-57.0,-390.0,-350.0
22.0,-32.0,-269.0,-83.0,-382.0,-359.0
27.0,-32.0,-262.0,-115.0,-379.0,-361.0
37.0,-37.0,-263.0,-152.0,-373.0,-365.0
32.0,-34.0,-260.0,-172.0,-366.0,-368.0
34.0,-34.0,-260.0,-185.0,-359.0,-373.0
24.0,-32.0,-258.0,-199.0,-353.0,-371.0
23.0,-32.0,-250.0,-214.0,-342.0,-378.0
24.0,-32.0,-257.0,-228.0,-334.0,-379.0
26.0,-35.0,-251.0,-245.0,-322.0,-384.0
27.0,-37.0,-250.0,-256.0,-312.0,-384.0
25.0,-38.0,-253.0,-260.0,-306.0,-388.0
22.0,-36.0,-247.0,-270.0,-303.0,-389.0
23.0,-36.0,-246.0,-283.0,-307.0,-393.0
20.0,-35.0,-248.0,-297.0,-317.0,-393.0
19.0,-33.0,-249.0,-312.0,-326.0,-395.0
19.0,-35.0,-247.0,-322.0,-339.0,-393.0
18.0,-34.0,-245.0,-336.0,-353.0,-394.0
17.0,-36.0,-247.0,-349.0,-364.0,-393.0
19.0,-35.0,-249.0,-360.0,-375.0,-394.0
21.0,-34.0,-251.0,-377.0,-381.0,-395.0
24.0,-37.0,-249.0,-387.0,-389.0,-398.0
23.0,-37.0,-249.0,-401.0,-397.0,-396.0
26.0,-35.0,-253.0,-422.0,-403.0,-398.0
29.0,-34.0,-251.0,-447.0,-408.0,-396.0
26.0,-33.0,-252.0,-470.0,-413.0,-392.0
25.0,-35.0,-254.0,-489.0,-416.0,-382.0
25.0,-32.0,-258.0,-512.0,-416.0,-380.0
24.0,-31.0,-261.0,-534.0,-414.0,-373.0
20.0,-32.0,-260.0,-560.0,-416.0,-371.0
24.0,-35.0,-265.0,-591.0,-419.0,-372.0
24.0,-39.0,-267.0,-617.0,-426.0,-371.0
22.0,-43.0,-269.0,-641.0,-433.0,-369.0
19.0,-42.0,-271.0,-662.0,-442.0,-369.0
15.0,-38.0,-273.0,-684.0,-452.0,-370.0
13.0,-40.0,-278.0,-709.0,-465.0,-373.0
15.0,-38.0,-283.0,-731.0,-475.0,-379.0
18.0,-41.0,-288.0,-758.0,-489.0,-386.0
20.0,-38.0,-288.0,-788.0,-500.0,-392.0
20.0,-40.0,-293.0,-819.0,-509.0,-397.0
22.0,-39.0,-297.0,-848.0,-517.0,-401.0
21.0,-36.0,-298.0,-873.0,-523.0,-405.0
23.0,-43.0,-301.0,-898.0,-528.0,-406.0
25.0,-41.0,-301.0,-922.0,-530.0,-410.0
20.0,-41.0,-302.0,-944.0,-531.0,-412.0
22.0,-45.0,-304.0,-967.0,-534.0,-413.0
20.0,-44.0,-300.0,-992.0,-540.0,-417.0
20.0,-43.0,-305.0,-1020.0,-544.0,-422.0
21.0,-45.0,-302.0,-1044.0,-549.0,-426.0
17.0,-44.0,-303.0,-1066.0,-552.0,-431.0
13.0,-46.0,-305.0,-1084.0,-554.0,-436.0
11.0,-47.0,-303.0,-1106.0,-557.0,-441.0
8.0,-47.0,-300.0,-1128.0,-563.0,-447.0
8.0,-50.0,-303.0,-1149.0,-567.0,-454.0
5.0,-46.0,-304.0,-1172.0,-572.0,-459.0
8.0,-48.0,-303.0,-1195.0,-581.0,-466.0
8.0,-50.0,-297.0,-1215.0,-591.0,-472.0
10.0,-49.0,-302.0,-1235.0,-601.0,-477.0
9.0,-47.0,-300.0,-1253.0,-614.0,-479.0
5.0,-43.0,-297.0,-1273.0,-625.0,-483.0
8.0,-46.0,-295.0,-1293.0,-640.0,-485.0
10.0,-44.0,-291.0,-1315.0,-652.0,-488.0
13.0,-42.0,-294.0,-1340.0,-660.0,-488.0
10.0,-43.0,-288.0,-1364.0,-666.0,-489.0
12.0,-41.0,-286.0,-1390.0,-672.0,-493.0
9.0,-37.0,-281.0,-1412.0,-675.0,-492.0
5.0,-37.0,-280.0,-1442.0,-679.0,-496.0
8.0,-36.0,-289.0,-1472.0,-684.0,-500.0
2.0,-30.0,-270.0,-1502.0,-690.0,-502.0
5.0,-32.0,-270.0,-1531.0,-700.0,-505.0
-2.0,-31.0,-266.0,-1560.0,-711.0,-509.0
0.0,-32.0,-262.0,-1589.0,-724.0,-513.0
1.0,-32.0,-261.0,-1619.0,-736.0,-516.0
-1.0,-32.0,-257.0,-1648.0,-749.0,-516.0
0.0,-32.0,-258.0,-1671.0,-763.0,-517.0
-2.0,-30.0,-252.0,-1688.0,-773.0,-515.0
-5.0,-28.0,-253.0,-1707.0,-785.0,-516.0
-1.0,-30.0,-249.0,-1735.0,-794.0,-516.0
-3.0,-26.0,-246.0,-1759.0,-800.0,-516.0
4.0,-30.0,-247.0,-1782.0,-804.0,-517.0
2.0,-33.0,-243.0,-1798.0,-810.0,-521.0
2.0,-35.0,-239.0,-1812.0,-813.0,-528.0
1.0,-32.0,-235.0,-1821.0,-811.0,-540.0
2.0,-30.0,-229.0,-1839.0,-810.0,-550.0
0.0,-28.0,-228.0,-1852.0,-811.0,-561.0
4.0,-27.0,-229.0,-1862.0,-812.0,-567.0
1.0,-18.0,-223.0,-1862.0,-821.0,-572.0
3.0,-19.0,-223.0,-1863.0,-835.0,-571.0
0.0,-16.0,-220.0,-1858.0,-855.0,-564.0
5.0,-24.0,-224.0,-1853.0,-887.0,-556.0
-4.0,-23.0,-221.0,-1846.0,-920.0,-558.0
4.0,-24.0,-211.0,-1849.0,-956.0,-558.0
-1.0,-23.0,-208.0,-1844.0,-988.0,-563.0
-4.0,-19.0,-202.0,-1832.0,-1031.0,-561.0
-7.0,-20.0,-195.0,-1816.0,-1083.0,-549.0
-8.0,-22.0,-191.0,-1799.0,-1137.0,-543.0
-7.0,-19.0,-187.0,-1784.0,-1201.0,-547.0
-9.0,-13.0,-187.0,-1777.0,-1263.0,-543.0
-7.0,-4.0,-184.0,-1773.0,-1326.0,-527.0
-12.0,-3.0,-178.0,-1764.0,-1389.0,-508.0
-12.0,-1.0,-181.0,-1751.0,-1449.0,-493.0
-12.0,-1.0,-179.0,-1744.0,-1502.0,-480.0
-13.0,9.0,-176.0,-1739.0,-1564.0,-460.0
-12.0,20.0,-171.0,-1753.0,-1640.0,-431.0
-13.0,25.0,-173.0,-1784.0,-1713.0,-402.0
-13.0,30.0,-175.0,-1831.0,-1771.0,-382.0
-11.0,27.0,-178.0,-1877.0,-1824.0,-360.0
-8.0,26.0,-172.0,-1898.0,-1850.0,-346.0
-8.0,27.0,-173.0,-1900.0,-1873.0,-328.0
-13.0,38.0,-178.0,-1891.0,-1876.0,-303.0
-13.0,47.0,-180.0,-1893.0,-1864.0,-289.0
-20.0,58.0,-181.0,-1900.0,-1852.0,-272.0
-30.0,70.0,-181.0,-1925.0,-1839.0,-257.0
-27.0,71.0,-185.0,-1968.0,-1818.0,-240.0
-34.0,71.0,-185.0,-2030.0,-1776.0,-213.0
-34.0,73.0,-197.0,-2109.0,-1728.0,-178.0
-41.0,79.0,-210.0,-2173.0,-1639.0,-120.0
-38.0,89.0,-220.0,-2244.0,-1547.0,-76.0
-34.0,100.0,-224.0,-2286.0,-1420.0,-35.0
-44.0,113.0,-222.0,-2319.0,-1274.0,15.0
-40.0,125.0,-228.0,-2364.0,-1113.0,72.0
-35.0,136.0,-223.0,-2430.0,-944.0,128.0
-27.0,133.0,-224.0,-2518.0,-763.0,184.0
-16.0,128.0,-224.0,-2575.0,-589.0,220.0
-12.0,134.0,-233.0,-2604.0,-449.0,225.0
-29.0,128.0,-225.0,-2572.0,-322.0,237.0
-23.0,123.0,-215.0,-2600.0,-246.0,134.0
-11.0,110.0,-204.0,-2652.0,-227.0,38.0
2.0,95.0,-190.0,-2699.0,-253.0,-53.0
14.0,82.0,-180.0,-2737.0,-338.0,-155.0
9.0,82.0,-167.0,-2712.0,-472.0,-267.0
6.0,82.0,-157.0,-2636.0,-652.0,-377.0
19.0,89.0,-138.0,-2560.0,-829.0,-489.0
15.0,97.0,-130.0,-2470.0,-995.0,-577.0
41.0,95.0,-108.0,-2357.0,-1158.0,-661.0
26.0,98.0,-98.0,-2217.0,-1319.0,-746.0
-20.0,100.0,-79.0,-1999.0,-1476.0,-787.0
-11.0,107.0,-62.0,-1807.0,-1605.0,-838.0
-9.0,93.0,-25.0,-1599.0,-1686.0,-925.0
-44.0,102.0,6.0,-1381.0,-1720.0,-1047.0
-43.0,91.0,18.0,-1143.0,-1747.0,-1181.0
-81.0,96.0,27.0,-893.0,-1798.0,-1355.0
-96.0,94.0,36.0,-614.0,-1859.0,-1548.0
-146.0,91.0,33.0,-308.0,-1907.0,-1804.0
-157.0,88.0,9.0,38.0,-1961.0,-2089.0
-205.0,81.0,0.0,415.0,-2009.0,-2426.0
-246.0,50.0,-9.0,885.0,-2028.0,-2821.0
-296.0,51.0,-44.0,1313.0,-1998.0,-3250.0
-351.0,41.0,-73.0,1725.0,-1937.0,-3668.0
-406.0,5.0,-97.0,2127.0,-1790.0,-4052.0
-443.0,-19.0,-136.0,2602.0,-1554.0,-4415.0
-509.0,-52.0,-136.0,3162.0,-1206.0,-4741.0
-555.0,-98.0,-171.0,3761.0,-832.0,-4969.0
-551.0,-118.0,-165.0,4170.0,-499.0,-5222.0
-521.0,-95.0,-111.0,4313.0,-236.0,-5431.0
-496.0,-52.0,-62.0,4312.0,-110.0,-5561.0
-433.0,20.0,0.0,4237.0,-74.0,-5649.0
-427.0,144.0,97.0,4200.0,-160.0,-5750.0
-460.0,335.0,210.0,4151.0,-404.0,-5806.0
-563.0,474.0,222.0,3926.0,-842.0,-5756.0
-587.0,656.0,251.0,3463.0,-1354.0,-5621.0
-576.0,822.0,193.0,2664.0,-1921.0,-5522.0
-463.0,935.0,86.0,1470.0,-2422.0,-5437.0
-302.0,863.0,45.0,47.0,-2769.0,-5191.0
-195.0,623.0,9.0,-1231.0,-3096.0,-4774.0
-119.0,333.0,-27.0,-2140.0,-3428.0,-4180.0
33.0,-16.0,-80.0,-2735.0,-3759.0,-3790.0
76.0,-187.0,-145.0,-3008.0,-3873.0,-3727.0
-97.0,-280.0,-95.0,-3110.0,-3769.0,-3639.0
-388.0,-249.0,4.0,-2660.0,-3713.0,-3135.0
-586.0,-166.0,-46.0,-1849.0,-3715.0,-2496.0
-868.0,-103.0,2.0,-1033.0,-3592.0,-1790.0
-1249.0,-22.0,76.0,-450.0,-3814.0,-1228.0
-1482.0,105.0,22.0,-250.0,-4607.0,-735.0
-1636.0,263.0,-52.0,-166.0,-5447.0,-214.0
-1712.0,420.0,-72.0,25.0,-6191.0,554.0
-1411.0,383.0,19.0,600.0,-6307.0,1232.0
-891.0,251.0,121.0,1272.0,-5932.0,1576.0
-593.0,181.0,205.0,1638.0,-5610.0,1512.0
-323.0,84.0,251.0,1753.0,-5229.0,1479.0
-118.0,-19.0,237.0,1774.0,-4656.0,1506.0
21.0,-116.0,238.0,1637.0,-3852.0,1517.0
109.0,-180.0,235.0,1397.0,-2901.0,1517.0
189.0,-237.0,188.0,1167.0,-1942.0,1482.0
239.0,-193.0,112.0,942.0,-1128.0,1371.0
265.0,-153.0,80.0,702.0,-416.0,1169.0
213.0,-127.0,52.0,639.0,27.0,921.0
78.0,-100.0,39.0,743.0,391.0,660.0
-38.0,-48.0,23.0,905.0,702.0,442.0
-135.0,-22.0,37.0,1091.0,901.0,279.0
-230.0,32.0,62.0,1333.0,960.0,192.0
-285.0,82.0,52.0,1576.0,918.0,219.0
-334.0,106.0,42.0,1754.0,792.0,300.0
-366.0,117.0,58.0,1818.0,602.0,419.0
-355.0,108.0,77.0,1777.0,353.0,521.0
-355.0,102.0,77.0,1646.0,10.0,535.0
-330.0,86.0,81.0,1366.0,-284.0,492.0
-299.0,60.0,82.0,1113.0,-552.0,408.0
-286.0,39.0,83.0,882.0,-767.0,267.0
-268.0,-6.0,81.0,705.0,-939.0,118.0
-269.0,-33.0,100.0,600.0,-1084.0,-48.0
-198.0,-53.0,82.0,576.0,-1210.0,-196.0
-137.0,-58.0,60.0,538.0,-1252.0,-409.0
-102.0,-54.0,68.0,424.0,-1215.0,-644.0
-97.0,-50.0,77.0,289.0,-1160.0,-841.0
-103.0,-42.0,77.0,211.0,-1102.0,-968.0
-120.0,-30.0,82.0,183.0,-1049.0,-1004.0
-145.0,-13.0,94.0,199.0,-1001.0,-972.0
-162.0,-4.0,97.0,215.0,-948.0,-900.0
-196.0,0.0,110.0,217.0,-891.0,-800.0
-214.0,1.0,108.0,206.0,-845.0,-690.0
-241.0,-1.0,111.0,189.0,-783.0,-590.0
-260.0,-5.0,108.0,164.0,-722.0,-508.0
-269.0,-14.0,110.0,144.0,-669.0,-437.0
-278.0,-23.0,107.0,126.0,-596.0,-394.0
-281.0,-31.0,103.0,121.0,-484.0,-338.0
-287.0,-32.0,99.0,151.0,-397.0,-308.0
-269.0,-30.0,98.0,169.0,-296.0,-294.0
-260.0,-19.0,99.0,191.0,-172.0,-289.0
-256.0,-12.0,101.0,214.0,-55.0,-270.0
-258.0,-2.0,94.0,223.0,52.0,-246.0
-249.0,11.0,91.0,211.0,160.0,-214.0
-249.0,23.0,88.0,188.0,262.0,-179.0
-242.0,24.0,87.0,168.0,357.0,-135.0
-233.0,17.0,79.0,163.0,443.0,-95.0
-226.0,17.0,74.0,164.0,521.0,-54.0
-226.0,17.0,75.0,159.0,572.0,-35.0
-208.0,-3.0,70.0,176.0,611.0,10.0
-210.0,-6.0,64.0,158.0,633.0,14.0
-208.0,-14.0,61.0,120.0,643.0,17.0
-202.0,-21.0,55.0,92.0,647.0,14.0
-200.0,-27.0,54.0,67.0,661.0,13.0
-202.0,-39.0,54.0,43.0,679.0,12.0
-206.0,-39.0,50.0,24.0,698.0,24.0
-206.0,-44.0,52.0,16.0,713.0,38.0
-210.0,-40.0,47.0,13.0,731.0,57.0
-216.0,-32.0,47.0,4.0,755.0,62.0
-222.0,-31.0,45.0,-13.0,780.0,75.0
-230.0,-24.0,47.0,-34.0,805.0,90.0
-233.0,-21.0,38.0,-59.0,825.0,107.0
-240.0,-15.0,29.0,-82.0,843.0,116.0
-242.0,-13.0,22.0,-102.0,856.0,125.0
-247.0,-13.0,21.0,-114.0,864.0,132.0
-243.0,-7.0,15.0,-115.0,862.0,148.0
-257.0,-2.0,16.0,-122.0,860.0,150.0
-256.0,-4.0,17.0,-143.0,824.0,151.0
-251.0,0.0,18.0,-167.0,814.0,152.0
-250.0,-4.0,18.0,-176.0,809.0,162.0
-247.0,-1.0,15.0,-177.0,813.0,165.0
-248.0,-3.0,14.0,-179.0,820.0,173.0
-251.0,0.0,14.0,-180.0,832.0,177.0
-249.0,-1.0,14.0,-178.0,843.0,187.0
-249.0,-1.0,17.0,-173.0,861.0,199.0
-249.0,-2.0,12.0,-163.0,883.0,212.0
-255.0,5.0,11.0,-147.0,907.0,226.0
-253.0,5.0,11.0,-121.0,934.0,242.0
-253.0,13.0,9.0,-100.0,955.0,252.0
-261.0,19.0,8.0,-83.0,975.0,263.0
-259.0,24.0,6.0,-72.0,986.0,270.0
-257.0,32.0,1.0,-65.0,1000.0,283.0
-259.0,34.0,3.0,-57.0,1012.0,294.0
-259.0,37.0,-4.0,-48.0,1015.0,312.0
-260.0,33.0,-1.0,-53.0,1021.0,315.0
-260.0,34.0,-4.0,-66.0,1028.0,312.0
-260.0,29.0,-5.0,-77.0,1041.0,315.0
-262.0,28.0,-7.0,-87.0,1049.0,323.0
-266.0,28.0,-11.0,-96.0,1052.0,322.0
-256.0,20.0,-20.0,-98.0,1059.0,322.0
-259.0,22.0,-20.0,-104.0,1073.0,310.0
-264.0,17.0,-18.0,-110.0,1083.0,301.0
-259.0,20.0,-27.0,-109.0,1087.0,292.0
-262.0,21.0,-34.0,-106.0,1093.0,284.0
-259.0,24.0,-37.0,-100.0,1094.0,267.0
-265.0,26.0,-35.0,-103.0,1097.0,249.0
-264.0,29.0,-38.0,-100.0,1092.0,232.0
-263.0,33.0,-40.0,-96.0,1083.0,220.0
-265.0,36.0,-44.0,-98.0,1080.0,202.0
-266.0,40.0,-47.0,-103.0,1075.0,194.0
-269.0,43.0,-50.0,-108.0,1067.0,179.0
-268.0,40.0,-56.0,-111.0,1054.0,170.0
-269.0,43.0,-55.0,-109.0,1043.0,155.0
-271.0,41.0,-58.0,-109.0,1029.0,141.0
-273.0,43.0,-60.0,-121.0,1011.0,130.0
-273.0,39.0,-64.0,-124.0,986.0,130.0
-272.0,40.0,-67.0,-125.0,950.0,120.0
-279.0,35.0,-64.0,-124.0,918.0,116.0
-282.0,34.0,-61.0,-123.0,884.0,110.0
-273.0,35.0,-74.0,-123.0,848.0,103.0
-273.0,41.0,-73.0,-139.0,829.0,87.0
-279.0,41.0,-75.0,-157.0,810.0,80.0
-278.0,39.0,-77.0,-170.0,788.0,72.0
-280.0,40.0,-77.0,-179.0,767.0,64.0
-277.0,38.0,-80.0,-178.0,746.0,59.0
-272.0,38.0,-80.0,-176.0,721.0,59.0
-270.0,37.0,-79.0,-171.0,697.0,52.0
-274.0,34.0,-74.0,-166.0,671.0,60.0
-269.0,31.0,-79.0,-152.0,640.0,64.0
-269.0,27.0,-81.0,-137.0,617.0,67.0
-266.0,30.0,-82.0,-122.0,584.0,71.0
-264.0,31.0,-83.0,-107.0,557.0,71.0
-268.0,30.0,-85.0,-93.0,532.0,69.0
-268.0,36.0,-84.0,-79.0,499.0,70.0
-264.0,38.0,-84.0,-70.0,459.0,70.0
-263.0,36.0,-81.0,-70.0,424.0,67.0
-261.0,36.0,-77.0,-65.0,372.0,65.0
-263.0,33.0,-79.0,-60.0,326.0,65.0
-260.0,28.0,-81.0,-54.0,303.0,64.0
-259.0,32.0,-79.0,-49.0,281.0,58.0
-261.0,30.0,-80.0,-46.0,253.0,56.0
-259.0,28.0,-77.0,-41.0,224.0,54.0
-262.0,33.0,-82.0,-40.0,191.0,49.0
-263.0,31.0,-82.0,-37.0,163.0,50.0
-261.0,29.0,-82.0,-37.0,146.0,52.0
-262.0,28.0,-84.0,-36.0,123.0,52.0
-257.0,28.0,-80.0,-36.0,93.0,49.0
-263.0,27.0,-80.0,-31.0,56.0,47.0
-258.0,25.0,-79.0,-29.0,29.0,45.0
-261.0,28.0,-85.0,-25.0,10.0,39.0
-256.0,26.0,-75.0,-20.0,-6.0,36.0
-260.0,26.0,-77.0,-14.0,-30.0,29.0
-263.0,26.0,-77.0,-12.0,-53.0,24.0
-263.0,23.0,-74.0,-11.0,-73.0,12.0
-262.0,25.0,-76.0,-15.0,-90.0,0.0
-263.0,24.0,-72.0,-21.0,-101.0,-11.0
-266.0,26.0,-71.0,-24.0,-126.0,-20.0
-265.0,25.0,-68.0,-33.0,-143.0,-33.0
-267.0,23.0,-68.0,-36.0,-152.0,-42.0
-268.0,28.0,-62.0,-42.0,-154.0,-52.0
-260.0,15.0,-66.0,-26.0,-159.0,-36.0
-260.0,15.0,-66.0,-33.0,-164.0,-57.0
-262.0,12.0,-69.0,-38.0,-173.0,-63.0
-262.0,10.0,-66.0,-33.0,-182.0,-67.0
-263.0,10.0,-71.0,-27.0,-188.0,-70.0
-264.0,13.0,-71.0,-11.0,-193.0,-74.0
-266.0,15.0,-63.0,2.0,-193.0,-82.0
-262.0,10.0,-63.0,5.0,-199.0,-82.0
-264.0,14.0,-59.0,5.0,-199.0,-89.0
-267.0,19.0,-60.0,3.0,-202.0,-92.0
-257.0,16.0,-54.0,0.0,-206.0,-83.0
-259.0,18.0,-55.0,-5.0,-201.0,-87.0
-259.0,15.0,-54.0,-8.0,-199.0,-87.0
-257.0,19.0,-57.0,-9.0,-197.0,-86.0
-262.0,21.0,-53.0,-8.0,-196.0,-84.0
-258.0,23.0,-56.0,-10.0,-196.0,-75.0
-258.0,17.0,-53.0,-21.0,-194.0,-72.0
-257.0,16.0,-52.0,-23.0,-193.0,-72.0
-259.0,15.0,-56.0,-27.0,-192.0,-72.0
-260.0,16.0,-50.0,-26.0,-192.0,-70.0
-256.0,16.0,-54.0,-27.0,-192.0,-66.0
-257.0,18.0,-52.0,-29.0,-192.0,-68.0
-256.0,15.0,-50.0,-30.0,-195.0,-65.0
-255.0,14.0,-53.0,-29.0,-197.0,-64.0
-256.0,14.0,-47.0,-27.0,-194.0,-62.0
-256.0,12.0,-43.0,-22.0,-190.0,-63.0
-257.0,17.0,-45.0,-17.0,-187.0,-63.0
-255.0,17.0,-49.0,-17.0,-183.0,-65.0
-258.0,21.0,-45.0,-16.0,-179.0,-64.0
-257.0,23.0,-50.0,-16.0,-175.0,-67.0
-255.0,22.0,-48.0,-17.0,-170.0,-64.0
-256.0,23.0,-47.0,-20.0,-167.0,-62.0
-257.0,19.0,-45.0,-19.0,-165.0,-57.0
-254.0,21.0,-42.0,-20.0,-163.0,-55.0
-255.0,22.0,-44.0,-18.0,-162.0,-51.0
-255.0,21.0,-40.0,-14.0,-158.0,-48.0
-253.0,23.0,-43.0,-11.0,-153.0,-44.0
-254.0,22.0,-39.0,-9.0,-147.0,-41.0
-252.0,24.0,-36.0,-4.0,-138.0,-39.0
-254.0,24.0,-34.0,-3.0,-130.0,-35.0
-253.0,21.0,-38.0,-5.0,-116.0,-31.0
-254.0,21.0,-32.0,-7.0,-103.0,-31.0
-248.0,27.0,-34.0,-14.0,-86.0,-28.0
-253.0,22.0,-34.0,-20.0,-69.0,-30.0
-257.0,22.0,-36.0,-22.0,-51.0,-26.0
-256.0,21.0,-34.0,-27.0,-39.0,-24.0
-252.0,20.0,-37.0,-30.0,-28.0,-23.0
-254.0,17.0,-34.0,-30.0,-15.0,-24.0
-254.0,21.0,-38.0,-27.0,-7.0,-22.0
-255.0,21.0,-35.0,-24.0,2.0,-23.0
-254.0,19.0,-33.0,-21.0,10.0,-22.0
-255.0,25.0,-38.0,-16.0,16.0,-23.0
-253.0,26.0,-36.0,-12.0,21.0,-19.0
-254.0,22.0,-38.0,-8.0,25.0,-18.0
-253.0,26.0,-36.0,-4.0,31.0,-14.0
-253.0,26.0,-35.0,-1.0,33.0,-11.0
-254.0,24.0,-34.0,-2.0,36.0,-8.0
-253.0,26.0,-34.0,-1.0,38.0,-7.0
-254.0,29.0,-35.0,-4.0,43.0,-2.0
-257.0,27.0,-37.0,-7.0,48.0,-1.0
-254.0,28.0,-34.0,-8.0,55.0,2.0
-253.0,26.0,-37.0,-7.0,59.0,-1.0
-254.0,29.0,-39.0,-6.0,66.0,2.0
-256.0,29.0,-36.0,-7.0,73.0,-1.0
-258.0,28.0,-40.0,-11.0,82.0,0.0
-258.0,28.0,-37.0,-14.0,90.0,-1.0
-258.0,28.0,-38.0,-18.0,98.0,0.0
-260.0,27.0,-37.0,-20.0,105.0,-1.0
-257.0,25.0,-40.0,-24.0,110.0,1.0
-257.0,25.0,-37.0,-25.0,118.0,-1.0
-261.0,21.0,-43.0,-27.0,122.0,0.0
-256.0,27.0,-40.0,-27.0,125.0,-2.0
-257.0,27.0,-42.0,-29.0,128.0,-3.0
-259.0,25.0,-41.0,-30.0,129.0,-7.0
-257.0,25.0,-41.0,-33.0,131.0,-7.0
-256.0,24.0,-43.0,-35.0,130.0,-10.0
-260.0,26.0,-38.0,-35.0,130.0,-9.0
-259.0,24.0,-44.0,-35.0,128.0,-11.0
-258.0,24.0,-42.0,-36.0,126.0,-8.0
-259.0,24.0,-42.0,-35.0,124.0,-8.0
-259.0,26.0,-41.0,-38.0,124.0,-4.0
-259.0,28.0,-46.0,-42.0,122.0,-6.0
-259.0,25.0,-41.0,-44.0,121.0,-4.0
-262.0,24.0,-47.0,-45.0,118.0,-6.0
-258.0,24.0,-44.0,-47.0,115.0,-6.0
-257.0,22.0,-46.0,-46.0,114.0,-9.0
-260.0,24.0,-44.0,-49.0,115.0,-7.0
-258.0,22.0,-43.0,-51.0,115.0,-10.0
-260.0,25.0,-45.0,-52.0,115.0,-9.0
-260.0,25.0,-43.0,-55.0,115.0,-14.0
-258.0,25.0,-44.0,-58.0,115.0,-11.0
-257.0,23.0,-41.0,-64.0,116.0,-14.0
-259.0,25.0,-45.0,-69.0,113.0,-12.0
-257.0,21.0,-44.0,-72.0,112.0,-11.0
-257.0,25.0,-45.0,-76.0,111.0,-10.0
-261.0,22.0,-50.0,-78.0,108.0,-13.0
-258.0,23.0,-49.0,-76.0,106.0,-9.0
-262.0,20.0,-45.0,-74.0,106.0,-10.0
-261.0,18.0,-47.0,-69.0,104.0,-9.0
-260.0,21.0,-48.0,-65.0,103.0,-10.0
-261.0,21.0,-45.0,-64.0,100.0,-6.0
-258.0,21.0,-47.0,-61.0,100.0,-8.0
-257.0,21.0,-48.0,-62.0,99.0,-6.0
-262.0,22.0,-48.0,-65.0,99.0,-9.0
-257.0,18.0,-47.0,-64.0,97.0,-7.0
-259.0,23.0,-46.0,-65.0,98.0,-8.0
-260.0,20.0,-45.0,-67.0,98.0,-6.0
-257.0,19.0,-45.0,-72.0,98.0,-6.0
-258.0,19.0,-47.0,-72.0,97.0,-3.0
-258.0,19.0,-46.0,-73.0,93.0,-5.0
-257.0,18.0,-51.0,-71.0,90.0,-2.0
-259.0,16.0,-50.0,-66.0,87.0,-2.0
-258.0,17.0,-46.0,-61.0,86.0,0.0
-259.0,16.0,-49.0,-58.0,81.0,-2.0
-258.0,21.0,-50.0,-55.0,78.0,2.0
-257.0,21.0,-49.0,-52.0,75.0,0.0
-257.0,17.0,-48.0,-50.0,72.0,1.0
-261.0,19.0,-49.0,-49.0,69.0,-2.0
-260.0,18.0,-46.0,-48.0,67.0,1.0
-259.0,18.0,-49.0,-47.0,68.0,0.0
-261.0,17.0,-45.0,-47.0,69.0,3.0
-261.0,18.0,-47.0,-48.0,70.0,0.0
-260.0,18.0,-47.0,-46.0,73.0,1.0
-257.0,21.0,-45.0,-43.0,74.0,-1.0
-263.0,20.0,-48.0,-39.0,75.0,1.0
-263.0,21.0,-48.0,-34.0,75.0,-1.0
-260.0,20.0,-53.0,-29.0,73.0,2.0
-259.0,19.0,-47.0,-25.0,70.0,0.0
-259.0,17.0,-44.0,-24.0,67.0,4.0
-260.0,17.0,-49.0,-20.0,63.0,2.0
-258.0,19.0,-48.0,-17.0,59.0,6.0
-258.0,18.0,-52.0,-15.0,56.0,4.0
-256.0,20.0,-50.0,-11.0,52.0,7.0
-260.0,19.0,-48.0,-10.0,48.0,5.0
-262.0,23.0,-49.0,-6.0,46.0,7.0
-256.0,19.0,-50.0,-3.0,45.0,4.0
-262.0,21.0,-48.0,-2.0,42.0,8.0
-264.0,20.0,-47.0,1.0,40.0,5.0
-259.0,20.0,-49.0,2.0,39.0,8.0
-259.0,22.0,-51.0,4.0,37.0,6.0
-259.0,24.0,-48.0,5.0,36.0,8.0
-259.0,24.0,-49.0,8.0,36.0,5.0
-261.0,22.0,-47.0,11.0,35.0,9.0
-261.0,22.0,-46.0,13.0,34.0,5.0
-261.0,21.0,-47.0,13.0,34.0,6.0
-260.0,21.0,-46.0,15.0,34.0,4.0
-261.0,21.0,-46.0,15.0,33.0,5.0
-262.0,23.0,-43.0,18.0,33.0,3.0
