35.0,-243.0,42.0,283.0,-47.0,-113.0
39.0,-244.0,44.0,291.0,-50.0,-111.0
42.0,-247.0,44.0,300.0,-53.0,-110.0
41.0,-246.0,47.0,308.0,-55.0,-111.0
39.0,-246.0,45.0,315.0,-55.0,-112.0
43.0,-244.0,44.0,320.0,-54.0,-111.0
43.0,-243.0,45.0,322.0,-51.0,-112.0
41.0,-244.0,45.0,320.0,-49.0,-113.0
43.0,-244.0,45.0,314.0,-44.0,-111.0
41.0,-242.0,50.0,309.0,-39.0,-111.0
44.0,-243.0,44.0,300.0,-36.0,-107.0
42.0,-240.0,50.0,292.0,-31.0,-106.0
45.0,-244.0,45.0,283.0,-31.0,-106.0
46.0,-242.0,45.0,273.0,-32.0,-106.0
45.0,-242.0,47.0,263.0,-34.0,-106.0
49.0,-243.0,44.0,254.0,-33.0,-109.0
45.0,-240.0,45.0,247.0,-33.0,-110.0
41.0,-241.0,47.0,244.0,-33.0,-109.0
46.0,-244.0,51.0,243.0,-31.0,-111.0
46.0,-245.0,52.0,243.0,-33.0,-112.0
46.0,-245.0,50.0,244.0,-35.0,-114.0
43.0,-246.0,50.0,247.0,-35.0,-114.0
44.0,-246.0,53.0,252.0,-35.0,-115.0
47.0,-248.0,47.0,260.0,-33.0,-117.0
49.0,-250.0,51.0,268.0,-31.0,-122.0
51.0,-247.0,42.0,276.0,-31.0,-126.0
52.0,-251.0,50.0,283.0,-31.0,-130.0
47.0,-242.0,49.0,291.0,-28.0,-134.0
47.0,-246.0,53.0,296.0,-27.0,-137.0
49.0,-245.0,47.0,304.0,-25.0,-143.0
51.0,-246.0,52.0,311.0,-22.0,-146.0
54.0,-248.0,51.0,316.0,-20.0,-148.0
50.0,-245.0,51.0,320.0,-19.0,-150.0
54.0,-246.0,56.0,325.0,-19.0,-150.0
52.0,-244.0,57.0,328.0,-19.0,-151.0
51.0,-242.0,55.0,332.0,-20.0,-150.0
51.0,-242.0,52.0,335.0,-21.0,-153.0
51.0,-243.0,59.0,338.0,-22.0,-153.0
51.0,-244.0,56.0,342.0,-20.0,-154.0
51.0,-243.0,57.0,347.0,-20.0,-155.0
53.0,-245.0,58.0,354.0,-20.0,-159.0
53.0,-245.0,57.0,362.0,-20.0,-162.0
53.0,-250.0,56.0,372.0,-20.0,-166.0
52.0,-247.0,54.0,383.0,-20.0,-169.0
51.0,-245.0,55.0,395.0,-21.0,-172.0
52.0,-242.0,59.0,406.0,-23.0,-173.0
49.0,-243.0,59.0,414.0,-25.0,-172.0
48.0,-239.0,62.0,419.0,-27.0,-175.0
44.0,-238.0,57.0,424.0,-29.0,-176.0
51.0,-233.0,60.0,425.0,-27.0,-179.0
49.0,-235.0,60.0,425.0,-26.0,-183.0
47.0,-234.0,60.0,422.0,-27.0,-188.0
50.0,-234.0,61.0,422.0,-29.0,-192.0
46.0,-237.0,59.0,419.0,-33.0,-191.0
48.0,-237.0,66.0,414.0,-35.0,-188.0
48.0,-237.0,59.0,409.0,-37.0,-184.0
48.0,-238.0,63.0,399.0,-37.0,-185.0
49.0,-241.0,65.0,395.0,-42.0,-184.0
45.0,-241.0,67.0,397.0,-48.0,-182.0
49.0,-241.0,64.0,399.0,-49.0,-180.0
50.0,-245.0,66.0,402.0,-46.0,-182.0
47.0,-240.0,65.0,406.0,-45.0,-180.0
54.0,-240.0,63.0,407.0,-47.0,-177.0
52.0,-238.0,62.0,408.0,-48.0,-176.0
55.0,-240.0,63.0,408.0,-47.0,-176.0
53.0,-240.0,58.0,405.0,-47.0,-175.0
54.0,-236.0,64.0,402.0,-46.0,-177.0
54.0,-234.0,63.0,400.0,-45.0,-180.0
56.0,-237.0,62.0,400.0,-43.0,-179.0
54.0,-234.0,63.0,397.0,-40.0,-182.0
55.0,-235.0,65.0,396.0,-36.0,-184.0
55.0,-234.0,64.0,395.0,-36.0,-185.0
56.0,-238.0,64.0,393.0,-36.0,-189.0
54.0,-236.0,69.0,393.0,-39.0,-186.0
54.0,-239.0,68.0,394.0,-39.0,-185.0
57.0,-236.0,66.0,395.0,-42.0,-183.0
58.0,-236.0,68.0,395.0,-46.0,-184.0
56.0,-238.0,70.0,394.0,-49.0,-187.0
57.0,-234.0,66.0,393.0,-51.0,-191.0
58.0,-237.0,63.0,390.0,-53.0,-194.0
57.0,-236.0,70.0,390.0,-54.0,-198.0
58.0,-234.0,68.0,389.0,-58.0,-199.0
57.0,-234.0,69.0,389.0,-60.0,-204.0
58.0,-230.0,68.0,387.0,-59.0,-210.0
60.0,-230.0,69.0,389.0,-59.0,-214.0
60.0,-234.0,73.0,392.0,-57.0,-214.0
58.0,-230.0,76.0,398.0,-58.0,-214.0
61.0,-227.0,74.0,403.0,-58.0,-211.0
59.0,-227.0,80.0,405.0,-53.0,-207.0
58.0,-221.0,77.0,399.0,-50.0,-203.0
62.0,-223.0,76.0,389.0,-43.0,-197.0
64.0,-220.0,76.0,377.0,-37.0,-192.0
62.0,-219.0,76.0,361.0,-30.0,-185.0
63.0,-221.0,76.0,339.0,-27.0,-179.0
61.0,-216.0,77.0,316.0,-25.0,-174.0
63.0,-217.0,74.0,293.0,-23.0,-169.0
60.0,-219.0,80.0,271.0,-23.0,-170.0
62.0,-218.0,84.0,249.0,-24.0,-167.0
61.0,-220.0,78.0,226.0,-28.0,-166.0
57.0,-217.0,79.0,200.0,-33.0,-162.0
60.0,-225.0,78.0,176.0,-38.0,-160.0
62.0,-225.0,80.0,153.0,-43.0,-156.0
65.0,-227.0,81.0,141.0,-49.0,-154.0
62.0,-226.0,83.0,134.0,-52.0,-155.0
65.0,-228.0,82.0,128.0,-52.0,-150.0
63.0,-222.0,74.0,115.0,-48.0,-148.0
64.0,-217.0,74.0,97.0,-41.0,-143.0
63.0,-218.0,72.0,74.0,-40.0,-140.0
66.0,-217.0,69.0,43.0,-40.0,-136.0
68.0,-216.0,70.0,12.0,-41.0,-135.0
67.0,-222.0,73.0,-15.0,-40.0,-135.0
67.0,-222.0,73.0,-32.0,-41.0,-139.0
68.0,-228.0,78.0,-40.0,-41.0,-143.0
66.0,-234.0,74.0,-38.0,-38.0,-144.0
68.0,-242.0,75.0,-29.0,-35.0,-146.0
66.0,-243.0,77.0,-15.0,-32.0,-148.0
69.0,-246.0,84.0,14.0,-31.0,-152.0
67.0,-251.0,77.0,49.0,-29.0,-154.0
69.0,-250.0,82.0,86.0,-26.0,-159.0
70.0,-251.0,66.0,119.0,-19.0,-164.0
72.0,-247.0,76.0,147.0,-12.0,-169.0
73.0,-243.0,70.0,173.0,-7.0,-177.0
74.0,-245.0,77.0,208.0,-5.0,-183.0
73.0,-240.0,78.0,243.0,-4.0,-193.0
74.0,-238.0,77.0,277.0,-3.0,-203.0
72.0,-236.0,79.0,305.0,0.0,-213.0
74.0,-233.0,79.0,328.0,10.0,-221.0
75.0,-234.0,76.0,348.0,20.0,-228.0
77.0,-234.0,79.0,366.0,29.0,-237.0
76.0,-229.0,82.0,378.0,39.0,-243.0
77.0,-231.0,79.0,387.0,46.0,-252.0
79.0,-223.0,76.0,387.0,53.0,-258.0
77.0,-224.0,78.0,378.0,61.0,-260.0
77.0,-221.0,77.0,364.0,68.0,-264.0
79.0,-225.0,76.0,354.0,75.0,-268.0
79.0,-223.0,78.0,345.0,79.0,-272.0
78.0,-222.0,79.0,336.0,83.0,-275.0
80.0,-222.0,80.0,332.0,88.0,-278.0
76.0,-224.0,81.0,333.0,94.0,-280.0
76.0,-224.0,85.0,341.0,98.0,-284.0
75.0,-230.0,88.0,351.0,102.0,-285.0
76.0,-231.0,85.0,364.0,106.0,-286.0
75.0,-229.0,86.0,378.0,108.0,-288.0
76.0,-231.0,87.0,393.0,110.0,-290.0
73.0,-228.0,85.0,405.0,113.0,-292.0
76.0,-227.0,85.0,416.0,114.0,-297.0
81.0,-225.0,86.0,423.0,114.0,-299.0
79.0,-224.0,90.0,427.0,115.0,-305.0
78.0,-221.0,89.0,423.0,117.0,-309.0
79.0,-220.0,88.0,416.0,117.0,-315.0
80.0,-220.0,91.0,404.0,118.0,-321.0
85.0,-221.0,87.0,384.0,120.0,-330.0
84.0,-219.0,88.0,360.0,121.0,-336.0
88.0,-219.0,84.0,333.0,120.0,-344.0
91.0,-227.0,87.0,307.0,124.0,-353.0
97.0,-232.0,85.0,286.0,130.0,-364.0
91.0,-236.0,85.0,286.0,139.0,-382.0
98.0,-244.0,85.0,305.0,154.0,-403.0
95.0,-248.0,89.0,342.0,174.0,-426.0
99.0,-248.0,86.0,393.0,201.0,-450.0
98.0,-248.0,90.0,454.0,227.0,-474.0
96.0,-246.0,86.0,524.0,253.0,-497.0
95.0,-241.0,86.0,590.0,279.0,-520.0
89.0,-231.0,91.0,646.0,305.0,-537.0
90.0,-225.0,88.0,693.0,326.0,-552.0
88.0,-220.0,88.0,725.0,343.0,-567.0
86.0,-213.0,89.0,748.0,359.0,-577.0
82.0,-211.0,95.0,761.0,370.0,-586.0
76.0,-207.0,94.0,770.0,374.0,-590.0
73.0,-204.0,96.0,775.0,374.0,-592.0
71.0,-201.0,93.0,770.0,372.0,-589.0
68.0,-202.0,102.0,762.0,369.0,-585.0
65.0,-197.0,99.0,749.0,361.0,-578.0
65.0,-198.0,101.0,731.0,353.0,-572.0
64.0,-201.0,101.0,716.0,342.0,-565.0
64.0,-201.0,102.0,705.0,329.0,-559.0
64.0,-210.0,101.0,700.0,319.0,-556.0
65.0,-212.0,106.0,703.0,310.0,-558.0
65.0,-218.0,102.0,713.0,304.0,-557.0
66.0,-224.0,107.0,735.0,299.0,-562.0
70.0,-226.0,108.0,761.0,296.0,-567.0
71.0,-224.0,108.0,794.0,295.0,-575.0
71.0,-225.0,109.0,827.0,294.0,-585.0
70.0,-223.0,108.0,859.0,294.0,-595.0
73.0,-217.0,102.0,886.0,292.0,-607.0
70.0,-215.0,111.0,905.0,291.0,-617.0
69.0,-210.0,110.0,919.0,287.0,-625.0
71.0,-210.0,110.0,927.0,283.0,-631.0
66.0,-203.0,110.0,937.0,280.0,-638.0
62.0,-200.0,112.0,942.0,275.0,-642.0
62.0,-202.0,105.0,945.0,269.0,-644.0
62.0,-198.0,109.0,945.0,262.0,-646.0
63.0,-198.0,109.0,945.0,249.0,-648.0
63.0,-201.0,113.0,951.0,240.0,-652.0
64.0,-204.0,109.0,962.0,225.0,-655.0
65.0,-203.0,115.0,978.0,210.0,-663.0
66.0,-204.0,113.0,994.0,191.0,-671.0
66.0,-204.0,114.0,1013.0,176.0,-685.0
67.0,-200.0,114.0,1034.0,161.0,-695.0
68.0,-201.0,113.0,1056.0,143.0,-707.0
69.0,-199.0,111.0,1075.0,131.0,-721.0
67.0,-197.0,114.0,1093.0,117.0,-737.0
71.0,-193.0,117.0,1111.0,99.0,-753.0
71.0,-188.0,122.0,1122.0,81.0,-769.0
70.0,-188.0,118.0,1135.0,59.0,-781.0
72.0,-180.0,120.0,1146.0,35.0,-797.0
68.0,-179.0,123.0,1158.0,11.0,-817.0
74.0,-181.0,127.0,1169.0,-14.0,-838.0
76.0,-181.0,126.0,1184.0,-32.0,-863.0
68.0,-176.0,130.0,1199.0,-59.0,-890.0
84.0,-175.0,127.0,1202.0,-86.0,-924.0
85.0,-172.0,129.0,1225.0,-94.0,-935.0
82.0,-171.0,129.0,1247.0,-105.0,-945.0
89.0,-166.0,129.0,1262.0,-115.0,-959.0
90.0,-162.0,127.0,1275.0,-126.0,-975.0
89.0,-165.0,126.0,1288.0,-133.0,-990.0
90.0,-165.0,126.0,1304.0,-143.0,-1003.0
99.0,-166.0,123.0,1322.0,-149.0,-1014.0
96.0,-162.0,124.0,1341.0,-150.0,-1028.0
95.0,-163.0,124.0,1359.0,-149.0,-1039.0
94.0,-161.0,124.0,1381.0,-152.0,-1048.0
96.0,-156.0,123.0,1409.0,-152.0,-1059.0
90.0,-150.0,118.0,1433.0,-154.0,-1064.0
89.0,-151.0,123.0,1456.0,-156.0,-1071.0
89.0,-146.0,119.0,1475.0,-160.0,-1076.0
89.0,-140.0,120.0,1492.0,-168.0,-1079.0
90.0,-139.0,119.0,1509.0,-179.0,-1082.0
81.0,-133.0,120.0,1529.0,-190.0,-1091.0
81.0,-134.0,114.0,1541.0,-202.0,-1095.0
78.0,-131.0,116.0,1557.0,-215.0,-1102.0
78.0,-127.0,113.0,1577.0,-227.0,-1113.0
83.0,-123.0,115.0,1595.0,-240.0,-1129.0
77.0,-123.0,121.0,1611.0,-252.0,-1152.0
83.0,-118.0,117.0,1631.0,-270.0,-1178.0
84.0,-120.0,120.0,1643.0,-289.0,-1210.0
85.0,-112.0,120.0,1657.0,-316.0,-1243.0
86.0,-108.0,125.0,1674.0,-334.0,-1269.0
102.0,-100.0,117.0,1690.0,-355.0,-1289.0
101.0,-100.0,124.0,1701.0,-371.0,-1301.0
120.0,-98.0,123.0,1712.0,-391.0,-1311.0
99.0,-100.0,123.0,1735.0,-411.0,-1330.0
103.0,-97.0,122.0,1744.0,-430.0,-1338.0
105.0,-96.0,120.0,1758.0,-449.0,-1351.0
114.0,-98.0,118.0,1786.0,-467.0,-1367.0
122.0,-96.0,114.0,1816.0,-481.0,-1387.0
154.0,-92.0,123.0,1848.0,-489.0,-1414.0
135.0,-93.0,121.0,1877.0,-472.0,-1443.0
130.0,-97.0,119.0,1899.0,-445.0,-1457.0
145.0,-91.0,118.0,1933.0,-432.0,-1473.0
180.0,-79.0,121.0,1983.0,-411.0,-1498.0
186.0,-80.0,126.0,2005.0,-356.0,-1520.0
170.0,-78.0,134.0,1995.0,-297.0,-1537.0
164.0,-79.0,129.0,2000.0,-258.0,-1545.0
161.0,-76.0,128.0,2036.0,-237.0,-1546.0
138.0,-75.0,125.0,2075.0,-228.0,-1538.0
139.0,-74.0,123.0,2109.0,-238.0,-1529.0
129.0,-67.0,126.0,2143.0,-253.0,-1528.0
125.0,-63.0,124.0,2167.0,-264.0,-1526.0
125.0,-59.0,121.0,2186.0,-279.0,-1533.0
115.0,-49.0,120.0,2208.0,-285.0,-1542.0
94.0,-45.0,117.0,2227.0,-295.0,-1544.0
83.0,-36.0,117.0,2236.0,-302.0,-1540.0
72.0,-34.0,122.0,2240.0,-304.0,-1523.0
64.0,-43.0,121.0,2248.0,-318.0,-1504.0
55.0,-46.0,119.0,2255.0,-335.0,-1484.0
62.0,-55.0,112.0,2281.0,-347.0,-1463.0
57.0,-58.0,109.0,2319.0,-347.0,-1439.0
45.0,-69.0,93.0,2361.0,-338.0,-1423.0
33.0,-70.0,90.0,2403.0,-334.0,-1405.0
22.0,-72.0,88.0,2459.0,-340.0,-1388.0
28.0,-69.0,80.0,2517.0,-352.0,-1372.0
29.0,-63.0,76.0,2567.0,-362.0,-1356.0
29.0,-50.0,75.0,2601.0,-362.0,-1342.0
-4.0,-48.0,66.0,2607.0,-353.0,-1318.0
-10.0,-34.0,58.0,2602.0,-366.0,-1284.0
2.0,-23.0,54.0,2601.0,-396.0,-1257.0
62.0,-3.0,52.0,2614.0,-413.0,-1244.0
55.0,18.0,48.0,2625.0,-383.0,-1264.0
53.0,29.0,24.0,2625.0,-314.0,-1286.0
-20.0,41.0,-8.0,2582.0,-203.0,-1296.0
-59.0,46.0,-14.0,2490.0,-129.0,-1254.0
-41.0,64.0,-39.0,2416.0,-115.0,-1206.0
22.0,107.0,-21.0,2343.0,-69.0,-1176.0
72.0,165.0,15.0,2276.0,91.0,-1175.0
128.0,211.0,70.0,2176.0,343.0,-1175.0
127.0,238.0,75.0,2007.0,619.0,-1076.0
189.0,266.0,92.0,1810.0,709.0,-907.0
329.0,322.0,160.0,1658.0,823.0,-760.0
412.0,363.0,239.0,1555.0,1051.0,-632.0
428.0,456.0,329.0,1433.0,1316.0,-440.0
413.0,544.0,416.0,1263.0,1574.0,-208.0
427.0,634.0,464.0,1106.0,1709.0,154.0
548.0,785.0,528.0,965.0,1583.0,549.0
662.0,944.0,544.0,829.0,1258.0,964.0
649.0,1016.0,538.0,630.0,896.0,1339.0
626.0,933.0,502.0,388.0,680.0,1764.0
867.0,708.0,390.0,-34.0,480.0,2069.0
601.0,479.0,293.0,-806.0,213.0,2253.0
433.0,232.0,236.0,-1621.0,-291.0,2452.0
217.0,34.0,184.0,-2120.0,-780.0,2522.0
116.0,-56.0,217.0,-2359.0,-832.0,2533.0
100.0,-116.0,301.0,-2286.0,-562.0,2405.0
48.0,-180.0,341.0,-1962.0,-206.0,2068.0
103.0,-179.0,367.0,-1597.0,278.0,1688.0
67.0,-163.0,357.0,-1359.0,704.0,1206.0
79.0,-151.0,349.0,-1223.0,1045.0,823.0
130.0,-110.0,319.0,-1110.0,1195.0,515.0
190.0,-55.0,278.0,-860.0,1188.0,243.0
281.0,40.0,235.0,-493.0,1111.0,17.0
295.0,117.0,249.0,-108.0,973.0,-165.0
296.0,186.0,245.0,275.0,729.0,-286.0
292.0,239.0,256.0,569.0,385.0,-319.0
293.0,261.0,291.0,666.0,25.0,-316.0
299.0,249.0,323.0,634.0,-335.0,-305.0
299.0,230.0,330.0,552.0,-606.0,-285.0
279.0,189.0,328.0,453.0,-767.0,-276.0
246.0,148.0,317.0,353.0,-848.0,-286.0
206.0,112.0,298.0,282.0,-878.0,-306.0
183.0,86.0,281.0,280.0,-877.0,-328.0
158.0,70.0,258.0,356.0,-879.0,-362.0
160.0,71.0,230.0,498.0,-884.0,-410.0
161.0,71.0,205.0,636.0,-875.0,-480.0
141.0,84.0,192.0,738.0,-862.0,-546.0
133.0,90.0,183.0,785.0,-869.0,-588.0
115.0,102.0,161.0,786.0,-880.0,-617.0
95.0,110.0,150.0,768.0,-902.0,-619.0
93.0,116.0,140.0,736.0,-942.0,-600.0
112.0,115.0,135.0,684.0,-969.0,-559.0
106.0,121.0,134.0,612.0,-968.0,-512.0
102.0,125.0,133.0,523.0,-953.0,-455.0
104.0,123.0,136.0,425.0,-913.0,-396.0
115.0,119.0,137.0,344.0,-835.0,-330.0
117.0,113.0,142.0,263.0,-745.0,-257.0
128.0,100.0,143.0,187.0,-648.0,-191.0
120.0,89.0,143.0,144.0,-538.0,-105.0
117.0,78.0,147.0,122.0,-451.0,-41.0
109.0,67.0,145.0,123.0,-391.0,16.0
115.0,63.0,134.0,120.0,-374.0,63.0
110.0,55.0,139.0,129.0,-366.0,110.0
122.0,48.0,135.0,136.0,-387.0,145.0
122.0,48.0,133.0,148.0,-407.0,167.0
127.0,49.0,130.0,158.0,-421.0,198.0
132.0,47.0,125.0,163.0,-428.0,233.0
134.0,54.0,122.0,136.0,-436.0,258.0
146.0,56.0,119.0,81.0,-446.0,276.0
147.0,62.0,119.0,19.0,-430.0,294.0
149.0,64.0,115.0,-44.0,-406.0,314.0
157.0,64.0,120.0,-93.0,-390.0,333.0
155.0,66.0,119.0,-125.0,-390.0,337.0
170.0,65.0,125.0,-150.0,-395.0,335.0
176.0,59.0,124.0,-151.0,-382.0,337.0
187.0,51.0,127.0,-154.0,-378.0,329.0
195.0,43.0,127.0,-144.0,-360.0,324.0
200.0,42.0,130.0,-118.0,-327.0,326.0
203.0,33.0,131.0,-103.0,-300.0,327.0
207.0,35.0,132.0,-84.0,-276.0,331.0
214.0,37.0,134.0,-69.0,-262.0,334.0
212.0,45.0,135.0,-44.0,-256.0,337.0
216.0,49.0,147.0,-12.0,-251.0,350.0
220.0,58.0,143.0,13.0,-249.0,363.0
221.0,61.0,147.0,15.0,-247.0,375.0
222.0,64.0,154.0,11.0,-245.0,382.0
233.0,70.0,152.0,2.0,-238.0,382.0
239.0,72.0,160.0,-14.0,-224.0,380.0
245.0,76.0,161.0,-42.0,-220.0,368.0
244.0,74.0,164.0,-83.0,-219.0,356.0
252.0,81.0,168.0,-126.0,-225.0,345.0
247.0,76.0,168.0,-170.0,-232.0,331.0
245.0,72.0,179.0,-206.0,-246.0,311.0
252.0,72.0,168.0,-231.0,-260.0,291.0
256.0,61.0,168.0,-249.0,-275.0,270.0
262.0,54.0,160.0,-249.0,-253.0,241.0
257.0,49.0,163.0,-243.0,-224.0,228.0
259.0,41.0,167.0,-229.0,-196.0,212.0
258.0,40.0,165.0,-201.0,-177.0,188.0
247.0,44.0,164.0,-161.0,-162.0,162.0
244.0,57.0,172.0,-115.0,-152.0,124.0
233.0,59.0,176.0,-69.0,-155.0,110.0
232.0,60.0,177.0,-25.0,-165.0,103.0
229.0,62.0,179.0,3.0,-189.0,108.0
225.0,62.0,179.0,29.0,-218.0,120.0
228.0,62.0,175.0,55.0,-254.0,135.0
225.0,62.0,175.0,76.0,-281.0,161.0
225.0,59.0,173.0,82.0,-297.0,180.0
216.0,65.0,173.0,72.0,-309.0,202.0
196.0,70.0,168.0,50.0,-330.0,227.0
198.0,74.0,164.0,15.0,-357.0,244.0
188.0,74.0,152.0,-16.0,-376.0,258.0
188.0,71.0,144.0,-48.0,-362.0,263.0
187.0,65.0,134.0,-71.0,-321.0,260.0
179.0,63.0,125.0,-87.0,-254.0,242.0
173.0,58.0,119.0,-93.0,-177.0,227.0
171.0,55.0,119.0,-99.0,-99.0,216.0
175.0,56.0,121.0,-98.0,-23.0,206.0
179.0,55.0,127.0,-92.0,52.0,203.0
181.0,50.0,130.0,-81.0,115.0,200.0
188.0,49.0,138.0,-67.0,160.0,202.0
191.0,49.0,140.0,-54.0,188.0,208.0
192.0,49.0,142.0,-45.0,205.0,220.0
198.0,54.0,146.0,-44.0,207.0,236.0
207.0,53.0,150.0,-46.0,197.0,255.0
206.0,53.0,151.0,-56.0,172.0,270.0
215.0,57.0,157.0,-77.0,145.0,289.0
219.0,56.0,148.0,-105.0,124.0,308.0
221.0,55.0,149.0,-136.0,104.0,321.0
215.0,54.0,144.0,-177.0,96.0,339.0
215.0,51.0,152.0,-219.0,91.0,359.0
213.0,47.0,146.0,-265.0,85.0,372.0
207.0,44.0,143.0,-306.0,93.0,384.0
210.0,43.0,144.0,-336.0,109.0,394.0
208.0,39.0,140.0,-362.0,141.0,398.0
212.0,40.0,141.0,-381.0,185.0,400.0
212.0,33.0,140.0,-388.0,238.0,398.0
215.0,27.0,137.0,-389.0,287.0,395.0
211.0,27.0,139.0,-379.0,331.0,385.0
217.0,24.0,142.0,-358.0,364.0,371.0
214.0,23.0,140.0,-328.0,389.0,355.0
215.0,24.0,138.0,-294.0,412.0,345.0
225.0,25.0,140.0,-265.0,427.0,341.0
225.0,26.0,144.0,-238.0,443.0,337.0
234.0,28.0,141.0,-213.0,454.0,336.0
222.0,32.0,141.0,-195.0,461.0,324.0
226.0,31.0,147.0,-188.0,471.0,314.0
233.0,32.0,145.0,-193.0,471.0,302.0
234.0,39.0,141.0,-206.0,474.0,289.0
236.0,41.0,140.0,-224.0,484.0,269.0
231.0,39.0,148.0,-244.0,505.0,262.0
228.0,34.0,146.0,-281.0,519.0,260.0
221.0,33.0,150.0,-328.0,527.0,253.0
227.0,32.0,149.0,-364.0,530.0,240.0
225.0,32.0,147.0,-388.0,535.0,218.0
227.0,33.0,152.0,-407.0,559.0,200.0
232.0,30.0,151.0,-440.0,581.0,186.0
227.0,34.0,150.0,-480.0,602.0,163.0
228.0,27.0,151.0,-508.0,627.0,159.0
216.0,30.0,152.0,-527.0,645.0,144.0
219.0,19.0,152.0,-540.0,653.0,139.0
217.0,13.0,157.0,-538.0,656.0,116.0
213.0,13.0,158.0,-535.0,657.0,96.0
214.0,2.0,159.0,-536.0,665.0,73.0
211.0,0.0,165.0,-532.0,674.0,48.0
211.0,-4.0,167.0,-511.0,682.0,25.0
210.0,-4.0,170.0,-477.0,690.0,2.0
202.0,-4.0,176.0,-445.0,710.0,-21.0
194.0,-4.0,183.0,-419.0,729.0,-33.0
195.0,-3.0,171.0,-402.0,742.0,-50.0
203.0,7.0,173.0,-389.0,756.0,-66.0
201.0,11.0,180.0,-367.0,766.0,-102.0
189.0,15.0,172.0,-355.0,790.0,-121.0
179.0,20.0,181.0,-382.0,812.0,-108.0
188.0,16.0,184.0,-430.0,813.0,-90.0
199.0,14.0,188.0,-483.0,818.0,-94.0
203.0,20.0,196.0,-520.0,832.0,-119.0
198.0,29.0,194.0,-536.0,865.0,-148.0
193.0,31.0,187.0,-565.0,902.0,-144.0
194.0,27.0,176.0,-633.0,915.0,-127.0
196.0,23.0,177.0,-704.0,915.0,-109.0
194.0,16.0,174.0,-758.0,917.0,-98.0
185.0,12.0,181.0,-808.0,921.0,-90.0
174.0,1.0,180.0,-842.0,924.0,-79.0
163.0,-9.0,187.0,-861.0,923.0,-61.0
163.0,-16.0,195.0,-857.0,913.0,-50.0
141.0,-20.0,192.0,-830.0,898.0,-43.0
138.0,-31.0,199.0,-784.0,862.0,-25.0
98.0,-46.0,204.0,-733.0,792.0,-13.0
63.0,-62.0,216.0,-678.0,684.0,10.0
63.0,-82.0,222.0,-612.0,534.0,34.0
65.0,-95.0,239.0,-508.0,393.0,44.0
68.0,-99.0,257.0,-367.0,286.0,36.0
67.0,-85.0,270.0,-209.0,203.0,10.0
68.0,-68.0,272.0,-53.0,137.0,-24.0
77.0,-55.0,275.0,81.0,81.0,-55.0
88.0,-37.0,267.0,194.0,33.0,-81.0
99.0,-45.0,230.0,287.0,4.0,-108.0
106.0,-3.0,257.0,291.0,-5.0,-140.0
122.0,15.0,237.0,336.0,3.0,-170.0
128.0,24.0,220.0,378.0,22.0,-182.0
132.0,21.0,214.0,349.0,28.0,-184.0
140.0,21.0,213.0,279.0,23.0,-174.0
139.0,14.0,214.0,226.0,-2.0,-164.0
145.0,10.0,223.0,182.0,-37.0,-144.0
141.0,5.0,224.0,140.0,-74.0,-125.0
136.0,8.0,228.0,91.0,-110.0,-99.0
139.0,3.0,221.0,38.0,-146.0,-71.0
136.0,2.0,213.0,-10.0,-172.0,-43.0
135.0,1.0,205.0,-52.0,-194.0,-18.0
140.0,-3.0,202.0,-87.0,-210.0,3.0
142.0,-5.0,191.0,-119.0,-217.0,21.0
146.0,-4.0,185.0,-142.0,-218.0,34.0
148.0,-14.0,177.0,-152.0,-206.0,41.0
153.0,-16.0,164.0,-152.0,-181.0,44.0
155.0,-21.0,163.0,-141.0,-150.0,48.0
156.0,-20.0,159.0,-120.0,-117.0,54.0
161.0,-21.0,156.0,-88.0,-84.0,58.0
161.0,-19.0,158.0,-50.0,-53.0,63.0
164.0,-14.0,163.0,-15.0,-23.0,70.0
165.0,-10.0,167.0,16.0,5.0,77.0
174.0,-14.0,171.0,45.0,29.0,82.0
173.0,-6.0,176.0,74.0,53.0,87.0
182.0,-9.0,182.0,105.0,84.0,90.0
184.0,-10.0,186.0,137.0,114.0,90.0
186.0,-10.0,189.0,164.0,141.0,89.0
190.0,-11.0,191.0,187.0,166.0,86.0
193.0,-8.0,194.0,205.0,186.0,83.0
193.0,-4.0,198.0,219.0,199.0,77.0
195.0,-5.0,197.0,228.0,204.0,73.0
199.0,-4.0,196.0,235.0,201.0,74.0
196.0,4.0,197.0,246.0,197.0,72.0
198.0,4.0,199.0,246.0,182.0,73.0
194.0,9.0,199.0,237.0,158.0,78.0
190.0,10.0,204.0,224.0,137.0,86.0
190.0,16.0,195.0,212.0,108.0,92.0
193.0,20.0,199.0,198.0,75.0,96.0
190.0,16.0,198.0,183.0,46.0,97.0
190.0,13.0,200.0,175.0,22.0,92.0
190.0,12.0,202.0,173.0,3.0,86.0
189.0,11.0,198.0,174.0,-15.0,74.0
187.0,14.0,206.0,177.0,-30.0,61.0
185.0,11.0,199.0,181.0,-43.0,48.0
182.0,11.0,197.0,183.0,-57.0,35.0
178.0,9.0,197.0,185.0,-69.0,22.0
178.0,10.0,195.0,189.0,-81.0,9.0
176.0,9.0,195.0,193.0,-89.0,-3.0
175.0,6.0,194.0,195.0,-90.0,-13.0
174.0,10.0,196.0,197.0,-87.0,-25.0
174.0,5.0,197.0,196.0,-80.0,-35.0
171.0,8.0,196.0,196.0,-70.0,-47.0
170.0,4.0,192.0,200.0,-56.0,-56.0
169.0,0.0,195.0,201.0,-42.0,-65.0
167.0,3.0,192.0,202.0,-27.0,-79.0
164.0,1.0,189.0,202.0,-12.0,-87.0
165.0,2.0,193.0,202.0,2.0,-100.0
163.0,1.0,192.0,201.0,15.0,-112.0
163.0,1.0,193.0,201.0,26.0,-124.0
163.0,3.0,190.0,200.0,36.0,-132.0
160.0,3.0,195.0,196.0,46.0,-141.0
160.0,5.0,193.0,188.0,54.0,-146.0
161.0,9.0,190.0,180.0,59.0,-152.0
160.0,9.0,188.0,170.0,60.0,-155.0
158.0,6.0,188.0,160.0,62.0,-154.0
157.0,9.0,189.0,150.0,60.0,-152.0
156.0,5.0,189.0,140.0,60.0,-150.0
156.0,5.0,187.0,127.0,61.0,-144.0
158.0,6.0,192.0,113.0,64.0,-139.0
160.0,6.0,188.0,99.0,66.0,-133.0
158.0,7.0,194.0,83.0,73.0,-126.0
159.0,5.0,187.0,65.0,79.0,-118.0
159.0,4.0,191.0,50.0,88.0,-108.0
157.0,4.0,191.0,36.0,96.0,-100.0
161.0,4.0,191.0,26.0,105.0,-92.0
164.0,3.0,194.0,14.0,113.0,-82.0
165.0,2.0,194.0,5.0,123.0,-74.0
166.0,0.0,195.0,-3.0,130.0,-67.0
173.0,5.0,197.0,-8.0,137.0,-65.0
168.0,0.0,194.0,-11.0,141.0,-60.0
165.0,0.0,192.0,-13.0,140.0,-57.0
168.0,0.0,195.0,-13.0,141.0,-54.0
168.0,0.0,192.0,-11.0,140.0,-51.0
165.0,-2.0,195.0,-8.0,137.0,-51.0
166.0,1.0,196.0,-4.0,135.0,-51.0
165.0,2.0,198.0,0.0,129.0,-49.0
165.0,1.0,200.0,5.0,121.0,-47.0
165.0,2.0,197.0,10.0,113.0,-49.0
161.0,2.0,197.0,17.0,107.0,-48.0
158.0,1.0,203.0,23.0,101.0,-48.0
158.0,2.0,204.0,33.0,100.0,-46.0
162.0,1.0,205.0,43.0,100.0,-43.0
162.0,3.0,207.0,53.0,102.0,-42.0
164.0,5.0,207.0,63.0,104.0,-40.0
162.0,8.0,207.0,75.0,103.0,-42.0
161.0,7.0,206.0,86.0,101.0,-41.0
165.0,7.0,206.0,94.0,98.0,-43.0
164.0,11.0,203.0,102.0,92.0,-44.0
165.0,11.0,203.0,108.0,86.0,-43.0
166.0,16.0,204.0,111.0,78.0,-43.0
165.0,16.0,205.0,114.0,71.0,-43.0
162.0,16.0,203.0,115.0,61.0,-42.0
164.0,17.0,200.0,115.0,52.0,-40.0
162.0,16.0,203.0,116.0,42.0,-38.0
161.0,20.0,197.0,115.0,35.0,-37.0
161.0,18.0,198.0,115.0,27.0,-35.0
155.0,21.0,201.0,112.0,21.0,-34.0
160.0,18.0,200.0,112.0,16.0,-34.0
155.0,18.0,198.0,110.0,15.0,-33.0
157.0,17.0,200.0,110.0,14.0,-31.0
157.0,15.0,201.0,110.0,13.0,-28.0
158.0,18.0,201.0,109.0,16.0,-28.0
157.0,16.0,200.0,108.0,18.0,-26.0
159.0,15.0,198.0,103.0,21.0,-24.0
158.0,15.0,199.0,97.0,25.0,-25.0
158.0,15.0,203.0,92.0,28.0,-21.0
158.0,16.0,202.0,84.0,28.0,-19.0
157.0,15.0,201.0,75.0,23.0,-18.0
154.0,13.0,199.0,66.0,20.0,-14.0
158.0,10.0,204.0,55.0,19.0,-10.0
157.0,9.0,200.0,49.0,19.0,-8.0
155.0,6.0,204.0,48.0,17.0,-6.0
153.0,9.0,195.0,50.0,16.0,-7.0
158.0,8.0,200.0,52.0,21.0,-5.0
153.0,7.0,198.0,55.0,26.0,-6.0
156.0,7.0,200.0,56.0,31.0,-6.0
