-2.0,-184.0,171.0,125.0,65.0,-17.0
-2.0,-184.0,164.0,130.0,70.0,-18.0
0.0,-182.0,161.0,134.0,74.0,-18.0
-2.0,-180.0,162.0,137.0,78.0,-16.0
-1.0,-180.0,167.0,137.0,82.0,-15.0
-3.0,-181.0,167.0,139.0,82.0,-15.0
-2.0,-179.0,163.0,139.0,80.0,-16.0
-4.0,-179.0,169.0,134.0,78.0,-19.0
-6.0,-176.0,173.0,126.0,74.0,-18.0
-3.0,-179.0,172.0,119.0,70.0,-17.0
-3.0,-179.0,168.0,112.0,67.0,-17.0
-5.0,-181.0,177.0,108.0,66.0,-18.0
0.0,-180.0,168.0,107.0,65.0,-19.0
-3.0,-184.0,170.0,103.0,63.0,-19.0
-4.0,-180.0,173.0,100.0,63.0,-20.0
-2.0,-181.0,170.0,94.0,63.0,-20.0
0.0,-181.0,165.0,92.0,65.0,-20.0
1.0,-183.0,172.0,90.0,66.0,-21.0
0.0,-179.0,169.0,89.0,68.0,-19.0
1.0,-183.0,167.0,94.0,72.0,-19.0
-1.0,-181.0,166.0,101.0,76.0,-18.0
0.0,-183.0,168.0,106.0,80.0,-18.0
0.0,-181.0,172.0,109.0,83.0,-17.0
0.0,-184.0,169.0,113.0,83.0,-18.0
0.0,-181.0,170.0,113.0,86.0,-17.0
1.0,-179.0,178.0,111.0,87.0,-18.0
1.0,-180.0,171.0,109.0,93.0,-20.0
6.0,-182.0,171.0,109.0,100.0,-22.0
9.0,-180.0,172.0,111.0,108.0,-29.0
11.0,-181.0,172.0,110.0,111.0,-33.0
14.0,-183.0,173.0,112.0,117.0,-39.0
13.0,-183.0,170.0,115.0,126.0,-45.0
17.0,-184.0,171.0,118.0,135.0,-56.0
18.0,-185.0,171.0,124.0,145.0,-66.0
14.0,-186.0,163.0,128.0,157.0,-77.0
13.0,-187.0,167.0,129.0,168.0,-85.0
10.0,-186.0,164.0,127.0,177.0,-93.0
8.0,-186.0,169.0,127.0,183.0,-102.0
4.0,-191.0,166.0,128.0,189.0,-117.0
3.0,-186.0,162.0,132.0,196.0,-130.0
0.0,-185.0,168.0,128.0,202.0,-142.0
-3.0,-185.0,169.0,127.0,210.0,-152.0
-7.0,-184.0,168.0,125.0,215.0,-160.0
-8.0,-183.0,168.0,123.0,218.0,-167.0
-13.0,-183.0,170.0,124.0,218.0,-171.0
-11.0,-181.0,173.0,125.0,217.0,-173.0
-10.0,-182.0,174.0,125.0,211.0,-172.0
-9.0,-184.0,172.0,126.0,205.0,-170.0
-10.0,-181.0,172.0,126.0,199.0,-167.0
-13.0,-183.0,175.0,128.0,196.0,-164.0
-13.0,-179.0,170.0,123.0,190.0,-158.0
-12.0,-180.0,174.0,117.0,182.0,-153.0
-11.0,-180.0,176.0,114.0,177.0,-151.0
-9.0,-183.0,175.0,115.0,171.0,-146.0
-6.0,-181.0,172.0,117.0,169.0,-142.0
-2.0,-183.0,171.0,121.0,173.0,-142.0
-4.0,-179.0,169.0,126.0,179.0,-144.0
-10.0,-177.0,172.0,129.0,185.0,-143.0
-9.0,-181.0,173.0,132.0,183.0,-141.0
-12.0,-178.0,174.0,133.0,178.0,-137.0
-14.0,-178.0,173.0,129.0,171.0,-133.0
-17.0,-177.0,171.0,133.0,168.0,-135.0
-20.0,-177.0,175.0,135.0,169.0,-135.0
-17.0,-176.0,169.0,133.0,170.0,-134.0
-18.0,-176.0,169.0,135.0,176.0,-134.0
-15.0,-175.0,169.0,138.0,179.0,-132.0
-16.0,-174.0,171.0,139.0,181.0,-128.0
-15.0,-172.0,168.0,141.0,181.0,-125.0
-13.0,-177.0,174.0,143.0,178.0,-120.0
-14.0,-172.0,169.0,139.0,172.0,-113.0
-17.0,-170.0,172.0,130.0,164.0,-103.0
-16.0,-173.0,169.0,123.0,154.0,-98.0
-15.0,-171.0,171.0,118.0,145.0,-93.0
-12.0,-179.0,174.0,109.0,133.0,-86.0
-13.0,-178.0,174.0,101.0,124.0,-78.0
-16.0,-178.0,175.0,99.0,115.0,-76.0
-15.0,-183.0,176.0,100.0,109.0,-72.0
-12.0,-178.0,176.0,103.0,107.0,-68.0
-11.0,-179.0,178.0,106.0,105.0,-64.0
-8.0,-181.0,177.0,108.0,105.0,-58.0
-9.0,-175.0,173.0,110.0,105.0,-53.0
-9.0,-174.0,174.0,112.0,105.0,-50.0
-10.0,-176.0,174.0,113.0,107.0,-44.0
-4.0,-172.0,174.0,112.0,104.0,-39.0
-8.0,-172.0,173.0,109.0,100.0,-32.0
-5.0,-174.0,175.0,106.0,96.0,-24.0
-6.0,-172.0,176.0,102.0,90.0,-16.0
-6.0,-171.0,176.0,97.0,85.0,-7.0
-2.0,-172.0,173.0,98.0,82.0,-3.0
0.0,-173.0,175.0,97.0,81.0,3.0
0.0,-173.0,176.0,95.0,81.0,6.0
-1.0,-174.0,175.0,93.0,82.0,9.0
0.0,-172.0,176.0,92.0,83.0,12.0
3.0,-176.0,180.0,93.0,86.0,10.0
0.0,-173.0,176.0,97.0,91.0,12.0
3.0,-175.0,178.0,101.0,93.0,14.0
2.0,-176.0,178.0,103.0,93.0,15.0
1.0,-176.0,181.0,104.0,96.0,11.0
5.0,-181.0,179.0,104.0,97.0,12.0
0.0,-181.0,179.0,109.0,100.0,12.0
0.0,-177.0,177.0,115.0,102.0,14.0
-3.0,-184.0,174.0,119.0,106.0,14.0
0.0,-175.0,179.0,122.0,110.0,16.0
2.0,-178.0,179.0,125.0,113.0,18.0
2.0,-180.0,177.0,144.0,123.0,14.0
0.0,-173.0,174.0,159.0,135.0,12.0
0.0,-171.0,176.0,156.0,130.0,22.0
0.0,-172.0,177.0,153.0,124.0,30.0
0.0,-174.0,179.0,153.0,122.0,37.0
5.0,-182.0,183.0,152.0,121.0,45.0
0.0,-176.0,180.0,162.0,130.0,44.0
-1.0,-174.0,175.0,165.0,133.0,49.0
0.0,-179.0,177.0,165.0,133.0,55.0
1.0,-176.0,172.0,171.0,136.0,56.0
-2.0,-182.0,179.0,176.0,141.0,56.0
0.0,-180.0,173.0,184.0,147.0,54.0
-5.0,-178.0,177.0,191.0,153.0,55.0
0.0,-176.0,175.0,195.0,154.0,58.0
-3.0,-176.0,174.0,195.0,151.0,60.0
-4.0,-178.0,174.0,196.0,147.0,63.0
-5.0,-175.0,175.0,203.0,144.0,63.0
-6.0,-171.0,176.0,213.0,145.0,66.0
-10.0,-170.0,180.0,217.0,145.0,68.0
-11.0,-171.0,176.0,217.0,144.0,69.0
-6.0,-174.0,177.0,214.0,144.0,70.0
-7.0,-170.0,177.0,208.0,144.0,71.0
-7.0,-173.0,174.0,204.0,146.0,73.0
-7.0,-172.0,175.0,205.0,153.0,75.0
-6.0,-174.0,174.0,206.0,160.0,75.0
-5.0,-172.0,177.0,210.0,168.0,73.0
-3.0,-175.0,173.0,218.0,177.0,71.0
-5.0,-175.0,173.0,225.0,184.0,65.0
-9.0,-173.0,173.0,235.0,193.0,61.0
-12.0,-174.0,175.0,241.0,199.0,59.0
-6.0,-177.0,177.0,241.0,201.0,57.0
-12.0,-175.0,172.0,240.0,202.0,54.0
-13.0,-173.0,170.0,242.0,204.0,55.0
-13.0,-176.0,171.0,245.0,210.0,56.0
-16.0,-175.0,171.0,251.0,216.0,56.0
-17.0,-173.0,174.0,257.0,220.0,60.0
-20.0,-171.0,171.0,258.0,221.0,72.0
-19.0,-174.0,174.0,258.0,221.0,85.0
-29.0,-169.0,171.0,256.0,220.0,94.0
-17.0,-173.0,173.0,253.0,216.0,106.0
-17.0,-170.0,174.0,256.0,216.0,121.0
-13.0,-175.0,177.0,258.0,215.0,130.0
-10.0,-173.0,174.0,264.0,219.0,135.0
-11.0,-171.0,178.0,265.0,221.0,143.0
-5.0,-174.0,178.0,268.0,222.0,151.0
-5.0,-174.0,176.0,276.0,231.0,156.0
-4.0,-184.0,173.0,285.0,239.0,155.0
-4.0,-176.0,176.0,291.0,239.0,153.0
-10.0,-175.0,170.0,318.0,253.0,156.0
-12.0,-172.0,178.0,328.0,265.0,160.0
-13.0,-169.0,178.0,318.0,267.0,164.0
-7.0,-171.0,173.0,313.0,273.0,164.0
-9.0,-171.0,178.0,314.0,277.0,165.0
-6.0,-170.0,178.0,315.0,282.0,165.0
-3.0,-171.0,181.0,315.0,290.0,162.0
-12.0,-170.0,176.0,321.0,296.0,155.0
-5.0,-172.0,177.0,337.0,308.0,152.0
-4.0,-171.0,182.0,355.0,323.0,156.0
-10.0,-172.0,179.0,376.0,341.0,159.0
-16.0,-172.0,176.0,392.0,355.0,161.0
-17.0,-168.0,176.0,399.0,369.0,160.0
-20.0,-165.0,175.0,393.0,375.0,162.0
-26.0,-164.0,175.0,373.0,369.0,167.0
-22.0,-166.0,177.0,362.0,364.0,171.0
-21.0,-163.0,182.0,367.0,372.0,183.0
-17.0,-167.0,185.0,379.0,382.0,189.0
-20.0,-164.0,180.0,390.0,392.0,192.0
-19.0,-163.0,182.0,398.0,403.0,198.0
-19.0,-161.0,185.0,400.0,408.0,207.0
-18.0,-155.0,187.0,391.0,404.0,218.0
-19.0,-162.0,185.0,380.0,398.0,225.0
-20.0,-160.0,181.0,385.0,402.0,223.0
-20.0,-163.0,178.0,395.0,416.0,230.0
-17.0,-165.0,177.0,409.0,440.0,232.0
-21.0,-157.0,186.0,411.0,447.0,234.0
-14.0,-161.0,173.0,419.0,453.0,246.0
-17.0,-162.0,182.0,440.0,479.0,266.0
-19.0,-156.0,187.0,473.0,504.0,288.0
-6.0,-162.0,185.0,493.0,517.0,305.0
-20.0,-154.0,188.0,506.0,535.0,317.0
-18.0,-150.0,188.0,521.0,547.0,329.0
-21.0,-150.0,188.0,509.0,549.0,337.0
-11.0,-149.0,199.0,491.0,548.0,351.0
-19.0,-148.0,181.0,473.0,538.0,356.0
-17.0,-154.0,187.0,487.0,555.0,366.0
-20.0,-147.0,189.0,544.0,590.0,376.0
-43.0,-143.0,190.0,574.0,608.0,393.0
-36.0,-143.0,183.0,573.0,605.0,421.0
-29.0,-151.0,187.0,552.0,600.0,438.0
-33.0,-157.0,190.0,557.0,603.0,434.0
-50.0,-143.0,188.0,573.0,607.0,423.0
-44.0,-146.0,172.0,572.0,600.0,430.0
-32.0,-151.0,180.0,563.0,605.0,444.0
-40.0,-152.0,188.0,576.0,637.0,430.0
-49.0,-144.0,184.0,618.0,671.0,418.0
-24.0,-149.0,179.0,634.0,680.0,427.0
-30.0,-148.0,186.0,621.0,684.0,427.0
-38.0,-139.0,187.0,644.0,693.0,426.0
-29.0,-144.0,186.0,677.0,702.0,441.0
-28.0,-142.0,191.0,702.0,726.0,435.0
-29.0,-136.0,179.0,753.0,765.0,430.0
-21.0,-148.0,190.0,790.0,802.0,430.0
-27.0,-134.0,189.0,860.0,854.0,428.0
-39.0,-121.0,185.0,881.0,879.0,439.0
-46.0,-120.0,191.0,869.0,888.0,453.0
-49.0,-122.0,198.0,864.0,907.0,455.0
-51.0,-128.0,178.0,894.0,947.0,454.0
-55.0,-114.0,175.0,898.0,976.0,467.0
-61.0,-103.0,184.0,872.0,998.0,495.0
-56.0,-105.0,180.0,822.0,981.0,553.0
-46.0,-104.0,186.0,743.0,945.0,608.0
-53.0,-118.0,186.0,682.0,918.0,636.0
-65.0,-112.0,181.0,694.0,914.0,623.0
-61.0,-116.0,174.0,728.0,917.0,632.0
-67.0,-108.0,171.0,718.0,912.0,650.0
-76.0,-104.0,171.0,685.0,891.0,677.0
-72.0,-104.0,172.0,640.0,880.0,705.0
-69.0,-107.0,174.0,601.0,883.0,723.0
-65.0,-113.0,172.0,563.0,879.0,730.0
-72.0,-120.0,169.0,531.0,885.0,739.0
-77.0,-115.0,173.0,520.0,883.0,764.0
-78.0,-110.0,172.0,524.0,913.0,786.0
-76.0,-125.0,178.0,531.0,948.0,812.0
-82.0,-118.0,174.0,564.0,987.0,822.0
-80.0,-109.0,181.0,596.0,1009.0,838.0
-90.0,-119.0,177.0,602.0,1013.0,859.0
-104.0,-108.0,176.0,600.0,994.0,871.0
-76.0,-116.0,173.0,588.0,978.0,886.0
-90.0,-115.0,182.0,579.0,974.0,889.0
-93.0,-122.0,181.0,608.0,982.0,911.0
-88.0,-125.0,175.0,655.0,1005.0,931.0
-86.0,-127.0,178.0,716.0,1027.0,952.0
-87.0,-128.0,176.0,752.0,1045.0,968.0
-104.0,-128.0,166.0,789.0,1040.0,988.0
-111.0,-123.0,169.0,844.0,1058.0,996.0
-102.0,-123.0,164.0,922.0,1077.0,1012.0
-110.0,-114.0,153.0,976.0,1081.0,1023.0
-100.0,-106.0,145.0,1007.0,1084.0,1042.0
-94.0,-101.0,144.0,1023.0,1093.0,1062.0
-89.0,-90.0,138.0,1033.0,1110.0,1076.0
-101.0,-92.0,134.0,1051.0,1117.0,1095.0
-98.0,-91.0,138.0,1086.0,1134.0,1104.0
-98.0,-90.0,148.0,1135.0,1153.0,1122.0
-90.0,-87.0,147.0,1173.0,1154.0,1135.0
-74.0,-83.0,146.0,1187.0,1136.0,1144.0
-58.0,-81.0,137.0,1176.0,1115.0,1154.0
-54.0,-80.0,134.0,1160.0,1110.0,1164.0
-55.0,-80.0,136.0,1171.0,1132.0,1180.0
-61.0,-78.0,132.0,1217.0,1172.0,1202.0
-80.0,-78.0,135.0,1287.0,1229.0,1227.0
-81.0,-74.0,131.0,1381.0,1279.0,1248.0
-86.0,-63.0,123.0,1446.0,1304.0,1250.0
-99.0,-58.0,116.0,1477.0,1310.0,1253.0
-87.0,-51.0,116.0,1483.0,1308.0,1255.0
-81.0,-44.0,113.0,1465.0,1305.0,1262.0
-79.0,-37.0,104.0,1447.0,1307.0,1271.0
-82.0,-39.0,99.0,1427.0,1316.0,1268.0
-82.0,-42.0,102.0,1404.0,1323.0,1252.0
-67.0,-32.0,107.0,1373.0,1310.0,1226.0
-94.0,-35.0,114.0,1341.0,1279.0,1214.0
-115.0,-31.0,107.0,1359.0,1255.0,1216.0
-120.0,-38.0,98.0,1407.0,1251.0,1218.0
-128.0,-29.0,92.0,1431.0,1226.0,1201.0
-122.0,-27.0,76.0,1427.0,1174.0,1193.0
-121.0,-28.0,72.0,1374.0,1106.0,1185.0
-116.0,-26.0,86.0,1318.0,1047.0,1186.0
-95.0,-25.0,82.0,1296.0,980.0,1200.0
-121.0,-19.0,71.0,1315.0,914.0,1213.0
-95.0,-17.0,61.0,1382.0,866.0,1219.0
-126.0,-10.0,46.0,1393.0,816.0,1185.0
-126.0,-2.0,44.0,1390.0,758.0,1157.0
-138.0,-7.0,28.0,1381.0,650.0,1141.0
-142.0,3.0,31.0,1374.0,526.0,1137.0
-121.0,5.0,25.0,1414.0,418.0,1165.0
-95.0,4.0,48.0,1455.0,335.0,1215.0
-112.0,0.0,61.0,1541.0,322.0,1230.0
-3.0,-4.0,48.0,1664.0,337.0,1209.0
47.0,18.0,50.0,1652.0,239.0,1197.0
44.0,8.0,41.0,1587.0,285.0,1207.0
11.0,-12.0,59.0,1619.0,430.0,1217.0
-111.0,-13.0,103.0,1741.0,558.0,1213.0
-215.0,-37.0,84.0,1987.0,709.0,1226.0
-281.0,-33.0,104.0,2152.0,688.0,1268.0
-325.0,-11.0,100.0,2192.0,517.0,1301.0
-346.0,-16.0,79.0,2118.0,225.0,1367.0
-443.0,-13.0,98.0,1899.0,-123.0,1382.0
-451.0,-41.0,46.0,1775.0,-479.0,1373.0
-311.0,-56.0,12.0,1514.0,-871.0,1282.0
-181.0,-53.0,0.0,946.0,-1414.0,1072.0
-23.0,-21.0,18.0,497.0,-1854.0,888.0
109.0,1.0,33.0,455.0,-2010.0,974.0
219.0,15.0,72.0,741.0,-1843.0,1296.0
203.0,30.0,154.0,1272.0,-1393.0,1694.0
67.0,60.0,214.0,2080.0,-762.0,2029.0
-92.0,123.0,204.0,2976.0,-211.0,2260.0
-172.0,205.0,164.0,3593.0,85.0,2371.0
-221.0,265.0,145.0,3599.0,97.0,2322.0
-337.0,314.0,149.0,3074.0,-61.0,2094.0
-501.0,333.0,235.0,2328.0,-374.0,1740.0
-693.0,362.0,368.0,1556.0,-756.0,1462.0
-867.0,407.0,590.0,557.0,-1206.0,1249.0
-1027.0,392.0,804.0,-136.0,-1547.0,1114.0
-1237.0,367.0,987.0,71.0,-1407.0,1010.0
-1408.0,447.0,960.0,566.0,-1378.0,707.0
-1492.0,509.0,740.0,752.0,-1491.0,132.0
-1528.0,544.0,549.0,1135.0,-1851.0,-529.0
-1475.0,602.0,320.0,1775.0,-2068.0,-1070.0
-920.0,647.0,134.0,2465.0,-2193.0,-1109.0
-339.0,670.0,-235.0,1921.0,-1874.0,-180.0
-24.0,610.0,-311.0,484.0,-458.0,870.0
226.0,551.0,22.0,-798.0,312.0,1516.0
414.0,314.0,447.0,-1612.0,80.0,1596.0
156.0,20.0,657.0,-1945.0,-669.0,1271.0
-22.0,-97.0,795.0,-1490.0,-846.0,626.0
-77.0,-140.0,543.0,-296.0,-671.0,-49.0
-95.0,-150.0,331.0,439.0,-787.0,-432.0
-8.0,-135.0,169.0,332.0,-924.0,-449.0
56.0,-151.0,90.0,35.0,-775.0,-422.0
76.0,-161.0,92.0,-115.0,-430.0,-434.0
95.0,-146.0,87.0,55.0,-67.0,-438.0
134.0,-178.0,55.0,402.0,166.0,-354.0
147.0,-131.0,128.0,473.0,159.0,-201.0
96.0,-88.0,143.0,773.0,263.0,-240.0
50.0,-22.0,133.0,1205.0,470.0,-222.0
16.0,27.0,103.0,1591.0,665.0,-129.0
-11.0,82.0,63.0,1782.0,808.0,-47.0
-39.0,135.0,38.0,1755.0,931.0,-31.0
-71.0,183.0,37.0,1578.0,1038.0,-85.0
-104.0,220.0,66.0,1332.0,1102.0,-173.0
-132.0,245.0,75.0,1085.0,1072.0,-249.0
-146.0,260.0,68.0,847.0,911.0,-278.0
-143.0,257.0,44.0,602.0,645.0,-255.0
-127.0,242.0,29.0,352.0,348.0,-195.0
-114.0,218.0,22.0,144.0,79.0,-115.0
-103.0,198.0,20.0,10.0,-122.0,-19.0
-88.0,175.0,30.0,-62.0,-237.0,82.0
-75.0,158.0,55.0,-103.0,-283.0,169.0
-76.0,142.0,78.0,-102.0,-288.0,240.0
-83.0,134.0,95.0,-65.0,-271.0,301.0
-92.0,134.0,113.0,-26.0,-263.0,338.0
-111.0,142.0,124.0,-12.0,-282.0,362.0
-126.0,135.0,130.0,-25.0,-325.0,390.0
-132.0,134.0,139.0,-47.0,-370.0,431.0
-135.0,135.0,138.0,-61.0,-401.0,458.0
-134.0,138.0,132.0,-68.0,-426.0,475.0
-128.0,149.0,139.0,-55.0,-451.0,481.0
-133.0,165.0,140.0,-23.0,-483.0,491.0
-115.0,191.0,152.0,22.0,-514.0,509.0
-128.0,206.0,138.0,19.0,-563.0,511.0
-136.0,234.0,161.0,-45.0,-630.0,470.0
-131.0,246.0,167.0,-116.0,-703.0,425.0
-126.0,252.0,175.0,-233.0,-804.0,357.0
-130.0,258.0,178.0,-347.0,-886.0,286.0
-129.0,260.0,181.0,-438.0,-924.0,231.0
-135.0,254.0,195.0,-521.0,-925.0,178.0
-147.0,251.0,215.0,-606.0,-912.0,110.0
-158.0,246.0,223.0,-699.0,-903.0,41.0
-167.0,235.0,226.0,-799.0,-914.0,-26.0
-170.0,225.0,221.0,-893.0,-945.0,-86.0
-168.0,210.0,201.0,-968.0,-991.0,-121.0
-160.0,185.0,190.0,-1015.0,-1029.0,-140.0
-156.0,163.0,186.0,-1028.0,-1045.0,-148.0
-151.0,150.0,184.0,-997.0,-1048.0,-150.0
-146.0,137.0,182.0,-919.0,-1040.0,-140.0
-151.0,127.0,179.0,-804.0,-1025.0,-119.0
-162.0,123.0,180.0,-679.0,-1007.0,-92.0
-174.0,117.0,175.0,-556.0,-996.0,-64.0
-172.0,110.0,174.0,-452.0,-1004.0,-37.0
-164.0,109.0,169.0,-382.0,-1041.0,-13.0
-137.0,103.0,164.0,-341.0,-1072.0,-4.0
-125.0,104.0,163.0,-305.0,-1073.0,-21.0
-118.0,120.0,164.0,-270.0,-1024.0,-51.0
-123.0,123.0,168.0,-269.0,-924.0,-76.0
-115.0,138.0,175.0,-274.0,-842.0,-104.0
-123.0,147.0,194.0,-327.0,-699.0,-127.0
-128.0,146.0,203.0,-393.0,-582.0,-144.0
-132.0,144.0,207.0,-472.0,-534.0,-160.0
-142.0,137.0,203.0,-544.0,-535.0,-167.0
-142.0,132.0,199.0,-599.0,-568.0,-166.0
-143.0,124.0,202.0,-643.0,-597.0,-158.0
-141.0,118.0,200.0,-672.0,-623.0,-147.0
-145.0,110.0,205.0,-709.0,-661.0,-134.0
-138.0,97.0,205.0,-734.0,-719.0,-111.0
-129.0,89.0,199.0,-737.0,-789.0,-79.0
-119.0,77.0,199.0,-727.0,-856.0,-48.0
-112.0,70.0,200.0,-706.0,-909.0,-23.0
-107.0,64.0,205.0,-671.0,-944.0,-7.0
-101.0,62.0,213.0,-634.0,-966.0,-5.0
-89.0,56.0,221.0,-599.0,-976.0,-8.0
-81.0,63.0,225.0,-580.0,-964.0,-12.0
-74.0,64.0,232.0,-567.0,-926.0,-11.0
-71.0,62.0,229.0,-555.0,-866.0,-7.0
-68.0,61.0,228.0,-525.0,-819.0,-2.0
-67.0,61.0,223.0,-491.0,-782.0,-6.0
-75.0,64.0,228.0,-465.0,-758.0,-15.0
-73.0,61.0,229.0,-442.0,-749.0,-28.0
-78.0,58.0,228.0,-423.0,-754.0,-43.0
-77.0,53.0,226.0,-406.0,-774.0,-60.0
-78.0,47.0,225.0,-386.0,-793.0,-79.0
-74.0,38.0,231.0,-350.0,-803.0,-93.0
-75.0,36.0,233.0,-298.0,-803.0,-101.0
-67.0,32.0,236.0,-240.0,-801.0,-106.0
-65.0,37.0,234.0,-186.0,-795.0,-109.0
-64.0,37.0,237.0,-137.0,-776.0,-111.0
-62.0,36.0,242.0,-96.0,-750.0,-109.0
-63.0,36.0,242.0,-69.0,-726.0,-107.0
-65.0,38.0,253.0,-43.0,-705.0,-105.0
-62.0,44.0,258.0,-16.0,-687.0,-99.0
-68.0,46.0,258.0,12.0,-664.0,-88.0
-72.0,46.0,257.0,31.0,-641.0,-73.0
-78.0,45.0,257.0,38.0,-627.0,-53.0
-72.0,44.0,255.0,43.0,-616.0,-27.0
-71.0,44.0,251.0,57.0,-601.0,7.0
-65.0,46.0,253.0,70.0,-566.0,28.0
-66.0,47.0,258.0,76.0,-522.0,42.0
-62.0,49.0,257.0,75.0,-480.0,58.0
-54.0,51.0,257.0,71.0,-456.0,69.0
-51.0,49.0,250.0,70.0,-433.0,80.0
-41.0,44.0,247.0,84.0,-409.0,94.0
-38.0,42.0,243.0,104.0,-377.0,96.0
-33.0,44.0,237.0,141.0,-342.0,99.0
-37.0,45.0,235.0,178.0,-317.0,95.0
-31.0,48.0,225.0,218.0,-298.0,93.0
-45.0,38.0,215.0,234.0,-289.0,82.0
-35.0,57.0,221.0,245.0,-280.0,71.0
-48.0,59.0,223.0,256.0,-269.0,61.0
-46.0,63.0,223.0,276.0,-262.0,59.0
-50.0,66.0,224.0,297.0,-259.0,60.0
-57.0,70.0,226.0,315.0,-257.0,58.0
-56.0,74.0,226.0,328.0,-255.0,60.0
-55.0,78.0,227.0,336.0,-254.0,61.0
-55.0,79.0,226.0,340.0,-254.0,61.0
-60.0,85.0,224.0,344.0,-251.0,60.0
-62.0,83.0,223.0,345.0,-249.0,59.0
-65.0,86.0,221.0,342.0,-248.0,60.0
-66.0,91.0,229.0,341.0,-251.0,65.0
-65.0,94.0,225.0,340.0,-259.0,73.0
-68.0,94.0,227.0,341.0,-265.0,82.0
-71.0,99.0,228.0,338.0,-266.0,89.0
-72.0,97.0,231.0,334.0,-264.0,99.0
-73.0,103.0,233.0,325.0,-269.0,106.0
-73.0,103.0,227.0,315.0,-277.0,113.0
-65.0,107.0,226.0,302.0,-285.0,120.0
-60.0,108.0,231.0,286.0,-290.0,126.0
-56.0,112.0,234.0,268.0,-283.0,129.0
-49.0,116.0,226.0,251.0,-265.0,127.0
-37.0,115.0,241.0,213.0,-260.0,121.0
-48.0,113.0,238.0,197.0,-252.0,115.0
-38.0,108.0,227.0,213.0,-226.0,109.0
-29.0,116.0,223.0,214.0,-211.0,95.0
-44.0,116.0,226.0,198.0,-202.0,78.0
-29.0,110.0,220.0,203.0,-175.0,81.0
-18.0,117.0,229.0,197.0,-167.0,73.0
-17.0,119.0,230.0,201.0,-161.0,79.0
-38.0,115.0,224.0,222.0,-127.0,90.0
-36.0,119.0,219.0,241.0,-85.0,88.0
-35.0,119.0,224.0,223.0,-65.0,71.0
-40.0,123.0,228.0,199.0,-52.0,63.0
-36.0,120.0,225.0,187.0,-39.0,70.0
-34.0,124.0,221.0,174.0,-26.0,72.0
-35.0,122.0,223.0,159.0,1.0,61.0
-33.0,125.0,225.0,140.0,33.0,47.0
-35.0,122.0,229.0,115.0,58.0,34.0
-36.0,120.0,242.0,97.0,72.0,24.0
-36.0,116.0,239.0,78.0,65.0,15.0
-39.0,117.0,236.0,54.0,45.0,7.0
-40.0,114.0,234.0,33.0,20.0,0.0
-39.0,110.0,232.0,11.0,-3.0,-9.0
-44.0,105.0,224.0,-10.0,-23.0,-20.0
-43.0,101.0,223.0,-27.0,-35.0,-27.0
-46.0,98.0,224.0,-42.0,-45.0,-32.0
-47.0,96.0,226.0,-58.0,-50.0,-32.0
-48.0,97.0,228.0,-69.0,-51.0,-28.0
-50.0,93.0,224.0,-79.0,-49.0,-27.0
-48.0,93.0,223.0,-85.0,-40.0,-23.0
-48.0,92.0,223.0,-86.0,-26.0,-17.0
-51.0,88.0,222.0,-80.0,-5.0,-14.0
-55.0,87.0,233.0,-72.0,12.0,-14.0
-55.0,82.0,227.0,-57.0,23.0,-9.0
-60.0,82.0,227.0,-34.0,22.0,-6.0
-56.0,77.0,231.0,-18.0,11.0,-5.0
-56.0,81.0,231.0,11.0,17.0,-6.0
-54.0,78.0,231.0,38.0,16.0,-11.0
-58.0,77.0,241.0,61.0,6.0,-18.0
-60.0,73.0,241.0,82.0,-7.0,-19.0
-56.0,72.0,242.0,94.0,-25.0,-23.0
-60.0,75.0,239.0,106.0,-32.0,-35.0
-60.0,78.0,235.0,113.0,-33.0,-39.0
-64.0,79.0,233.0,118.0,-24.0,-44.0
-64.0,87.0,239.0,120.0,-10.0,-55.0
-68.0,93.0,235.0,133.0,7.0,-58.0
-65.0,95.0,229.0,155.0,9.0,-63.0
-63.0,94.0,230.0,188.0,-6.0,-65.0
-68.0,76.0,205.0,231.0,-37.0,-61.0
-62.0,61.0,197.0,276.0,-48.0,-44.0
-64.0,55.0,205.0,308.0,-26.0,-25.0
-68.0,47.0,218.0,317.0,7.0,-6.0
-75.0,48.0,238.0,315.0,34.0,9.0
-76.0,56.0,260.0,305.0,27.0,23.0
-74.0,64.0,268.0,292.0,-11.0,33.0
-72.0,78.0,270.0,269.0,-69.0,46.0
-68.0,90.0,259.0,249.0,-121.0,51.0
-63.0,99.0,252.0,229.0,-156.0,61.0
-58.0,108.0,236.0,207.0,-160.0,71.0
-52.0,113.0,228.0,178.0,-139.0,77.0
-50.0,117.0,224.0,151.0,-101.0,74.0
-46.0,115.0,223.0,122.0,-61.0,61.0
-48.0,118.0,223.0,101.0,-28.0,48.0
-49.0,117.0,225.0,86.0,-6.0,34.0
-51.0,114.0,224.0,80.0,7.0,22.0
-50.0,111.0,228.0,81.0,15.0,11.0
-50.0,105.0,222.0,88.0,21.0,2.0
-51.0,100.0,221.0,96.0,30.0,-3.0
-50.0,96.0,224.0,101.0,41.0,-6.0
-50.0,94.0,223.0,106.0,48.0,-10.0
-48.0,95.0,226.0,108.0,48.0,-8.0
-49.0,95.0,231.0,114.0,49.0,-8.0
-46.0,97.0,231.0,119.0,41.0,-4.0
-47.0,96.0,233.0,123.0,32.0,-4.0
-46.0,98.0,231.0,128.0,17.0,-4.0
-52.0,105.0,230.0,129.0,3.0,-3.0
-45.0,106.0,231.0,123.0,-12.0,0.0
-43.0,108.0,230.0,116.0,-25.0,0.0
-44.0,107.0,228.0,109.0,-34.0,1.0
-40.0,108.0,226.0,104.0,-36.0,-1.0
-43.0,112.0,225.0,97.0,-33.0,-2.0
-41.0,111.0,222.0,90.0,-31.0,-1.0
-43.0,111.0,223.0,84.0,-25.0,-4.0
-39.0,107.0,222.0,76.0,-21.0,-5.0
-41.0,102.0,227.0,70.0,-15.0,-9.0
-49.0,108.0,235.0,66.0,-10.0,-12.0
-43.0,105.0,224.0,64.0,-1.0,-16.0
-49.0,106.0,226.0,55.0,2.0,-18.0
-44.0,102.0,228.0,43.0,-1.0,-16.0
-47.0,98.0,227.0,38.0,-1.0,-17.0
-46.0,102.0,227.0,44.0,4.0,-16.0
-49.0,98.0,228.0,54.0,10.0,-15.0
-49.0,97.0,231.0,61.0,17.0,-14.0
-55.0,99.0,229.0,65.0,24.0,-15.0
-54.0,95.0,229.0,68.0,28.0,-13.0
-55.0,93.0,228.0,76.0,32.0,-15.0
-56.0,94.0,231.0,83.0,31.0,-14.0
-58.0,94.0,232.0,93.0,28.0,-13.0
-59.0,101.0,236.0,100.0,25.0,-13.0
-57.0,95.0,237.0,105.0,20.0,-12.0
-62.0,104.0,228.0,105.0,18.0,-11.0
-58.0,100.0,233.0,102.0,17.0,-12.0
-61.0,100.0,233.0,98.0,17.0,-11.0
-56.0,102.0,229.0,94.0,19.0,-14.0
-60.0,99.0,229.0,89.0,20.0,-15.0
-64.0,98.0,227.0,86.0,17.0,-17.0
-62.0,99.0,227.0,83.0,14.0,-18.0
-59.0,98.0,225.0,81.0,13.0,-15.0
-61.0,99.0,226.0,80.0,12.0,-13.0
-55.0,97.0,224.0,79.0,12.0,-13.0
-60.0,98.0,226.0,80.0,9.0,-10.0
-61.0,97.0,227.0,81.0,6.0,-9.0
-57.0,97.0,225.0,81.0,4.0,-7.0
-60.0,98.0,227.0,82.0,-5.0,-3.0
-56.0,98.0,224.0,88.0,-13.0,-5.0
-56.0,97.0,230.0,89.0,-9.0,-4.0
-55.0,101.0,229.0,85.0,-1.0,-2.0
-59.0,101.0,232.0,80.0,3.0,0.0
-54.0,99.0,234.0,77.0,5.0,-2.0
-53.0,100.0,228.0,77.0,4.0,-1.0
-52.0,98.0,231.0,81.0,4.0,-3.0
-52.0,97.0,233.0,86.0,3.0,-3.0
-52.0,99.0,229.0,93.0,5.0,-3.0
-51.0,98.0,231.0,100.0,8.0,-2.0
-53.0,99.0,225.0,104.0,9.0,-2.0
-50.0,96.0,230.0,105.0,11.0,-2.0
-53.0,100.0,225.0,104.0,9.0,-1.0
-49.0,98.0,227.0,102.0,7.0,-3.0
-51.0,101.0,229.0,100.0,7.0,-1.0
-53.0,99.0,227.0,97.0,4.0,1.0
-51.0,100.0,227.0,95.0,3.0,2.0
-49.0,102.0,226.0,92.0,2.0,2.0
-50.0,102.0,225.0,93.0,1.0,1.0
-51.0,106.0,228.0,92.0,3.0,1.0
-51.0,103.0,223.0,92.0,6.0,2.0
-52.0,103.0,230.0,91.0,7.0,-1.0
-48.0,103.0,231.0,91.0,9.0,-2.0
-51.0,102.0,226.0,90.0,10.0,-5.0
-49.0,104.0,227.0,90.0,8.0,-5.0
-51.0,102.0,226.0,89.0,6.0,-7.0
-51.0,104.0,228.0,85.0,2.0,-8.0
-47.0,104.0,231.0,81.0,0.0,-10.0
-51.0,103.0,228.0,78.0,-2.0,-14.0
-51.0,107.0,225.0,73.0,-4.0,-16.0
-49.0,103.0,232.0,70.0,-5.0,-18.0
-51.0,105.0,231.0,64.0,-3.0,-19.0
-52.0,105.0,232.0,59.0,-7.0,-17.0
-51.0,106.0,231.0,55.0,-3.0,-20.0
-52.0,103.0,233.0,51.0,-9.0,-16.0
-48.0,106.0,227.0,45.0,-19.0,-19.0
-51.0,103.0,226.0,43.0,-2.0,-23.0
-49.0,103.0,229.0,42.0,8.0,-25.0
