2.0,-255.0,11.0,41.0,61.0,-2.0
-2.0,-253.0,10.0,43.0,62.0,1.0
-2.0,-252.0,10.0,44.0,64.0,-2.0
-2.0,-255.0,10.0,45.0,63.0,-3.0
-4.0,-253.0,10.0,47.0,66.0,-7.0
-1.0,-254.0,10.0,49.0,69.0,-9.0
-3.0,-258.0,11.0,52.0,71.0,-12.0
-1.0,-258.0,13.0,54.0,72.0,-12.0
-2.0,-258.0,13.0,56.0,71.0,-17.0
0.0,-255.0,10.0,58.0,71.0,-16.0
0.0,-258.0,13.0,58.0,74.0,-19.0
-1.0,-256.0,8.0,60.0,73.0,-16.0
-2.0,-253.0,11.0,60.0,73.0,-19.0
-4.0,-252.0,12.0,60.0,75.0,-16.0
0.0,-254.0,11.0,61.0,78.0,-18.0
-1.0,-257.0,8.0,62.0,80.0,-17.0
-3.0,-253.0,12.0,64.0,85.0,-19.0
-2.0,-252.0,11.0,66.0,87.0,-18.0
-4.0,-253.0,15.0,68.0,89.0,-23.0
-3.0,-258.0,16.0,69.0,90.0,-20.0
-3.0,-258.0,18.0,71.0,92.0,-23.0
-1.0,-256.0,14.0,77.0,93.0,-21.0
-3.0,-255.0,15.0,82.0,94.0,-23.0
-1.0,-256.0,15.0,87.0,94.0,-21.0
-5.0,-258.0,16.0,88.0,95.0,-23.0
-4.0,-254.0,15.0,88.0,93.0,-20.0
-4.0,-253.0,11.0,86.0,95.0,-25.0
-6.0,-254.0,14.0,86.0,94.0,-25.0
-5.0,-253.0,13.0,84.0,96.0,-30.0
-9.0,-250.0,13.0,82.0,95.0,-33.0
-9.0,-252.0,10.0,81.0,94.0,-41.0
-9.0,-253.0,11.0,76.0,93.0,-44.0
-6.0,-256.0,10.0,69.0,92.0,-48.0
-6.0,-254.0,8.0,59.0,93.0,-48.0
-5.0,-251.0,9.0,45.0,90.0,-53.0
-5.0,-253.0,11.0,33.0,88.0,-52.0
-3.0,-252.0,9.0,21.0,85.0,-58.0
-1.0,-252.0,10.0,8.0,79.0,-57.0
1.0,-253.0,14.0,-9.0,75.0,-58.0
0.0,-253.0,10.0,-25.0,71.0,-52.0
1.0,-254.0,10.0,-40.0,69.0,-47.0
4.0,-255.0,15.0,-54.0,67.0,-41.0
6.0,-256.0,14.0,-61.0,67.0,-36.0
5.0,-256.0,14.0,-61.0,64.0,-28.0
7.0,-257.0,10.0,-56.0,65.0,-28.0
5.0,-256.0,14.0,-46.0,66.0,-23.0
5.0,-257.0,18.0,-32.0,66.0,-22.0
5.0,-254.0,19.0,-14.0,70.0,-19.0
7.0,-256.0,18.0,3.0,71.0,-19.0
1.0,-255.0,12.0,23.0,74.0,-16.0
7.0,-257.0,14.0,43.0,78.0,-19.0
3.0,-257.0,13.0,61.0,86.0,-19.0
5.0,-257.0,11.0,79.0,93.0,-23.0
3.0,-258.0,12.0,94.0,95.0,-23.0
3.0,-261.0,9.0,104.0,96.0,-25.0
4.0,-258.0,10.0,112.0,97.0,-26.0
3.0,-257.0,11.0,124.0,102.0,-28.0
1.0,-259.0,11.0,136.0,105.0,-29.0
0.0,-257.0,15.0,146.0,107.0,-31.0
-2.0,-258.0,14.0,152.0,111.0,-32.0
-3.0,-255.0,11.0,158.0,111.0,-34.0
-3.0,-258.0,11.0,164.0,112.0,-33.0
17.0,-254.0,15.0,171.0,113.0,-34.0
-5.0,-260.0,33.0,178.0,114.0,-35.0
-3.0,-259.0,14.0,185.0,114.0,-36.0
3.0,-262.0,13.0,197.0,114.0,-40.0
-3.0,-257.0,18.0,206.0,114.0,-42.0
11.0,-261.0,40.0,218.0,118.0,-45.0
-3.0,-259.0,13.0,232.0,121.0,-47.0
3.0,-255.0,22.0,246.0,125.0,-48.0
2.0,-253.0,17.0,263.0,129.0,-49.0
2.0,-249.0,21.0,280.0,136.0,-50.0
6.0,-256.0,32.0,299.0,140.0,-53.0
0.0,-261.0,28.0,314.0,144.0,-54.0
9.0,-249.0,29.0,326.0,148.0,-57.0
15.0,-260.0,17.0,335.0,151.0,-61.0
-4.0,-243.0,10.0,341.0,151.0,-65.0
-6.0,-246.0,30.0,349.0,150.0,-70.0
-10.0,-264.0,31.0,355.0,151.0,-73.0
4.0,-247.0,30.0,359.0,152.0,-75.0
6.0,-252.0,29.0,357.0,156.0,-79.0
0.0,-249.0,23.0,347.0,159.0,-82.0
0.0,-244.0,29.0,332.0,163.0,-86.0
-3.0,-233.0,26.0,308.0,167.0,-90.0
2.0,-252.0,39.0,279.0,173.0,-94.0
6.0,-249.0,27.0,238.0,178.0,-99.0
0.0,-233.0,27.0,190.0,184.0,-105.0
5.0,-246.0,22.0,141.0,189.0,-111.0
9.0,-254.0,22.0,106.0,196.0,-119.0
10.0,-262.0,21.0,87.0,204.0,-128.0
10.0,-265.0,21.0,89.0,218.0,-138.0
13.0,-268.0,25.0,112.0,227.0,-148.0
17.0,-274.0,20.0,146.0,237.0,-155.0
18.0,-271.0,29.0,186.0,250.0,-163.0
0.0,-275.0,20.0,227.0,264.0,-168.0
12.0,-272.0,33.0,264.0,278.0,-171.0
20.0,-264.0,21.0,296.0,292.0,-171.0
21.0,-249.0,14.0,319.0,307.0,-172.0
12.0,-246.0,6.0,328.0,327.0,-169.0
8.0,-254.0,18.0,327.0,349.0,-166.0
12.0,-241.0,17.0,317.0,363.0,-161.0
12.0,-245.0,24.0,306.0,369.0,-160.0
17.0,-242.0,20.0,295.0,369.0,-157.0
2.0,-245.0,20.0,290.0,366.0,-157.0
-1.0,-244.0,16.0,289.0,364.0,-153.0
2.0,-234.0,19.0,288.0,362.0,-150.0
5.0,-241.0,13.0,287.0,357.0,-145.0
2.0,-245.0,16.0,288.0,355.0,-141.0
5.0,-248.0,9.0,288.0,356.0,-134.0
0.0,-248.0,12.0,290.0,361.0,-134.0
2.0,-254.0,11.0,290.0,366.0,-132.0
0.0,-259.0,24.0,289.0,375.0,-135.0
-2.0,-257.0,7.0,285.0,383.0,-137.0
-4.0,-259.0,13.0,282.0,391.0,-144.0
2.0,-263.0,23.0,281.0,400.0,-147.0
-4.0,-260.0,10.0,280.0,409.0,-153.0
6.0,-265.0,26.0,283.0,420.0,-154.0
4.0,-264.0,36.0,287.0,430.0,-156.0
7.0,-256.0,21.0,294.0,437.0,-150.0
6.0,-254.0,8.0,308.0,445.0,-149.0
3.0,-258.0,15.0,321.0,451.0,-144.0
3.0,-250.0,10.0,332.0,460.0,-140.0
3.0,-246.0,20.0,341.0,466.0,-132.0
4.0,-246.0,20.0,348.0,475.0,-130.0
5.0,-243.0,23.0,353.0,483.0,-124.0
7.0,-243.0,18.0,355.0,489.0,-120.0
5.0,-241.0,25.0,361.0,495.0,-110.0
7.0,-247.0,23.0,373.0,501.0,-103.0
13.0,-242.0,18.0,385.0,508.0,-90.0
3.0,-237.0,23.0,399.0,516.0,-82.0
-4.0,-248.0,28.0,413.0,522.0,-67.0
12.0,-243.0,14.0,429.0,531.0,-55.0
4.0,-243.0,25.0,440.0,542.0,-39.0
2.0,-249.0,36.0,450.0,551.0,-27.0
1.0,-249.0,41.0,454.0,560.0,-10.0
13.0,-238.0,22.0,457.0,566.0,2.0
-1.0,-245.0,29.0,458.0,570.0,23.0
13.0,-229.0,29.0,459.0,573.0,35.0
13.0,-240.0,22.0,455.0,575.0,50.0
17.0,-244.0,45.0,449.0,577.0,61.0
8.0,-252.0,39.0,452.0,573.0,81.0
5.0,-239.0,36.0,464.0,569.0,92.0
3.0,-257.0,55.0,471.0,562.0,104.0
-4.0,-233.0,52.0,477.0,555.0,107.0
-1.0,-232.0,40.0,489.0,549.0,116.0
-1.0,-229.0,48.0,496.0,544.0,119.0
-3.0,-244.0,55.0,507.0,538.0,127.0
-3.0,-248.0,58.0,514.0,536.0,129.0
4.0,-241.0,49.0,528.0,530.0,135.0
-8.0,-230.0,59.0,542.0,526.0,133.0
-8.0,-232.0,52.0,558.0,521.0,135.0
-7.0,-236.0,66.0,566.0,519.0,132.0
-3.0,-238.0,45.0,572.0,515.0,136.0
-5.0,-233.0,58.0,572.0,511.0,136.0
-4.0,-232.0,65.0,569.0,504.0,141.0
-5.0,-231.0,64.0,570.0,498.0,142.0
-5.0,-229.0,71.0,569.0,490.0,142.0
-5.0,-223.0,64.0,567.0,481.0,136.0
-8.0,-242.0,85.0,563.0,468.0,134.0
-4.0,-242.0,71.0,559.0,461.0,133.0
-4.0,-225.0,78.0,559.0,457.0,139.0
-8.0,-228.0,72.0,561.0,453.0,137.0
2.0,-233.0,69.0,561.0,452.0,143.0
-6.0,-237.0,70.0,569.0,447.0,145.0
8.0,-233.0,75.0,581.0,436.0,154.0
-10.0,-229.0,78.0,594.0,425.0,158.0
-9.0,-239.0,84.0,608.0,413.0,170.0
-15.0,-238.0,61.0,623.0,400.0,176.0
-6.0,-239.0,62.0,640.0,385.0,188.0
-4.0,-243.0,67.0,664.0,371.0,199.0
8.0,-255.0,94.0,692.0,352.0,207.0
-3.0,-242.0,67.0,722.0,337.0,210.0
-4.0,-244.0,65.0,753.0,320.0,220.0
-2.0,-249.0,65.0,783.0,305.0,225.0
3.0,-238.0,79.0,821.0,286.0,231.0
-6.0,-240.0,85.0,847.0,272.0,231.0
-9.0,-228.0,76.0,854.0,259.0,235.0
-16.0,-230.0,75.0,850.0,246.0,236.0
-4.0,-217.0,69.0,845.0,234.0,243.0
-14.0,-211.0,72.0,830.0,220.0,243.0
-15.0,-231.0,84.0,817.0,207.0,254.0
-1.0,-218.0,75.0,825.0,199.0,264.0
-20.0,-228.0,93.0,837.0,186.0,272.0
-16.0,-240.0,88.0,851.0,168.0,276.0
-12.0,-218.0,86.0,870.0,154.0,285.0
-15.0,-217.0,87.0,885.0,140.0,286.0
-17.0,-220.0,86.0,907.0,125.0,292.0
-16.0,-215.0,83.0,929.0,106.0,297.0
-24.0,-213.0,86.0,939.0,84.0,307.0
-26.0,-226.0,102.0,955.0,68.0,318.0
-13.0,-219.0,78.0,967.0,56.0,332.0
-11.0,-208.0,78.0,973.0,52.0,343.0
-14.0,-204.0,67.0,992.0,52.0,359.0
-1.0,-198.0,82.0,1020.0,58.0,364.0
3.0,-208.0,86.0,1024.0,68.0,367.0
4.0,-201.0,105.0,1026.0,75.0,368.0
7.0,-200.0,95.0,1042.0,89.0,373.0
4.0,-198.0,105.0,1058.0,107.0,375.0
20.0,-199.0,94.0,1074.0,124.0,375.0
18.0,-193.0,95.0,1088.0,139.0,371.0
26.0,-200.0,105.0,1104.0,153.0,366.0
21.0,-196.0,119.0,1122.0,168.0,359.0
32.0,-197.0,113.0,1145.0,194.0,352.0
3.0,-195.0,100.0,1164.0,218.0,347.0
7.0,-197.0,107.0,1181.0,235.0,337.0
-5.0,-187.0,123.0,1193.0,253.0,329.0
-2.0,-189.0,106.0,1207.0,274.0,326.0
-26.0,-192.0,119.0,1203.0,294.0,321.0
-25.0,-194.0,133.0,1200.0,311.0,316.0
-23.0,-196.0,130.0,1210.0,321.0,315.0
-18.0,-189.0,126.0,1209.0,332.0,320.0
-12.0,-174.0,107.0,1204.0,341.0,331.0
-28.0,-183.0,117.0,1183.0,341.0,337.0
-23.0,-184.0,129.0,1154.0,335.0,348.0
-28.0,-183.0,128.0,1121.0,319.0,358.0
-30.0,-194.0,121.0,1089.0,298.0,369.0
-32.0,-195.0,115.0,1058.0,278.0,382.0
-30.0,-197.0,121.0,1041.0,261.0,395.0
-28.0,-197.0,124.0,1032.0,250.0,403.0
-29.0,-188.0,123.0,1030.0,242.0,407.0
-32.0,-163.0,116.0,1031.0,234.0,408.0
-43.0,-174.0,127.0,1031.0,226.0,411.0
-36.0,-174.0,120.0,1030.0,217.0,412.0
-34.0,-171.0,117.0,1025.0,213.0,414.0
-24.0,-172.0,118.0,1014.0,207.0,411.0
-35.0,-168.0,125.0,1008.0,198.0,409.0
-29.0,-169.0,105.0,1000.0,190.0,406.0
-39.0,-175.0,92.0,1001.0,180.0,408.0
-37.0,-159.0,105.0,1006.0,169.0,409.0
-41.0,-148.0,95.0,1009.0,153.0,419.0
-33.0,-156.0,104.0,1008.0,132.0,424.0
-38.0,-157.0,124.0,1001.0,109.0,426.0
-31.0,-152.0,98.0,998.0,83.0,428.0
-38.0,-139.0,88.0,996.0,57.0,431.0
-41.0,-154.0,93.0,998.0,35.0,433.0
-39.0,-153.0,100.0,1003.0,14.0,439.0
-39.0,-158.0,104.0,1015.0,-3.0,445.0
-41.0,-153.0,95.0,1032.0,-22.0,454.0
-59.0,-157.0,95.0,1055.0,-38.0,459.0
-39.0,-155.0,94.0,1084.0,-56.0,464.0
-44.0,-154.0,91.0,1121.0,-66.0,461.0
-35.0,-150.0,80.0,1147.0,-75.0,456.0
-48.0,-137.0,70.0,1162.0,-88.0,446.0
-42.0,-127.0,91.0,1169.0,-107.0,436.0
-54.0,-134.0,102.0,1161.0,-124.0,422.0
-50.0,-117.0,90.0,1148.0,-140.0,412.0
-43.0,-122.0,80.0,1140.0,-149.0,398.0
-44.0,-121.0,78.0,1143.0,-154.0,386.0
-43.0,-120.0,85.0,1151.0,-157.0,368.0
-41.0,-117.0,87.0,1160.0,-168.0,356.0
-36.0,-108.0,79.0,1162.0,-190.0,340.0
-37.0,-83.0,77.0,1145.0,-218.0,324.0
-35.0,-71.0,78.0,1112.0,-240.0,287.0
-32.0,-66.0,67.0,1073.0,-262.0,244.0
-19.0,-54.0,64.0,1019.0,-277.0,191.0
-19.0,-46.0,46.0,963.0,-279.0,139.0
-24.0,-39.0,31.0,908.0,-271.0,90.0
-19.0,-29.0,14.0,852.0,-259.0,45.0
-22.0,-21.0,7.0,780.0,-257.0,13.0
-13.0,-3.0,-6.0,718.0,-266.0,-12.0
0.0,-4.0,-1.0,643.0,-281.0,-28.0
1.0,-5.0,0.0,579.0,-297.0,-35.0
-11.0,-12.0,5.0,541.0,-319.0,-45.0
-12.0,-23.0,7.0,543.0,-355.0,-47.0
-28.0,-27.0,-5.0,563.0,-393.0,-39.0
-7.0,-46.0,12.0,585.0,-426.0,-24.0
-22.0,-60.0,14.0,621.0,-454.0,-17.0
-33.0,-53.0,6.0,675.0,-487.0,-6.0
-24.0,-45.0,6.0,695.0,-511.0,1.0
-9.0,-62.0,-7.0,690.0,-519.0,11.0
-4.0,-68.0,-3.0,697.0,-509.0,21.0
-28.0,-76.0,-3.0,709.0,-485.0,23.0
-29.0,-69.0,-8.0,737.0,-464.0,16.0
-19.0,-61.0,-5.0,754.0,-443.0,25.0
-13.0,-56.0,-11.0,755.0,-425.0,25.0
-10.0,-59.0,-5.0,750.0,-410.0,26.0
-6.0,-62.0,1.0,765.0,-398.0,21.0
-12.0,-61.0,2.0,805.0,-392.0,27.0
-29.0,-65.0,15.0,851.0,-397.0,25.0
-30.0,-59.0,21.0,914.0,-421.0,20.0
-29.0,-51.0,33.0,966.0,-449.0,17.0
-20.0,-51.0,23.0,1013.0,-469.0,20.0
-6.0,-50.0,29.0,1041.0,-491.0,33.0
3.0,-49.0,33.0,1054.0,-496.0,57.0
2.0,-53.0,19.0,1081.0,-491.0,75.0
5.0,-53.0,13.0,1130.0,-487.0,102.0
-128.0,-53.0,12.0,1203.0,-501.0,112.0
-94.0,-77.0,8.0,1291.0,-597.0,78.0
162.0,-98.0,39.0,1411.0,-698.0,46.0
198.0,-114.0,23.0,1494.0,-662.0,90.0
28.0,-111.0,48.0,1662.0,-492.0,144.0
109.0,-120.0,96.0,1996.0,-420.0,213.0
39.0,-119.0,182.0,2306.0,-369.0,321.0
-151.0,-137.0,279.0,2512.0,-353.0,395.0
-172.0,-195.0,373.0,2595.0,-486.0,387.0
-145.0,-285.0,497.0,2484.0,-801.0,363.0
-168.0,-352.0,632.0,2311.0,-1049.0,321.0
-159.0,-443.0,865.0,2245.0,-1202.0,319.0
-164.0,-513.0,1173.0,2346.0,-1205.0,400.0
-227.0,-501.0,1553.0,2506.0,-1070.0,552.0
-353.0,-419.0,1882.0,2509.0,-891.0,721.0
-337.0,-273.0,2003.0,2237.0,-791.0,866.0
-133.0,-245.0,1851.0,1737.0,-727.0,890.0
42.0,-257.0,1649.0,1344.0,-593.0,784.0
115.0,-141.0,1422.0,1280.0,-464.0,514.0
158.0,105.0,1142.0,1181.0,-412.0,245.0
91.0,357.0,841.0,902.0,-298.0,-51.0
64.0,458.0,647.0,546.0,-163.0,-289.0
46.0,409.0,581.0,280.0,-43.0,-444.0
29.0,288.0,555.0,196.0,50.0,-467.0
19.0,172.0,511.0,245.0,124.0,-394.0
-19.0,92.0,469.0,412.0,208.0,-328.0
-37.0,-9.0,408.0,693.0,221.0,-295.0
-34.0,-97.0,350.0,1016.0,149.0,-282.0
-15.0,-185.0,279.0,1355.0,-10.0,-289.0
-38.0,-247.0,235.0,1526.0,-58.0,-279.0
-26.0,-287.0,188.0,1578.0,-68.0,-213.0
1.0,-311.0,148.0,1520.0,-21.0,-100.0
1.0,-324.0,124.0,1383.0,73.0,-20.0
7.0,-317.0,96.0,1227.0,137.0,26.0
13.0,-284.0,78.0,1095.0,183.0,52.0
11.0,-230.0,60.0,998.0,206.0,72.0
17.0,-183.0,52.0,918.0,186.0,76.0
11.0,-128.0,36.0,809.0,117.0,66.0
15.0,-77.0,27.0,694.0,52.0,56.0
13.0,-45.0,15.0,571.0,6.0,51.0
4.0,-13.0,16.0,443.0,-8.0,58.0
-18.0,9.0,23.0,322.0,0.0,73.0
-28.0,15.0,33.0,223.0,10.0,90.0
-31.0,23.0,47.0,168.0,12.0,108.0
-29.0,35.0,66.0,172.0,5.0,113.0
-26.0,60.0,69.0,236.0,4.0,105.0
-32.0,79.0,83.0,357.0,17.0,90.0
-38.0,97.0,106.0,458.0,24.0,77.0
-38.0,126.0,120.0,524.0,13.0,74.0
-40.0,157.0,129.0,534.0,-14.0,75.0
-46.0,185.0,136.0,492.0,-54.0,80.0
-43.0,199.0,133.0,424.0,-95.0,90.0
-41.0,212.0,121.0,358.0,-126.0,103.0
-32.0,214.0,106.0,322.0,-139.0,114.0
-28.0,217.0,91.0,322.0,-140.0,118.0
-26.0,217.0,70.0,355.0,-130.0,109.0
-17.0,222.0,50.0,403.0,-125.0,87.0
-14.0,227.0,37.0,415.0,-132.0,52.0
-14.0,228.0,36.0,370.0,-155.0,10.0
-9.0,230.0,42.0,276.0,-198.0,-39.0
-6.0,216.0,61.0,150.0,-241.0,-89.0
-3.0,214.0,61.0,6.0,-281.0,-140.0
7.0,193.0,69.0,-147.0,-317.0,-189.0
10.0,173.0,86.0,-307.0,-342.0,-231.0
8.0,153.0,99.0,-460.0,-355.0,-261.0
3.0,126.0,112.0,-627.0,-362.0,-271.0
-4.0,100.0,124.0,-742.0,-362.0,-272.0
-11.0,70.0,138.0,-830.0,-367.0,-263.0
-7.0,52.0,148.0,-882.0,-374.0,-243.0
-10.0,34.0,160.0,-899.0,-384.0,-210.0
-12.0,18.0,167.0,-896.0,-400.0,-158.0
-16.0,7.0,178.0,-885.0,-419.0,-96.0
-12.0,1.0,183.0,-874.0,-448.0,-21.0
-11.0,-2.0,192.0,-865.0,-477.0,72.0
-18.0,-2.0,206.0,-858.0,-511.0,149.0
-17.0,-1.0,220.0,-862.0,-543.0,212.0
4.0,-4.0,238.0,-878.0,-577.0,266.0
15.0,-1.0,262.0,-903.0,-609.0,304.0
9.0,3.0,286.0,-946.0,-644.0,341.0
21.0,2.0,311.0,-1011.0,-677.0,369.0
38.0,10.0,336.0,-1093.0,-697.0,393.0
55.0,12.0,367.0,-1193.0,-692.0,409.0
61.0,13.0,392.0,-1308.0,-661.0,422.0
60.0,17.0,413.0,-1423.0,-599.0,410.0
68.0,24.0,425.0,-1561.0,-539.0,393.0
84.0,18.0,431.0,-1674.0,-466.0,370.0
94.0,15.0,439.0,-1783.0,-385.0,348.0
95.0,11.0,439.0,-1885.0,-295.0,327.0
89.0,10.0,433.0,-1967.0,-201.0,304.0
99.0,5.0,430.0,-2013.0,-116.0,271.0
97.0,3.0,420.0,-2022.0,-45.0,239.0
103.0,-6.0,411.0,-1995.0,9.0,195.0
106.0,-18.0,404.0,-1924.0,63.0,119.0
103.0,-31.0,396.0,-1797.0,105.0,49.0
94.0,-48.0,390.0,-1672.0,140.0,-23.0
88.0,-63.0,379.0,-1549.0,165.0,-99.0
74.0,-77.0,364.0,-1424.0,182.0,-160.0
65.0,-88.0,352.0,-1298.0,190.0,-210.0
52.0,-104.0,335.0,-1168.0,190.0,-255.0
34.0,-120.0,312.0,-1038.0,180.0,-302.0
17.0,-128.0,289.0,-910.0,157.0,-325.0
5.0,-134.0,265.0,-795.0,122.0,-351.0
-8.0,-131.0,246.0,-684.0,85.0,-362.0
-6.0,-133.0,223.0,-619.0,58.0,-371.0
-10.0,-130.0,211.0,-579.0,36.0,-351.0
-10.0,-124.0,191.0,-553.0,23.0,-337.0
1.0,-120.0,183.0,-543.0,23.0,-334.0
3.0,-109.0,173.0,-550.0,19.0,-310.0
5.0,-103.0,166.0,-573.0,19.0,-278.0
4.0,-97.0,168.0,-597.0,29.0,-260.0
14.0,-89.0,160.0,-617.0,41.0,-247.0
15.0,-89.0,153.0,-649.0,46.0,-221.0
20.0,-82.0,152.0,-678.0,57.0,-196.0
19.0,-79.0,152.0,-705.0,67.0,-182.0
23.0,-79.0,152.0,-726.0,66.0,-168.0
21.0,-78.0,153.0,-747.0,56.0,-150.0
26.0,-82.0,155.0,-763.0,48.0,-122.0
27.0,-87.0,157.0,-769.0,39.0,-100.0
29.0,-99.0,160.0,-764.0,34.0,-79.0
27.0,-111.0,164.0,-750.0,30.0,-65.0
28.0,-122.0,164.0,-731.0,31.0,-47.0
30.0,-135.0,168.0,-697.0,42.0,-39.0
25.0,-149.0,179.0,-657.0,61.0,-26.0
18.0,-162.0,190.0,-606.0,85.0,-12.0
17.0,-170.0,197.0,-542.0,100.0,10.0
9.0,-174.0,206.0,-469.0,103.0,25.0
10.0,-172.0,208.0,-384.0,94.0,40.0
10.0,-171.0,216.0,-297.0,71.0,46.0
7.0,-168.0,218.0,-216.0,43.0,46.0
12.0,-158.0,218.0,-143.0,15.0,37.0
12.0,-154.0,221.0,-77.0,-9.0,31.0
14.0,-150.0,225.0,-33.0,-23.0,15.0
19.0,-142.0,227.0,1.0,-24.0,7.0
18.0,-139.0,222.0,30.0,-18.0,-2.0
21.0,-136.0,224.0,56.0,-10.0,-2.0
20.0,-132.0,221.0,73.0,9.0,-5.0
21.0,-135.0,217.0,82.0,22.0,2.0
19.0,-135.0,218.0,86.0,29.0,4.0
18.0,-142.0,217.0,87.0,31.0,15.0
17.0,-144.0,209.0,85.0,34.0,24.0
18.0,-144.0,214.0,88.0,33.0,36.0
17.0,-147.0,211.0,87.0,36.0,47.0
22.0,-152.0,205.0,88.0,45.0,64.0
26.0,-152.0,205.0,92.0,53.0,75.0
29.0,-158.0,202.0,105.0,64.0,95.0
26.0,-156.0,200.0,126.0,72.0,111.0
29.0,-153.0,198.0,152.0,77.0,130.0
33.0,-148.0,193.0,172.0,74.0,141.0
29.0,-146.0,187.0,182.0,67.0,155.0
29.0,-141.0,185.0,179.0,56.0,157.0
29.0,-136.0,177.0,169.0,45.0,159.0
31.0,-132.0,178.0,149.0,38.0,154.0
33.0,-130.0,171.0,125.0,37.0,152.0
37.0,-130.0,169.0,98.0,40.0,144.0
36.0,-129.0,170.0,70.0,47.0,138.0
39.0,-127.0,170.0,42.0,56.0,127.0
39.0,-130.0,171.0,24.0,70.0,119.0
41.0,-131.0,176.0,12.0,89.0,107.0
40.0,-131.0,180.0,11.0,106.0,101.0
38.0,-132.0,181.0,17.0,126.0,92.0
43.0,-129.0,180.0,32.0,143.0,89.0
40.0,-131.0,187.0,51.0,160.0,79.0
39.0,-128.0,188.0,70.0,176.0,77.0
39.0,-127.0,188.0,91.0,191.0,71.0
39.0,-125.0,193.0,113.0,204.0,69.0
39.0,-121.0,193.0,132.0,215.0,68.0
39.0,-122.0,196.0,147.0,225.0,72.0
35.0,-117.0,197.0,159.0,231.0,72.0
37.0,-98.0,190.0,163.0,231.0,79.0
31.0,-113.0,203.0,164.0,227.0,80.0
28.0,-114.0,203.0,159.0,222.0,81.0
25.0,-112.0,210.0,155.0,216.0,80.0
19.0,-109.0,210.0,147.0,212.0,79.0
23.0,-112.0,210.0,143.0,207.0,76.0
21.0,-113.0,215.0,139.0,202.0,71.0
18.0,-116.0,214.0,138.0,200.0,62.0
18.0,-116.0,220.0,138.0,196.0,55.0
13.0,-115.0,219.0,140.0,192.0,45.0
15.0,-114.0,221.0,145.0,190.0,36.0
11.0,-114.0,222.0,148.0,186.0,26.0
9.0,-113.0,221.0,154.0,181.0,17.0
9.0,-113.0,222.0,160.0,181.0,10.0
6.0,-110.0,219.0,169.0,180.0,3.0
6.0,-108.0,220.0,177.0,178.0,-5.0
5.0,-105.0,221.0,185.0,178.0,-13.0
2.0,-102.0,221.0,196.0,176.0,-20.0
4.0,-99.0,223.0,206.0,174.0,-24.0
3.0,-98.0,223.0,216.0,170.0,-29.0
0.0,-93.0,224.0,222.0,162.0,-32.0
1.0,-90.0,223.0,231.0,155.0,-34.0
-3.0,-82.0,222.0,238.0,150.0,-41.0
-3.0,-84.0,228.0,245.0,145.0,-42.0
-5.0,-82.0,224.0,246.0,139.0,-39.0
-4.0,-74.0,221.0,246.0,131.0,-36.0
-4.0,-75.0,227.0,244.0,122.0,-33.0
-2.0,-74.0,228.0,241.0,118.0,-29.0
-4.0,-74.0,227.0,239.0,114.0,-27.0
-6.0,-71.0,225.0,236.0,111.0,-22.0
-7.0,-69.0,226.0,233.0,112.0,-18.0
-7.0,-67.0,225.0,228.0,110.0,-13.0
-5.0,-65.0,228.0,223.0,109.0,-7.0
-3.0,-66.0,221.0,219.0,111.0,1.0
-6.0,-67.0,223.0,212.0,110.0,5.0
-7.0,-63.0,226.0,204.0,112.0,11.0
-6.0,-66.0,225.0,193.0,109.0,16.0
-7.0,-63.0,226.0,183.0,109.0,23.0
-5.0,-60.0,228.0,174.0,109.0,25.0
-3.0,-59.0,226.0,165.0,111.0,32.0
-4.0,-58.0,231.0,155.0,111.0,35.0
-5.0,-58.0,229.0,141.0,110.0,39.0
-3.0,-56.0,236.0,126.0,105.0,39.0
-5.0,-56.0,237.0,107.0,98.0,42.0
-5.0,-56.0,233.0,89.0,91.0,40.0
-4.0,-56.0,235.0,68.0,84.0,39.0
-3.0,-58.0,238.0,47.0,78.0,37.0
-3.0,-56.0,234.0,27.0,72.0,38.0
-2.0,-58.0,239.0,5.0,67.0,33.0
1.0,-61.0,235.0,-17.0,62.0,33.0
-4.0,-65.0,232.0,-40.0,59.0,31.0
2.0,-65.0,232.0,-59.0,59.0,32.0
4.0,-68.0,233.0,-74.0,59.0,30.0
3.0,-71.0,230.0,-90.0,61.0,32.0
5.0,-72.0,229.0,-106.0,67.0,31.0
10.0,-73.0,229.0,-115.0,72.0,33.0
9.0,-75.0,230.0,-122.0,75.0,30.0
10.0,-76.0,230.0,-130.0,75.0,31.0
10.0,-80.0,228.0,-133.0,74.0,27.0
9.0,-84.0,230.0,-138.0,72.0,28.0
10.0,-84.0,226.0,-141.0,71.0,23.0
13.0,-89.0,227.0,-144.0,71.0,22.0
12.0,-87.0,222.0,-145.0,71.0,18.0
11.0,-89.0,229.0,-146.0,69.0,16.0
13.0,-94.0,223.0,-144.0,71.0,11.0
13.0,-94.0,223.0,-141.0,73.0,11.0
13.0,-96.0,221.0,-138.0,74.0,6.0
12.0,-91.0,218.0,-134.0,75.0,4.0
11.0,-94.0,218.0,-130.0,76.0,-1.0
14.0,-94.0,222.0,-126.0,76.0,-3.0
15.0,-94.0,221.0,-123.0,76.0,-10.0
12.0,-96.0,221.0,-120.0,74.0,-13.0
16.0,-100.0,216.0,-118.0,72.0,-22.0
13.0,-96.0,218.0,-114.0,72.0,-25.0
12.0,-95.0,221.0,-112.0,70.0,-30.0
15.0,-97.0,218.0,-110.0,69.0,-30.0
15.0,-101.0,219.0,-108.0,69.0,-37.0
14.0,-101.0,215.0,-105.0,70.0,-37.0
14.0,-103.0,216.0,-100.0,71.0,-41.0
11.0,-106.0,220.0,-97.0,71.0,-41.0
15.0,-103.0,216.0,-92.0,73.0,-44.0
12.0,-106.0,216.0,-85.0,75.0,-43.0
12.0,-109.0,212.0,-78.0,75.0,-47.0
8.0,-109.0,218.0,-70.0,74.0,-47.0
9.0,-110.0,214.0,-61.0,72.0,-52.0
8.0,-111.0,215.0,-51.0,71.0,-50.0
8.0,-111.0,213.0,-43.0,72.0,-51.0
11.0,-113.0,214.0,-34.0,70.0,-50.0
9.0,-109.0,213.0,-25.0,69.0,-50.0
9.0,-106.0,214.0,-19.0,70.0,-47.0
8.0,-109.0,212.0,-14.0,70.0,-49.0
6.0,-107.0,211.0,-7.0,69.0,-45.0
9.0,-104.0,215.0,-4.0,67.0,-46.0
9.0,-101.0,214.0,-1.0,67.0,-43.0
8.0,-103.0,213.0,4.0,65.0,-42.0
7.0,-103.0,212.0,7.0,65.0,-37.0
7.0,-102.0,212.0,10.0,63.0,-37.0
7.0,-104.0,211.0,12.0,61.0,-32.0
6.0,-101.0,209.0,15.0,57.0,-33.0
6.0,-100.0,214.0,18.0,53.0,-29.0
5.0,-103.0,212.0,23.0,50.0,-30.0
5.0,-99.0,211.0,26.0,51.0,-26.0
7.0,-103.0,212.0,32.0,50.0,-27.0
5.0,-99.0,211.0,35.0,48.0,-24.0
8.0,-104.0,213.0,39.0,47.0,-24.0
7.0,-99.0,217.0,44.0,46.0,-21.0
6.0,-97.0,213.0,49.0,45.0,-21.0
7.0,-96.0,213.0,54.0,43.0,-18.0
9.0,-98.0,218.0,59.0,42.0,-18.0
8.0,-95.0,215.0,64.0,45.0,-12.0
6.0,-95.0,219.0,68.0,44.0,-13.0
11.0,-94.0,219.0,71.0,45.0,-9.0
6.0,-93.0,216.0,71.0,46.0,-9.0
9.0,-92.0,219.0,71.0,47.0,-4.0
7.0,-91.0,218.0,70.0,48.0,-4.0
7.0,-94.0,221.0,68.0,48.0,-1.0
8.0,-90.0,221.0,67.0,50.0,-1.0
2.0,-89.0,218.0,66.0,52.0,1.0
8.0,-91.0,224.0,64.0,53.0,-1.0
6.0,-90.0,223.0,62.0,56.0,1.0
3.0,-88.0,222.0,62.0,56.0,-1.0
7.0,-90.0,222.0,60.0,56.0,0.0
10.0,-92.0,223.0,62.0,56.0,-3.0
9.0,-92.0,218.0,58.0,56.0,-3.0
8.0,-89.0,218.0,55.0,56.0,-4.0
10.0,-87.0,220.0,52.0,56.0,-3.0
9.0,-87.0,221.0,52.0,56.0,-6.0
7.0,-88.0,215.0,48.0,56.0,-3.0
10.0,-85.0,221.0,49.0,58.0,-5.0
9.0,-86.0,223.0,50.0,61.0,-1.0
9.0,-85.0,221.0,51.0,63.0,-3.0
9.0,-86.0,220.0,50.0,62.0,-1.0
10.0,-83.0,223.0,53.0,62.0,-1.0
14.0,-86.0,222.0,52.0,62.0,-1.0
8.0,-84.0,224.0,50.0,60.0,-3.0
12.0,-86.0,224.0,48.0,58.0,-3.0
11.0,-85.0,225.0,45.0,54.0,-4.0
8.0,-80.0,223.0,42.0,52.0,-3.0
11.0,-85.0,223.0,37.0,51.0,-4.0
10.0,-83.0,223.0,32.0,52.0,-3.0
9.0,-83.0,224.0,28.0,52.0,-3.0
7.0,-79.0,228.0,20.0,53.0,-4.0
9.0,-81.0,226.0,14.0,54.0,-5.0
11.0,-79.0,223.0,6.0,54.0,-7.0
11.0,-81.0,223.0,-2.0,55.0,-6.0
10.0,-84.0,226.0,-7.0,55.0,-5.0
8.0,-83.0,222.0,-17.0,56.0,-8.0
