0.0,-160.0,183.0,219.0,33.0,-21.0
-5.0,-161.0,181.0,224.0,34.0,-17.0
-4.0,-161.0,185.0,222.0,35.0,-15.0
-5.0,-158.0,186.0,215.0,33.0,-14.0
-4.0,-157.0,184.0,203.0,30.0,-9.0
-7.0,-161.0,187.0,190.0,30.0,-4.0
-8.0,-163.0,184.0,179.0,29.0,-4.0
-7.0,-163.0,185.0,173.0,29.0,-1.0
-4.0,-167.0,186.0,170.0,30.0,-4.0
-7.0,-167.0,187.0,167.0,28.0,-4.0
-4.0,-167.0,184.0,165.0,25.0,-5.0
-8.0,-169.0,187.0,161.0,28.0,-4.0
-9.0,-169.0,182.0,161.0,30.0,-5.0
-10.0,-165.0,185.0,162.0,30.0,-6.0
-10.0,-167.0,186.0,165.0,30.0,-6.0
-9.0,-171.0,185.0,174.0,31.0,-7.0
-9.0,-165.0,184.0,187.0,31.0,-4.0
-9.0,-164.0,181.0,196.0,30.0,-2.0
-7.0,-159.0,181.0,204.0,26.0,-2.0
-7.0,-160.0,183.0,206.0,26.0,5.0
-9.0,-158.0,184.0,202.0,25.0,6.0
-7.0,-161.0,187.0,195.0,23.0,7.0
-10.0,-161.0,189.0,186.0,21.0,4.0
-8.0,-164.0,187.0,179.0,19.0,4.0
-8.0,-163.0,188.0,173.0,15.0,2.0
-8.0,-168.0,187.0,168.0,11.0,1.0
-8.0,-168.0,190.0,169.0,12.0,-1.0
-8.0,-168.0,188.0,169.0,9.0,-2.0
-5.0,-167.0,187.0,172.0,5.0,2.0
-7.0,-168.0,187.0,173.0,5.0,4.0
-10.0,-165.0,182.0,179.0,6.0,5.0
-9.0,-167.0,187.0,187.0,6.0,4.0
-8.0,-168.0,183.0,196.0,5.0,4.0
-6.0,-167.0,185.0,204.0,5.0,3.0
-10.0,-162.0,181.0,209.0,7.0,3.0
-5.0,-162.0,187.0,214.0,5.0,2.0
-6.0,-160.0,185.0,217.0,5.0,2.0
-9.0,-158.0,188.0,218.0,5.0,-1.0
-7.0,-156.0,187.0,219.0,6.0,-3.0
-8.0,-156.0,183.0,218.0,6.0,-5.0
-8.0,-157.0,183.0,219.0,7.0,-9.0
-7.0,-157.0,185.0,221.0,6.0,-11.0
-5.0,-160.0,182.0,224.0,8.0,-12.0
-8.0,-157.0,187.0,228.0,9.0,-14.0
-10.0,-159.0,188.0,231.0,9.0,-15.0
-9.0,-159.0,191.0,232.0,12.0,-14.0
-12.0,-157.0,192.0,230.0,13.0,-14.0
-10.0,-159.0,192.0,229.0,7.0,-12.0
-7.0,-162.0,193.0,232.0,6.0,-11.0
-12.0,-158.0,192.0,231.0,9.0,-13.0
-8.0,-160.0,193.0,230.0,13.0,-11.0
-6.0,-159.0,192.0,228.0,15.0,-10.0
-5.0,-159.0,190.0,231.0,18.0,-10.0
-9.0,-156.0,192.0,237.0,20.0,-11.0
-8.0,-155.0,191.0,238.0,23.0,-10.0
-7.0,-152.0,190.0,235.0,27.0,-8.0
-7.0,-149.0,189.0,227.0,28.0,-7.0
-6.0,-147.0,182.0,214.0,24.0,-3.0
-2.0,-149.0,183.0,198.0,18.0,-1.0
-6.0,-144.0,183.0,182.0,16.0,-1.0
-7.0,-145.0,183.0,172.0,13.0,1.0
-5.0,-145.0,182.0,164.0,9.0,-2.0
-6.0,-144.0,181.0,153.0,9.0,-3.0
-10.0,-142.0,183.0,142.0,13.0,-3.0
-7.0,-143.0,185.0,127.0,17.0,-2.0
-1.0,-147.0,187.0,109.0,20.0,-1.0
-9.0,-150.0,188.0,95.0,23.0,-2.0
-9.0,-154.0,190.0,86.0,20.0,-1.0
-3.0,-156.0,193.0,77.0,12.0,-3.0
-6.0,-160.0,191.0,68.0,9.0,-6.0
-8.0,-164.0,193.0,65.0,12.0,-6.0
-7.0,-163.0,192.0,69.0,15.0,-6.0
-8.0,-167.0,189.0,82.0,12.0,-7.0
-7.0,-167.0,191.0,98.0,5.0,-5.0
-8.0,-165.0,189.0,115.0,4.0,-1.0
-10.0,-164.0,188.0,128.0,4.0,11.0
-5.0,-163.0,189.0,143.0,8.0,21.0
-6.0,-162.0,189.0,156.0,14.0,33.0
-6.0,-158.0,190.0,160.0,17.0,37.0
-9.0,-161.0,186.0,154.0,16.0,36.0
-9.0,-163.0,185.0,154.0,9.0,31.0
-13.0,-159.0,186.0,160.0,2.0,30.0
-10.0,-156.0,184.0,166.0,-8.0,31.0
-9.0,-155.0,191.0,172.0,-17.0,35.0
-12.0,-148.0,187.0,175.0,-23.0,37.0
-9.0,-149.0,189.0,172.0,-26.0,36.0
-12.0,-145.0,187.0,166.0,-28.0,38.0
-11.0,-147.0,187.0,153.0,-36.0,37.0
-10.0,-152.0,186.0,144.0,-43.0,37.0
-12.0,-140.0,191.0,132.0,-48.0,36.0
-9.0,-146.0,193.0,112.0,-58.0,34.0
-9.0,-147.0,193.0,89.0,-61.0,31.0
-9.0,-148.0,190.0,67.0,-62.0,30.0
-2.0,-158.0,196.0,48.0,-64.0,31.0
-6.0,-159.0,192.0,40.0,-63.0,28.0
-5.0,-162.0,195.0,40.0,-63.0,26.0
-2.0,-161.0,197.0,46.0,-66.0,24.0
0.0,-159.0,193.0,61.0,-72.0,27.0
13.0,-165.0,193.0,74.0,-110.0,25.0
-6.0,-159.0,187.0,89.0,-148.0,-4.0
-9.0,-153.0,183.0,110.0,-115.0,-15.0
-16.0,-148.0,188.0,115.0,-73.0,-1.0
-12.0,-149.0,189.0,103.0,-51.0,17.0
-10.0,-148.0,193.0,91.0,-47.0,27.0
-5.0,-153.0,192.0,82.0,-50.0,28.0
-8.0,-158.0,193.0,76.0,-52.0,25.0
-8.0,-156.0,195.0,71.0,-60.0,22.0
-5.0,-158.0,193.0,73.0,-64.0,15.0
-4.0,-161.0,193.0,80.0,-68.0,16.0
-8.0,-160.0,195.0,92.0,-64.0,11.0
-8.0,-159.0,196.0,106.0,-64.0,12.0
-8.0,-155.0,194.0,118.0,-65.0,15.0
-8.0,-151.0,192.0,126.0,-64.0,22.0
-7.0,-152.0,190.0,132.0,-58.0,28.0
-8.0,-151.0,191.0,133.0,-54.0,35.0
-10.0,-148.0,185.0,135.0,-52.0,36.0
-11.0,-146.0,194.0,134.0,-60.0,39.0
-11.0,-147.0,191.0,136.0,-66.0,36.0
-12.0,-146.0,191.0,134.0,-71.0,39.0
-14.0,-147.0,196.0,138.0,-77.0,44.0
-12.0,-146.0,194.0,136.0,-81.0,49.0
-10.0,-144.0,194.0,138.0,-84.0,58.0
-15.0,-142.0,196.0,132.0,-87.0,61.0
-4.0,-144.0,193.0,136.0,-93.0,69.0
-2.0,-144.0,192.0,145.0,-97.0,74.0
0.0,-140.0,195.0,153.0,-96.0,73.0
6.0,-144.0,191.0,160.0,-97.0,74.0
3.0,-143.0,191.0,159.0,-92.0,69.0
3.0,-139.0,198.0,154.0,-83.0,65.0
3.0,-138.0,200.0,152.0,-79.0,67.0
1.0,-139.0,197.0,148.0,-80.0,70.0
1.0,-141.0,195.0,145.0,-83.0,73.0
0.0,-142.0,196.0,147.0,-85.0,80.0
0.0,-147.0,200.0,146.0,-85.0,81.0
-4.0,-148.0,200.0,151.0,-89.0,83.0
-3.0,-149.0,200.0,161.0,-98.0,87.0
-1.0,-152.0,203.0,171.0,-113.0,85.0
-3.0,-151.0,207.0,179.0,-125.0,81.0
-10.0,-150.0,198.0,189.0,-130.0,78.0
-3.0,-147.0,202.0,200.0,-133.0,79.0
-8.0,-147.0,196.0,212.0,-133.0,83.0
-11.0,-141.0,197.0,225.0,-128.0,86.0
-10.0,-141.0,196.0,236.0,-129.0,90.0
-9.0,-138.0,196.0,242.0,-138.0,98.0
-7.0,-135.0,196.0,244.0,-148.0,104.0
-12.0,-134.0,203.0,244.0,-153.0,108.0
4.0,-130.0,205.0,241.0,-163.0,120.0
3.0,-137.0,210.0,233.0,-240.0,148.0
-9.0,-136.0,205.0,229.0,-304.0,133.0
-17.0,-133.0,203.0,225.0,-275.0,112.0
-20.0,-136.0,206.0,225.0,-225.0,126.0
-19.0,-144.0,212.0,228.0,-205.0,151.0
-11.0,-149.0,211.0,238.0,-203.0,164.0
-7.0,-148.0,209.0,249.0,-204.0,163.0
-7.0,-148.0,211.0,264.0,-212.0,165.0
-6.0,-145.0,209.0,285.0,-217.0,172.0
-6.0,-145.0,212.0,304.0,-225.0,174.0
-5.0,-144.0,216.0,318.0,-231.0,181.0
-9.0,-139.0,212.0,328.0,-242.0,192.0
-7.0,-141.0,211.0,330.0,-254.0,205.0
-10.0,-134.0,211.0,329.0,-271.0,216.0
-15.0,-135.0,213.0,327.0,-286.0,224.0
-13.0,-138.0,216.0,328.0,-300.0,228.0
-12.0,-140.0,212.0,332.0,-311.0,233.0
-8.0,-148.0,210.0,337.0,-324.0,238.0
-10.0,-142.0,211.0,346.0,-342.0,238.0
-16.0,-144.0,212.0,358.0,-356.0,239.0
-7.0,-152.0,216.0,368.0,-364.0,240.0
-5.0,-161.0,220.0,381.0,-372.0,243.0
-2.0,-159.0,215.0,402.0,-376.0,248.0
0.0,-160.0,223.0,433.0,-377.0,252.0
0.0,-160.0,223.0,468.0,-376.0,261.0
-3.0,-157.0,223.0,499.0,-372.0,267.0
-5.0,-153.0,224.0,532.0,-371.0,280.0
-1.0,-151.0,225.0,563.0,-373.0,289.0
-7.0,-148.0,225.0,590.0,-377.0,301.0
-1.0,-153.0,223.0,622.0,-383.0,312.0
-4.0,-148.0,223.0,657.0,-386.0,320.0
-2.0,-143.0,223.0,691.0,-393.0,339.0
-3.0,-142.0,224.0,721.0,-405.0,366.0
8.0,-145.0,228.0,747.0,-422.0,371.0
4.0,-144.0,230.0,774.0,-441.0,342.0
-7.0,-137.0,227.0,807.0,-443.0,314.0
-12.0,-134.0,234.0,835.0,-423.0,312.0
-15.0,-134.0,232.0,860.0,-397.0,324.0
-18.0,-137.0,235.0,887.0,-384.0,345.0
-11.0,-136.0,231.0,926.0,-376.0,353.0
-14.0,-132.0,230.0,986.0,-379.0,352.0
-11.0,-127.0,227.0,1033.0,-385.0,348.0
-7.0,-117.0,223.0,1063.0,-396.0,338.0
-10.0,-106.0,217.0,1068.0,-411.0,322.0
-9.0,-103.0,209.0,1058.0,-421.0,303.0
-12.0,-92.0,205.0,1047.0,-431.0,288.0
-7.0,-92.0,198.0,1033.0,-440.0,281.0
0.0,-87.0,198.0,1019.0,-438.0,276.0
3.0,-88.0,193.0,1001.0,-427.0,269.0
11.0,-85.0,188.0,974.0,-423.0,258.0
18.0,-88.0,191.0,940.0,-415.0,242.0
12.0,-86.0,189.0,898.0,-399.0,223.0
9.0,-93.0,195.0,846.0,-382.0,203.0
8.0,-98.0,203.0,804.0,-380.0,186.0
7.0,-106.0,204.0,786.0,-383.0,170.0
9.0,-113.0,199.0,790.0,-395.0,154.0
3.0,-117.0,196.0,803.0,-399.0,135.0
0.0,-119.0,195.0,818.0,-395.0,115.0
0.0,-114.0,193.0,843.0,-395.0,105.0
-2.0,-110.0,194.0,874.0,-401.0,105.0
-1.0,-105.0,200.0,895.0,-405.0,103.0
-6.0,-99.0,197.0,900.0,-408.0,102.0
-4.0,-94.0,197.0,894.0,-413.0,99.0
-4.0,-90.0,198.0,877.0,-414.0,100.0
1.0,-84.0,198.0,856.0,-420.0,97.0
4.0,-81.0,200.0,825.0,-440.0,76.0
2.0,-81.0,202.0,773.0,-492.0,81.0
-3.0,-85.0,193.0,718.0,-515.0,85.0
-11.0,-90.0,184.0,673.0,-508.0,67.0
-4.0,-100.0,183.0,636.0,-501.0,59.0
-5.0,-101.0,183.0,606.0,-496.0,57.0
0.0,-109.0,182.0,580.0,-499.0,57.0
1.0,-115.0,181.0,565.0,-499.0,56.0
0.0,-124.0,180.0,563.0,-488.0,50.0
2.0,-127.0,180.0,574.0,-476.0,50.0
9.0,-134.0,180.0,602.0,-463.0,54.0
15.0,-137.0,179.0,643.0,-449.0,62.0
16.0,-135.0,182.0,685.0,-440.0,67.0
16.0,-136.0,183.0,725.0,-434.0,71.0
15.0,-134.0,185.0,768.0,-430.0,74.0
13.0,-129.0,186.0,811.0,-428.0,76.0
9.0,-126.0,188.0,851.0,-432.0,79.0
4.0,-119.0,191.0,881.0,-446.0,80.0
12.0,-111.0,189.0,902.0,-468.0,82.0
26.0,-111.0,187.0,909.0,-528.0,90.0
2.0,-99.0,180.0,911.0,-611.0,72.0
-9.0,-93.0,176.0,919.0,-618.0,53.0
-9.0,-84.0,169.0,916.0,-587.0,56.0
-12.0,-82.0,178.0,887.0,-583.0,71.0
-16.0,-78.0,181.0,846.0,-603.0,86.0
-9.0,-81.0,186.0,811.0,-634.0,102.0
-5.0,-86.0,191.0,786.0,-671.0,107.0
-9.0,-87.0,191.0,780.0,-695.0,99.0
-1.0,-84.0,192.0,789.0,-705.0,89.0
4.0,-100.0,184.0,810.0,-707.0,78.0
9.0,-104.0,187.0,831.0,-708.0,63.0
0.0,-105.0,188.0,858.0,-712.0,51.0
5.0,-104.0,188.0,890.0,-724.0,49.0
22.0,-99.0,186.0,916.0,-772.0,63.0
17.0,-93.0,179.0,930.0,-838.0,50.0
11.0,-86.0,176.0,941.0,-864.0,33.0
14.0,-80.0,178.0,950.0,-850.0,24.0
11.0,-76.0,184.0,967.0,-839.0,14.0
9.0,-69.0,186.0,987.0,-843.0,-10.0
5.0,-64.0,188.0,1011.0,-870.0,-38.0
12.0,-61.0,191.0,1041.0,-919.0,-53.0
14.0,-55.0,182.0,1058.0,-969.0,-68.0
13.0,-54.0,170.0,1049.0,-1001.0,-95.0
20.0,-49.0,179.0,1023.0,-1019.0,-107.0
31.0,-44.0,179.0,1023.0,-1033.0,-121.0
39.0,-38.0,176.0,1039.0,-1057.0,-155.0
42.0,-30.0,169.0,1063.0,-1082.0,-188.0
43.0,-30.0,155.0,1068.0,-1105.0,-202.0
42.0,-23.0,156.0,1055.0,-1133.0,-203.0
53.0,-16.0,160.0,1035.0,-1144.0,-213.0
65.0,-12.0,164.0,1021.0,-1133.0,-218.0
73.0,-21.0,149.0,987.0,-1116.0,-225.0
68.0,-33.0,140.0,911.0,-1078.0,-248.0
63.0,-60.0,128.0,856.0,-1027.0,-265.0
70.0,-63.0,133.0,891.0,-981.0,-277.0
78.0,-54.0,141.0,984.0,-950.0,-304.0
85.0,-33.0,160.0,998.0,-947.0,-320.0
64.0,-48.0,119.0,954.0,-1015.0,-325.0
51.0,-71.0,78.0,901.0,-1029.0,-302.0
53.0,-64.0,81.0,1011.0,-975.0,-243.0
74.0,-44.0,93.0,1171.0,-917.0,-223.0
65.0,-50.0,79.0,1243.0,-876.0,-265.0
62.0,-26.0,109.0,1205.0,-892.0,-269.0
58.0,-33.0,69.0,1240.0,-942.0,-252.0
48.0,-32.0,57.0,1244.0,-955.0,-252.0
59.0,-13.0,65.0,1265.0,-951.0,-208.0
47.0,13.0,81.0,1247.0,-929.0,-198.0
51.0,37.0,96.0,1187.0,-911.0,-214.0
86.0,33.0,62.0,1039.0,-931.0,-204.0
83.0,28.0,40.0,836.0,-950.0,-221.0
53.0,-26.0,-2.0,652.0,-885.0,-242.0
-32.0,-42.0,1.0,541.0,-710.0,-314.0
-41.0,-69.0,28.0,660.0,-617.0,-310.0
-26.0,-71.0,77.0,869.0,-676.0,-271.0
-47.0,-65.0,131.0,991.0,-697.0,-322.0
-25.0,-91.0,230.0,958.0,-644.0,-371.0
40.0,-113.0,317.0,1017.0,-677.0,-378.0
128.0,-124.0,426.0,1287.0,-904.0,-402.0
173.0,-98.0,471.0,1742.0,-1129.0,-507.0
217.0,-14.0,455.0,2238.0,-1210.0,-667.0
317.0,31.0,397.0,2610.0,-1263.0,-779.0
333.0,81.0,365.0,2819.0,-1200.0,-921.0
403.0,145.0,356.0,2837.0,-938.0,-1105.0
549.0,178.0,418.0,2739.0,-763.0,-1223.0
670.0,243.0,519.0,2641.0,-702.0,-1336.0
763.0,332.0,692.0,2488.0,-525.0,-1500.0
802.0,388.0,837.0,2254.0,-144.0,-1693.0
830.0,427.0,983.0,2013.0,365.0,-1869.0
814.0,403.0,1034.0,1868.0,764.0,-1967.0
645.0,372.0,955.0,1897.0,1006.0,-2015.0
440.0,364.0,819.0,2029.0,1224.0,-2044.0
177.0,370.0,634.0,2047.0,1296.0,-2081.0
-58.0,338.0,453.0,1847.0,1027.0,-2147.0
-219.0,288.0,321.0,1504.0,454.0,-2215.0
-281.0,237.0,214.0,1301.0,-170.0,-2108.0
-242.0,187.0,127.0,1267.0,-588.0,-1793.0
-99.0,174.0,108.0,1049.0,-817.0,-1449.0
-18.0,179.0,156.0,766.0,-956.0,-1159.0
26.0,168.0,197.0,570.0,-970.0,-918.0
72.0,131.0,195.0,582.0,-853.0,-674.0
93.0,119.0,200.0,782.0,-676.0,-483.0
111.0,96.0,195.0,966.0,-511.0,-396.0
104.0,59.0,167.0,989.0,-355.0,-408.0
98.0,23.0,147.0,895.0,-246.0,-430.0
110.0,-14.0,156.0,871.0,-182.0,-393.0
133.0,-47.0,191.0,990.0,-144.0,-240.0
163.0,-53.0,201.0,1218.0,-85.0,-93.0
166.0,-33.0,192.0,1424.0,1.0,-16.0
155.0,-1.0,176.0,1575.0,58.0,28.0
153.0,28.0,177.0,1652.0,55.0,57.0
157.0,63.0,181.0,1633.0,29.0,99.0
171.0,78.0,168.0,1527.0,9.0,157.0
184.0,83.0,150.0,1388.0,-12.0,201.0
197.0,92.0,134.0,1241.0,-25.0,217.0
199.0,91.0,124.0,1053.0,3.0,192.0
189.0,87.0,121.0,835.0,68.0,130.0
156.0,77.0,101.0,637.0,174.0,62.0
115.0,62.0,104.0,492.0,300.0,-1.0
79.0,49.0,118.0,424.0,412.0,-63.0
53.0,51.0,128.0,407.0,494.0,-125.0
33.0,48.0,140.0,402.0,533.0,-183.0
22.0,41.0,144.0,408.0,526.0,-232.0
13.0,40.0,147.0,428.0,488.0,-272.0
19.0,45.0,164.0,464.0,425.0,-293.0
25.0,66.0,184.0,514.0,360.0,-290.0
43.0,81.0,219.0,555.0,308.0,-281.0
61.0,105.0,230.0,606.0,254.0,-271.0
74.0,140.0,229.0,684.0,173.0,-260.0
95.0,157.0,227.0,735.0,72.0,-240.0
119.0,167.0,213.0,718.0,-27.0,-209.0
119.0,223.0,235.0,589.0,-117.0,-151.0
124.0,244.0,199.0,578.0,-158.0,-129.0
130.0,257.0,185.0,541.0,-172.0,-124.0
130.0,256.0,172.0,365.0,-169.0,-117.0
126.0,254.0,170.0,180.0,-173.0,-129.0
119.0,242.0,159.0,37.0,-185.0,-156.0
114.0,225.0,147.0,-63.0,-193.0,-189.0
110.0,211.0,136.0,-126.0,-178.0,-227.0
105.0,197.0,136.0,-162.0,-140.0,-278.0
90.0,182.0,140.0,-176.0,-97.0,-319.0
87.0,164.0,149.0,-166.0,-71.0,-356.0
86.0,159.0,162.0,-134.0,-62.0,-380.0
91.0,160.0,183.0,-80.0,-56.0,-398.0
97.0,159.0,194.0,-23.0,-22.0,-404.0
99.0,159.0,190.0,23.0,26.0,-394.0
103.0,146.0,176.0,70.0,65.0,-371.0
115.0,135.0,164.0,62.0,98.0,-323.0
121.0,176.0,199.0,71.0,147.0,-288.0
116.0,162.0,178.0,183.0,193.0,-310.0
123.0,162.0,181.0,195.0,251.0,-287.0
118.0,157.0,172.0,197.0,313.0,-260.0
115.0,156.0,176.0,226.0,355.0,-236.0
104.0,154.0,169.0,282.0,376.0,-221.0
80.0,109.0,129.0,329.0,413.0,-214.0
97.0,142.0,191.0,203.0,415.0,-159.0
66.0,240.0,221.0,315.0,371.0,-222.0
73.0,212.0,152.0,570.0,315.0,-276.0
82.0,207.0,154.0,546.0,355.0,-222.0
79.0,205.0,169.0,439.0,398.0,-192.0
77.0,197.0,177.0,360.0,400.0,-170.0
77.0,194.0,182.0,317.0,394.0,-147.0
74.0,189.0,182.0,284.0,396.0,-119.0
79.0,185.0,188.0,246.0,410.0,-88.0
81.0,188.0,194.0,199.0,427.0,-59.0
83.0,186.0,198.0,144.0,445.0,-39.0
85.0,186.0,203.0,78.0,456.0,-23.0
88.0,184.0,204.0,-1.0,464.0,-8.0
91.0,175.0,205.0,-97.0,470.0,3.0
95.0,165.0,198.0,-205.0,473.0,12.0
98.0,154.0,197.0,-304.0,484.0,18.0
99.0,145.0,190.0,-391.0,502.0,22.0
105.0,136.0,193.0,-460.0,527.0,23.0
110.0,133.0,196.0,-505.0,555.0,24.0
114.0,130.0,197.0,-523.0,571.0,16.0
114.0,131.0,197.0,-524.0,582.0,6.0
117.0,132.0,199.0,-519.0,592.0,-9.0
116.0,132.0,194.0,-512.0,599.0,-33.0
114.0,125.0,191.0,-505.0,608.0,-56.0
115.0,100.0,202.0,-611.0,626.0,-78.0
79.0,159.0,199.0,-578.0,615.0,-152.0
108.0,131.0,186.0,-407.0,587.0,-145.0
95.0,127.0,193.0,-412.0,603.0,-157.0
90.0,124.0,199.0,-434.0,598.0,-181.0
89.0,119.0,200.0,-445.0,586.0,-206.0
86.0,116.0,207.0,-457.0,582.0,-218.0
83.0,115.0,215.0,-475.0,575.0,-219.0
82.0,111.0,214.0,-491.0,570.0,-203.0
86.0,105.0,218.0,-498.0,566.0,-181.0
82.0,104.0,219.0,-496.0,562.0,-165.0
80.0,105.0,221.0,-485.0,548.0,-152.0
75.0,105.0,223.0,-471.0,525.0,-143.0
71.0,108.0,225.0,-457.0,496.0,-135.0
68.0,106.0,228.0,-442.0,466.0,-131.0
62.0,106.0,233.0,-425.0,434.0,-128.0
57.0,104.0,237.0,-409.0,405.0,-127.0
52.0,104.0,240.0,-391.0,378.0,-128.0
45.0,103.0,244.0,-373.0,354.0,-125.0
44.0,98.0,240.0,-350.0,330.0,-121.0
43.0,104.0,240.0,-325.0,310.0,-120.0
41.0,104.0,241.0,-307.0,294.0,-120.0
45.0,102.0,241.0,-304.0,274.0,-116.0
40.0,97.0,243.0,-306.0,258.0,-108.0
44.0,90.0,244.0,-293.0,248.0,-96.0
48.0,91.0,244.0,-284.0,237.0,-86.0
50.0,91.0,246.0,-278.0,226.0,-77.0
50.0,88.0,245.0,-269.0,219.0,-66.0
49.0,85.0,249.0,-261.0,216.0,-58.0
44.0,89.0,249.0,-249.0,210.0,-47.0
41.0,94.0,250.0,-239.0,204.0,-35.0
35.0,94.0,247.0,-229.0,196.0,-19.0
35.0,94.0,242.0,-219.0,184.0,-2.0
37.0,95.0,237.0,-208.0,173.0,14.0
34.0,95.0,237.0,-194.0,160.0,29.0
38.0,106.0,235.0,-180.0,146.0,37.0
34.0,98.0,233.0,-167.0,133.0,45.0
37.0,98.0,225.0,-156.0,124.0,51.0
32.0,97.0,221.0,-150.0,114.0,55.0
30.0,97.0,222.0,-144.0,109.0,59.0
32.0,95.0,227.0,-140.0,104.0,63.0
33.0,97.0,227.0,-133.0,97.0,66.0
33.0,98.0,228.0,-124.0,84.0,67.0
37.0,97.0,228.0,-116.0,77.0,72.0
36.0,107.0,228.0,-114.0,69.0,74.0
31.0,110.0,234.0,-118.0,61.0,78.0
41.0,113.0,233.0,-137.0,52.0,83.0
43.0,111.0,236.0,-164.0,46.0,89.0
51.0,101.0,233.0,-192.0,42.0,96.0
50.0,102.0,233.0,-216.0,39.0,105.0
51.0,95.0,233.0,-234.0,39.0,116.0
57.0,93.0,229.0,-238.0,41.0,126.0
56.0,92.0,229.0,-227.0,40.0,135.0
56.0,88.0,224.0,-204.0,36.0,135.0
58.0,94.0,225.0,-181.0,27.0,134.0
61.0,95.0,225.0,-160.0,19.0,126.0
58.0,97.0,231.0,-151.0,13.0,118.0
58.0,103.0,229.0,-149.0,6.0,108.0
60.0,103.0,228.0,-148.0,3.0,99.0
62.0,97.0,222.0,-141.0,1.0,89.0
62.0,100.0,219.0,-130.0,1.0,81.0
65.0,103.0,218.0,-121.0,1.0,77.0
62.0,102.0,221.0,-118.0,4.0,71.0
65.0,105.0,229.0,-124.0,2.0,69.0
63.0,101.0,232.0,-135.0,-4.0,67.0
61.0,101.0,227.0,-146.0,-8.0,65.0
59.0,98.0,230.0,-153.0,-12.0,63.0
58.0,93.0,228.0,-158.0,-18.0,61.0
56.0,92.0,231.0,-156.0,-26.0,61.0
56.0,93.0,236.0,-151.0,-32.0,59.0
60.0,93.0,235.0,-146.0,-38.0,55.0
56.0,95.0,239.0,-142.0,-49.0,54.0
57.0,94.0,238.0,-137.0,-59.0,53.0
58.0,92.0,235.0,-133.0,-66.0,53.0
60.0,91.0,235.0,-129.0,-71.0,57.0
60.0,89.0,234.0,-128.0,-76.0,63.0
61.0,87.0,231.0,-129.0,-78.0,67.0
61.0,84.0,234.0,-126.0,-79.0,69.0
62.0,93.0,230.0,-118.0,-83.0,73.0
65.0,86.0,231.0,-107.0,-88.0,74.0
65.0,81.0,232.0,-94.0,-89.0,74.0
63.0,81.0,231.0,-82.0,-91.0,73.0
59.0,85.0,230.0,-73.0,-93.0,71.0
59.0,87.0,236.0,-70.0,-96.0,70.0
62.0,88.0,234.0,-70.0,-99.0,68.0
59.0,88.0,236.0,-77.0,-101.0,68.0
57.0,90.0,235.0,-91.0,-104.0,72.0
60.0,83.0,234.0,-107.0,-105.0,73.0
64.0,81.0,234.0,-124.0,-106.0,72.0
64.0,79.0,235.0,-138.0,-106.0,70.0
63.0,77.0,239.0,-146.0,-108.0,67.0
68.0,75.0,234.0,-147.0,-107.0,67.0
72.0,73.0,232.0,-139.0,-108.0,71.0
70.0,71.0,230.0,-128.0,-106.0,70.0
69.0,72.0,228.0,-110.0,-100.0,71.0
69.0,71.0,229.0,-92.0,-97.0,73.0
73.0,72.0,223.0,-75.0,-101.0,74.0
73.0,73.0,229.0,-64.0,-104.0,77.0
72.0,72.0,229.0,-53.0,-108.0,79.0
71.0,72.0,230.0,-38.0,-117.0,81.0
78.0,72.0,227.0,-23.0,-121.0,83.0
73.0,71.0,232.0,-5.0,-121.0,85.0
74.0,73.0,224.0,11.0,-120.0,83.0
76.0,77.0,231.0,22.0,-113.0,80.0
77.0,78.0,228.0,35.0,-99.0,74.0
73.0,81.0,231.0,46.0,-82.0,67.0
78.0,78.0,229.0,56.0,-64.0,58.0
76.0,81.0,231.0,64.0,-47.0,51.0
80.0,84.0,231.0,73.0,-23.0,36.0
71.0,84.0,228.0,67.0,7.0,26.0
72.0,83.0,237.0,47.0,33.0,23.0
67.0,84.0,245.0,29.0,37.0,25.0
67.0,85.0,243.0,12.0,18.0,25.0
66.0,82.0,244.0,1.0,-6.0,28.0
62.0,80.0,246.0,-5.0,-20.0,29.0
64.0,79.0,245.0,-4.0,-34.0,36.0
67.0,75.0,243.0,-1.0,-50.0,40.0
63.0,75.0,238.0,3.0,-58.0,46.0
64.0,71.0,238.0,7.0,-62.0,49.0
64.0,72.0,235.0,10.0,-65.0,52.0
66.0,75.0,236.0,16.0,-65.0,55.0
67.0,72.0,235.0,22.0,-62.0,55.0
70.0,73.0,233.0,32.0,-57.0,52.0
74.0,76.0,231.0,43.0,-44.0,45.0
70.0,77.0,227.0,50.0,-32.0,38.0
79.0,79.0,229.0,57.0,-31.0,30.0
73.0,82.0,227.0,57.0,-15.0,22.0
67.0,84.0,228.0,53.0,-4.0,16.0
70.0,85.0,223.0,50.0,-6.0,13.0
71.0,86.0,226.0,47.0,-11.0,8.0
68.0,86.0,227.0,44.0,-8.0,1.0
70.0,86.0,225.0,38.0,-5.0,-4.0
70.0,85.0,224.0,30.0,-9.0,-4.0
73.0,81.0,227.0,26.0,-16.0,-2.0
75.0,83.0,226.0,22.0,-19.0,-1.0
78.0,78.0,224.0,25.0,-24.0,-3.0
78.0,76.0,226.0,32.0,-24.0,-4.0
82.0,76.0,231.0,35.0,-20.0,-6.0
78.0,78.0,233.0,40.0,-18.0,-6.0
87.0,72.0,234.0,48.0,-15.0,-10.0
80.0,73.0,237.0,56.0,2.0,-16.0
83.0,72.0,231.0,67.0,24.0,-21.0
75.0,71.0,234.0,81.0,35.0,-25.0
77.0,72.0,240.0,100.0,31.0,-25.0
83.0,68.0,236.0,123.0,22.0,-28.0
80.0,72.0,233.0,146.0,21.0,-32.0
79.0,72.0,238.0,166.0,30.0,-37.0
74.0,74.0,241.0,181.0,25.0,-38.0
72.0,84.0,233.0,197.0,5.0,-40.0
71.0,84.0,234.0,207.0,-9.0,-41.0
72.0,86.0,227.0,209.0,-18.0,-42.0
72.0,86.0,228.0,205.0,-19.0,-43.0
69.0,88.0,224.0,195.0,-20.0,-44.0
72.0,87.0,225.0,186.0,-21.0,-42.0
64.0,93.0,220.0,175.0,-18.0,-41.0
72.0,82.0,220.0,167.0,-13.0,-35.0
73.0,82.0,221.0,162.0,-2.0,-38.0
67.0,84.0,225.0,152.0,31.0,-47.0
67.0,81.0,233.0,144.0,54.0,-44.0
67.0,77.0,227.0,147.0,48.0,-43.0
67.0,82.0,229.0,154.0,41.0,-43.0
69.0,80.0,225.0,165.0,41.0,-42.0
70.0,79.0,231.0,171.0,45.0,-41.0
68.0,84.0,230.0,180.0,38.0,-39.0
74.0,82.0,223.0,186.0,20.0,-35.0
71.0,88.0,228.0,188.0,19.0,-37.0
70.0,84.0,233.0,188.0,33.0,-39.0
68.0,87.0,235.0,188.0,38.0,-39.0
68.0,86.0,236.0,194.0,32.0,-42.0
71.0,87.0,233.0,199.0,22.0,-41.0
71.0,90.0,237.0,199.0,17.0,-43.0
65.0,93.0,236.0,196.0,6.0,-40.0
68.0,91.0,232.0,191.0,-5.0,-40.0
68.0,87.0,227.0,189.0,-14.0,-42.0
68.0,91.0,230.0,190.0,-15.0,-42.0
71.0,91.0,229.0,188.0,-12.0,-45.0
70.0,93.0,226.0,182.0,-4.0,-50.0
70.0,92.0,236.0,167.0,8.0,-47.0
69.0,95.0,227.0,159.0,0.0,-44.0
77.0,92.0,228.0,144.0,5.0,-41.0
67.0,93.0,232.0,124.0,20.0,-43.0
67.0,94.0,233.0,111.0,24.0,-34.0
65.0,91.0,231.0,104.0,17.0,-32.0
68.0,91.0,227.0,100.0,11.0,-26.0
71.0,89.0,231.0,102.0,8.0,-21.0
71.0,92.0,228.0,108.0,2.0,-19.0
71.0,89.0,224.0,114.0,6.0,-22.0
69.0,93.0,224.0,118.0,22.0,-22.0
65.0,94.0,230.0,124.0,22.0,-26.0
66.0,94.0,226.0,129.0,13.0,-25.0
67.0,97.0,223.0,131.0,2.0,-23.0
69.0,100.0,223.0,130.0,-3.0,-27.0
67.0,99.0,229.0,122.0,0.0,-27.0
66.0,98.0,229.0,116.0,0.0,-23.0
69.0,99.0,226.0,109.0,-7.0,-22.0
70.0,102.0,228.0,98.0,-9.0,-23.0
64.0,103.0,227.0,85.0,-2.0,-20.0
67.0,101.0,229.0,68.0,0.0,-14.0
69.0,96.0,229.0,53.0,-3.0,-10.0
71.0,98.0,226.0,42.0,-2.0,-6.0
72.0,96.0,226.0,30.0,6.0,0.0
79.0,96.0,230.0,25.0,11.0,2.0
70.0,98.0,229.0,19.0,24.0,-1.0
68.0,94.0,230.0,15.0,26.0,3.0
71.0,100.0,227.0,12.0,19.0,4.0
70.0,92.0,225.0,12.0,19.0,7.0
69.0,92.0,229.0,9.0,24.0,8.0
68.0,92.0,227.0,9.0,27.0,9.0
67.0,91.0,222.0,10.0,29.0,7.0
66.0,91.0,228.0,10.0,34.0,11.0
66.0,93.0,222.0,14.0,26.0,13.0
