0.0,-245.0,61.0,208.0,109.0,10.0
2.0,-246.0,63.0,212.0,109.0,14.0
-2.0,-244.0,64.0,213.0,101.0,17.0
-6.0,-241.0,59.0,206.0,88.0,18.0
-3.0,-241.0,58.0,193.0,76.0,18.0
-4.0,-248.0,61.0,188.0,69.0,20.0
-2.0,-249.0,64.0,193.0,61.0,22.0
-4.0,-247.0,59.0,203.0,53.0,22.0
0.0,-249.0,61.0,212.0,48.0,26.0
0.0,-249.0,61.0,219.0,47.0,24.0
-1.0,-250.0,62.0,229.0,47.0,25.0
1.0,-249.0,62.0,249.0,50.0,27.0
0.0,-250.0,61.0,271.0,59.0,24.0
-1.0,-248.0,63.0,285.0,66.0,25.0
0.0,-249.0,64.0,291.0,76.0,25.0
-2.0,-248.0,62.0,292.0,87.0,27.0
1.0,-246.0,62.0,291.0,97.0,28.0
0.0,-242.0,65.0,293.0,105.0,30.0
1.0,-243.0,60.0,299.0,111.0,33.0
0.0,-243.0,67.0,305.0,118.0,34.0
0.0,-238.0,63.0,302.0,124.0,34.0
0.0,-237.0,58.0,289.0,123.0,31.0
1.0,-238.0,61.0,273.0,122.0,26.0
2.0,-236.0,66.0,260.0,120.0,20.0
0.0,-240.0,69.0,252.0,114.0,17.0
0.0,-239.0,79.0,252.0,112.0,13.0
3.0,-242.0,71.0,255.0,113.0,11.0
1.0,-241.0,71.0,249.0,117.0,9.0
0.0,-241.0,71.0,243.0,124.0,10.0
-1.0,-242.0,71.0,242.0,133.0,12.0
-1.0,-239.0,73.0,245.0,141.0,15.0
-3.0,-243.0,66.0,247.0,145.0,16.0
0.0,-244.0,72.0,250.0,149.0,19.0
-2.0,-244.0,75.0,255.0,149.0,21.0
-9.0,-244.0,72.0,262.0,146.0,23.0
-2.0,-243.0,73.0,266.0,142.0,23.0
-8.0,-244.0,74.0,268.0,141.0,21.0
-5.0,-243.0,75.0,266.0,138.0,21.0
-1.0,-245.0,71.0,265.0,134.0,24.0
-2.0,-240.0,74.0,270.0,132.0,24.0
-3.0,-243.0,79.0,278.0,131.0,23.0
-7.0,-237.0,78.0,291.0,130.0,21.0
-8.0,-243.0,80.0,301.0,132.0,23.0
-9.0,-241.0,77.0,309.0,134.0,26.0
-8.0,-240.0,75.0,310.0,134.0,27.0
-7.0,-239.0,78.0,311.0,134.0,31.0
-4.0,-244.0,82.0,319.0,135.0,33.0
-7.0,-247.0,78.0,328.0,138.0,34.0
-6.0,-242.0,89.0,338.0,136.0,34.0
-5.0,-245.0,83.0,347.0,132.0,32.0
-7.0,-243.0,81.0,358.0,125.0,31.0
-5.0,-244.0,83.0,367.0,118.0,31.0
-5.0,-243.0,85.0,373.0,112.0,26.0
-8.0,-242.0,83.0,380.0,105.0,22.0
-3.0,-238.0,80.0,381.0,95.0,19.0
-2.0,-238.0,79.0,374.0,87.0,13.0
-1.0,-235.0,86.0,364.0,86.0,9.0
-3.0,-239.0,87.0,357.0,90.0,8.0
-4.0,-232.0,93.0,352.0,93.0,12.0
-2.0,-232.0,89.0,342.0,94.0,11.0
-4.0,-232.0,86.0,334.0,93.0,7.0
-8.0,-235.0,94.0,333.0,95.0,8.0
-9.0,-235.0,94.0,338.0,95.0,11.0
-7.0,-240.0,96.0,343.0,93.0,13.0
-8.0,-238.0,92.0,349.0,88.0,12.0
-5.0,-240.0,92.0,354.0,80.0,13.0
-10.0,-234.0,94.0,357.0,75.0,8.0
-4.0,-238.0,94.0,358.0,68.0,4.0
-5.0,-237.0,92.0,362.0,65.0,3.0
-3.0,-238.0,91.0,367.0,61.0,4.0
-2.0,-236.0,85.0,370.0,60.0,6.0
-2.0,-236.0,87.0,369.0,60.0,7.0
-3.0,-234.0,87.0,367.0,64.0,6.0
-4.0,-236.0,88.0,368.0,67.0,7.0
-9.0,-231.0,86.0,362.0,71.0,7.0
-10.0,-234.0,89.0,351.0,75.0,11.0
-5.0,-235.0,93.0,337.0,77.0,15.0
-1.0,-237.0,99.0,333.0,79.0,15.0
-5.0,-234.0,100.0,336.0,80.0,16.0
-6.0,-231.0,100.0,346.0,82.0,16.0
0.0,-235.0,96.0,354.0,80.0,13.0
2.0,-234.0,95.0,360.0,80.0,14.0
1.0,-234.0,98.0,365.0,83.0,13.0
-1.0,-233.0,100.0,373.0,88.0,11.0
0.0,-233.0,97.0,377.0,96.0,12.0
0.0,-235.0,101.0,382.0,108.0,10.0
-1.0,-234.0,102.0,385.0,118.0,7.0
-4.0,-234.0,100.0,391.0,129.0,5.0
-5.0,-231.0,102.0,387.0,130.0,0.0
-7.0,-227.0,103.0,384.0,123.0,-9.0
-10.0,-224.0,107.0,385.0,118.0,-12.0
-6.0,-227.0,107.0,387.0,107.0,-15.0
-10.0,-226.0,110.0,387.0,100.0,-17.0
-9.0,-230.0,111.0,385.0,93.0,-17.0
-11.0,-230.0,110.0,384.0,83.0,-22.0
-9.0,-226.0,112.0,386.0,76.0,-24.0
-13.0,-229.0,109.0,389.0,70.0,-30.0
-7.0,-226.0,108.0,387.0,65.0,-33.0
-7.0,-226.0,110.0,387.0,63.0,-40.0
-6.0,-224.0,110.0,386.0,62.0,-44.0
-3.0,-228.0,114.0,389.0,63.0,-46.0
-5.0,-226.0,122.0,392.0,69.0,-47.0
-3.0,-228.0,117.0,396.0,75.0,-46.0
-4.0,-225.0,122.0,398.0,81.0,-47.0
-10.0,-224.0,120.0,397.0,90.0,-45.0
-7.0,-223.0,118.0,399.0,99.0,-43.0
-6.0,-223.0,119.0,400.0,101.0,-40.0
-9.0,-222.0,122.0,403.0,102.0,-37.0
-8.0,-221.0,125.0,408.0,97.0,-31.0
-7.0,-220.0,126.0,415.0,90.0,-29.0
-7.0,-220.0,127.0,412.0,82.0,-26.0
-1.0,-219.0,120.0,405.0,81.0,-20.0
0.0,-220.0,122.0,392.0,75.0,-14.0
5.0,-212.0,128.0,379.0,67.0,-15.0
-3.0,-216.0,119.0,373.0,56.0,-17.0
-6.0,-220.0,122.0,370.0,47.0,-15.0
-7.0,-219.0,123.0,369.0,42.0,-11.0
-8.0,-222.0,127.0,370.0,36.0,-10.0
-3.0,-220.0,123.0,377.0,32.0,-9.0
-4.0,-223.0,118.0,389.0,34.0,-9.0
-4.0,-221.0,120.0,402.0,36.0,-11.0
-5.0,-219.0,122.0,411.0,37.0,-11.0
-5.0,-217.0,123.0,420.0,39.0,-10.0
-7.0,-213.0,124.0,427.0,44.0,-8.0
-4.0,-213.0,122.0,426.0,47.0,-5.0
-1.0,-213.0,124.0,419.0,50.0,0.0
1.0,-221.0,125.0,422.0,56.0,6.0
3.0,-223.0,128.0,428.0,64.0,12.0
2.0,-213.0,126.0,429.0,63.0,10.0
2.0,-211.0,126.0,428.0,58.0,2.0
0.0,-206.0,125.0,425.0,55.0,-3.0
0.0,-208.0,122.0,422.0,56.0,-2.0
-3.0,-209.0,115.0,417.0,58.0,0.0
-2.0,-212.0,121.0,415.0,59.0,6.0
-4.0,-212.0,124.0,418.0,59.0,6.0
0.0,-216.0,130.0,428.0,60.0,7.0
-2.0,-212.0,124.0,443.0,63.0,6.0
-2.0,-211.0,129.0,457.0,64.0,8.0
0.0,-211.0,130.0,475.0,69.0,7.0
1.0,-211.0,131.0,486.0,71.0,13.0
3.0,-209.0,129.0,491.0,69.0,10.0
0.0,-203.0,129.0,494.0,66.0,5.0
-2.0,-205.0,128.0,495.0,60.0,9.0
0.0,-212.0,127.0,492.0,55.0,13.0
-3.0,-213.0,129.0,487.0,56.0,16.0
-2.0,-210.0,131.0,484.0,53.0,16.0
0.0,-211.0,134.0,483.0,56.0,17.0
0.0,-214.0,133.0,482.0,63.0,16.0
2.0,-211.0,132.0,481.0,66.0,14.0
1.0,-210.0,131.0,481.0,71.0,16.0
0.0,-211.0,137.0,486.0,77.0,16.0
0.0,-212.0,133.0,492.0,83.0,17.0
1.0,-210.0,131.0,500.0,87.0,18.0
-5.0,-211.0,135.0,510.0,90.0,19.0
0.0,-214.0,135.0,520.0,91.0,21.0
-1.0,-214.0,136.0,529.0,88.0,24.0
-2.0,-211.0,135.0,534.0,89.0,25.0
-7.0,-210.0,141.0,538.0,85.0,24.0
-9.0,-206.0,141.0,540.0,82.0,22.0
-8.0,-206.0,138.0,541.0,76.0,22.0
-7.0,-210.0,140.0,543.0,76.0,23.0
-10.0,-211.0,134.0,546.0,74.0,25.0
-11.0,-209.0,134.0,552.0,74.0,26.0
-11.0,-208.0,139.0,557.0,70.0,33.0
-11.0,-210.0,139.0,562.0,69.0,37.0
-10.0,-209.0,142.0,569.0,65.0,40.0
-7.0,-207.0,142.0,579.0,63.0,44.0
-9.0,-206.0,140.0,589.0,58.0,47.0
-12.0,-204.0,139.0,599.0,53.0,52.0
1.0,-204.0,143.0,605.0,49.0,57.0
-1.0,-199.0,148.0,615.0,43.0,54.0
5.0,-203.0,144.0,625.0,33.0,51.0
7.0,-208.0,151.0,631.0,30.0,50.0
11.0,-206.0,145.0,647.0,38.0,53.0
15.0,-205.0,152.0,661.0,51.0,57.0
15.0,-202.0,144.0,670.0,60.0,59.0
15.0,-200.0,142.0,675.0,72.0,60.0
16.0,-195.0,141.0,672.0,80.0,61.0
12.0,-205.0,132.0,673.0,92.0,64.0
15.0,-194.0,146.0,673.0,103.0,69.0
9.0,-192.0,144.0,679.0,118.0,71.0
11.0,-192.0,145.0,689.0,135.0,76.0
8.0,-194.0,144.0,699.0,156.0,80.0
6.0,-197.0,147.0,711.0,180.0,83.0
0.0,-195.0,143.0,728.0,195.0,78.0
-3.0,-193.0,136.0,744.0,198.0,80.0
-5.0,-187.0,141.0,754.0,202.0,85.0
-7.0,-184.0,139.0,767.0,199.0,89.0
-15.0,-181.0,143.0,777.0,193.0,89.0
-8.0,-182.0,139.0,783.0,184.0,101.0
-14.0,-179.0,142.0,786.0,182.0,110.0
-7.0,-181.0,142.0,791.0,173.0,118.0
-5.0,-178.0,143.0,795.0,168.0,122.0
-12.0,-182.0,147.0,801.0,158.0,121.0
-4.0,-182.0,147.0,812.0,140.0,121.0
-5.0,-182.0,144.0,816.0,119.0,118.0
-5.0,-178.0,149.0,821.0,99.0,108.0
-7.0,-178.0,150.0,827.0,83.0,101.0
-3.0,-177.0,150.0,829.0,72.0,97.0
-5.0,-174.0,150.0,832.0,69.0,96.0
-1.0,-175.0,152.0,838.0,74.0,96.0
-3.0,-173.0,152.0,853.0,85.0,93.0
-5.0,-175.0,158.0,874.0,99.0,91.0
-5.0,-173.0,155.0,900.0,112.0,94.0
0.0,-172.0,151.0,918.0,123.0,104.0
1.0,-168.0,153.0,926.0,132.0,109.0
0.0,-163.0,156.0,928.0,144.0,113.0
0.0,-159.0,159.0,934.0,159.0,117.0
0.0,-165.0,161.0,948.0,174.0,124.0
0.0,-166.0,160.0,961.0,186.0,130.0
-1.0,-167.0,159.0,982.0,189.0,131.0
-4.0,-163.0,161.0,1001.0,189.0,130.0
-9.0,-161.0,168.0,1018.0,186.0,130.0
-13.0,-162.0,168.0,1037.0,183.0,137.0
-11.0,-169.0,169.0,1056.0,178.0,144.0
-11.0,-169.0,173.0,1075.0,169.0,147.0
-13.0,-164.0,172.0,1098.0,168.0,147.0
-15.0,-162.0,169.0,1117.0,173.0,148.0
-15.0,-156.0,167.0,1124.0,181.0,150.0
-16.0,-157.0,170.0,1131.0,189.0,148.0
-13.0,-154.0,167.0,1141.0,196.0,144.0
-10.0,-151.0,166.0,1155.0,202.0,139.0
-10.0,-155.0,164.0,1173.0,210.0,137.0
-10.0,-153.0,167.0,1198.0,221.0,135.0
-14.0,-148.0,171.0,1226.0,233.0,133.0
-18.0,-147.0,176.0,1258.0,241.0,138.0
-16.0,-145.0,173.0,1288.0,250.0,143.0
-13.0,-139.0,175.0,1308.0,261.0,150.0
-13.0,-135.0,174.0,1317.0,265.0,157.0
-12.0,-129.0,181.0,1323.0,262.0,165.0
-10.0,-132.0,178.0,1321.0,250.0,178.0
-12.0,-126.0,179.0,1320.0,239.0,184.0
-14.0,-127.0,184.0,1336.0,239.0,188.0
-17.0,-123.0,184.0,1360.0,239.0,187.0
-18.0,-123.0,183.0,1382.0,243.0,187.0
-13.0,-121.0,178.0,1395.0,247.0,193.0
-18.0,-121.0,178.0,1403.0,244.0,201.0
-21.0,-124.0,175.0,1412.0,234.0,211.0
-20.0,-121.0,178.0,1424.0,227.0,223.0
-16.0,-124.0,172.0,1445.0,220.0,232.0
-16.0,-120.0,172.0,1471.0,220.0,237.0
-13.0,-120.0,174.0,1502.0,222.0,244.0
-13.0,-116.0,174.0,1535.0,232.0,247.0
-4.0,-112.0,171.0,1564.0,236.0,250.0
-13.0,-101.0,166.0,1593.0,240.0,252.0
-10.0,-95.0,170.0,1619.0,240.0,253.0
-15.0,-92.0,168.0,1643.0,239.0,259.0
-15.0,-91.0,169.0,1664.0,232.0,265.0
-8.0,-88.0,168.0,1687.0,226.0,269.0
-7.0,-85.0,169.0,1718.0,226.0,266.0
-6.0,-80.0,164.0,1759.0,236.0,256.0
-3.0,-82.0,167.0,1798.0,250.0,249.0
-4.0,-82.0,170.0,1831.0,265.0,241.0
-6.0,-78.0,175.0,1866.0,286.0,236.0
-8.0,-76.0,174.0,1897.0,308.0,238.0
-9.0,-82.0,179.0,1927.0,326.0,239.0
-8.0,-82.0,177.0,1958.0,343.0,244.0
-4.0,-81.0,177.0,1983.0,362.0,248.0
-9.0,-77.0,172.0,2004.0,390.0,255.0
-20.0,-69.0,150.0,2010.0,413.0,260.0
-27.0,-70.0,140.0,1983.0,411.0,272.0
-28.0,-75.0,140.0,1944.0,396.0,283.0
-30.0,-85.0,141.0,1942.0,386.0,291.0
-25.0,-90.0,139.0,1983.0,377.0,297.0
-26.0,-85.0,142.0,2051.0,374.0,302.0
-30.0,-68.0,146.0,2136.0,377.0,310.0
-32.0,-54.0,141.0,2223.0,379.0,318.0
-33.0,-35.0,132.0,2296.0,374.0,320.0
-36.0,-11.0,121.0,2338.0,360.0,311.0
-22.0,5.0,121.0,2353.0,339.0,296.0
-7.0,19.0,118.0,2365.0,328.0,276.0
0.0,36.0,105.0,2380.0,324.0,256.0
8.0,44.0,89.0,2381.0,309.0,240.0
11.0,49.0,76.0,2363.0,295.0,236.0
23.0,42.0,71.0,2334.0,292.0,244.0
49.0,29.0,52.0,2325.0,312.0,254.0
55.0,13.0,43.0,2349.0,365.0,267.0
54.0,8.0,40.0,2394.0,434.0,290.0
33.0,6.0,48.0,2449.0,505.0,326.0
29.0,8.0,32.0,2518.0,548.0,380.0
27.0,21.0,16.0,2544.0,561.0,425.0
22.0,40.0,9.0,2519.0,587.0,464.0
0.0,51.0,10.0,2451.0,623.0,502.0
-26.0,56.0,22.0,2353.0,641.0,533.0
-31.0,56.0,34.0,2237.0,618.0,568.0
-19.0,51.0,39.0,2135.0,566.0,594.0
-17.0,43.0,47.0,2056.0,509.0,590.0
-18.0,36.0,67.0,2010.0,455.0,580.0
-34.0,40.0,107.0,1983.0,391.0,557.0
-70.0,56.0,166.0,1973.0,327.0,536.0
-108.0,88.0,235.0,1966.0,301.0,508.0
-60.0,138.0,308.0,1907.0,276.0,466.0
-81.0,221.0,374.0,1733.0,273.0,402.0
-120.0,329.0,469.0,1387.0,333.0,369.0
-131.0,460.0,577.0,882.0,329.0,287.0
-166.0,628.0,776.0,204.0,192.0,185.0
-249.0,830.0,1070.0,-664.0,-19.0,87.0
-316.0,1051.0,1316.0,-1687.0,-343.0,16.0
-332.0,1233.0,1385.0,-2754.0,-707.0,-85.0
-311.0,1237.0,1191.0,-3684.0,-932.0,-285.0
-199.0,997.0,864.0,-4229.0,-910.0,-560.0
-80.0,660.0,607.0,-4235.0,-591.0,-722.0
-5.0,325.0,378.0,-3914.0,-91.0,-609.0
-3.0,34.0,169.0,-3613.0,416.0,-337.0
34.0,-292.0,-9.0,-3403.0,707.0,41.0
81.0,-614.0,-109.0,-3195.0,740.0,339.0
89.0,-884.0,-138.0,-2911.0,580.0,395.0
114.0,-1050.0,-119.0,-2479.0,417.0,300.0
76.0,-1063.0,9.0,-1975.0,319.0,100.0
29.0,-918.0,112.0,-1413.0,233.0,-29.0
-39.0,-668.0,201.0,-858.0,102.0,-82.0
-101.0,-402.0,290.0,-410.0,-5.0,-90.0
-121.0,-215.0,383.0,-147.0,-22.0,-88.0
-128.0,-69.0,473.0,-58.0,72.0,-114.0
-135.0,53.0,546.0,-70.0,200.0,-136.0
-128.0,176.0,607.0,-134.0,318.0,-169.0
-121.0,311.0,648.0,-285.0,463.0,-263.0
-111.0,405.0,638.0,-528.0,629.0,-388.0
-99.0,420.0,606.0,-797.0,784.0,-456.0
-62.0,335.0,511.0,-936.0,853.0,-379.0
-6.0,227.0,393.0,-800.0,822.0,-135.0
13.0,83.0,313.0,-447.0,715.0,166.0
21.0,8.0,236.0,48.0,525.0,356.0
14.0,-24.0,205.0,503.0,412.0,420.0
6.0,-27.0,188.0,840.0,372.0,397.0
-8.0,-16.0,205.0,1009.0,379.0,330.0
-27.0,12.0,202.0,1029.0,385.0,258.0
-46.0,37.0,201.0,963.0,363.0,181.0
-61.0,61.0,199.0,860.0,327.0,110.0
-68.0,79.0,190.0,757.0,279.0,69.0
-74.0,88.0,204.0,684.0,232.0,59.0
-83.0,91.0,199.0,667.0,192.0,88.0
-83.0,81.0,214.0,698.0,161.0,145.0
-78.0,66.0,219.0,764.0,147.0,218.0
-73.0,61.0,218.0,831.0,141.0,275.0
-68.0,53.0,210.0,865.0,124.0,303.0
-61.0,53.0,199.0,847.0,94.0,288.0
-57.0,64.0,183.0,772.0,40.0,229.0
-53.0,80.0,167.0,656.0,-19.0,150.0
-53.0,104.0,163.0,524.0,-69.0,67.0
-51.0,130.0,162.0,406.0,-96.0,-4.0
-52.0,136.0,161.0,317.0,-91.0,-49.0
-48.0,136.0,168.0,256.0,-59.0,-68.0
-42.0,132.0,171.0,209.0,-13.0,-73.0
-44.0,130.0,172.0,157.0,44.0,-67.0
-39.0,122.0,173.0,102.0,103.0,-58.0
-31.0,122.0,176.0,47.0,162.0,-42.0
-35.0,123.0,174.0,-16.0,215.0,-28.0
-32.0,121.0,185.0,-84.0,263.0,-16.0
-30.0,113.0,185.0,-165.0,307.0,-8.0
-29.0,104.0,192.0,-256.0,342.0,-3.0
-31.0,92.0,198.0,-342.0,373.0,-5.0
-33.0,86.0,194.0,-410.0,398.0,-15.0
-34.0,80.0,188.0,-465.0,418.0,-29.0
-36.0,81.0,184.0,-516.0,432.0,-51.0
-39.0,88.0,175.0,-570.0,444.0,-77.0
-36.0,88.0,168.0,-625.0,447.0,-103.0
-45.0,91.0,166.0,-678.0,447.0,-133.0
-50.0,94.0,165.0,-715.0,442.0,-163.0
-61.0,88.0,167.0,-745.0,425.0,-192.0
-62.0,87.0,168.0,-768.0,403.0,-217.0
-66.0,82.0,176.0,-783.0,387.0,-235.0
-76.0,82.0,184.0,-783.0,378.0,-242.0
-80.0,79.0,191.0,-777.0,371.0,-239.0
-87.0,76.0,195.0,-774.0,358.0,-236.0
-83.0,72.0,205.0,-780.0,337.0,-228.0
-79.0,65.0,215.0,-797.0,307.0,-216.0
-73.0,57.0,225.0,-824.0,268.0,-209.0
-71.0,47.0,228.0,-863.0,224.0,-206.0
-67.0,38.0,236.0,-902.0,178.0,-212.0
-66.0,28.0,236.0,-926.0,135.0,-223.0
-61.0,26.0,227.0,-944.0,90.0,-236.0
-62.0,20.0,223.0,-969.0,60.0,-254.0
-63.0,16.0,221.0,-997.0,37.0,-267.0
-64.0,11.0,218.0,-1035.0,17.0,-284.0
-63.0,1.0,222.0,-1073.0,2.0,-301.0
-67.0,-11.0,231.0,-1113.0,1.0,-315.0
-72.0,-21.0,245.0,-1142.0,11.0,-320.0
-76.0,-34.0,254.0,-1151.0,39.0,-325.0
-68.0,-48.0,265.0,-1129.0,75.0,-326.0
-76.0,-51.0,270.0,-1088.0,116.0,-327.0
-83.0,-44.0,271.0,-1038.0,146.0,-325.0
-76.0,-39.0,266.0,-991.0,164.0,-316.0
-70.0,-34.0,263.0,-955.0,174.0,-307.0
-65.0,-31.0,259.0,-930.0,186.0,-297.0
-74.0,-28.0,252.0,-915.0,201.0,-284.0
-72.0,-32.0,251.0,-907.0,219.0,-271.0
-80.0,-32.0,253.0,-896.0,245.0,-266.0
-81.0,-38.0,257.0,-884.0,272.0,-262.0
-74.0,-47.0,257.0,-875.0,296.0,-266.0
-73.0,-54.0,257.0,-864.0,318.0,-283.0
-67.0,-57.0,258.0,-858.0,338.0,-298.0
-65.0,-63.0,253.0,-852.0,352.0,-310.0
-62.0,-61.0,255.0,-844.0,359.0,-318.0
-62.0,-62.0,245.0,-836.0,366.0,-325.0
-58.0,-69.0,244.0,-818.0,376.0,-327.0
-62.0,-59.0,236.0,-791.0,393.0,-323.0
-69.0,-58.0,236.0,-763.0,414.0,-317.0
-72.0,-61.0,233.0,-729.0,421.0,-306.0
-72.0,-67.0,233.0,-686.0,427.0,-298.0
-75.0,-70.0,231.0,-647.0,437.0,-299.0
-78.0,-71.0,233.0,-609.0,448.0,-300.0
-76.0,-82.0,231.0,-563.0,456.0,-307.0
-76.0,-79.0,227.0,-525.0,462.0,-327.0
-72.0,-83.0,228.0,-500.0,460.0,-354.0
-73.0,-84.0,226.0,-491.0,454.0,-380.0
-73.0,-82.0,230.0,-486.0,437.0,-400.0
-69.0,-85.0,225.0,-477.0,409.0,-420.0
-71.0,-94.0,223.0,-474.0,376.0,-443.0
-73.0,-93.0,224.0,-466.0,343.0,-457.0
-72.0,-97.0,220.0,-453.0,319.0,-454.0
-72.0,-104.0,221.0,-424.0,309.0,-439.0
-69.0,-100.0,217.0,-381.0,313.0,-418.0
-73.0,-103.0,219.0,-344.0,329.0,-389.0
-72.0,-111.0,227.0,-309.0,343.0,-360.0
-71.0,-118.0,231.0,-273.0,345.0,-332.0
-69.0,-123.0,238.0,-235.0,341.0,-307.0
-69.0,-127.0,246.0,-196.0,329.0,-291.0
-76.0,-133.0,249.0,-159.0,320.0,-279.0
-87.0,-133.0,259.0,-119.0,310.0,-259.0
-92.0,-133.0,259.0,-74.0,292.0,-234.0
-98.0,-133.0,262.0,-19.0,270.0,-208.0
-103.0,-125.0,263.0,37.0,240.0,-181.0
-102.0,-123.0,264.0,87.0,214.0,-151.0
-98.0,-119.0,255.0,130.0,194.0,-122.0
-96.0,-110.0,249.0,157.0,176.0,-96.0
-94.0,-110.0,244.0,168.0,162.0,-63.0
-94.0,-105.0,238.0,166.0,154.0,-25.0
-92.0,-104.0,239.0,155.0,158.0,16.0
-85.0,-103.0,235.0,146.0,166.0,59.0
-84.0,-100.0,229.0,138.0,183.0,96.0
-74.0,-102.0,233.0,137.0,198.0,117.0
-69.0,-92.0,229.0,144.0,209.0,126.0
-64.0,-92.0,225.0,155.0,220.0,125.0
-64.0,-82.0,215.0,167.0,221.0,118.0
-63.0,-75.0,209.0,173.0,212.0,107.0
-61.0,-71.0,205.0,169.0,194.0,88.0
-67.0,-65.0,204.0,162.0,165.0,62.0
-74.0,-60.0,199.0,154.0,131.0,40.0
-78.0,-57.0,193.0,147.0,89.0,22.0
-83.0,-58.0,197.0,142.0,49.0,5.0
-91.0,-55.0,194.0,143.0,6.0,-4.0
-98.0,-57.0,195.0,146.0,-32.0,-12.0
-96.0,-59.0,198.0,141.0,-66.0,-13.0
-100.0,-62.0,200.0,132.0,-87.0,-10.0
-95.0,-67.0,203.0,116.0,-92.0,-4.0
-91.0,-67.0,207.0,104.0,-83.0,2.0
-91.0,-69.0,206.0,100.0,-61.0,8.0
-91.0,-68.0,209.0,106.0,-33.0,16.0
-87.0,-70.0,211.0,115.0,4.0,24.0
-78.0,-67.0,209.0,125.0,33.0,30.0
-76.0,-68.0,210.0,131.0,68.0,29.0
-75.0,-66.0,210.0,138.0,104.0,29.0
-76.0,-68.0,217.0,143.0,136.0,29.0
-75.0,-72.0,217.0,141.0,160.0,27.0
-78.0,-73.0,216.0,131.0,175.0,26.0
-77.0,-72.0,214.0,119.0,182.0,23.0
-78.0,-74.0,217.0,105.0,184.0,23.0
-77.0,-76.0,224.0,88.0,181.0,25.0
-76.0,-74.0,225.0,74.0,174.0,25.0
-78.0,-71.0,223.0,59.0,164.0,25.0
-89.0,-61.0,224.0,43.0,153.0,27.0
-81.0,-57.0,228.0,27.0,144.0,31.0
-77.0,-60.0,231.0,18.0,138.0,39.0
-78.0,-59.0,234.0,15.0,137.0,47.0
-81.0,-55.0,237.0,16.0,140.0,55.0
-79.0,-54.0,236.0,16.0,146.0,63.0
-80.0,-50.0,241.0,5.0,154.0,68.0
-75.0,-52.0,237.0,-14.0,157.0,72.0
-72.0,-56.0,237.0,-41.0,169.0,77.0
-69.0,-59.0,245.0,-65.0,190.0,87.0
-67.0,-57.0,248.0,-67.0,210.0,105.0
-64.0,-51.0,245.0,-47.0,228.0,129.0
-63.0,-37.0,246.0,-18.0,246.0,147.0
-65.0,-31.0,240.0,6.0,262.0,155.0
-68.0,-25.0,237.0,19.0,261.0,159.0
-73.0,-28.0,230.0,36.0,236.0,167.0
-72.0,-31.0,225.0,61.0,188.0,166.0
-74.0,-38.0,217.0,95.0,127.0,152.0
-74.0,-47.0,213.0,135.0,61.0,126.0
-85.0,-43.0,203.0,177.0,-14.0,92.0
-87.0,-52.0,202.0,219.0,-71.0,66.0
-93.0,-51.0,205.0,251.0,-104.0,48.0
-95.0,-55.0,206.0,268.0,-115.0,33.0
-104.0,-55.0,208.0,271.0,-96.0,17.0
-101.0,-51.0,213.0,256.0,-49.0,3.0
-104.0,-45.0,216.0,222.0,21.0,-12.0
-101.0,-40.0,220.0,170.0,107.0,-25.0
-105.0,-35.0,229.0,96.0,197.0,-30.0
-106.0,-34.0,237.0,15.0,280.0,-31.0
-105.0,-38.0,244.0,-63.0,344.0,-31.0
-99.0,-37.0,246.0,-132.0,383.0,-37.0
-100.0,-39.0,247.0,-193.0,403.0,-49.0
-97.0,-44.0,245.0,-242.0,397.0,-54.0
-95.0,-55.0,249.0,-261.0,371.0,-56.0
-92.0,-60.0,238.0,-251.0,325.0,-59.0
-88.0,-65.0,234.0,-215.0,265.0,-58.0
-77.0,-72.0,222.0,-158.0,201.0,-55.0
-73.0,-75.0,220.0,-84.0,144.0,-49.0
-76.0,-69.0,217.0,-7.0,94.0,-42.0
-75.0,-68.0,211.0,62.0,59.0,-31.0
-74.0,-60.0,207.0,119.0,43.0,-20.0
-77.0,-54.0,214.0,156.0,41.0,-14.0
-77.0,-48.0,215.0,179.0,52.0,-6.0
-78.0,-45.0,217.0,190.0,69.0,2.0
-76.0,-42.0,214.0,189.0,89.0,4.0
-80.0,-36.0,221.0,180.0,113.0,0.0
-83.0,-38.0,223.0,160.0,127.0,0.0
-83.0,-41.0,223.0,132.0,138.0,-1.0
-84.0,-43.0,227.0,103.0,144.0,-5.0
-83.0,-48.0,229.0,74.0,143.0,-3.0
-89.0,-46.0,228.0,44.0,138.0,-5.0
-89.0,-49.0,230.0,14.0,130.0,-8.0
-87.0,-48.0,231.0,-13.0,121.0,-9.0
-85.0,-49.0,230.0,-37.0,112.0,-9.0
-84.0,-50.0,230.0,-63.0,105.0,-8.0
-87.0,-50.0,231.0,-88.0,97.0,-3.0
-87.0,-50.0,228.0,-104.0,92.0,2.0
-84.0,-50.0,224.0,-113.0,90.0,8.0
-80.0,-54.0,224.0,-114.0,91.0,15.0
-83.0,-52.0,225.0,-108.0,94.0,20.0
-82.0,-53.0,226.0,-97.0,98.0,26.0
-80.0,-55.0,224.0,-84.0,99.0,31.0
-80.0,-53.0,224.0,-69.0,99.0,33.0
-76.0,-51.0,227.0,-52.0,101.0,37.0
-77.0,-53.0,219.0,-37.0,106.0,42.0
-77.0,-55.0,226.0,-32.0,110.0,46.0
-83.0,-50.0,230.0,-30.0,113.0,49.0
-79.0,-52.0,226.0,-30.0,113.0,49.0
-78.0,-54.0,230.0,-32.0,113.0,48.0
-83.0,-52.0,228.0,-35.0,108.0,46.0
-87.0,-49.0,228.0,-38.0,108.0,52.0
-84.0,-46.0,228.0,-41.0,111.0,52.0
-88.0,-46.0,227.0,-41.0,110.0,51.0
-88.0,-47.0,226.0,-45.0,109.0,49.0
-90.0,-48.0,229.0,-48.0,107.0,46.0
-89.0,-48.0,226.0,-53.0,108.0,42.0
-91.0,-48.0,225.0,-57.0,112.0,38.0
-88.0,-52.0,226.0,-59.0,117.0,36.0
-88.0,-49.0,227.0,-61.0,124.0,34.0
-91.0,-47.0,225.0,-60.0,135.0,31.0
-93.0,-44.0,221.0,-61.0,146.0,28.0
-89.0,-46.0,222.0,-60.0,156.0,27.0
-90.0,-48.0,224.0,-57.0,167.0,26.0
-92.0,-47.0,226.0,-52.0,177.0,26.0
-87.0,-45.0,224.0,-48.0,186.0,27.0
-91.0,-48.0,223.0,-45.0,191.0,27.0
-94.0,-51.0,226.0,-45.0,192.0,27.0
-92.0,-52.0,227.0,-45.0,194.0,26.0
-94.0,-51.0,226.0,-45.0,192.0,24.0
-93.0,-47.0,227.0,-50.0,192.0,21.0
-97.0,-51.0,226.0,-49.0,189.0,21.0
-95.0,-50.0,226.0,-47.0,189.0,19.0
-99.0,-48.0,226.0,-43.0,191.0,17.0
-100.0,-49.0,225.0,-38.0,191.0,16.0
-98.0,-48.0,219.0,-30.0,189.0,19.0
-97.0,-51.0,221.0,-23.0,187.0,21.0
-98.0,-49.0,224.0,-14.0,185.0,22.0
-94.0,-49.0,225.0,-12.0,180.0,22.0
-97.0,-53.0,222.0,-11.0,177.0,19.0
-97.0,-50.0,224.0,-11.0,170.0,14.0
-99.0,-52.0,219.0,-8.0,165.0,10.0
-98.0,-52.0,223.0,-8.0,159.0,7.0
-102.0,-52.0,226.0,-6.0,152.0,9.0
-97.0,-51.0,223.0,1.0,143.0,11.0
-99.0,-52.0,218.0,9.0,134.0,9.0
-95.0,-54.0,217.0,15.0,128.0,8.0
-99.0,-55.0,222.0,18.0,121.0,4.0
-99.0,-54.0,216.0,19.0,115.0,1.0
-95.0,-55.0,216.0,16.0,106.0,-2.0
-95.0,-51.0,218.0,15.0,100.0,-6.0
-93.0,-54.0,217.0,12.0,96.0,-7.0
-97.0,-54.0,217.0,10.0,93.0,-9.0
-96.0,-53.0,217.0,12.0,92.0,-12.0
-95.0,-55.0,215.0,11.0,90.0,-13.0
-97.0,-56.0,217.0,10.0,86.0,-14.0
-97.0,-54.0,219.0,9.0,84.0,-16.0
-97.0,-56.0,219.0,10.0,82.0,-14.0
-97.0,-57.0,218.0,11.0,79.0,-14.0
-99.0,-54.0,219.0,12.0,75.0,-15.0
-95.0,-56.0,219.0,17.0,72.0,-16.0
-95.0,-59.0,220.0,20.0,70.0,-15.0
-98.0,-62.0,218.0,21.0,68.0,-17.0
-101.0,-61.0,219.0,23.0,67.0,-14.0
-97.0,-61.0,216.0,25.0,63.0,-13.0
-95.0,-62.0,219.0,29.0,59.0,-12.0
-96.0,-60.0,221.0,35.0,57.0,-13.0
-93.0,-57.0,224.0,41.0,55.0,-16.0
-95.0,-57.0,221.0,42.0,51.0,-16.0
-94.0,-55.0,224.0,45.0,48.0,-13.0
-90.0,-57.0,227.0,51.0,50.0,-10.0
-94.0,-53.0,221.0,54.0,54.0,-4.0
-94.0,-53.0,225.0,58.0,58.0,4.0
-91.0,-49.0,221.0,61.0,65.0,13.0
-89.0,-47.0,219.0,59.0,72.0,20.0
-91.0,-46.0,222.0,58.0,82.0,28.0
-88.0,-47.0,224.0,59.0,93.0,36.0
-91.0,-45.0,225.0,63.0,104.0,41.0
-87.0,-44.0,220.0,68.0,115.0,43.0
-89.0,-42.0,221.0,75.0,124.0,43.0
-91.0,-40.0,222.0,81.0,134.0,43.0
